1 392.305
2 372.058
3 361.591
4 348.543
5 329.555
6 318.905
7 311.055
8 300.362
9 290.334
10 284.977
11 275.522
12 268.318
13 266.071
14 256.139
15 250.52
16 244.838
17 241.512
18 236.964
19 230.8
20 228.204
21 218.007
22 213.681
23 212.198
24 210
25 205.316
26 200.841
27 194.941
28 189.718
29 187.917
30 183.552
31 178.558
32 177.656
33 175.545
34 174.027
35 171.31
36 168.446
37 167.262
38 164.361
39 162.975
40 161.776
41 159.482
42 157.709
43 152.798
44 150.707
45 149.113
46 147.956
47 145.987
48 143.776
49 143.142
50 141.412
51 138.937
52 138.312
53 135.361
54 131.26
55 130.306
56 128.705
57 127.717
58 126.948
59 125.763
60 123.913
61 122.767
62 121.638
63 120.742
64 119.951
65 119.02
66 117.92
67 116.838
68 115.084
69 113.741
70 111.105
71 110.069
72 108.719
73 107.69
74 106.683
75 105.85
76 104.923
77 103.892
78 100.767
79 98.121
80 97.459
81 96.8323
82 95.5653
83 95.2632
84 94.4708
85 93.9818
86 93.3282
87 93.3282
88 92.988
89 91.1491
90 91.0461
91 90.7572
92 89.1765
93 88.6891
94 88.0509
95 87.5289
96 86.1515
97 86.1148
98 85.7865
99 85.152
100 85.152
101 84.255
102 83.8966
103 83.3656
104 83.3656
105 82.731
106 82.4464
107 82.1718
108 81.0425
109 80.4012
110 80.3439
111 80.2876
112 80.0404
113 79.6671
114 79.3211
115 78.4249
116 78.0134
117 77.6178
118 77.2063
119 77.0432
120 76.9173
121 76.9173
122 76.8351
123 76.0104
124 75.9708
125 75.7684
126 75.5375
127 74.7202
128 74.5577
129 74.4435
130 74.2753
131 74.1609
132 73.8609
133 73.5262
134 72.9714
135 72.8066
136 72.5524
137 72.438
138 72.1309
139 71.6135
140 71.5954
141 71.4346
142 71.4165
143 70.6727
144 70.6546
145 70.6546
146 70.6546
147 70.6546
148 70.6546
149 70.2727
150 70.2727
151 70.1956
152 70.1956
153 70.1922
154 70.1922
155 70.1922
156 69.74
157 69.74
158 69.6883
159 69.6883
160 69.4298
161 69.4298
162 69.4105
163 69.4105
164 69.3726
165 69.3533
166 69.3533
167 69.3533
168 69.3533
169 69.3533
170 69.3533
171 69.1353
172 69.1353
173 69.1353
174 69.1353
175 69.1353
176 69.1353
177 69.1353
178 69.1353
179 69.1353
180 69.1353
181 68.7609
182 68.7609
183 68.7609
184 68.7609
185 68.7609
186 68.7609
187 68.7609
188 68.7609
189 68.7609
190 68.7609
191 68.7609
192 68.7609
193 68.7609
194 68.7609
195 68.7609
196 68.7609
197 68.7609
198 68.7609
199 68.7609
200 68.7609
201 68.7609
202 68.7609
203 68.7609
204 68.7609
205 68.7609
206 68.7609
207 68.7609
208 68.7609
209 68.7609
210 68.7609
211 68.7609
212 68.7609
213 68.7609
214 68.7609
215 68.7609
216 68.7609
217 68.7609
218 68.7609
219 68.7609
220 68.7609
221 68.7609
222 68.7609
223 68.7609
224 68.7609
225 68.7609
226 68.7609
227 68.7609
228 68.7609
229 68.7609
230 68.7609
231 68.7609
232 68.7609
233 68.7609
234 68.7609
235 68.7609
236 68.7609
237 68.7609
238 68.7609
239 68.7609
240 68.7609
241 68.7609
242 68.7609
243 68.7609
244 68.7609
245 68.7609
246 68.7609
247 68.7609
248 68.7609
249 68.7609
250 68.7609
251 68.7609
252 68.7609
253 68.7609
254 68.7609
255 68.1741
256 68.1741
257 68.1741
258 68.1741
259 68.1741
260 68.1741
261 68.1741
262 68.1741
263 68.1741
264 68.1741
265 68.1741
266 68.1741
267 68.1741
268 68.1741
269 68.1741
270 68.1741
271 67.9505
272 67.9505
273 67.9505
274 67.9505
275 67.9505
276 67.9505
277 67.9505
278 67.9505
279 67.9505
280 67.9505
281 67.9505
282 67.9505
283 67.9505
284 67.9505
285 67.9505
286 67.9505
287 67.9505
288 67.9505
289 67.9505
290 67.9505
291 67.9505
292 67.9505
293 67.9505
294 67.9505
295 67.9505
296 67.9505
297 67.9505
298 67.9505
299 67.9505
300 67.9505
301 67.8657
302 67.8657
303 67.8657
304 67.8657
305 67.8657
306 67.8657
307 67.8657
308 67.7735
309 67.6098
310 67.6098
311 67.6098
312 67.5298
313 67.5298
314 66.9543
315 66.9543
316 66.9543
317 66.9543
318 66.9543
319 66.9543
320 66.9543
321 66.9543
322 66.9543
323 66.9543
324 66.9543
325 66.9543
326 66.9543
327 66.9543
328 66.9543
329 66.9543
330 66.9543
331 66.9543
332 66.9543
333 66.9543
334 66.9543
335 66.9543
336 66.9543
337 66.9543
338 66.9543
339 66.9543
340 66.9543
341 66.9543
342 66.9543
343 66.9543
344 66.9543
345 66.9543
346 66.9543
347 66.9543
348 66.9543
349 66.9543
350 66.9543
351 66.9543
352 66.9543
353 66.9543
354 66.9543
355 66.9543
356 66.9543
357 66.9543
358 66.9543
359 66.9543
360 66.9543
361 66.9543
362 66.9543
363 66.9543
364 66.9543
365 66.9543
366 66.9543
367 66.9543
368 66.9543
369 66.9543
370 66.9543
371 66.9543
372 66.9543
373 66.9543
374 66.9543
375 66.9543
376 66.9543
377 66.9543
378 66.9543
379 66.9543
380 66.9543
381 66.9543
382 66.9543
383 66.9543
384 66.9543
385 66.9543
386 66.9543
387 66.9543
388 66.9543
389 66.9543
390 66.9543
391 66.9543
392 66.9543
393 66.9543
394 66.9543
395 66.9543
396 66.9543
397 66.9543
398 66.9543
399 66.9543
400 66.9543
401 66.9543
402 66.9543
403 66.9543
404 66.9543
405 66.9543
406 66.9543
407 66.9543
408 66.9543
409 66.9543
410 66.9543
411 66.9543
412 66.9543
413 66.9543
414 66.9543
415 66.9543
416 66.9543
417 66.9543
418 66.9543
419 66.9543
420 66.9543
421 66.9543
422 66.9543
423 66.9543
424 66.9543
425 66.9543
426 66.9543
427 66.9543
428 66.9543
429 66.9543
430 66.9543
431 66.9543
432 66.9543
433 66.9543
434 66.9543
435 66.9543
436 66.9543
437 66.9543
438 66.9543
439 66.9543
440 66.9543
441 66.9543
442 66.9543
443 66.9543
444 66.9543
445 66.9543
446 66.9543
447 66.9543
448 66.9543
449 66.9543
450 66.9543
451 66.9543
452 66.9543
453 66.9543
454 66.9543
455 66.9543
456 66.9543
457 66.8795
458 66.8795
459 66.8795
460 66.8795
461 66.8795
462 66.8795
463 66.8795
464 66.8795
465 66.8795
466 66.8795
467 66.8795
468 66.8795
469 66.8795
470 66.8795
471 66.8795
472 66.8795
473 66.8795
474 66.8795
475 66.8795
476 66.8795
477 66.8214
478 66.8214
479 66.8214
480 66.8214
481 66.8214
482 66.6815
483 66.6815
484 66.6815
485 66.6815
486 66.6815
487 66.6815
488 66.6815
489 66.6815
490 66.6815
491 66.6815
492 66.6815
493 66.6815
494 66.6815
495 66.6815
496 66.6815
497 66.6815
498 66.6815
499 66.6815
500 66.6815
501 66.6815
502 66.6815
503 66.6815
504 66.6815
505 66.6815
506 66.6815
507 66.6815
508 66.6815
509 66.6815
510 66.6815
511 66.6815
512 66.6815
513 66.6815
514 66.6815
515 66.6815
516 66.6815
517 66.6815
518 66.6815
519 66.6815
520 66.6815
521 66.6815
522 66.6815
523 66.6815
524 66.6815
525 66.6815
526 66.6815
527 66.6815
528 66.6815
529 66.6815
530 66.6815
531 66.6815
532 66.6815
533 66.6815
534 66.6815
535 66.6815
536 66.6815
537 66.6815
538 66.6815
539 66.6815
540 66.6815
541 66.6815
542 66.6815
543 66.6815
544 66.6815
545 66.6815
546 66.6815
547 66.6815
548 66.6815
549 66.6815
550 66.6815
551 66.6815
552 66.6815
553 66.6815
554 66.6815
555 66.6815
556 66.6815
557 66.6815
558 66.6815
559 66.6815
560 66.6815
561 66.6815
562 66.6815
563 66.6815
564 66.6815
565 66.6815
566 66.6815
567 66.6815
568 66.6815
569 66.6815
570 66.6815
571 66.6815
572 66.6815
573 66.6815
574 66.6815
575 66.6815
576 66.6815
577 66.6815
578 66.6815
579 66.6815
580 66.6815
581 66.6815
582 66.6815
583 66.6815
584 66.6815
585 66.6815
586 66.6815
587 66.6815
588 66.6815
589 66.6815
590 66.6815
591 66.6815
592 66.6815
593 66.6815
594 66.6815
595 66.6815
596 66.6815
597 66.6815
598 66.6815
599 66.6815
600 66.6815
601 66.6815
602 66.6815
603 66.6815
604 66.6815
605 66.6815
606 66.6815
607 66.6815
608 66.6815
609 66.6815
610 66.6815
611 66.6815
612 66.6815
613 66.6815
614 66.6815
615 66.6815
616 66.6815
617 66.6815
618 66.6815
619 66.6815
620 66.6815
621 66.6815
622 66.6815
623 66.6815
624 66.6815
625 66.6815
626 66.6815
627 66.6815
628 66.6815
629 66.6815
630 66.6815
631 66.6815
632 66.6815
633 66.6815
634 66.6815
635 66.6815
636 66.6815
637 66.6815
638 66.6815
639 66.6815
640 66.6815
641 66.6815
642 66.6815
643 66.6815
644 66.6815
645 66.6815
646 66.6815
647 66.6815
648 66.6815
649 66.6815
650 66.6815
651 66.6815
652 66.6815
653 66.6815
654 66.6815
655 66.6815
656 66.6815
657 66.6815
658 66.6815
659 66.6815
660 66.6815
661 66.6815
662 66.6815
663 66.6815
664 66.6815
665 66.6815
666 66.6815
667 66.6815
668 66.6815
669 66.6815
670 66.6815
671 66.6815
672 66.6815
673 66.6815
674 66.6815
675 66.6815
676 66.6815
677 66.6815
678 66.6815
679 66.6815
680 66.6815
681 66.6815
682 66.6815
683 66.6815
684 66.6815
685 66.6815
686 66.6815
687 66.6815
688 66.6815
689 66.6815
690 66.6815
691 66.6815
692 66.6815
693 66.6815
694 66.6815
695 66.6815
696 66.6815
697 66.6815
698 66.6815
699 66.6815
700 66.6815
701 66.6815
702 66.6815
703 66.6815
704 66.6815
705 66.6815
706 66.6815
707 66.6815
708 66.6815
709 66.6815
710 66.6815
711 66.6815
712 66.6815
713 66.6815
714 66.6815
715 66.6815
716 66.6815
717 66.6815
718 66.6815
719 66.6815
720 66.6815
721 66.6815
722 66.6815
723 66.6815
724 66.6815
725 66.6815
726 66.6815
727 66.6815
728 66.6815
729 66.6815
730 66.6815
731 66.6815
732 66.6815
733 66.6815
734 66.6815
735 66.6815
736 66.6815
737 66.6815
738 66.6815
739 66.6815
740 66.6815
741 66.6815
742 66.4912
743 66.4912
744 66.4912
745 66.4912
746 66.4912
747 66.4912
748 66.4912
749 66.4912
750 66.4912
751 66.4912
752 66.4912
753 66.4912
754 66.4912
755 66.4912
756 66.4912
757 66.4912
758 66.4912
759 66.4912
760 66.4912
761 66.4912
762 66.4912
763 66.4912
764 66.4912
765 66.4912
766 66.4912
767 66.4912
768 66.4912
769 66.4912
770 66.4912
771 66.4912
772 66.4912
773 66.4912
774 66.4912
775 66.4912
776 66.4912
777 66.4912
778 66.4912
779 66.4912
780 66.4912
781 66.4912
782 66.4912
783 66.4912
784 66.4912
785 66.4912
786 66.4912
787 66.4912
788 66.4912
789 66.4912
790 66.4912
791 66.4912
792 66.4912
793 66.4912
794 66.4912
795 66.4912
796 66.4912
797 66.4912
798 66.4912
799 66.4912
800 66.4912
801 66.4912
802 66.4912
803 66.4912
804 66.4912
805 66.4912
806 66.4912
807 66.4912
808 66.4912
809 66.4912
810 66.4912
811 66.4912
812 66.4912
813 66.4912
814 66.4912
815 66.4912
816 66.4912
817 66.4912
818 66.4912
819 66.4912
820 66.4912
821 66.4912
822 66.4912
823 66.4912
824 66.4912
825 66.4912
826 66.4912
827 66.4912
828 66.4912
829 66.4912
830 66.4912
831 66.4912
832 66.4912
833 66.4912
834 66.4912
835 66.4912
836 66.4912
837 66.4912
838 66.4912
839 66.4912
840 66.4912
841 66.4912
842 66.4912
843 66.4912
844 66.4912
845 66.4912
846 66.4912
847 66.4912
848 66.4912
849 66.4912
850 66.4912
851 66.4912
852 66.4912
853 66.4912
854 66.4912
855 66.4912
856 66.4912
857 66.4912
858 66.4912
859 66.4912
860 66.4912
861 66.4912
862 66.4912
863 66.4912
864 66.4912
865 66.4912
866 66.4912
867 66.4912
868 66.4912
869 66.4912
870 66.4912
871 66.4912
872 66.4912
873 66.4912
874 66.4912
875 66.4912
876 66.4912
877 66.4912
878 66.4912
879 66.4912
880 66.4912
881 66.4912
882 66.4912
883 66.4912
884 66.4912
885 66.4912
886 66.4912
887 66.4912
888 66.4912
889 66.4912
890 66.4912
891 66.4912
892 66.4912
893 66.4912
894 66.4912
895 66.4912
896 66.4912
897 66.4912
898 66.4912
899 66.4912
900 66.4912
901 66.4912
902 66.4912
903 66.4912
904 66.4912
905 66.4912
906 66.4912
907 66.4912
908 66.4912
909 66.4912
910 66.4912
911 66.4912
912 66.4912
913 66.4912
914 66.4912
915 66.4912
916 66.4912
917 66.4912
918 66.4912
919 66.4912
920 66.4912
921 66.4912
922 66.4912
923 66.4912
924 66.4912
925 66.4912
926 66.4912
927 66.4912
928 66.4912
929 66.4912
930 66.4912
931 66.4912
932 66.4912
933 66.4912
934 66.4912
935 66.4912
936 66.4912
937 66.4912
938 66.4912
939 66.4912
940 66.4912
941 66.4912
942 66.4912
943 66.4912
944 66.4912
945 66.4912
946 66.4912
947 66.4912
948 66.4912
949 66.4912
950 66.4912
951 66.4912
952 66.4912
953 66.4912
954 66.4912
955 66.4912
956 66.4912
957 66.4912
958 66.4912
959 66.4912
960 66.4912
961 66.4912
962 66.4912
963 66.4912
964 66.4912
965 66.4912
966 66.4912
967 66.4912
968 66.4912
969 66.4912
970 66.4912
971 66.4912
972 66.4912
973 66.4912
974 66.4912
975 66.4912
976 66.4912
977 66.4912
978 66.4912
979 66.4912
980 66.4912
981 66.4912
982 66.4912
983 66.4912
984 66.4912
985 66.4912
986 66.4912
987 66.4912
988 66.4912
989 66.4912
990 66.4912
991 66.4912
992 66.4912
993 66.4912
994 66.4912
995 66.4912
996 66.4912
997 66.4912
998 66.4912
999 66.4912
1000 66.4912
1001 66.4912
1002 66.4912
1003 66.4912
1004 66.4912
1005 66.4912
1006 66.4912
1007 66.4912
1008 66.4912
1009 66.4912
1010 66.4912
1011 66.4912
1012 66.4912
1013 66.4912
1014 66.4912
1015 66.4912
1016 66.4912
1017 66.4912
1018 66.4912
1019 66.4912
1020 66.4912
1021 66.4912
1022 66.4912
1023 66.4912
1024 66.4912
1025 66.4912
1026 66.4912
1027 66.4912
1028 66.4912
1029 66.2962
1030 66.2962
1031 66.2962
1032 66.2962
1033 66.2962
1034 66.2962
1035 66.2962
1036 66.2962
1037 66.2962
1038 66.2962
1039 66.2962
1040 66.2962
1041 66.2962
1042 66.2962
1043 66.2962
1044 66.2962
1045 66.2962
1046 66.2962
1047 66.2962
1048 66.2962
1049 66.2962
1050 66.2962
1051 66.2962
1052 66.2962
1053 66.2962
1054 66.2962
1055 66.2962
1056 66.2962
1057 66.2962
1058 66.2962
1059 66.2962
1060 66.2962
1061 66.2962
1062 66.2962
1063 66.2962
1064 66.2962
1065 66.2962
1066 66.2962
1067 66.2962
1068 66.2962
1069 66.2962
1070 66.2962
1071 66.2962
1072 66.2962
1073 66.2962
1074 66.2962
1075 66.2962
1076 66.2962
1077 66.2962
1078 66.2962
1079 66.2962
1080 66.2962
1081 66.2962
1082 66.2962
1083 66.2962
1084 66.2962
1085 66.2962
1086 66.2962
1087 66.2962
1088 66.2962
1089 66.2962
1090 66.2962
1091 66.2962
1092 66.2962
1093 66.2962
1094 66.2962
1095 66.2962
1096 66.2962
1097 66.2962
1098 66.2962
1099 66.2962
1100 66.2962
1101 66.2962
1102 66.2962
1103 66.2962
1104 66.2962
1105 66.2962
1106 66.2962
1107 66.2962
1108 66.2962
1109 66.2962
1110 66.2962
1111 66.2962
1112 66.2962
1113 66.2962
1114 66.2962
1115 66.2962
1116 66.2962
1117 66.2962
1118 66.2962
1119 66.2962
1120 66.2962
1121 66.2962
1122 66.2962
1123 66.2962
1124 66.2962
1125 66.2962
1126 66.2962
1127 66.2962
1128 66.2962
1129 66.2962
1130 66.2962
1131 66.2962
1132 66.2962
1133 66.2962
1134 66.2962
1135 66.2962
1136 66.2962
1137 66.2962
1138 66.2962
1139 66.2962
1140 66.2962
1141 66.2962
1142 66.2962
1143 66.2962
1144 66.2962
1145 66.2962
1146 66.2962
1147 66.2962
1148 66.2962
1149 66.2962
1150 66.2962
1151 66.2962
1152 66.2962
1153 66.2962
1154 66.2962
1155 66.2962
1156 66.2962
1157 66.2962
1158 66.2962
1159 66.2962
1160 66.2962
1161 66.2962
1162 66.2962
1163 66.2962
1164 66.2962
1165 66.2962
1166 66.2962
1167 66.2962
1168 66.2962
1169 66.2962
1170 66.2962
1171 66.2962
1172 66.2962
1173 66.2962
1174 66.2962
1175 66.2962
1176 66.2962
1177 66.2962
1178 66.2962
1179 66.2962
1180 66.2962
1181 66.2962
1182 66.2962
1183 66.2962
1184 66.2962
1185 66.2962
1186 66.2962
1187 66.2962
1188 66.2962
1189 66.2962
1190 66.2962
1191 66.2962
1192 66.2962
1193 66.2962
1194 66.2962
1195 66.2962
1196 66.2962
1197 66.2962
1198 66.2962
1199 66.2962
1200 66.2962
1201 66.2962
1202 66.2962
1203 66.2962
1204 66.2962
1205 66.2962
1206 66.2962
1207 66.2962
1208 66.2962
1209 66.2962
1210 66.2962
1211 66.2962
1212 66.2962
1213 66.2962
1214 66.2962
1215 66.2962
1216 66.2962
1217 66.2962
1218 66.2962
1219 66.2962
1220 66.2962
1221 66.2962
1222 66.2962
1223 66.2962
1224 66.2962
1225 66.2962
1226 66.2962
1227 66.2962
1228 66.2962
1229 66.2962
1230 66.2962
1231 66.2962
1232 66.2962
1233 66.2962
1234 66.2962
1235 66.2962
1236 66.2962
1237 66.2962
1238 66.2962
1239 66.2962
1240 66.2962
1241 66.2962
1242 66.2962
1243 66.2962
1244 66.2962
1245 66.2962
1246 66.2962
1247 66.2962
1248 66.2962
1249 66.2962
1250 66.2962
1251 66.2962
1252 66.2962
1253 66.2962
1254 66.2962
1255 66.2962
1256 66.2962
1257 66.2962
1258 66.2962
1259 66.2962
1260 66.2962
1261 66.2962
1262 66.2962
1263 66.2962
1264 66.2962
1265 66.2962
1266 66.2962
1267 66.2962
1268 66.2962
1269 66.2962
1270 66.2962
1271 66.2962
1272 66.2962
1273 66.2962
1274 66.2962
1275 66.2962
1276 66.2962
1277 66.2962
1278 66.2962
1279 66.2962
1280 66.2962
1281 66.2962
1282 66.2962
1283 66.2962
1284 66.2962
1285 66.2962
1286 66.2962
1287 66.2962
1288 66.2962
1289 66.2962
1290 66.2962
1291 66.2962
1292 66.2962
1293 66.2962
1294 66.2962
1295 66.2962
1296 66.2962
1297 66.2962
1298 66.2189
1299 66.2189
1300 66.2189
1301 66.2189
1302 66.2189
1303 66.2189
1304 66.2189
1305 66.2189
1306 66.2189
1307 66.2189
1308 66.2189
1309 66.2189
1310 66.2189
1311 66.2189
1312 66.2189
1313 66.2189
1314 66.2189
1315 66.2189
1316 66.2189
1317 66.2189
1318 66.2189
1319 66.2189
1320 66.2189
1321 66.2189
1322 66.2189
1323 66.2189
1324 66.2189
1325 66.2189
1326 66.2189
1327 66.2189
1328 66.2189
1329 66.2189
1330 66.2189
1331 66.2189
1332 66.2189
1333 66.2189
1334 66.2189
1335 66.2189
1336 66.2189
1337 66.2189
1338 66.2189
1339 66.2189
1340 66.2189
1341 66.2189
1342 66.2189
1343 66.2189
1344 66.2189
1345 66.2189
1346 66.2189
1347 66.2189
1348 66.2189
1349 66.2189
1350 66.2189
1351 66.2189
1352 66.2189
1353 66.2189
1354 66.2189
1355 66.2189
1356 66.2189
1357 66.2189
1358 66.2189
1359 66.2189
1360 66.2189
1361 66.2189
1362 66.2189
1363 66.2189
1364 66.2189
1365 66.2189
1366 66.2189
1367 66.2189
1368 66.2189
1369 66.2189
1370 66.2189
1371 66.2189
1372 66.2189
1373 66.2189
1374 66.2189
1375 66.2189
1376 66.2189
1377 66.2189
1378 66.2189
1379 66.2189
1380 66.2189
1381 66.2189
1382 66.2189
1383 66.2189
1384 66.2189
1385 66.2189
1386 66.2189
1387 66.2189
1388 66.2189
1389 66.2189
1390 66.2189
1391 66.2189
1392 66.2189
1393 66.2189
1394 66.2189
1395 66.2189
1396 66.2189
1397 66.2189
1398 66.2189
1399 66.2189
1400 66.2189
1401 66.2189
1402 66.2189
1403 66.2189
1404 66.2189
1405 66.2189
1406 66.2189
1407 66.2189
1408 66.2189
1409 66.2189
1410 66.2189
1411 66.2189
1412 66.2189
1413 66.2189
1414 66.2189
1415 66.2189
1416 66.2189
1417 66.2189
1418 66.2189
1419 66.2189
1420 66.2189
1421 66.2189
1422 66.2189
1423 66.2189
1424 66.2189
1425 66.2189
1426 66.2189
1427 66.2189
1428 66.2189
1429 66.2189
1430 66.2189
1431 66.2189
1432 66.2189
1433 66.2189
1434 66.2189
1435 66.2189
1436 66.2189
1437 66.2189
1438 66.2189
1439 66.2189
1440 66.2189
1441 66.2189
1442 66.2189
1443 66.2189
1444 66.2189
1445 66.2189
1446 66.2189
1447 66.2189
1448 66.2189
1449 66.2189
1450 66.2189
1451 66.2189
1452 66.2189
1453 66.2189
1454 66.2189
1455 66.2189
1456 66.2189
1457 66.2189
1458 66.2189
1459 66.2189
1460 66.2189
1461 66.2189
1462 66.2189
1463 66.2189
1464 66.2189
1465 66.2189
1466 66.2189
1467 66.2189
1468 66.2189
1469 66.2189
1470 66.2189
1471 66.2189
1472 66.2189
1473 66.2189
1474 66.2189
1475 66.2189
1476 66.2189
1477 66.2189
1478 66.2189
1479 66.2189
1480 66.2189
1481 66.2189
1482 66.2189
1483 66.2189
1484 66.2189
1485 66.2189
1486 66.2189
1487 66.2189
1488 66.2189
1489 66.2189
1490 66.2189
1491 66.2189
1492 66.2189
1493 66.2189
1494 66.2189
1495 66.2189
1496 66.2189
1497 66.2189
1498 66.2189
1499 66.2189
1500 66.2189
1501 66.2189
1502 66.2189
1503 66.2189
1504 66.2189
1505 66.2189
1506 66.2189
1507 66.2189
1508 66.2189
1509 66.2189
1510 66.2189
1511 66.2189
1512 66.2189
1513 66.2189
1514 66.2189
1515 66.2189
1516 66.2189
1517 66.2189
1518 66.2189
1519 66.2189
1520 66.2189
1521 66.2189
1522 66.2189
1523 66.2189
1524 66.2189
1525 66.2189
1526 66.2189
1527 66.2189
1528 66.2189
1529 66.2189
1530 66.2189
1531 66.2189
1532 66.2189
1533 66.2189
1534 66.2189
1535 66.2189
1536 66.2189
1537 66.2189
1538 66.2189
1539 66.2189
1540 66.2189
1541 66.2189
1542 66.2189
1543 66.2189
1544 66.2189
1545 66.2189
1546 66.2189
1547 66.2189
1548 66.2189
1549 66.2189
1550 66.2189
1551 66.2189
1552 66.2189
1553 66.2189
1554 66.2189
1555 66.2189
1556 66.2189
1557 66.2189
1558 66.2189
1559 66.2189
1560 66.2189
1561 66.2189
1562 66.2189
1563 66.2189
1564 66.2189
1565 66.2189
1566 66.2189
1567 66.2189
1568 66.2189
1569 66.2189
1570 66.2189
1571 66.2189
1572 66.2189
1573 66.2189
1574 66.2189
1575 66.2189
1576 66.2189
1577 66.2189
1578 66.2189
1579 66.2189
1580 66.2189
1581 66.2189
1582 66.2189
1583 66.2189
1584 66.2189
1585 66.2189
1586 66.2189
1587 66.2189
1588 66.2189
1589 66.2189
1590 66.2189
1591 66.2189
1592 66.2189
1593 66.2189
1594 66.2189
1595 66.2189
1596 66.2189
1597 66.2189
1598 66.2189
1599 66.2189
1600 66.2189
1601 66.2189
1602 66.2189
1603 66.2189
1604 66.2189
1605 66.2189
1606 66.2189
1607 66.2189
1608 66.2189
1609 66.2189
1610 66.2189
1611 66.2189
1612 66.2189
1613 66.2189
1614 66.2189
1615 66.2189
1616 66.2189
1617 66.2189
1618 66.2189
1619 66.2189
1620 66.2189
1621 66.2189
1622 66.2189
1623 66.2189
1624 66.2189
1625 66.2189
1626 66.2189
1627 66.2189
1628 66.2189
1629 66.2189
1630 66.2189
1631 66.2189
1632 66.2189
1633 66.2189
1634 66.2189
1635 66.2189
1636 66.2189
1637 66.2189
1638 66.2189
1639 66.2189
1640 66.2189
1641 66.2189
1642 66.2189
1643 66.2189
1644 66.2189
1645 66.2189
1646 66.2189
1647 66.2189
1648 66.2189
1649 66.2189
1650 66.2189
1651 66.2189
1652 66.2189
1653 66.2189
1654 66.2189
1655 66.2189
1656 66.2189
1657 66.2189
1658 66.2189
1659 66.2189
1660 66.2189
1661 66.2189
1662 66.2189
1663 66.2189
1664 66.2189
1665 66.2189
1666 66.2189
1667 66.2189
1668 66.2189
1669 66.2189
1670 66.2189
1671 66.2189
1672 66.2189
1673 66.2189
1674 66.2189
1675 66.2189
1676 66.2189
1677 66.2189
1678 66.2189
1679 66.2189
1680 66.2189
1681 66.2189
1682 66.2189
1683 66.2189
1684 66.2189
1685 66.2189
1686 66.2189
1687 66.2189
1688 66.2189
1689 66.2189
1690 66.2189
1691 66.2189
1692 66.2189
1693 66.2189
1694 66.2189
1695 66.2189
1696 66.2189
1697 66.2189
1698 66.2189
1699 66.2189
1700 66.2189
1701 66.2189
1702 66.2189
1703 66.2189
1704 66.2189
1705 66.2189
1706 66.2189
1707 66.2189
1708 66.2189
1709 66.2189
1710 66.2189
1711 66.2189
1712 66.2189
1713 66.2189
1714 66.2189
1715 66.2189
1716 66.2189
1717 66.2189
1718 66.2189
1719 66.2189
1720 66.2189
1721 66.2189
1722 66.2189
1723 66.2189
1724 66.2189
1725 66.2189
1726 66.2189
1727 66.2189
1728 66.2189
1729 66.2189
1730 66.2189
1731 66.2189
1732 66.2189
1733 66.2189
1734 66.2189
1735 66.2189
1736 66.2189
1737 66.2189
1738 66.2189
1739 66.2189
1740 66.2189
1741 66.2189
1742 66.2189
1743 66.2189
1744 66.2189
1745 66.2189
1746 66.2189
1747 66.2189
1748 66.2189
1749 66.2189
1750 66.2189
1751 66.2189
1752 66.2189
1753 66.2189
1754 66.2189
1755 66.2189
1756 66.2189
1757 66.2189
1758 66.2189
1759 66.2189
1760 66.2189
1761 66.2189
1762 66.2189
1763 66.2189
1764 66.2189
1765 66.2189
1766 66.2189
1767 66.2189
1768 66.2189
1769 66.2189
1770 66.2189
1771 66.2189
1772 66.2189
1773 66.2189
1774 66.2189
1775 66.2189
1776 66.2189
1777 66.2189
1778 66.2189
1779 66.2189
1780 66.2189
1781 66.2189
1782 66.2189
1783 66.2189
1784 66.2189
1785 66.2189
1786 66.2189
1787 66.2189
1788 66.2189
1789 66.2189
1790 66.2189
1791 66.2189
1792 66.2189
1793 66.2189
1794 66.2189
1795 66.2189
1796 66.2189
1797 66.2189
1798 66.2189
1799 66.2189
1800 66.2189
1801 66.2189
1802 66.2189
1803 66.2189
1804 66.2189
1805 66.2189
1806 66.2189
1807 66.2189
1808 66.2189
1809 66.2189
1810 66.2189
1811 66.2189
1812 66.2189
1813 66.2189
1814 66.2189
1815 66.2189
1816 66.2189
1817 66.2189
1818 66.2189
1819 66.2189
1820 66.2189
1821 66.2189
1822 66.2189
1823 66.2189
1824 66.2189
1825 66.2189
1826 66.2189
1827 66.2189
1828 66.2189
1829 66.2189
1830 66.2189
1831 66.2189
1832 66.2189
1833 66.2189
1834 66.2189
1835 66.2189
1836 66.2189
1837 66.2189
1838 66.2189
1839 66.2189
1840 66.2189
1841 66.2189
1842 66.2189
1843 66.2189
1844 66.2189
1845 66.2189
1846 66.2189
1847 66.2189
1848 66.2189
1849 66.2189
1850 66.2189
1851 66.2189
1852 66.2189
1853 66.2189
1854 66.2189
1855 66.2189
1856 66.2189
1857 66.2189
1858 66.2189
1859 66.2189
1860 66.2189
1861 66.2189
1862 66.2189
1863 66.2189
1864 66.2189
1865 66.2189
1866 66.2189
1867 66.2189
1868 66.2189
1869 66.2189
1870 66.2189
1871 66.2189
1872 66.2189
1873 66.2189
1874 66.2189
1875 66.2189
1876 66.2189
1877 66.2189
1878 66.2189
1879 66.2189
1880 66.2189
1881 66.2189
1882 66.2189
1883 66.2189
1884 66.2189
1885 66.2189
1886 66.2189
1887 66.2189
1888 66.2189
1889 66.2189
1890 66.2189
1891 66.2189
1892 66.2189
1893 66.2189
1894 66.2189
1895 66.2189
1896 66.2189
1897 66.2189
1898 66.2189
1899 66.2189
1900 66.2189
1901 66.2189
1902 66.2189
1903 66.2189
1904 66.2189
1905 66.2189
1906 66.2189
1907 66.2189
1908 66.2189
1909 66.2189
1910 66.2189
1911 66.2189
1912 66.2189
1913 66.2189
1914 66.2189
1915 66.2189
1916 66.2189
1917 66.2189
1918 66.2189
1919 66.2189
1920 66.2189
1921 66.2189
1922 66.2189
1923 66.2189
1924 66.2189
1925 66.2189
1926 66.2189
1927 66.2189
1928 66.2189
1929 66.2189
1930 66.2189
1931 66.2189
1932 66.2189
1933 66.2189
1934 66.2189
1935 66.2189
1936 66.2189
1937 66.2189
1938 66.2189
1939 66.2189
1940 66.2189
1941 66.2189
1942 66.2189
1943 66.2189
1944 66.2189
1945 66.2189
1946 66.2189
1947 66.2189
1948 66.2189
1949 66.2189
1950 66.2189
1951 66.2189
1952 66.2189
1953 66.2189
1954 66.2189
1955 66.2189
1956 66.2189
1957 66.2189
1958 66.2189
1959 66.2189
1960 66.2189
1961 66.2189
1962 66.2189
1963 66.2189
1964 66.2189
1965 66.2189
1966 66.2189
1967 66.2189
1968 66.2189
1969 66.2189
1970 66.2189
1971 66.2189
1972 66.2189
1973 66.2189
1974 66.2189
1975 66.2189
1976 66.2189
1977 66.2189
1978 66.2189
1979 66.2189
1980 66.2189
1981 66.2189
1982 66.2189
1983 66.2189
1984 66.2189
1985 66.2189
1986 66.2189
1987 66.2189
1988 66.2189
1989 66.2189
1990 66.2189
1991 66.2189
1992 66.2189
1993 66.2189
1994 66.2189
1995 66.2189
1996 66.2189
1997 66.2189
1998 66.2189
1999 66.2189
2000 66.2189
