0 510.053
1 459.6
2 431.569
3 409.097
4 389.911
5 371.716
6 352.995
7 335.705
8 317.506
9 303.145
10 291.814
11 283.554
12 278.024
13 271.903
14 263.628
15 256.313
16 249.728
17 241.294
18 233.268
19 227.35
20 223.327
21 219.264
22 214.824
23 209.981
24 204.97
25 201.525
26 197.535
27 194.601
28 192.746
29 189.867
30 186.215
31 181.683
32 178.172
33 175.139
34 172.996
35 170.989
36 168.576
37 165.556
38 162.573
39 159.909
40 158.497
41 156.966
42 155.672
43 152.778
44 151.12
45 150.002
46 148.46
47 147.076
48 145.22
49 143.542
50 141.744
51 141.189
52 140.256
53 139.363
54 136.767
55 133.634
56 131.667
57 130.036
58 129.406
59 128.888
60 127.061
61 125.574
62 124.596
63 123.566
64 122.707
65 122.226
66 121.685
67 120.638
68 119.786
69 119.131
70 118.303
71 117.288
72 116.212
73 114.778
74 114.156
75 113.363
76 113.139
77 112.809
78 111.799
79 110.18
80 109.309
81 108.693
82 108.695
83 107.38
84 106.399
85 106.253
86 105.212
87 104.181
88 103.607
89 103.03
90 101.939
91 101.357
92 101.079
93 100.518
94 100.378
95 99.5466
96 98.4435
97 97.1761
98 96.1695
99 95.0066
100 95.7176
101 95.9665
102 96.3955
103 96.4055
104 95.9244
105 94.9973
106 93.7431
107 92.1223
108 90.9231
109 90.6322
110 90.1453
111 89.4719
112 89.1445
113 88.3292
114 87.9447
115 87.3623
116 86.5475
117 86.6586
118 86.296
119 86.0989
120 85.9815
121 85.3835
122 84.9474
123 84.6301
124 84.6101
125 83.9046
126 83.5967
127 83.4315
128 83.1073
129 84.2256
130 86.584
131 86.2805
132 84.4786
133 82.7436
134 81.9726
135 81.7729
136 81.1558
137 80.2022
138 79.9836
139 79.9536
140 79.7406
141 80.0035
142 79.4797
143 78.6924
144 78.763
145 79.0073
146 79.2945
147 78.3849
148 78.1504
149 78.0358
150 78.0115
151 77.8913
152 77.3938
153 77.3622
154 77.0215
155 77.4749
156 77.1845
157 76.8077
158 76.4276
159 75.1631
160 74.195
161 74.1332
162 73.6428
163 73.3244
164 73.2623
165 73.2079
166 73.3681
167 73.4909
168 73.4499
169 73.5078
170 73.3296
171 73.0235
172 72.8242
173 72.6247
174 72.9946
175 72.8271
176 72.2501
177 72.128
178 72.2661
179 72.2652
180 72.1961
181 72.0821
182 71.9962
183 71.7091
184 71.2836
185 71.2012
186 70.9185
187 70.7823
188 70.9955
189 70.9344
190 70.7235
191 71.0914
192 71.1857
193 71.1022
194 70.6992
195 70.4094
196 70.5527
197 71.2101
198 72.1172
199 71.8237
200 71.2034
201 70.7234
202 70.8078
203 70.4401
204 70.6204
205 70.739
206 72.719
207 75.0168
208 75.9761
209 74.9146
210 73.2704
211 71.5542
212 70.8136
213 70.5233
214 70.6129
215 70.8086
216 70.3041
217 70.1707
218 69.8211
219 70.2427
220 69.9568
221 70.3889
222 70.4321
223 70.0838
224 70.0105
225 70.0377
226 69.818
227 69.5173
228 69.6819
229 69.5893
230 69.6764
231 69.4856
232 69.6335
233 69.8172
234 69.6191
235 69.2342
236 69.6177
237 69.6981
238 71.3778
239 73.4129
240 73.2603
241 71.4635
242 70.6066
243 70.0045
244 69.9045
245 69.7165
246 69.5888
247 69.5596
248 69.5495
249 69.2662
250 69.3916
251 69.3515
252 69.397
253 69.4983
254 69.5543
255 69.7487
256 69.5031
257 69.463
258 69.5057
259 69.6521
260 69.2345
261 69.5005
262 69.6387
263 69.2841
264 69.3553
265 69.4323
266 69.6149
267 69.2239
268 69.4522
269 69.6078
270 69.48
271 69.4367
272 69.5251
273 69.6594
274 69.7403
275 69.5594
276 69.4055
277 69.3154
278 69.4848
279 69.6751
280 69.7336
281 69.3984
282 69.4461
283 69.4101
284 69.5559
285 69.6795
286 69.6294
287 69.58
288 69.6289
289 69.4911
290 69.18
291 69.3718
292 69.7113
293 69.3546
294 69.4328
295 69.254
296 69.9017
297 69.738
298 69.4279
299 69.7098
300 69.4791
301 69.9014
302 69.8915
303 69.5367
304 69.4015
305 69.4887
306 69.5278
307 69.4991
308 69.8522
309 69.8584
310 70.0464
311 69.7062
312 69.5385
313 69.3148
314 69.5698
315 69.5952
316 69.766
317 69.8865
318 69.8013
319 69.8374
320 69.8183
321 69.2097
322 69.3544
323 69.6165
324 69.5098
325 69.3772
326 69.9292
327 69.7299
328 69.6401
329 69.5525
330 69.7253
331 69.2031
332 69.7846
333 69.565
334 69.6145
335 69.7114
336 69.5006
337 69.3713
338 69.4663
339 69.7227
340 69.7823
341 69.4973
342 69.7091
343 69.2996
344 69.6513
345 69.4438
346 69.3944
347 69.7074
348 69.6682
349 69.2624
350 69.2249
351 69.2665
352 69.5849
353 69.3308
354 69.6108
355 69.5118
356 69.4632
357 69.3846
358 69.3056
359 69.4219
360 69.6568
361 69.3403
362 69.3816
363 69.4902
364 69.8855
365 69.6418
366 69.6187
367 69.4571
368 69.5537
369 69.495
370 69.7047
371 69.7987
372 69.6697
373 69.846
374 69.6809
375 69.837
376 69.5094
377 69.5798
378 69.6734
379 69.7777
380 69.5469
381 69.3724
382 69.4938
383 69.8138
384 69.8528
385 69.8788
386 69.355
387 69.5089
388 69.451
389 69.5248
390 69.1258
391 69.555
392 69.6499
393 69.596
394 69.7452
395 69.5207
396 69.4136
397 69.4088
398 69.3148
399 69.1727
400 69.2004
401 69.5933
402 69.9404
403 69.745
404 69.6513
405 70.0196
406 69.7199
407 69.4204
408 69.3167
409 69.4343
410 69.7175
411 69.3709
412 69.5271
413 69.9173
414 69.8728
415 69.8464
416 69.6349
417 69.1998
418 69.4199
419 69.6077
420 69.6504
421 69.6008
422 69.8164
423 69.7175
424 69.6744
425 69.7741
426 69.5997
427 69.666
428 69.4098
429 69.4304
430 69.3987
431 69.7195
432 69.365
433 69.519
434 69.483
435 69.3342
436 69.6846
437 69.7156
438 69.4792
439 69.6651
440 69.4
441 69.66
442 69.4908
443 69.5058
444 69.6563
445 69.6048
446 69.6747
447 69.3627
448 69.6026
449 69.4501
450 69.4546
451 69.5669
452 69.8769
453 69.4301
454 69.422
455 69.4492
456 69.316
457 69.3645
458 69.2486
459 69.4387
460 69.3387
461 69.5162
462 69.387
463 69.4105
464 70.1603
465 69.9537
466 69.685
467 69.7137
468 69.4843
469 69.727
470 69.6273
471 69.454
472 69.8551
473 69.5416
474 69.6135
475 70.0017
476 69.9259
477 69.909
478 69.9633
479 69.7449
480 69.6669
481 69.9222
482 70.0287
483 69.7303
484 69.5534
485 69.3107
486 69.2423
487 69.1962
488 69.4787
489 69.8123
490 69.3744
491 69.3038
492 70.0795
493 69.8611
494 70.0267
495 69.7774
496 69.42
497 69.3387
498 69.5013
499 69.8921
500 69.6183
501 70.0228
502 69.8769
503 69.6337
504 69.2896
505 69.3175
506 69.4124
507 69.8583
508 69.8566
509 69.4192
510 69.563
511 69.458
512 69.9351
513 69.6676
514 69.6352
515 69.5079
516 69.3221
517 69.1393
518 69.6278
519 69.4746
520 69.6526
521 69.6579
522 69.3055
523 69.2273
524 69.2122
525 69.5548
526 69.3712
527 69.7819
528 69.6392
529 69.4834
530 69.4861
531 69.4765
532 69.4442
533 69.4671
534 69.5524
535 69.6681
536 69.7364
537 69.6414
538 69.4704
539 69.7692
540 70.1829
541 69.9776
542 69.3786
543 69.3993
544 69.6225
545 69.3615
546 69.2808
547 70.1528
548 69.8029
549 69.8039
550 69.5722
551 69.5199
552 69.388
553 69.3797
554 69.3534
555 69.5668
556 69.2785
557 69.5835
558 69.4081
559 69.5851
560 69.3068
561 69.6077
562 69.5405
563 69.5564
564 69.8726
565 70.1657
566 69.913
567 69.6026
568 69.7827
569 70.067
570 69.6363
571 69.5095
572 69.7096
573 69.7896
574 70.0264
575 69.891
576 69.8077
577 69.6872
578 69.7377
579 69.4085
580 69.3912
581 69.229
582 69.4717
583 69.8437
584 69.7416
585 69.6343
586 69.558
587 69.8366
588 69.5766
589 69.5703
590 69.6679
591 69.7589
592 69.6805
593 69.3863
594 69.6271
595 69.6453
596 69.2833
597 69.529
598 69.4443
599 69.3867
600 69.6484
601 69.4111
602 69.431
603 69.7328
604 69.5645
605 69.7389
606 69.716
607 69.5569
608 69.5446
609 69.7937
610 69.4815
611 69.3917
612 69.6604
613 69.4039
614 69.7113
615 69.7799
616 69.5607
617 69.6681
618 69.3903
619 69.4997
620 69.4807
621 69.7003
622 69.3743
623 69.5206
624 69.3875
625 69.3755
626 69.6422
627 69.7515
628 69.4138
629 69.864
630 69.6754
631 69.1783
632 69.4489
633 69.5154
634 69.5366
635 69.8828
636 69.6313
637 69.418
638 69.5801
639 69.6901
640 69.9673
641 69.546
642 69.7846
643 69.6113
644 69.4558
645 69.3655
646 69.5105
647 69.5382
648 69.5215
649 69.4185
650 69.271
651 69.5698
652 69.604
653 69.4118
654 69.709
655 69.2999
656 69.7684
657 69.6779
658 69.5716
659 69.9677
660 69.6045
661 69.6555
662 69.9338
663 69.8242
664 69.5693
665 69.3874
666 69.687
667 69.4911
668 69.4332
669 69.5028
670 69.6361
671 69.3971
672 69.4472
673 69.5481
674 69.5711
675 69.6344
676 69.4859
677 69.7622
678 69.2635
679 69.8548
680 69.5897
681 69.5401
682 69.7898
683 69.6775
684 69.8601
685 69.4594
686 69.7561
687 69.4666
688 69.6142
689 69.4429
690 69.1559
691 69.3081
692 69.5687
693 69.5966
694 69.6213
695 69.5171
696 69.7323
697 69.3574
698 69.6414
699 70.1744
700 69.895
701 69.606
702 69.3877
703 69.8612
704 69.594
705 69.8242
706 69.6956
707 69.5771
708 69.6509
709 69.436
710 69.8498
711 69.9306
712 69.6525
713 69.7947
714 69.7271
715 69.2558
716 69.4994
717 69.2335
718 69.7166
719 69.8191
720 69.7043
721 69.9286
722 69.1719
723 69.6307
724 69.4086
725 69.9669
726 69.8446
727 69.2946
728 69.6698
729 69.371
730 69.5037
731 69.432
732 69.363
733 69.8551
734 69.7718
735 69.8845
736 69.7361
737 69.8606
738 69.6451
739 69.6453
740 69.5014
741 69.5121
742 69.5985
743 69.3493
744 69.7885
745 69.863
746 69.9829
747 69.6437
748 69.6151
749 69.9075
750 69.6844
751 69.6035
752 69.6945
753 69.8301
754 69.7065
755 69.6102
756 69.6187
757 69.5279
758 69.3334
759 69.0689
760 69.4115
761 69.3925
762 69.5198
763 69.2898
764 69.315
765 69.1228
766 69.1028
767 69.3206
768 69.3543
769 69.3568
770 69.6638
771 69.5532
772 70.1091
773 69.6466
774 69.4399
775 69.7137
776 69.4207
777 69.4131
778 69.5593
779 69.9002
780 69.4189
781 69.4669
782 69.6703
783 69.5173
784 69.7666
785 69.6315
786 69.5152
787 69.5392
788 69.3447
789 69.3946
790 69.2855
791 69.6039
792 69.1629
793 69.5738
794 69.8518
795 69.7723
796 69.4662
797 69.6371
798 69.5712
799 69.4472
800 69.5653
801 69.3501
802 69.4732
803 69.6639
804 69.8382
805 69.4442
806 69.7218
807 69.8485
808 69.6207
809 69.3283
810 69.6155
811 69.4891
812 69.3557
813 69.5836
814 69.1814
815 69.2974
816 69.3981
817 69.3456
818 69.3535
819 69.5202
820 69.6818
821 69.638
822 69.3545
823 69.5401
824 69.5119
825 69.443
826 69.3167
827 69.128
828 69.4
829 69.6801
830 69.7271
831 69.5269
832 69.8312
833 69.5449
834 69.9206
835 69.666
836 69.4768
837 69.5509
838 69.5492
839 69.2892
840 69.6907
841 69.8019
842 69.1544
843 69.3726
844 69.2872
845 69.364
846 69.1065
847 69.5802
848 69.4698
849 69.5176
850 69.3708
851 69.4641
852 69.3517
853 69.5368
854 70.1576
855 69.4697
856 69.5555
857 69.4519
858 69.2253
859 69.3786
860 69.344
861 69.5404
862 69.5337
863 69.3845
864 68.8864
865 68.9387
866 68.5355
867 68.6744
868 68.6788
869 68.7032
870 68.587
871 68.9434
872 68.9001
873 68.8485
874 68.9124
875 68.6586
876 68.7869
877 68.9342
878 68.8211
879 69.1269
880 69.3559
881 69.4788
882 68.9914
883 69.2224
884 68.9892
885 68.87
886 68.8122
887 68.942
888 68.6811
889 68.6654
890 68.8016
891 69.0311
892 68.6552
893 68.9665
894 68.8081
895 69.0373
896 68.8042
897 68.6216
898 68.8402
899 68.631
900 68.6979
901 68.9779
902 68.7434
903 68.7013
904 68.6279
905 68.8469
906 68.7553
907 68.9895
908 68.8185
909 68.6603
910 69.1138
911 68.9013
912 69.2706
913 68.9508
914 69.1467
915 69.1521
916 69.124
917 69.0671
918 69.083
919 69.0322
920 69.1081
921 69.119
922 68.9365
923 68.6612
924 68.7289
925 68.9193
926 68.7524
927 68.768
928 68.668
929 68.8325
930 69.0044
931 69.1826
932 68.963
933 68.9818
934 69.1317
935 69.0325
936 68.8503
937 68.8291
938 68.9536
939 68.8498
940 68.846
941 69.0755
942 69.0925
943 68.8669
944 68.9575
945 69.2658
946 68.9329
947 68.6869
948 68.7401
949 68.8972
950 68.8928
951 68.8897
952 68.9129
953 68.5441
954 68.957
955 68.8536
956 68.8689
957 68.8944
958 68.7056
959 68.9111
960 68.9585
961 68.7586
962 68.7155
963 69.0184
964 69.1301
965 69.3117
966 69.0884
967 69.046
968 69.2376
969 68.9561
970 69.2377
971 68.852
972 68.9959
973 68.7072
974 68.6554
975 68.4616
976 68.2757
977 68.9847
978 69.2851
979 68.758
980 68.6058
981 68.6451
982 68.5341
983 68.7619
984 68.8644
985 69.4446
986 69.2273
987 68.7813
988 69.1621
989 69.1672
990 68.9002
991 68.8197
992 68.9426
993 69.0841
994 68.9458
995 68.7464
996 68.83
997 68.9375
998 69.4169
999 69.3157
1000 69.1532
1001 68.9412
1002 68.9171
1003 68.7411
1004 68.7014
1005 68.9816
1006 68.8081
1007 69.1007
1008 69.1589
1009 69.1783
1010 68.9751
1011 68.8029
1012 68.8526
1013 68.7185
1014 68.5375
1015 68.5719
1016 68.9839
1017 69.0627
1018 68.883
1019 69.1389
1020 68.8898
1021 68.891
1022 68.9529
1023 68.7298
1024 68.7475
1025 68.631
1026 68.5937
1027 69.0746
1028 68.7633
1029 68.8048
1030 68.9221
1031 68.7764
1032 69.035
1033 69.3856
1034 69.3582
1035 69.2462
1036 69.0662
1037 68.8355
1038 68.9412
1039 68.4184
1040 68.7827
1041 68.7076
1042 68.896
1043 69.2938
1044 68.9297
1045 69.0906
1046 68.7404
1047 68.7075
1048 68.9033
1049 68.4897
1050 68.77
1051 69.0072
1052 68.8392
1053 68.522
1054 68.6347
1055 68.4895
1056 68.642
1057 68.9347
1058 68.7604
1059 68.9276
1060 68.8924
1061 68.6624
1062 68.8915
1063 68.9436
1064 68.6015
1065 68.4817
1066 68.9994
1067 68.8683
1068 68.9357
1069 69.2276
1070 68.954
1071 69.0777
1072 69.1326
1073 68.9399
1074 69.4742
1075 69.2883
1076 69.0283
1077 68.9702
1078 68.651
1079 69.088
1080 68.6512
1081 68.5262
1082 68.8399
1083 68.6051
1084 68.5316
1085 68.9881
1086 69.2495
1087 69.0702
1088 68.7863
1089 68.9978
1090 68.7357
1091 68.8177
1092 69.0553
1093 68.7801
1094 68.8551
1095 68.3814
1096 68.6381
1097 68.3517
1098 68.3473
1099 68.5956
1100 68.4992
1101 68.8452
1102 68.7061
1103 68.8224
1104 68.9101
1105 69.017
1106 68.7204
1107 68.7712
1108 68.7492
1109 68.7836
1110 68.9134
1111 68.7471
1112 68.7193
1113 69.0445
1114 68.7897
1115 68.5421
1116 68.8454
1117 68.9034
1118 68.4778
1119 68.5282
1120 68.6104
1121 68.5222
1122 68.6287
1123 68.3119
1124 68.6764
1125 68.5126
1126 68.3715
1127 68.8516
1128 68.6666
1129 68.6938
1130 68.5572
1131 68.2829
1132 68.6294
1133 68.3495
1134 68.6588
1135 68.8505
1136 69.0418
1137 68.8358
1138 68.6822
1139 68.7024
1140 68.8398
1141 68.3875
1142 68.6338
1143 68.8704
1144 68.6786
1145 68.6128
1146 68.8742
1147 68.7291
1148 68.9076
1149 68.7638
1150 68.8227
1151 68.7638
1152 68.6812
1153 68.8974
1154 68.9332
1155 69.1541
1156 68.6868
1157 68.885
1158 68.641
1159 68.7431
1160 68.4974
1161 68.8632
1162 68.9139
1163 68.6788
1164 69.0531
1165 68.9483
1166 68.566
1167 68.5594
1168 68.7177
1169 68.6567
1170 68.8147
1171 68.8506
1172 69.1291
1173 68.6001
1174 68.6926
1175 68.7253
1176 68.6631
1177 68.6397
1178 68.8237
1179 68.7268
1180 68.6843
1181 68.6006
1182 68.8326
1183 68.6421
1184 68.5604
1185 68.8713
1186 68.775
1187 68.9727
1188 68.5922
1189 68.6254
1190 68.8796
1191 68.8533
1192 69.1056
1193 68.746
1194 68.8224
1195 68.9117
1196 69.0209
1197 68.8934
1198 68.7799
1199 68.7257
1200 68.6344
1201 68.6663
1202 68.6095
1203 68.4985
1204 68.6481
1205 69.0995
1206 69.3457
1207 69.0359
1208 68.5564
1209 68.6598
1210 68.7828
1211 68.6567
1212 69.2697
1213 69.2663
1214 68.8245
1215 68.7747
1216 68.7223
1217 68.713
1218 68.4688
1219 68.5475
1220 68.3853
1221 68.7324
1222 69.0429
1223 68.6321
1224 68.7312
1225 68.6722
1226 68.7247
1227 68.954
1228 68.847
1229 69.2259
1230 68.9573
1231 68.626
1232 68.8214
1233 69.0376
1234 68.9247
1235 68.9842
1236 69.012
1237 68.7283
1238 68.7565
1239 68.8203
1240 68.628
1241 68.7516
1242 69.1391
1243 69.0325
1244 68.9726
1245 69.0959
1246 68.9451
1247 68.9405
1248 68.495
1249 68.6365
1250 68.8185
1251 69.1176
1252 69.0675
1253 68.965
1254 69.3653
1255 69.3954
1256 69.0848
1257 68.6574
1258 69.1069
1259 69.2384
1260 69.2486
1261 68.9102
1262 69.2689
1263 68.6269
1264 69.093
1265 68.8067
1266 68.985
1267 68.8115
1268 68.8047
1269 69.4377
1270 69.1071
1271 68.6165
1272 68.9001
1273 68.4109
1274 68.9893
1275 68.8405
1276 68.9317
1277 69.0291
1278 68.9127
1279 69.2493
1280 68.688
1281 69.2975
1282 69.2673
1283 68.7551
1284 68.6796
1285 68.4316
1286 68.9879
1287 68.8295
1288 68.5447
1289 68.2706
1290 68.6991
1291 68.4845
1292 68.568
1293 68.2898
1294 68.2936
1295 68.6453
1296 68.7102
1297 68.8413
1298 68.8036
1299 68.811
1300 69.0908
1301 68.8827
1302 68.5258
1303 68.5543
1304 68.4347
1305 68.471
1306 68.7405
1307 68.9535
1308 68.8682
1309 68.7038
1310 68.5804
1311 68.4784
1312 68.6584
1313 68.7296
1314 68.5193
1315 68.3986
1316 69.1439
1317 69.2675
1318 69.4488
1319 68.6749
1320 68.9603
1321 69.1198
1322 68.8668
1323 68.5119
1324 68.6313
1325 68.6244
1326 68.7351
1327 68.6429
1328 68.4996
1329 68.8057
1330 69.051
1331 68.3718
1332 68.944
1333 68.6297
1334 68.5894
1335 68.5714
1336 68.3164
1337 68.5249
1338 68.3065
1339 68.5072
1340 68.3085
1341 68.6056
1342 68.2687
1343 68.27
1344 68.5939
1345 68.5257
1346 68.474
1347 68.5838
1348 68.4989
1349 68.382
1350 68.4399
1351 68.5948
1352 68.6708
1353 68.7219
1354 68.722
1355 68.566
1356 68.7499
1357 68.5415
1358 68.8981
1359 68.6412
1360 68.2176
1361 68.3744
1362 68.4522
1363 68.4048
1364 68.3004
1365 68.5026
1366 68.5443
1367 68.5043
1368 68.7784
1369 68.858
1370 68.6651
1371 68.4886
1372 68.3768
1373 68.6289
1374 68.4826
1375 68.4032
1376 68.9713
1377 68.5087
1378 68.8287
1379 68.7923
1380 68.7159
1381 68.4832
1382 68.2417
1383 68.3157
1384 68.6868
1385 68.8846
1386 68.6065
1387 68.7379
1388 68.7343
1389 68.7441
1390 68.2102
1391 68.3081
1392 68.3881
1393 68.4322
1394 68.2848
1395 68.4732
1396 68.5731
1397 68.4681
1398 68.5746
1399 68.7568
1400 68.0634
1401 68.3032
1402 68.6475
1403 68.4662
1404 68.3311
1405 68.6614
1406 68.6943
1407 68.9225
1408 68.757
1409 68.3713
1410 68.0549
1411 68.3701
1412 68.2393
1413 68.2194
1414 68.3948
1415 68.1573
1416 67.9279
1417 68.1932
1418 68.5917
1419 68.1308
1420 68.149
1421 68.1438
1422 68.2479
1423 68.1196
1424 68.2737
1425 68.2043
1426 68.4036
1427 67.9174
1428 68.2436
1429 68.2217
1430 68.2034
1431 68.344
1432 67.939
1433 67.9884
1434 68.0461
1435 68.1076
1436 68.1017
1437 68.0051
1438 68.3139
1439 68.1612
1440 68.1028
1441 68.0395
1442 68.4972
1443 68.2837
1444 68.2034
1445 68.0069
1446 68.3685
1447 68.4195
1448 68.6734
1449 68.7011
1450 68.5405
1451 68.2314
1452 68.2782
1453 68.2596
1454 68.0976
1455 68.2278
1456 68.5218
1457 68.1063
1458 68.3667
1459 68.4078
1460 68.2125
1461 67.8208
1462 67.9003
1463 67.9488
1464 67.9024
1465 68.2594
1466 68.1525
1467 68.2065
1468 68.4871
1469 68.2967
1470 68.1967
1471 68.5545
1472 68.4264
1473 68.4623
1474 68.382
1475 68.3065
1476 68.5937
1477 68.3669
1478 68.0486
1479 68.2452
1480 68.1312
1481 68.2324
1482 67.9711
1483 68.3495
1484 68.4004
1485 68.1008
1486 67.9184
1487 68.4114
1488 68.249
1489 68.1548
1490 68.1882
1491 68.1624
1492 68.1915
1493 68.206
1494 68.0871
1495 68.2999
1496 68.5899
1497 68.0991
1498 67.9469
1499 68.2229
1500 68.5447
1501 68.4362
1502 68.1777
1503 68.3644
1504 68.2371
1505 68.4081
1506 68.5936
1507 68.1297
1508 68.4515
1509 68.2511
1510 68.5106
1511 68.665
1512 68.4799
1513 68.5644
1514 68.2248
1515 68.2316
1516 68.4792
1517 68.4501
1518 68.1681
1519 68.1455
1520 68.1252
1521 68.4786
1522 68.3136
1523 68.433
1524 68.1454
1525 68.2322
1526 68.0505
1527 68.3417
1528 68.0915
1529 68.3539
1530 68.4682
1531 68.553
1532 68.5566
1533 68.2918
1534 68.4661
1535 68.6565
1536 68.4593
1537 68.259
1538 68.2875
1539 68.0942
1540 68.1605
1541 68.167
1542 68.6295
1543 68.1903
1544 68.1886
1545 68.6286
1546 68.3216
1547 68.3461
1548 68.1707
1549 68.3717
1550 68.1041
1551 68.4396
1552 68.1976
1553 68.4102
1554 68.1726
1555 67.9867
1556 68.1168
1557 68.4092
1558 68.2514
1559 68.3806
1560 68.0789
1561 68.5779
1562 68.3368
1563 68.1327
1564 68.2927
1565 68.274
1566 68.281
1567 67.9725
1568 67.9892
1569 68.327
1570 68.345
1571 68.1466
1572 68.1218
1573 68.3578
1574 68.2235
1575 68.3323
1576 68.293
1577 68.0942
1578 67.824
1579 68.1719
1580 67.9963
1581 68.2526
1582 68.3848
1583 68.243
1584 68.5521
1585 68.9697
1586 68.3815
1587 68.0443
1588 68.169
1589 68.1116
1590 68.3459
1591 67.8598
1592 68.1837
1593 68.1893
1594 68.1918
1595 68.3416
1596 68.1675
1597 68.1885
1598 68.0932
1599 67.7788
1600 68.3219
1601 68.4623
1602 68.5413
1603 68.2607
1604 68.397
1605 68.5222
1606 68.3593
1607 68.4144
1608 68.3629
1609 68.3661
1610 68.1995
1611 68.1343
1612 68.4226
1613 68.18
1614 68.3189
1615 68.4277
1616 68.3536
1617 68.3164
1618 67.9917
1619 68.1786
1620 68.2022
1621 68.1484
1622 68.3683
1623 68.4229
1624 67.9607
1625 68.4786
1626 67.8194
1627 67.8249
1628 68.169
1629 68.1515
1630 68.2411
1631 68.8608
1632 68.666
1633 68.4827
1634 68.096
1635 68.578
1636 68.5559
1637 68.3837
1638 68.6188
1639 68.2301
1640 68.414
1641 68.3871
1642 68.4984
1643 68.0543
1644 68.1192
1645 67.8371
1646 68.021
1647 68.252
1648 68.567
1649 68.2396
1650 68.5593
1651 68.7644
1652 68.8044
1653 68.3966
1654 68.6897
1655 68.6606
1656 68.6999
1657 68.0218
1658 68.0728
1659 68.4108
1660 68.4969
1661 68.6109
1662 68.4638
1663 68.356
1664 68.382
1665 68.1434
1666 68.0791
1667 68.5334
1668 68.242
1669 68.2045
1670 68.1985
1671 68.3824
1672 68.2866
1673 68.4133
1674 68.3025
1675 68.3221
1676 68.3114
1677 68.3818
1678 68.2877
1679 68.0452
1680 68.5134
1681 68.2511
1682 67.9934
1683 68.2072
1684 68.2552
1685 67.9007
1686 68.4357
1687 67.9781
1688 68.1516
1689 68.0962
1690 68.0295
1691 68.2067
1692 68.4097
1693 68.3997
1694 68.6259
1695 68.4713
1696 68.4105
1697 68.2234
1698 68.2772
1699 68.4088
1700 68.1898
1701 68.3214
1702 68.2938
1703 68.3689
1704 68.2323
1705 68.1239
1706 68.2239
1707 68.2475
1708 68.1083
1709 68.305
1710 68.2023
1711 68.4964
1712 68.4256
1713 68.7026
1714 68.4544
1715 68.0948
1716 68.2752
1717 68.2542
1718 68.198
1719 68.2254
1720 68.4024
1721 68.5662
1722 68.2403
1723 68.2218
1724 68.4951
1725 68.2483
1726 68.3412
1727 68.167
1728 67.9437
1729 67.8374
1730 68.1667
1731 68.0499
1732 68.112
1733 68.2681
1734 68.372
1735 68.4537
1736 68.2841
1737 68.0983
1738 68.3928
1739 68.2131
1740 68.2136
1741 68.5042
1742 68.1412
1743 67.9879
1744 68.2593
1745 68.2667
1746 68.2904
1747 68.2599
1748 68.7029
1749 68.097
1750 67.9831
1751 68.0834
1752 68.2449
1753 68.4536
1754 68.4624
1755 68.441
1756 68.1835
1757 68.3759
1758 68.4833
1759 68.229
1760 68.6884
1761 68.6963
1762 68.6219
1763 68.4173
1764 68.5081
1765 68.5031
1766 68.3319
1767 68.5132
1768 68.1167
1769 68.7745
1770 68.3336
1771 67.9633
1772 67.6787
1773 67.6497
1774 67.7229
1775 67.5992
1776 67.6897
1777 67.8554
1778 67.9553
1779 67.9631
1780 68.089
1781 67.8603
1782 67.6185
1783 67.6107
1784 67.7154
1785 68.3956
1786 68.1917
1787 67.9355
1788 67.8929
1789 67.8794
1790 67.5265
1791 67.9107
1792 67.6268
1793 67.9449
1794 67.6472
1795 67.5554
1796 67.8352
1797 67.687
1798 67.7766
1799 67.9698
1800 67.6817
1801 68.0457
1802 67.8539
1803 68.0881
1804 68.0936
1805 67.9122
1806 67.7251
1807 68.1443
1808 68.1413
1809 68.1774
1810 67.8366
1811 68.0405
1812 68.0528
1813 67.6986
1814 67.9754
1815 67.8453
1816 67.6569
1817 67.8929
1818 67.6901
1819 67.7563
1820 67.6955
1821 67.9892
1822 67.7268
1823 68.0038
1824 68.0187
1825 67.545
1826 67.5015
1827 67.7618
1828 68.0141
1829 67.7376
1830 67.7078
1831 67.5286
1832 67.8143
1833 68.0439
1834 68.0622
1835 67.7375
1836 68.1047
1837 67.4596
1838 68.005
1839 68.078
1840 68.1617
1841 67.6959
1842 68.0464
1843 67.9669
1844 68.0163
1845 67.8999
1846 67.8747
1847 68.0923
1848 68.0984
1849 67.7759
1850 68.2056
1851 68.2392
1852 68.052
1853 68.2913
1854 68.291
1855 68.0631
1856 68.0048
1857 68.2855
1858 67.9518
1859 67.7193
1860 68.0863
1861 67.8357
1862 67.6236
1863 67.7615
1864 67.9993
1865 68.2273
1866 67.8348
1867 67.8342
1868 67.9828
1869 67.713
1870 68.1088
1871 67.8106
1872 67.9529
1873 68.0986
1874 68.2159
1875 67.8513
1876 67.6701
1877 67.7275
1878 68.0641
1879 67.8072
1880 67.906
1881 67.9835
1882 67.8869
1883 67.8348
1884 67.7637
1885 68.0036
1886 67.7122
1887 67.6437
1888 67.8315
1889 68.0653
1890 67.7264
1891 68.1405
1892 68.2084
1893 68.1104
1894 67.9053
1895 67.8168
1896 68.1755
1897 68.2373
1898 68.334
1899 68.0412
1900 67.7493
1901 67.9612
1902 67.9549
1903 67.8688
1904 67.9866
1905 67.8723
1906 67.7605
1907 67.7149
1908 68.0322
1909 68.3073
1910 68.0734
1911 68.0826
1912 68.1931
1913 67.8472
1914 68.0599
1915 67.9636
1916 68.1375
1917 68.3373
1918 67.8256
1919 67.9045
1920 68.0548
1921 68.1801
1922 67.7924
1923 67.8353
1924 68.1072
1925 68.2972
1926 68.0768
1927 67.5768
1928 67.5419
1929 67.6044
1930 67.5869
1931 67.7486
1932 67.8485
1933 67.9254
1934 68.0541
1935 68.0784
1936 67.7817
1937 67.8828
1938 67.8641
1939 67.8123
1940 67.9643
1941 68.089
1942 67.9619
1943 67.828
1944 67.7481
1945 68.0248
1946 67.8788
1947 68.0761
1948 68.2088
1949 67.8068
1950 68.2282
1951 68.1636
1952 67.8606
1953 68.0417
1954 67.8947
1955 67.8796
1956 67.9484
1957 68.1009
1958 68.0323
1959 67.7774
1960 67.6358
1961 67.9187
1962 67.7238
1963 68.0712
1964 68.0289
1965 67.9765
1966 67.7102
1967 67.9497
1968 67.8981
1969 68.1521
1970 68.1345
1971 67.9966
1972 67.8359
1973 68.1957
1974 68.1414
1975 68.1481
1976 68.0351
1977 68.0959
1978 67.4871
1979 67.547
1980 67.6517
1981 67.9718
1982 68.0149
1983 68.1566
1984 67.8863
1985 68.1083
1986 68.6575
1987 68.383
1988 67.9325
1989 68.0729
1990 68.3123
1991 68.2336
1992 68.2374
1993 67.913
1994 67.8496
1995 68.0221
1996 67.7209
1997 67.8002
1998 68.0494
1999 67.6642
2000 68.0251
