1 408.802
2 387.707
3 375.587
4 356.49
5 338.061
6 318.5
7 301.099
8 288.914
9 279.664
10 275.289
11 269.343
12 258.959
13 250.362
14 246.742
15 236.473
16 228.523
17 224.14
18 221.482
19 217.4
20 213.402
21 206.09
22 201.135
23 197.725
24 194.395
25 191.403
26 190.264
27 186.209
28 181.895
29 176.815
30 174.915
31 172.677
32 171.179
33 168.302
34 166.589
35 164.029
36 160.349
37 157.087
38 155.42
39 152.884
40 152.039
41 149.934
42 148.81
43 146.987
44 145.932
45 144.753
46 142.525
47 141.206
48 138.717
49 137.83
50 137.07
51 135.16
52 132.085
53 131.325
54 129.386
55 127.423
56 126.704
57 125.084
58 124.508
59 122.858
60 122.658
61 121.521
62 120.788
63 120.149
64 119.163
65 118.491
66 117.338
67 116.225
68 115.206
69 114.218
70 112.92
71 112.119
72 111.952
73 109.998
74 109.439
75 108.927
76 108.089
77 107.991
78 107.991
79 106.805
80 106.321
81 105.527
82 104.768
83 103.308
84 102.674
85 101.767
86 101.767
87 100.986
88 99.3996
89 99.1399
90 98.0595
91 97.2533
92 97.1406
93 96.3842
94 95.6624
95 94.1786
96 93.6243
97 93.0172
98 92.984
99 92.4715
100 92.2465
101 91.3611
102 91.3611
103 91.0186
104 90.5087
105 89.9099
106 89.2179
107 88.8249
108 87.934
109 87.541
110 87.2421
111 86.3785
112 85.9791
113 85.71
114 85.1586
115 85.086
116 84.8675
117 84.7013
118 84.4149
119 83.4134
120 83.0333
121 82.9697
122 82.912
123 82.1897
124 81.8573
125 81.5055
126 81.2985
127 80.9467
128 80.4712
129 80.4712
130 80.4712
131 80.4587
132 80.4587
133 79.8999
134 79.3817
135 78.8229
136 78.3024
137 78.3024
138 78.0321
139 78.0064
140 77.5127
141 77.1179
142 77.1171
143 77.1171
144 76.7186
145 76.7186
146 76.373
147 76.261
148 76.261
149 76.261
150 75.9725
151 75.8107
152 75.8107
153 75.5974
154 75.1544
155 74.9411
156 74.9411
157 72.4926
158 72.3389
159 72.3226
160 72.2907
161 71.6569
162 71.6406
163 71.6406
164 71.6406
165 71.6406
166 71.5612
167 71.5612
168 71.3198
169 71.2404
170 71.2404
171 71.2404
172 71.2404
173 70.7175
174 70.7175
175 70.7175
176 70.712
177 70.712
178 70.4693
179 70.059
180 70.059
181 70.0345
182 69.2322
183 69.2322
184 69.2322
185 69.2322
186 69.2322
187 69.2322
188 69.2322
189 69.2322
190 69.2173
191 69.2173
192 69.2173
193 69.2173
194 69.2173
195 69.2173
196 69.2121
197 69.2121
198 69.2121
199 69.2121
200 69.2121
201 69.2121
202 69.0164
203 69.0164
204 69.0164
205 69.0164
206 69.0164
207 68.6763
208 68.6763
209 68.6763
210 68.6763
211 68.6763
212 68.6763
213 68.6763
214 68.3425
215 68.3425
216 68.3425
217 68.3425
218 68.3425
219 68.3425
220 68.0891
221 68.0091
222 68.0091
223 68.0091
224 68.0091
225 68.0091
226 68.0091
227 68.0091
228 68.0091
229 68.0091
230 68.0091
231 68.0091
232 68.0091
233 68.0091
234 68.0091
235 68.0091
236 68.0091
237 68.0091
238 68.0091
239 68.0091
240 68.0091
241 68.0091
242 68.0091
243 68.0091
244 68.0091
245 68.0091
246 68.0091
247 68.0091
248 68.0091
249 67.8924
250 67.8924
251 67.8924
252 67.8924
253 67.8924
254 67.8924
255 67.8924
256 67.8924
257 67.8924
258 67.8924
259 67.8924
260 67.8924
261 67.8924
262 67.8924
263 67.8924
264 67.8924
265 67.8924
266 67.8924
267 67.8924
268 67.8924
269 67.8924
270 67.8924
271 67.8924
272 67.8924
273 67.8924
274 67.8924
275 67.8924
276 67.8924
277 67.8924
278 67.8924
279 67.8924
280 67.8924
281 67.8924
282 67.8924
283 67.8924
284 67.8924
285 67.8924
286 67.8924
287 67.8924
288 67.8924
289 67.8924
290 67.8924
291 67.8924
292 67.8924
293 67.8924
294 67.8924
295 67.8924
296 67.8924
297 67.8924
298 67.8924
299 67.8924
300 67.8924
301 67.8924
302 67.8924
303 67.8924
304 67.8924
305 67.8924
306 67.8924
307 67.8924
308 67.8924
309 67.8924
310 67.8924
311 67.8924
312 67.8924
313 67.8924
314 67.8924
315 67.8924
316 67.8924
317 67.8924
318 67.8924
319 67.8924
320 67.8924
321 67.8924
322 67.8924
323 67.8924
324 67.8924
325 67.8924
326 67.8924
327 67.8924
328 67.8924
329 67.8924
330 67.8924
331 67.8924
332 67.8924
333 67.8924
334 67.8924
335 67.8924
336 67.8924
337 67.8924
338 67.8924
339 67.8924
340 67.8924
341 67.8924
342 67.8924
343 67.8924
344 67.8924
345 67.8924
346 67.8924
347 67.8924
348 67.8924
349 67.8924
350 67.8924
351 67.8924
352 67.8924
353 67.8924
354 67.8924
355 67.8924
356 67.8924
357 67.8924
358 67.8924
359 67.8924
360 67.8924
361 67.8924
362 67.8924
363 67.8924
364 67.8924
365 67.8924
366 67.8924
367 67.8924
368 67.8924
369 67.8924
370 67.8924
371 67.8924
372 67.8924
373 67.8924
374 67.8924
375 67.8924
376 67.8924
377 67.8924
378 67.8924
379 67.8924
380 67.8924
381 67.8924
382 67.8924
383 67.8924
384 67.8924
385 67.8924
386 67.8924
387 67.8924
388 67.8924
389 67.8924
390 67.8924
391 67.8924
392 67.8924
393 67.8924
394 67.8924
395 67.8924
396 67.8924
397 67.8924
398 67.8924
399 67.8924
400 67.8924
401 67.8924
402 67.8924
403 67.8924
404 67.8924
405 67.8924
406 67.8924
407 67.8924
408 67.8924
409 67.8924
410 67.8924
411 67.8924
412 67.8924
413 67.8924
414 67.8924
415 67.8924
416 67.8924
417 67.8924
418 67.8924
419 67.8924
420 67.8924
421 67.8924
422 67.8924
423 67.8924
424 67.8924
425 67.8924
426 67.8924
427 67.8924
428 67.8924
429 67.8924
430 67.8924
431 67.8924
432 67.8924
433 67.8924
434 67.8924
435 67.8924
436 67.8924
437 67.8924
438 67.8924
439 67.8924
440 67.8924
441 67.8924
442 67.8924
443 67.8924
444 67.8924
445 67.8924
446 67.8924
447 67.8924
448 67.8924
449 67.8924
450 67.8924
451 67.8924
452 67.8924
453 67.8924
454 67.8924
455 67.8924
456 67.8924
457 67.8924
458 67.8924
459 67.8924
460 67.8924
461 67.8924
462 67.8924
463 67.8924
464 67.8924
465 67.8924
466 67.8924
467 67.8924
468 67.8924
469 67.8924
470 67.8924
471 67.8924
472 67.8924
473 67.8924
474 67.8924
475 67.8924
476 67.8924
477 67.8924
478 67.8924
479 67.8924
480 67.8924
481 67.8924
482 67.8924
483 67.8924
484 67.8924
485 67.8924
486 67.8924
487 67.8924
488 67.8924
489 67.8924
490 67.8924
491 67.8924
492 67.8924
493 67.8924
494 67.8924
495 67.8924
496 67.8924
497 67.8924
498 67.8924
499 67.8924
500 67.8924
501 67.8924
502 67.8924
503 67.8924
504 67.8924
505 67.8924
506 67.8924
507 67.8924
508 67.8924
509 67.8924
510 67.8924
511 67.8924
512 67.8924
513 67.8924
514 67.8924
515 67.8924
516 67.8924
517 67.8924
518 67.8924
519 67.8924
520 67.8924
521 67.8924
522 67.8924
523 67.8924
524 67.8924
525 67.8924
526 67.8924
527 67.8924
528 67.8924
529 67.8924
530 67.8924
531 67.8924
532 67.8924
533 67.8924
534 67.8924
535 67.8924
536 67.8924
537 67.8924
538 67.8924
539 67.8924
540 67.8924
541 67.8924
542 67.8924
543 67.8924
544 67.8924
545 67.8924
546 67.8924
547 67.8924
548 67.8924
549 67.8924
550 67.8924
551 67.8924
552 67.8924
553 67.8924
554 67.8924
555 67.8924
556 67.8924
557 67.8924
558 67.8924
559 67.8924
560 67.8924
561 67.8924
562 67.8924
563 67.8924
564 67.8924
565 67.8924
566 67.8924
567 67.8924
568 67.8924
569 67.8924
570 67.8924
571 67.8924
572 67.8924
573 67.8924
574 67.8924
575 67.8924
576 67.8924
577 67.8924
578 67.8924
579 67.8924
580 67.8924
581 67.8924
582 67.8924
583 67.8924
584 67.8924
585 67.8924
586 67.8924
587 67.8924
588 67.8924
589 67.8924
590 67.8924
591 67.8924
592 67.8924
593 67.8924
594 67.8924
595 67.8924
596 67.8924
597 67.8924
598 67.8924
599 67.8924
600 67.8924
601 67.8924
602 67.8924
603 67.8924
604 67.8924
605 67.8924
606 67.8924
607 67.8924
608 67.8924
609 67.8924
610 67.8924
611 67.8924
612 67.8924
613 67.8924
614 67.8924
615 67.8924
616 67.8924
617 67.8924
618 67.8924
619 67.8924
620 67.8924
621 67.8924
622 67.8924
623 67.8924
624 67.8924
625 67.8924
626 67.8924
627 67.8924
628 67.8924
629 67.8924
630 67.8924
631 67.8924
632 67.8924
633 67.8924
634 67.8924
635 67.8924
636 67.8924
637 67.8924
638 67.8924
639 67.8924
640 67.8924
641 67.8924
642 67.8924
643 67.8924
644 67.8924
645 67.8924
646 67.8924
647 67.8924
648 67.8924
649 67.8924
650 67.8924
651 67.8924
652 67.8924
653 67.8924
654 67.8924
655 67.8924
656 67.8924
657 67.8924
658 67.8924
659 67.8924
660 67.8924
661 67.8924
662 67.8924
663 67.8924
664 67.8924
665 67.8924
666 67.8924
667 67.8924
668 67.8924
669 67.8924
670 67.8924
671 67.8924
672 67.8924
673 67.8924
674 67.8924
675 67.8924
676 67.8924
677 67.8924
678 67.8924
679 67.8924
680 67.8924
681 67.8924
682 67.8924
683 67.8924
684 67.8924
685 67.8924
686 67.8924
687 67.8924
688 67.8924
689 67.8924
690 67.8924
691 67.8924
692 67.8924
693 67.8924
694 67.8924
695 67.8924
696 67.8924
697 67.8924
698 67.8924
699 67.8924
700 67.8924
701 67.8924
702 67.8924
703 67.8924
704 67.8924
705 67.8924
706 67.8924
707 67.8924
708 67.8924
709 67.8924
710 67.8924
711 67.8924
712 67.8924
713 67.8924
714 67.8924
715 67.8924
716 67.8924
717 67.8924
718 67.8924
719 67.8924
720 67.8924
721 67.8924
722 67.8924
723 67.8924
724 67.8924
725 67.8924
726 67.8924
727 67.8924
728 67.8924
729 67.8924
730 67.8924
731 67.8924
732 67.8924
733 67.8924
734 67.8924
735 67.8924
736 67.8924
737 67.8924
738 67.8924
739 67.8924
740 67.8924
741 67.8924
742 67.8924
743 67.8924
744 67.8924
745 67.8924
746 67.8924
747 67.8924
748 67.8924
749 67.8924
750 67.8924
751 67.8924
752 67.8924
753 67.8924
754 67.8924
755 67.8924
756 67.8924
757 67.8924
758 67.8924
759 67.8924
760 67.8924
761 67.8924
762 67.8924
763 67.8924
764 67.8924
765 67.8924
766 67.8924
767 67.8924
768 67.8924
769 67.8924
770 67.8924
771 67.8924
772 67.8924
773 67.8924
774 67.8924
775 67.8924
776 67.8924
777 67.8924
778 67.8924
779 67.8924
780 67.8924
781 67.8924
782 67.8924
783 67.8924
784 67.8924
785 67.8924
786 67.8924
787 67.8924
788 67.8924
789 67.8924
790 67.8924
791 67.8924
792 67.8924
793 67.8924
794 67.8924
795 67.8924
796 67.8924
797 67.8924
798 67.8924
799 67.8924
800 67.8924
801 67.8924
802 67.8924
803 67.8924
804 67.8924
805 67.8924
806 67.8924
807 67.8924
808 67.8924
809 67.8924
810 67.8924
811 67.8924
812 67.8924
813 67.8924
814 67.8924
815 67.8924
816 67.8924
817 67.8924
818 67.8924
819 67.8924
820 67.8924
821 67.8924
822 67.8924
823 67.8924
824 67.8924
825 67.8924
826 67.8924
827 67.8924
828 67.8924
829 67.8924
830 67.8924
831 67.8924
832 67.8924
833 67.8924
834 67.8924
835 67.8924
836 67.8924
837 67.8924
838 67.8924
839 67.8924
840 67.8924
841 67.8924
842 67.8924
843 67.8924
844 67.8924
845 67.8924
846 67.8924
847 67.8924
848 67.8924
849 67.8924
850 67.8924
851 67.8924
852 67.8924
853 67.8924
854 67.8924
855 67.8543
856 67.8543
857 67.8543
858 67.8543
859 67.8543
860 67.8543
861 67.8543
862 67.2804
863 67.2804
864 67.2804
865 67.2804
866 67.2804
867 67.2804
868 67.2804
869 67.2804
870 67.2804
871 67.2804
872 67.2804
873 67.2804
874 67.2804
875 67.2804
876 67.2804
877 67.2804
878 67.2804
879 67.2804
880 67.2804
881 67.2804
882 67.2804
883 67.2804
884 67.2804
885 67.2804
886 67.2804
887 67.2804
888 67.2804
889 67.2804
890 67.2804
891 67.2804
892 67.2804
893 67.2804
894 67.2804
895 67.2804
896 67.2804
897 67.2804
898 67.2804
899 67.2804
900 67.2804
901 67.2804
902 67.2804
903 67.2804
904 67.2804
905 67.2804
906 67.2804
907 67.2804
908 67.2804
909 67.2804
910 67.2804
911 67.2804
912 67.2804
913 67.2804
914 67.2804
915 67.2804
916 67.2804
917 67.2804
918 67.2804
919 67.2804
920 67.2804
921 67.2804
922 67.2804
923 67.2804
924 67.2804
925 67.2804
926 67.2804
927 67.2804
928 67.2804
929 67.2804
930 67.2804
931 67.2804
932 67.2804
933 67.2804
934 67.2804
935 67.2804
936 67.2804
937 67.2804
938 67.2804
939 67.2804
940 67.2804
941 67.2804
942 67.2804
943 67.2804
944 67.2804
945 67.2804
946 67.2804
947 67.2804
948 67.2804
949 67.2804
950 67.2804
951 67.2804
952 67.2804
953 67.2804
954 67.2804
955 67.2804
956 67.2804
957 67.2804
958 67.2804
959 67.2804
960 67.2804
961 67.2804
962 67.2059
963 67.2059
964 67.2059
965 67.2059
966 67.2059
967 67.2059
968 67.2059
969 67.2059
970 67.2059
971 67.2059
972 67.2059
973 67.2059
974 67.2059
975 67.2059
976 67.2059
977 67.2059
978 67.2059
979 67.2059
980 67.2059
981 67.2059
982 67.2059
983 67.2059
984 67.2059
985 67.2059
986 67.2059
987 67.2059
988 67.2059
989 67.2059
990 67.2059
991 67.2059
992 67.2059
993 67.2059
994 67.2059
995 67.2059
996 67.2059
997 67.2059
998 67.2059
999 67.2059
1000 67.2059
1001 67.2059
1002 67.2059
1003 67.2059
1004 67.2059
1005 67.2059
1006 67.2059
1007 67.2059
1008 67.2059
1009 67.2059
1010 67.2059
1011 67.2059
1012 67.2059
1013 67.2059
1014 67.2059
1015 67.2059
1016 67.2059
1017 67.2059
1018 67.2059
1019 67.2059
1020 67.2059
1021 67.2059
1022 67.2059
1023 67.2059
1024 67.2059
1025 67.2059
1026 67.2059
1027 67.2059
1028 67.2059
1029 67.2059
1030 67.2059
1031 67.2059
1032 67.2059
1033 67.2059
1034 67.2059
1035 67.2059
1036 67.2059
1037 67.2059
1038 67.2059
1039 67.2059
1040 67.2059
1041 67.2059
1042 67.2059
1043 67.2059
1044 67.2059
1045 67.2059
1046 67.2059
1047 67.2059
1048 67.2059
1049 67.2059
1050 67.2059
1051 67.2059
1052 67.2059
1053 67.2059
1054 67.2059
1055 67.2059
1056 67.2059
1057 67.2059
1058 67.2059
1059 67.2059
1060 67.2059
1061 67.2059
1062 67.2059
1063 67.2059
1064 67.2059
1065 67.2059
1066 67.2059
1067 67.2059
1068 67.2059
1069 67.2059
1070 67.2059
1071 67.2059
1072 67.2059
1073 67.2059
1074 67.2059
1075 67.2059
1076 67.2059
1077 67.2059
1078 67.2059
1079 67.2059
1080 67.2059
1081 67.2059
1082 67.2059
1083 67.2059
1084 67.2059
1085 67.2059
1086 67.2059
1087 67.2059
1088 67.2059
1089 67.2059
1090 67.2059
1091 67.2059
1092 67.2059
1093 67.2059
1094 67.2059
1095 67.2059
1096 67.2059
1097 67.2059
1098 67.1232
1099 67.1232
1100 67.1232
1101 67.1232
1102 67.1232
1103 67.1232
1104 67.1232
1105 67.1232
1106 67.1232
1107 67.1232
1108 67.1232
1109 67.1232
1110 67.1232
1111 67.1232
1112 67.1232
1113 67.1232
1114 67.1232
1115 67.1232
1116 67.1232
1117 67.1232
1118 67.1232
1119 67.1232
1120 67.1232
1121 67.1232
1122 67.1232
1123 67.1232
1124 67.1232
1125 67.1232
1126 67.1232
1127 67.1232
1128 67.1232
1129 67.1232
1130 67.1232
1131 67.1232
1132 67.1232
1133 67.1232
1134 67.1232
1135 67.1232
1136 67.1232
1137 67.1232
1138 67.1232
1139 67.1232
1140 67.1232
1141 67.1232
1142 67.1232
1143 67.1232
1144 67.1232
1145 67.1232
1146 67.1232
1147 67.1232
1148 67.1232
1149 67.1232
1150 67.1232
1151 67.1232
1152 67.1232
1153 67.1232
1154 67.1232
1155 67.1232
1156 67.1232
1157 67.1232
1158 67.1232
1159 67.1232
1160 67.1232
1161 67.1232
1162 67.1232
1163 67.1232
1164 67.1232
1165 67.1232
1166 67.1232
1167 67.1232
1168 67.1232
1169 67.1232
1170 67.1232
1171 67.1232
1172 67.1232
1173 67.1232
1174 67.1232
1175 67.1232
1176 67.1232
1177 67.1232
1178 67.1232
1179 67.1232
1180 67.1232
1181 67.1232
1182 67.1232
1183 67.1232
1184 67.1232
1185 67.1232
1186 67.1232
1187 67.1232
1188 67.1232
1189 67.1232
1190 67.1232
1191 67.1232
1192 67.1232
1193 67.1232
1194 67.1232
1195 67.1232
1196 67.1232
1197 67.1232
1198 67.1232
1199 67.1232
1200 67.1232
1201 67.1232
1202 67.1232
1203 67.1232
1204 67.1232
1205 67.1232
1206 67.1232
1207 67.1232
1208 67.1232
1209 67.1232
1210 67.1232
1211 67.1232
1212 67.1232
1213 67.1232
1214 67.1232
1215 67.1232
1216 67.1232
1217 67.1232
1218 67.1232
1219 67.1232
1220 67.1232
1221 67.1232
1222 67.1232
1223 67.1232
1224 67.1232
1225 67.1232
1226 67.1232
1227 67.1232
1228 67.1232
1229 67.1232
1230 67.1232
1231 67.1232
1232 67.1232
1233 67.1232
1234 67.1232
1235 67.1232
1236 67.1232
1237 67.1232
1238 67.1232
1239 67.1232
1240 67.1232
1241 67.1232
1242 67.1232
1243 67.1232
1244 67.1232
1245 67.1232
1246 67.1232
1247 67.1232
1248 67.1232
1249 67.1232
1250 67.1232
1251 67.1232
1252 67.1232
1253 67.1232
1254 67.1232
1255 67.1232
1256 67.1232
1257 67.1232
1258 67.1232
1259 67.1232
1260 67.1232
1261 67.1232
1262 67.1232
1263 67.1232
1264 67.1232
1265 67.1232
1266 67.1232
1267 67.1232
1268 67.1232
1269 67.1232
1270 67.1232
1271 67.1232
1272 67.1232
1273 67.1232
1274 67.1232
1275 67.1232
1276 67.1232
1277 67.1232
1278 67.1232
1279 67.1232
1280 66.9108
1281 66.9108
1282 66.9108
1283 66.9108
1284 66.9108
1285 66.9108
1286 66.9108
1287 66.9108
1288 66.9108
1289 66.9108
1290 66.9108
1291 66.9108
1292 66.9108
1293 66.9108
1294 66.9108
1295 66.9108
1296 66.9108
1297 66.9108
1298 66.9108
1299 66.9108
1300 66.9108
1301 66.9108
1302 66.9108
1303 66.9108
1304 66.9108
1305 66.9108
1306 66.9108
1307 66.9108
1308 66.9108
1309 66.9108
1310 66.9108
1311 66.9108
1312 66.9108
1313 66.9108
1314 66.9108
1315 66.891
1316 66.891
1317 66.891
1318 66.891
1319 66.8479
1320 66.8479
1321 66.8479
1322 66.8479
1323 66.8479
1324 66.8479
1325 66.8479
1326 66.8479
1327 66.8479
1328 66.8479
1329 66.8479
1330 66.8479
1331 66.8479
1332 66.8479
1333 66.8479
1334 66.8479
1335 66.8479
1336 66.8479
1337 66.8479
1338 66.8479
1339 66.8479
1340 66.8479
1341 66.8479
1342 66.8479
1343 66.8479
1344 66.8479
1345 66.8479
1346 66.8479
1347 66.8479
1348 66.8479
1349 66.8479
1350 66.8479
1351 66.8479
1352 66.8479
1353 66.8479
1354 66.8479
1355 66.8479
1356 66.8479
1357 66.8479
1358 66.8479
1359 66.8479
1360 66.8479
1361 66.8479
1362 66.8479
1363 66.8479
1364 66.8479
1365 66.8479
1366 66.8479
1367 66.8479
1368 66.8479
1369 66.8479
1370 66.8479
1371 66.8479
1372 66.8479
1373 66.8479
1374 66.8479
1375 66.8479
1376 66.8479
1377 66.8479
1378 66.8479
1379 66.8479
1380 66.8479
1381 66.8479
1382 66.8479
1383 66.8479
1384 66.8479
1385 66.8479
1386 66.8479
1387 66.8082
1388 66.8082
1389 66.8082
1390 66.8082
1391 66.8082
1392 66.8082
1393 66.8082
1394 66.8082
1395 66.8082
1396 66.8082
1397 66.8082
1398 66.8082
1399 66.8082
1400 66.8082
1401 66.8082
1402 66.8082
1403 66.8082
1404 66.8082
1405 66.8082
1406 66.8082
1407 66.8082
1408 66.8082
1409 66.8082
1410 66.8082
1411 66.8082
1412 66.8082
1413 66.6045
1414 66.6045
1415 66.6045
1416 66.6045
1417 66.6045
1418 66.6045
1419 66.6045
1420 66.6045
1421 66.6045
1422 66.6045
1423 66.6045
1424 66.6045
1425 66.6045
1426 66.6045
1427 66.6045
1428 66.6045
1429 66.6045
1430 66.6045
1431 66.6045
1432 66.6045
1433 66.6045
1434 66.6045
1435 66.6045
1436 66.6045
1437 66.6045
1438 66.6045
1439 66.6045
1440 66.6045
1441 66.6045
1442 66.6045
1443 66.6045
1444 66.6045
1445 66.6045
1446 66.6045
1447 66.6045
1448 66.6045
1449 66.6045
1450 66.6045
1451 66.6045
1452 66.6045
1453 66.6045
1454 66.6045
1455 66.6045
1456 66.6045
1457 66.6045
1458 66.6045
1459 66.6045
1460 66.6045
1461 66.6045
1462 66.6045
1463 66.6045
1464 66.6045
1465 66.6045
1466 66.6045
1467 66.6045
1468 66.6045
1469 66.6045
1470 66.6045
1471 66.6045
1472 66.6045
1473 66.6045
1474 66.6045
1475 66.6045
1476 66.6045
1477 66.6045
1478 66.6045
1479 66.6045
1480 66.6045
1481 66.6045
1482 66.6045
1483 66.6045
1484 66.6045
1485 66.6045
1486 66.6045
1487 66.6045
1488 66.6045
1489 66.6045
1490 66.6045
1491 66.6045
1492 66.6045
1493 66.6045
1494 66.6045
1495 66.6045
1496 66.6045
1497 66.6045
1498 66.6045
1499 66.6045
1500 66.6045
1501 66.6045
1502 66.6045
1503 66.6045
1504 66.6045
1505 66.6045
1506 66.6045
1507 66.6045
1508 66.6045
1509 66.6045
1510 66.6045
1511 66.6045
1512 66.6045
1513 66.6045
1514 66.6045
1515 66.6045
1516 66.6045
1517 66.6045
1518 66.6045
1519 66.6045
1520 66.6045
1521 66.6045
1522 66.6045
1523 66.6045
1524 66.6045
1525 66.6045
1526 66.6045
1527 66.6045
1528 66.6045
1529 66.6045
1530 66.6045
1531 66.6045
1532 66.6045
1533 66.6045
1534 66.6045
1535 66.6045
1536 66.6045
1537 66.6045
1538 66.6045
1539 66.6045
1540 66.6045
1541 66.6045
1542 66.6045
1543 66.6045
1544 66.6045
1545 66.6045
1546 66.6045
1547 66.6045
1548 66.6045
1549 66.6045
1550 66.6045
1551 66.6045
1552 66.6045
1553 66.6045
1554 66.6045
1555 66.6045
1556 66.6045
1557 66.6045
1558 66.6045
1559 66.6045
1560 66.6045
1561 66.6045
1562 66.6045
1563 66.6045
1564 66.6045
1565 66.6045
1566 66.6045
1567 66.6045
1568 66.6045
1569 66.6045
1570 66.6045
1571 66.6045
1572 66.6045
1573 66.6045
1574 66.6045
1575 66.6045
1576 66.6045
1577 66.6045
1578 66.6045
1579 66.6045
1580 66.6045
1581 66.6045
1582 66.6045
1583 66.6045
1584 66.6045
1585 66.6045
1586 66.6045
1587 66.6045
1588 66.6045
1589 66.6045
1590 66.6045
1591 66.6045
1592 66.6045
1593 66.6045
1594 66.6045
1595 66.6045
1596 66.6045
1597 66.6045
1598 66.6045
1599 66.6045
1600 66.6045
1601 66.6045
1602 66.6045
1603 66.6045
1604 66.6045
1605 66.6045
1606 66.6045
1607 66.6045
1608 66.6045
1609 66.6045
1610 66.6045
1611 66.6045
1612 66.6045
1613 66.6045
1614 66.6045
1615 66.6045
1616 66.6045
1617 66.6045
1618 66.6045
1619 66.6045
1620 66.6045
1621 66.6045
1622 66.6045
1623 66.6045
1624 66.6045
1625 66.6045
1626 66.6045
1627 66.6045
1628 66.6045
1629 66.6045
1630 66.6045
1631 66.6045
1632 66.6045
1633 66.6045
1634 66.6045
1635 66.6045
1636 66.6045
1637 66.6045
1638 66.6045
1639 66.6045
1640 66.6045
1641 66.6045
1642 66.6045
1643 66.6045
1644 66.6045
1645 66.6045
1646 66.6045
1647 66.6045
1648 66.6045
1649 66.6045
1650 66.6045
1651 66.6045
1652 66.6045
1653 66.6045
1654 66.6045
1655 66.6045
1656 66.6045
1657 66.6045
1658 66.6045
1659 66.6045
1660 66.6045
1661 66.6045
1662 66.6045
1663 66.6045
1664 66.6045
1665 66.6045
1666 66.6045
1667 66.6045
1668 66.6045
1669 66.6045
1670 66.6045
1671 66.6045
1672 66.6045
1673 66.6045
1674 66.6045
1675 66.6045
1676 66.6045
1677 66.6045
1678 66.6045
1679 66.6045
1680 66.6045
1681 66.6045
1682 66.6045
1683 66.6045
1684 66.6045
1685 66.6045
1686 66.6045
1687 66.6045
1688 66.6045
1689 66.6045
1690 66.6045
1691 66.6045
1692 66.6045
1693 66.6045
1694 66.6045
1695 66.6045
1696 66.6045
1697 66.6045
1698 66.6045
1699 66.6045
1700 66.6045
1701 66.6045
1702 66.6045
1703 66.6045
1704 66.6045
1705 66.6045
1706 66.6045
1707 66.6045
1708 66.6045
1709 66.6045
1710 66.6045
1711 66.6045
1712 66.6045
1713 66.6045
1714 66.6045
1715 66.6045
1716 66.6045
1717 66.6045
1718 66.6045
1719 66.6045
1720 66.6045
1721 66.6045
1722 66.6045
1723 66.6045
1724 66.6045
1725 66.6045
1726 66.6045
1727 66.6045
1728 66.6045
1729 66.6045
1730 66.6045
1731 66.6045
1732 66.6045
1733 66.6045
1734 66.6045
1735 66.6045
1736 66.6045
1737 66.6045
1738 66.6045
1739 66.6045
1740 66.6045
1741 66.6045
1742 66.6045
1743 66.6045
1744 66.6045
1745 66.6045
1746 66.6045
1747 66.6045
1748 66.6045
1749 66.6045
1750 66.6045
1751 66.6045
1752 66.6045
1753 66.6045
1754 66.6045
1755 66.6045
1756 66.6045
1757 66.6045
1758 66.6045
1759 66.6045
1760 66.6045
1761 66.6045
1762 66.6045
1763 66.6045
1764 66.6045
1765 66.6045
1766 66.6045
1767 66.6045
1768 66.2759
1769 66.2759
1770 66.2759
1771 66.2759
1772 66.2759
1773 66.2759
1774 66.2759
1775 66.2759
1776 66.2759
1777 66.2759
1778 66.2759
1779 66.2759
1780 66.2759
1781 66.2759
1782 66.2759
1783 66.2759
1784 66.2759
1785 66.2759
1786 66.2759
1787 66.2759
1788 66.2759
1789 66.2759
1790 66.2759
1791 66.2759
1792 66.2759
1793 66.2759
1794 66.2759
1795 66.2759
1796 66.2759
1797 66.2759
1798 66.2759
1799 66.2759
1800 66.2759
1801 66.2759
1802 66.2759
1803 66.2759
1804 66.2759
1805 66.2759
1806 66.2759
1807 66.2759
1808 66.2759
1809 66.2759
1810 66.2759
1811 66.2759
1812 66.2759
1813 66.2759
1814 66.2759
1815 66.2759
1816 66.2759
1817 66.2759
1818 66.2759
1819 66.2759
1820 66.2759
1821 66.2759
1822 66.2759
1823 66.2759
1824 66.2759
1825 66.2759
1826 66.2759
1827 66.2759
1828 66.2759
1829 66.2759
1830 66.2759
1831 66.2759
1832 66.2759
1833 66.2759
1834 66.2759
1835 66.2759
1836 66.2759
1837 66.2759
1838 66.2759
1839 66.2759
1840 66.2759
1841 66.2759
1842 66.2759
1843 66.2759
1844 66.2759
1845 66.2759
1846 66.2759
1847 66.2759
1848 66.2759
1849 66.2759
1850 66.2759
1851 66.2759
1852 66.2759
1853 66.2759
1854 66.2759
1855 66.2759
1856 66.2759
1857 66.2759
1858 66.2759
1859 66.2759
1860 66.2759
1861 66.2759
1862 66.2759
1863 66.2759
1864 66.2759
1865 66.2759
1866 66.2759
1867 66.2759
1868 66.2759
1869 66.2759
1870 66.2759
1871 66.2759
1872 66.2759
1873 66.2759
1874 66.2759
1875 66.2759
1876 66.2759
1877 66.2759
1878 66.2759
1879 66.2759
1880 66.2759
1881 66.2759
1882 66.2759
1883 66.2759
1884 66.2759
1885 66.2759
1886 66.2759
1887 66.2759
1888 66.2759
1889 66.2759
1890 66.2759
1891 66.2759
1892 66.2759
1893 66.2759
1894 66.2759
1895 66.2759
1896 66.2759
1897 66.2759
1898 66.2759
1899 66.2759
1900 66.2759
1901 66.2759
1902 66.2759
1903 66.2759
1904 66.2759
1905 66.2759
1906 66.2759
1907 66.2759
1908 66.2759
1909 66.2759
1910 66.2759
1911 66.2759
1912 66.2759
1913 66.2759
1914 66.2759
1915 66.2759
1916 66.2759
1917 66.2759
1918 66.2759
1919 66.2759
1920 66.2759
1921 66.2759
1922 66.2759
1923 66.2759
1924 66.2759
1925 66.2759
1926 66.2759
1927 66.2759
1928 66.2759
1929 66.2759
1930 66.2759
1931 66.2759
1932 66.2759
1933 66.2759
1934 66.2759
1935 66.2759
1936 66.2759
1937 66.2759
1938 66.2759
1939 66.2759
1940 66.2759
1941 66.2759
1942 66.2759
1943 66.2759
1944 66.2759
1945 66.2759
1946 66.2759
1947 66.2759
1948 66.2759
1949 66.2759
1950 66.2759
1951 66.2759
1952 66.2759
1953 66.2759
1954 66.2759
1955 66.2759
1956 66.2759
1957 66.2759
1958 66.2759
1959 66.2759
1960 66.2759
1961 66.2759
1962 66.2759
1963 66.2759
1964 66.2759
1965 66.2759
1966 66.2759
1967 66.2759
1968 66.2759
1969 66.2759
1970 66.2759
1971 66.2759
1972 66.2759
1973 66.2759
1974 66.2759
1975 66.2759
1976 66.2759
1977 66.2759
1978 66.2759
1979 66.2759
1980 66.2759
1981 66.2759
1982 66.2759
1983 66.2759
1984 66.2759
1985 66.2759
1986 66.2759
1987 66.2759
1988 66.2759
1989 66.2759
1990 66.2759
1991 66.2759
1992 66.2759
1993 66.2759
1994 66.2759
1995 66.2759
1996 66.2759
1997 66.2759
1998 66.2759
1999 66.2759
2000 66.2759
