0 510.345
1 456.749
2 426.294
3 402.862
4 384.251
5 369.943
6 355.811
7 342.786
8 333.127
9 322.44
10 309.499
11 298.337
12 289.517
13 281.35
14 276.344
15 271.261
16 265.658
17 259.698
18 253.154
19 244.983
20 237.548
21 232.679
22 229.64
23 225.807
24 222.594
25 219.482
26 214.277
27 207.014
28 202.01
29 196.726
30 192.744
31 188.66
32 185.495
33 181.913
34 178.733
35 175.997
36 172.452
37 170.294
38 168.725
39 165.947
40 161.686
41 157.909
42 154.316
43 152.123
44 150.862
45 149.05
46 147.666
47 146.052
48 144.387
49 142.898
50 141.309
51 140.147
52 139.112
53 138.365
54 136.218
55 134.22
56 131.498
57 129.102
58 127.333
59 126.138
60 124.798
61 125.694
62 127.16
63 126.997
64 125.273
65 123.81
66 122.763
67 121.886
68 120.995
69 118.369
70 115.98
71 114.915
72 113.71
73 112.771
74 111.598
75 110.826
76 109.866
77 110.595
78 111.327
79 110.489
80 108.262
81 106.874
82 106.319
83 105.256
84 104.274
85 103.451
86 102.167
87 102.068
88 102.203
89 102.158
90 101.748
91 100.609
92 99.5832
93 98.713
94 97.871
95 97.6663
96 98.4115
97 100.392
98 100.247
99 98.8727
100 97.4428
101 95.904
102 96.0143
103 96.0884
104 95.4595
105 96.3688
106 97.3788
107 97.4064
108 97.9731
109 96.7223
110 94.12
111 93.1995
112 91.9442
113 90.8957
114 89.8869
115 90.3021
116 90.3516
117 89.5664
118 88.6357
119 87.4654
120 86.5965
121 86.3707
122 86.1668
123 86.3169
124 85.5501
125 85.0702
126 84.9555
127 84.9403
128 84.7347
129 84.1416
130 83.6033
131 82.7336
132 82.3746
133 83.2231
134 84.4007
135 84.7721
136 84.778
137 84.2669
138 83.7694
139 82.1472
140 80.9821
141 80.1905
142 79.9592
143 79.9827
144 79.974
145 81.8099
146 84.8216
147 85.9069
148 84.4852
149 81.4635
150 79.8446
151 78.8489
152 78.7637
153 78.1195
154 77.622
155 77.8534
156 77.4072
157 77.047
158 77.5851
159 76.675
160 76.1652
161 75.9434
162 75.8462
163 76.0059
164 76.0148
165 75.7035
166 75.8146
167 76.0407
168 75.7036
169 75.7943
170 75.4685
171 75.2904
172 75.4847
173 74.504
174 74.526
175 74.2446
176 74.3144
177 74.6456
178 74.9652
179 75.1987
180 75.0101
181 74.2548
182 75.1465
183 75.4037
184 74.5402
185 73.8732
186 73.6902
187 73.2489
188 75.5926
189 77.0901
190 76.8489
191 74.9486
192 73.8351
193 73.0403
194 73.3629
195 72.9043
196 73.6209
197 73.8402
198 74.318
199 73.62
200 73.1265
201 72.8778
202 72.3429
203 72.2302
204 71.8247
205 71.8176
206 71.7331
207 71.521
208 71.5039
209 71.606
210 71.454
211 71.3708
212 71.7761
213 71.9367
214 71.8239
215 71.9692
216 72.1471
217 72.0834
218 71.5852
219 71.5826
220 71.6496
221 71.8745
222 71.6059
223 71.944
224 72.0537
225 71.6791
226 71.7538
227 71.5256
228 71.5726
229 71.592
230 71.6457
231 71.6119
232 71.4589
233 71.6689
234 71.7694
235 71.5871
236 71.5304
237 71.6958
238 71.6469
239 71.9861
240 71.6752
241 71.6064
242 74.1762
243 77.2133
244 77.0243
245 74.63
246 73.0605
247 72.2936
248 73.6489
249 75.0319
250 74.7111
251 73.2496
252 72.4812
253 71.8155
254 71.6445
255 71.2872
256 71.543
257 71.42
258 71.3137
259 71.2407
260 71.1806
261 71.3074
262 71.2581
263 71.1246
264 71.2702
265 71.0419
266 71.3608
267 71.3044
268 71.1425
269 71.2648
270 71.2361
271 71.2079
272 70.7905
273 70.9233
274 70.7921
275 71.0553
276 71.2194
277 70.7483
278 71.7898
279 73.0397
280 72.2881
281 71.266
282 71.1049
283 71.0555
284 71.1224
285 70.8919
286 70.9518
287 71.1556
288 70.7323
289 70.9459
290 71.0782
291 70.7921
292 71.1284
293 71.1901
294 71.5445
295 71.3925
296 71.2234
297 71.3052
298 71.2098
299 70.8
300 70.8458
301 71.2017
302 71.1004
303 71.0179
304 71.0484
305 71.0207
306 70.9663
307 71.1951
308 71.2436
309 70.7466
310 70.8708
311 71.1628
312 71.4255
313 71.2794
314 71.4311
315 71.6025
316 71.3232
317 71.7515
318 71.2434
319 70.6839
320 71.1432
321 71.0634
322 71.5027
323 71.2697
324 71.2217
325 71.0769
326 70.9714
327 71.4253
328 71.0632
329 71.1906
330 71.4541
331 71.2221
332 71.0787
333 70.9824
334 71.2822
335 71.2129
336 71.2063
337 71.0821
338 71.2857
339 71.366
340 71.2358
341 71.204
342 71.1942
343 71.2812
344 70.8155
345 70.7576
346 70.9538
347 71.1621
348 70.9955
349 71.0357
350 70.9153
351 71.2133
352 71.2596
353 71.0151
354 71.1797
355 71.392
356 71.1387
357 71.3708
358 71.4978
359 71.461
360 71.4053
361 71.1671
362 71.8701
363 71.6396
364 71.0519
365 70.7689
366 70.9034
367 71.0586
368 70.908
369 71.1026
370 71.0616
371 71.3002
372 71.0533
373 71.1258
374 71.3376
375 71.1538
376 71.2999
377 71.1369
378 71.1495
379 71.4148
380 71.0025
381 70.9985
382 71.248
383 71.5649
384 70.843
385 71.0737
386 71.2332
387 71.0231
388 70.9429
389 70.783
390 70.7939
391 71.3962
392 71.1745
393 71.1509
394 71.0103
395 71.1722
396 71.0539
397 71.1475
398 71.2712
399 70.8979
400 71.2364
401 70.9493
402 71.0913
403 71.1458
404 71.145
405 71.0036
406 71.0914
407 71.2317
408 70.848
409 71.4519
410 70.9655
411 71.3973
412 71.4919
413 71.4386
414 70.9901
415 70.6571
416 70.7929
417 71.2229
418 71.0631
419 71.3502
420 70.918
421 70.8297
422 70.8419
423 70.5417
424 70.634
425 71.1441
426 71.0107
427 70.7989
428 71.1264
429 70.9735
430 71.0156
431 70.7561
432 70.9038
433 71.4317
434 70.9454
435 71.0309
436 71.0214
437 71.2115
438 71.139
439 70.7661
440 71.2965
441 71.3733
442 71.5761
443 71.4079
444 71.081
445 71.3736
446 71.1359
447 71.1518
448 71.06
449 71.1113
450 71.1731
451 71.1531
452 71.2046
453 71.5903
454 71.3494
455 71.2143
456 71.2799
457 71.1885
458 71.3287
459 70.8085
460 70.9484
461 71.1032
462 71.0092
463 71.4907
464 71.3463
465 71.048
466 71.2142
467 71.1487
468 71.2591
469 71.139
470 70.998
471 71.0009
472 70.8764
473 71.1814
474 71.3627
475 71.5491
476 71.399
477 71.1041
478 70.9321
479 70.8131
480 71.1548
481 71.1141
482 70.9459
483 71.0645
484 71.1878
485 71.0659
486 71.0719
487 71.9228
488 73.0003
489 71.8218
490 70.7983
491 70.9831
492 70.9413
493 70.5107
494 70.8202
495 70.5205
496 70.6866
497 70.8228
498 71.1626
499 70.8509
500 70.9641
501 70.6655
502 70.7626
503 70.5813
504 70.3956
505 70.5863
506 70.5545
507 70.4959
508 70.3974
509 71.3324
510 71.8082
511 71.8718
512 71.059
513 70.8889
514 70.7391
515 70.2295
516 70.5387
517 70.3814
518 71.017
519 70.8122
520 70.8723
521 70.4235
522 70.781
523 70.8505
524 70.5539
525 70.6558
526 70.6604
527 70.6576
528 70.2121
529 70.3779
530 70.9536
531 70.6592
532 70.0371
533 70.5993
534 70.5932
535 70.5543
536 70.5609
537 70.5001
538 70.6174
539 70.6073
540 70.7837
541 70.7507
542 70.5145
543 70.2738
544 70.1997
545 70.0361
546 70.3756
547 70.4115
548 70.6923
549 70.4419
550 70.3801
551 70.5349
552 70.5008
553 70.0974
554 70.3418
555 70.715
556 70.7496
557 70.8198
558 71.1503
559 70.9236
560 70.7914
561 70.8698
562 70.6416
563 70.62
564 70.5399
565 70.6814
566 70.7131
567 70.3104
568 70.4648
569 70.6729
570 70.5958
571 70.6828
572 70.659
573 70.5648
574 69.958
575 70.4733
576 70.511
577 70.3373
578 70.1908
579 70.5485
580 70.4959
581 70.4897
582 70.7074
583 70.4914
584 70.2776
585 70.0397
586 70.4856
587 70.8938
588 70.8226
589 70.7382
590 70.6548
591 70.5026
592 70.6719
593 70.5596
594 70.4029
595 70.5851
596 71.0118
597 70.7091
598 70.8947
599 70.908
600 70.6103
601 70.5187
602 70.3415
603 70.3725
604 70.5707
605 70.6429
606 70.6011
607 70.7209
608 70.3827
609 70.516
610 70.7888
611 70.4329
612 70.6311
613 70.4779
614 70.6326
615 70.6056
616 70.9668
617 70.793
618 70.6731
619 70.5512
620 70.4171
621 70.4452
622 70.4537
623 70.3251
624 70.3568
625 70.2255
626 70.9724
627 70.555
628 70.7878
629 70.75
630 70.9009
631 70.6819
632 70.5255
633 70.4994
634 70.4314
635 70.6151
636 70.4547
637 70.2356
638 70.2822
639 70.3829
640 70.3324
641 70.4931
642 70.465
643 70.5044
644 70.4589
645 70.8027
646 70.8474
647 71.0144
648 70.6066
649 70.4008
650 70.2604
651 70.8124
652 70.674
653 70.5041
654 70.3645
655 70.6454
656 70.266
657 70.0772
658 69.9036
659 70.0708
660 70.2925
661 70.2876
662 70.3054
663 70.4492
664 70.4069
665 70.4495
666 70.4105
667 70.585
668 70.4143
669 70.2456
670 70.3672
671 70.3936
672 70.2372
673 70.1676
674 70.7692
675 70.8573
676 70.8939
677 70.5759
678 70.8792
679 70.5002
680 70.4695
681 70.6711
682 70.4368
683 70.4403
684 70.7399
685 70.8178
686 70.3926
687 70.3034
688 70.279
689 70.344
690 70.2323
691 70.6114
692 70.5016
693 70.9896
694 70.9131
695 70.4073
696 70.4588
697 70.6282
698 70.9522
699 70.6161
700 70.6229
701 70.3812
702 70.505
703 70.4168
704 70.4156
705 70.6262
706 70.7227
707 70.2136
708 70.5978
709 70.4239
710 70.5024
711 70.5077
712 70.5641
713 70.5585
714 70.4595
715 70.3258
716 70.3492
717 70.5151
718 70.8475
719 70.5207
720 70.8035
721 70.4191
722 70.5742
723 71.014
724 70.894
725 70.4576
726 70.7219
727 70.2875
728 70.5124
729 70.6017
730 70.4805
731 70.5168
732 70.3169
733 70.6686
734 70.8607
735 70.4763
736 70.5115
737 70.5582
738 70.4758
739 70.4798
740 70.8104
741 70.2649
742 70.2503
743 70.0564
744 70.2263
745 70.1064
746 70.3312
747 70.6065
748 70.3972
749 70.7586
750 70.7886
751 70.8348
752 70.664
753 70.7538
754 71.1497
755 70.8837
756 70.4867
757 70.8775
758 70.9907
759 70.5187
760 70.4548
761 70.3756
762 70.4988
763 70.0991
764 70.7154
765 70.4484
766 70.6192
767 70.8135
768 70.8452
769 70.7197
770 70.673
771 70.7971
772 70.5553
773 70.4458
774 70.3684
775 70.3618
776 70.3804
777 70.4159
778 70.3778
779 70.5824
780 70.4772
781 70.4177
782 70.49
783 70.3272
784 70.3515
785 70.0947
786 70.5085
787 70.4566
788 70.2718
789 70.2494
790 70.4692
791 70.7404
792 70.6152
793 70.6601
794 70.5097
795 70.3125
796 70.6143
797 70.7985
798 71.1018
799 70.9127
800 70.8479
801 70.7712
802 70.4701
803 70.3872
804 70.2315
805 70.533
806 70.5463
807 70.934
808 70.3651
809 70.3773
810 70.5834
811 70.8162
812 70.3965
813 70.6292
814 70.3444
815 70.1781
816 70.4866
817 70.4086
818 70.5772
819 70.4079
820 70.5024
821 70.3167
822 70.7223
823 70.8581
824 70.8522
825 70.6298
826 70.6164
827 70.7186
828 70.3269
829 70.4009
830 70.4493
831 70.3878
832 70.5842
833 70.6682
834 70.4586
835 70.3244
836 70.6855
837 70.312
838 70.4824
839 70.5035
840 70.5336
841 70.4503
842 70.5248
843 70.5956
844 70.8474
845 70.8178
846 70.8779
847 70.5848
848 70.5195
849 70.5637
850 70.4013
851 70.2488
852 70.2669
853 70.2882
854 70.3414
855 70.4776
856 70.7526
857 70.3774
858 70.1044
859 70.4524
860 70.1092
861 70.0967
862 70.5419
863 70.3846
864 70.3923
865 70.4525
866 70.7239
867 70.4178
868 70.2292
869 70.5903
870 70.1904
871 70.4456
872 70.3594
873 70.3115
874 70.5193
875 70.8147
876 70.6946
877 70.9188
878 70.9085
879 70.5797
880 70.7229
881 70.0276
882 70.0749
883 70.1965
884 70.682
885 71.0688
886 70.5592
887 70.2746
888 70.4603
889 70.1987
890 70.5892
891 70.3093
892 70.6704
893 70.6123
894 70.4869
895 70.5828
896 70.1628
897 70.3115
898 70.2239
899 70.0447
900 70.3226
901 70.7762
902 70.3413
903 70.3976
904 70.2764
905 70.4806
906 70.5381
907 70.6593
908 70.7672
909 70.6774
910 70.8253
911 70.7059
912 70.3201
913 70.0636
914 70.4146
915 70.7985
916 70.7491
917 70.6551
918 70.5429
919 70.5921
920 70.4852
921 70.6062
922 70.5317
923 70.6062
924 70.5104
925 70.537
926 70.5209
927 70.8429
928 70.6918
929 70.6101
930 70.4864
931 70.8354
932 71.0903
933 70.492
934 70.5371
935 70.8876
936 70.6154
937 70.4364
938 70.5176
939 70.7466
940 70.8844
941 70.8198
942 70.8161
943 70.7325
944 70.7215
945 70.6567
946 70.7743
947 70.7997
948 70.7986
949 70.6037
950 70.5309
951 70.7185
952 70.4932
953 70.4068
954 70.4858
955 70.4496
956 70.7368
957 70.5787
958 70.6138
959 70.4754
960 70.7363
961 70.6105
962 70.4405
963 70.3332
964 70.2593
965 70.477
966 70.7205
967 70.646
968 70.6788
969 70.9014
970 71.0387
971 70.9019
972 70.5035
973 70.7115
974 70.2876
975 70.4079
976 70.3695
977 70.5836
978 70.8294
979 70.6145
980 70.3789
981 70.8102
982 71.0656
983 71.0237
984 70.7884
985 70.7782
986 70.5822
987 70.5679
988 70.143
989 69.94
990 70.3248
991 70.4907
992 70.5214
993 70.4127
994 70.8058
995 70.4647
996 70.2338
997 70.4313
998 70.5226
999 70.241
1000 70.5896
1001 70.3787
1002 70.4397
1003 70.6187
1004 70.3531
1005 70.3644
1006 70.5069
1007 70.5902
1008 70.1587
1009 70.2871
1010 70.497
1011 70.3526
1012 70.5156
1013 70.578
1014 70.7565
1015 70.6641
1016 70.7133
1017 70.5209
1018 70.7865
1019 70.5305
1020 70.3413
1021 70.7576
1022 70.7568
1023 70.3533
1024 70.1632
1025 70.7271
1026 70.6922
1027 70.7656
1028 70.7762
1029 70.5844
1030 70.7081
1031 70.3596
1032 70.2154
1033 70.5763
1034 70.5197
1035 71.1091
1036 70.478
1037 70.6392
1038 70.7529
1039 70.5889
1040 70.2969
1041 70.4121
1042 70.5231
1043 70.7002
1044 70.3549
1045 70.529
1046 70.2903
1047 70.5943
1048 70.5749
1049 70.2124
1050 70.4709
1051 70.315
1052 70.6812
1053 70.4278
1054 70.2087
1055 70.2192
1056 70.162
1057 70.22
1058 70.4886
1059 70.6433
1060 70.4633
1061 70.3293
1062 70.4253
1063 70.2708
1064 70.1857
1065 70.2349
1066 70.2378
1067 70.2602
1068 70.5401
1069 70.4738
1070 70.8635
1071 70.2228
1072 70.3168
1073 70.4744
1074 70.2137
1075 70.4143
1076 70.4356
1077 70.4588
1078 70.0372
1079 70.3683
1080 70.3418
1081 70.5811
1082 70.4167
1083 70.439
1084 70.8966
1085 70.3433
1086 70.4305
1087 70.1857
1088 70.6463
1089 70.7214
1090 70.6722
1091 70.5973
1092 70.6317
1093 71.0457
1094 71.2081
1095 71.0009
1096 70.4898
1097 70.5312
1098 70.4198
1099 70.5131
1100 70.8745
1101 70.6182
1102 70.7234
1103 70.4216
1104 70.5278
1105 70.4499
1106 70.3287
1107 70.4433
1108 70.9552
1109 70.8036
1110 70.6911
1111 70.4673
1112 70.3875
1113 70.4968
1114 70.3576
1115 70.3132
1116 70.75
1117 70.6746
1118 70.5278
1119 70.4992
1120 70.8903
1121 71.2809
1122 71.3043
1123 71.1778
1124 70.8496
1125 70.8858
1126 70.8473
1127 70.3586
1128 70.648
1129 70.4484
1130 70.6551
1131 70.7549
1132 70.9498
1133 70.3151
1134 70.4161
1135 70.0237
1136 70.5474
1137 70.3883
1138 70.0727
1139 70.4235
1140 70.1726
1141 69.99
1142 70.5109
1143 70.4039
1144 70.3353
1145 70.086
1146 69.8627
1147 69.9322
1148 70.1615
1149 70.3072
1150 70.121
1151 70.1717
1152 70.1098
1153 70.0957
1154 70.2422
1155 70.3235
1156 70.2787
1157 70.3417
1158 70.5876
1159 70.3844
1160 70.1778
1161 70.4903
1162 70.4885
1163 69.9924
1164 70.2525
1165 70.3588
1166 70.4319
1167 70.5379
1168 70.0704
1169 70.2778
1170 70.4232
1171 70.3198
1172 70.3782
1173 70.3857
1174 70.4151
1175 70.3699
1176 70.3947
1177 70.2635
1178 70.3151
1179 70.1462
1180 70.2555
1181 70.534
1182 70.483
1183 70.5472
1184 70.3244
1185 70.0265
1186 69.909
1187 70.3264
1188 70.0847
1189 70.1608
1190 70.3997
1191 70.2419
1192 70.0874
1193 70.0378
1194 70.2192
1195 70.3147
1196 70.5009
1197 70.4882
1198 70.7899
1199 70.5188
1200 70.4876
1201 70.4702
1202 70.6563
1203 70.1434
1204 70.4016
1205 70.2886
1206 70.0686
1207 70.0198
1208 69.8613
1209 70.0802
1210 69.8805
1211 70.5611
1212 70.8266
1213 70.7208
1214 70.2656
1215 70.3386
1216 70.2678
1217 70.0276
1218 70.1433
1219 69.8576
1220 70.2398
1221 70.3865
1222 70.305
1223 70.3617
1224 70.4373
1225 70.1127
1226 70.4055
1227 70.3639
1228 70.3244
1229 70.5315
1230 70.2889
1231 70.7077
1232 70.662
1233 70.2601
1234 70.1324
1235 70.125
1236 70.0812
1237 70.2294
1238 70.4284
1239 70.4414
1240 70.3387
1241 70.3811
1242 70.2176
1243 70.4098
1244 70.4952
1245 70.3285
1246 70.2133
1247 70.4146
1248 70.1336
1249 70.4376
1250 70.4062
1251 70.3163
1252 70.0352
1253 70.0533
1254 70.0094
1255 69.8844
1256 69.8682
1257 70.3045
1258 70.6653
1259 70.305
1260 70.3724
1261 70.2233
1262 70.7553
1263 70.5624
1264 70.7599
1265 70.56
1266 70.0314
1267 70.1993
1268 70.2349
1269 70.1809
1270 70.517
1271 70.044
1272 70.3584
1273 70.6293
1274 70.4266
1275 70.3248
1276 70.0166
1277 70.5797
1278 70.1945
1279 70.0025
1280 70.0733
1281 70.2924
1282 70.5549
1283 69.8122
1284 70.1564
1285 70.558
1286 70.5028
1287 70.1487
1288 70.5223
1289 70.8159
1290 70.7674
1291 70.2043
1292 70.4914
1293 70.6999
1294 70.5562
1295 70.2734
1296 70.5064
1297 70.2486
1298 70.0934
1299 70.5176
1300 70.5188
1301 70.0923
1302 70.4164
1303 70.2005
1304 70.0799
1305 69.9372
1306 69.9619
1307 70.1669
1308 70.1168
1309 70.3048
1310 70.7746
1311 70.3238
1312 70.2437
1313 70.7763
1314 70.2147
1315 70.1625
1316 70.1731
1317 70.2431
1318 70.2312
1319 70.1201
1320 70.5114
1321 70.2033
1322 70.3424
1323 70.351
1324 70.0627
1325 70.0227
1326 70.2788
1327 70.4505
1328 70.6011
1329 70.6083
1330 70.6217
1331 70.7931
1332 70.3835
1333 70.5161
1334 70.8236
1335 70.4945
1336 70.2219
1337 70.5524
1338 69.9895
1339 70.5686
1340 70.8225
1341 70.5634
1342 70.4908
1343 70.1718
1344 70.5503
1345 70.4656
1346 70.2113
1347 70.0599
1348 69.9038
1349 69.9878
1350 70.3591
1351 70.0795
1352 70.081
1353 70.3294
1354 70.6474
1355 70.6501
1356 70.1717
1357 70.3588
1358 70.3173
1359 70.0704
1360 70.3076
1361 70.4339
1362 70.3549
1363 70.2095
1364 70.4606
1365 70.3738
1366 70.1233
1367 70.5078
1368 70.4836
1369 70.345
1370 70.677
1371 70.3646
1372 70.1123
1373 69.8934
1374 69.9267
1375 70.2945
1376 70.169
1377 70.1742
1378 70.3534
1379 70.1491
1380 69.6472
1381 70.1047
1382 70.1563
1383 70.1027
1384 70.324
1385 70.3597
1386 70.4082
1387 70.4458
1388 70.2112
1389 70.424
1390 70.1668
1391 70.3067
1392 70.9076
1393 70.38
1394 70.567
1395 69.8482
1396 69.9
1397 70.0507
1398 70.3191
1399 70.3212
1400 70.308
1401 70.2595
1402 70.5145
1403 70.1879
1404 70.2013
1405 70.329
1406 70.4335
1407 70.2507
1408 70.1593
1409 70.1597
1410 70.3295
1411 70.3747
1412 70.469
1413 70.5254
1414 70.1009
1415 69.9331
1416 70.3731
1417 70.2601
1418 70.0828
1419 70.2132
1420 70.0829
1421 69.9752
1422 70.167
1423 70.2095
1424 70.6936
1425 70.3273
1426 70.312
1427 70.1362
1428 70.2069
1429 70.3086
1430 70.2062
1431 70.1949
1432 70.3164
1433 69.8169
1434 70.015
1435 70.0231
1436 70.1012
1437 70.0236
1438 70.0277
1439 70.3262
1440 70.3829
1441 70.3467
1442 70.555
1443 70.372
1444 70.4253
1445 70.4645
1446 70.2982
1447 70.3507
1448 70.1295
1449 69.8554
1450 70.1325
1451 70.6128
1452 70.3747
1453 70.3456
1454 69.899
1455 70.202
1456 70.122
1457 70.1244
1458 69.8736
1459 70.3361
1460 70.2412
1461 70.2585
1462 70.2669
1463 70.388
1464 70.0881
1465 70.176
1466 70.2837
1467 70.6372
1468 70.3107
1469 70.1824
1470 70.0718
1471 70.3233
1472 70.4418
1473 70.6881
1474 70.5153
1475 70.3617
1476 69.9286
1477 70.4127
1478 70.3803
1479 70.235
1480 70.509
1481 70.2728
1482 70.167
1483 70.3182
1484 70.3212
1485 70.349
1486 70.4937
1487 71.0446
1488 70.6338
1489 70.1086
1490 70.1694
1491 69.9947
1492 69.984
1493 70.2733
1494 70.4655
1495 70.4386
1496 70.2261
1497 70.1369
1498 70.3303
1499 70.0027
1500 70.2737
1501 70.2135
1502 70.5514
1503 70.0673
1504 70.1507
1505 70.0521
1506 70.4066
1507 70.493
1508 70.3689
1509 70.6285
1510 70.0887
1511 70.2179
1512 70.3762
1513 70.316
1514 70.2318
1515 70.5238
1516 70.6048
1517 70.4097
1518 70.5083
1519 70.4945
1520 70.2149
1521 70.0461
1522 69.9429
1523 70.288
1524 70.2479
1525 70.5839
1526 70.3655
1527 70.3265
1528 70.3621
1529 70.0646
1530 70.2749
1531 70.7922
1532 70.4501
1533 70.1166
1534 70.2462
1535 70.0386
1536 70.2257
1537 70.1097
1538 70.499
1539 70.3725
1540 70.1888
1541 70.4219
1542 70.2806
1543 70.3609
1544 70.0987
1545 70.0445
1546 70.1047
1547 69.8141
1548 70.7597
1549 70.4755
1550 69.6713
1551 70.2389
1552 70.1025
1553 70.1924
1554 70.0908
1555 70.029
1556 70.0491
1557 70.3709
1558 70.9109
1559 70.4763
1560 70.3746
1561 70.3644
1562 70.3739
1563 70.2685
1564 70.5292
1565 70.4902
1566 70.4315
1567 70.633
1568 70.353
1569 70.1913
1570 70.329
1571 70.5694
1572 70.3626
1573 70.4988
1574 70.3705
1575 70.0902
1576 70.0196
1577 70.3711
1578 70.0897
1579 70.6798
1580 70.1112
1581 70.2329
1582 70.1555
1583 70.5612
1584 70.2545
1585 70.1744
1586 70.1155
1587 70.1294
1588 70.0199
1589 70.0045
1590 70.1826
1591 70.0428
1592 70.0066
1593 69.9711
1594 70.3348
1595 70.1011
1596 70.2171
1597 70.4121
1598 70.0269
1599 70.0308
1600 70.1266
1601 70.1249
1602 70.2288
1603 70.3623
1604 70.042
1605 70.5795
1606 70.2238
1607 70.2983
1608 70.0167
1609 69.94
1610 69.8349
1611 70.1406
1612 70.0713
1613 70.5226
1614 70.2612
1615 70.4986
1616 70.0843
1617 70.3812
1618 70.048
1619 70.3693
1620 70.2893
1621 70.2318
1622 70.1383
1623 70.3882
1624 70.2594
1625 70.9542
1626 70.4852
1627 70.3452
1628 70.1268
1629 69.9543
1630 70.189
1631 70.2768
1632 70.3574
1633 70.1342
1634 70.1818
1635 70.4439
1636 70.7976
1637 70.2598
1638 70.211
1639 69.9185
1640 70.0266
1641 70.2761
1642 70.3902
1643 70.7442
1644 70.0216
1645 69.852
1646 70.9442
1647 70.1691
1648 70.1532
1649 70.1777
1650 70.6739
1651 70.348
1652 70.2066
1653 70.5553
1654 70.2586
1655 70.2654
1656 70.3333
1657 70.2443
1658 70.2173
1659 70.0981
1660 70.4155
1661 70.3474
1662 70.1675
1663 70.1058
1664 70.2212
1665 70.1601
1666 69.944
1667 70.0192
1668 70.1986
1669 69.9664
1670 70.0352
1671 70.3467
1672 70.147
1673 70.3174
1674 70.243
1675 70.2689
1676 70.4936
1677 70.7266
1678 70.5611
1679 70.521
1680 70.4244
1681 70.3673
1682 70.5718
1683 70.629
1684 71.0832
1685 71.003
1686 70.5607
1687 70.2893
1688 70.538
1689 70.572
1690 70.1282
1691 70.5568
1692 70.3651
1693 70.1761
1694 70.2778
1695 70.0584
1696 70.193
1697 70.1643
1698 70.314
1699 70.3499
1700 70.1415
1701 70.2274
1702 70.2902
1703 70.5428
1704 70.7261
1705 70.1331
1706 70.0686
1707 70.1056
1708 70.3398
1709 70.4882
1710 70.2375
1711 70.3253
1712 70.443
1713 70.8586
1714 70.8566
1715 70.5497
1716 70.2254
1717 70.379
1718 70.3798
1719 70.5073
1720 70.5655
1721 70.795
1722 70.0836
1723 70.2602
1724 70.4161
1725 70.2519
1726 70.5197
1727 70.537
1728 70.1869
1729 70.6321
1730 71.0286
1731 70.998
1732 70.683
1733 70.372
1734 70.2347
1735 70.1706
1736 70.5056
1737 70.6041
1738 70.5905
1739 70.5966
1740 70.308
1741 70.2645
1742 70.069
1743 70.5233
1744 70.6279
1745 70.4879
1746 70.0601
1747 69.9396
1748 70.1582
1749 70.1266
1750 70.2887
1751 70.3475
1752 70.2219
1753 70.8602
1754 70.7311
1755 70.4027
1756 70.2151
1757 70.6175
1758 70.03
1759 70.1377
1760 70.0594
1761 70.1967
1762 70.087
1763 70.2038
1764 70.42
1765 70.5259
1766 70.2623
1767 70.5286
1768 70.6811
1769 70.3954
1770 70.1091
1771 70.4006
1772 70.29
1773 70.263
1774 70.4278
1775 70.1895
1776 70.0772
1777 70.0974
1778 70.0732
1779 70.8874
1780 70.6981
1781 70.5383
1782 70.4217
1783 70.0838
1784 70.3277
1785 70.3386
1786 70.1091
1787 70.1006
1788 70.3258
1789 70.3026
1790 70.4967
1791 70.4531
1792 70.2682
1793 70.44
1794 70.1831
1795 70.0017
1796 70.0883
1797 69.9767
1798 70.033
1799 70.2789
1800 70.4498
1801 70.5122
1802 70.2438
1803 70.117
1804 70.0581
1805 70.3123
1806 70.7301
1807 70.2749
1808 70.3091
1809 70.4131
1810 69.9617
1811 69.876
1812 70.1926
1813 70.181
1814 70.4585
1815 70.4981
1816 70.5239
1817 70.3968
1818 70.085
1819 70.03
1820 70.183
1821 70.3384
1822 70.37
1823 70.0599
1824 69.9782
1825 70.1542
1826 70.0439
1827 70.2698
1828 70.1205
1829 70.1971
1830 70.0741
1831 70.2677
1832 70.4151
1833 70.6089
1834 70.2469
1835 70.2206
1836 70.1198
1837 69.8952
1838 70.3461
1839 70.4139
1840 70.479
1841 70.5539
1842 70.3167
1843 70.1679
1844 70.2532
1845 70.6737
1846 70.2846
1847 70.197
1848 70.4228
1849 70.4333
1850 69.9191
1851 70.2135
1852 70.4971
1853 70.3759
1854 70.6079
1855 70.5276
1856 70.4213
1857 70.1566
1858 69.9549
1859 70.1771
1860 70.1072
1861 70.5388
1862 70.615
1863 70.7765
1864 70.1785
1865 70.2815
1866 70.5866
1867 70.5869
1868 70.348
1869 69.9316
1870 70.1328
1871 70.504
1872 69.7371
1873 69.9151
1874 70.017
1875 70.2904
1876 70.7665
1877 70.6851
1878 70.5046
1879 70.3641
1880 70.4858
1881 70.6866
1882 70.6049
1883 70.3095
1884 70.3147
1885 70.3314
1886 70.7556
1887 70.2522
1888 70.2206
1889 70.3813
1890 70.1994
1891 70.317
1892 70.1169
1893 70.083
1894 70.1874
1895 70.4357
1896 70.4619
1897 70.6227
1898 70.394
1899 70.6952
1900 70.5195
1901 70.7225
1902 70.7756
1903 70.3714
1904 70.2386
1905 70.1457
1906 70.1009
1907 70.4957
1908 70.3387
1909 70.4863
1910 70.4731
1911 70.8701
1912 70.6515
1913 70.381
1914 70.7629
1915 70.2932
1916 70.3191
1917 70.1808
1918 70.3697
1919 70.3392
1920 70.4609
1921 70.3511
1922 70.332
1923 70.0512
1924 70.4017
1925 70.2763
1926 70.1655
1927 70.2724
1928 70.401
1929 70.4623
1930 70.2242
1931 70.3462
1932 70.3694
1933 69.8507
1934 69.7555
1935 70.0225
1936 70.3337
1937 70.6216
1938 70.2412
1939 70.3817
1940 70.5863
1941 70.1039
1942 70.1873
1943 70.1614
1944 70.3219
1945 70.0643
1946 70.2066
1947 70.4554
1948 70.2124
1949 70.4318
1950 70.4329
1951 70.4971
1952 70.2938
1953 70.4291
1954 70.2657
1955 70.4297
1956 70.4972
1957 70.5066
1958 70.4716
1959 70.3834
1960 70.5414
1961 70.4041
1962 70.2769
1963 70.4511
1964 70.4717
1965 70.3994
1966 70.1046
1967 70.062
1968 70.2942
1969 70.3737
1970 70.4154
1971 70.1546
1972 70.0405
1973 70.4983
1974 70.76
1975 70.5016
1976 70.4748
1977 70.0715
1978 70.5088
1979 70.2583
1980 70.3453
1981 70.1255
1982 70.3985
1983 70.4351
1984 70.3373
1985 70.2348
1986 70.3848
1987 70.6587
1988 70.2996
1989 70.5853
1990 70.1642
1991 70.1543
1992 70.1419
1993 70.2188
1994 70.5952
1995 70.2698
1996 70.2155
1997 70.1104
1998 70.3301
1999 70.1885
2000 70.0887
