0 509.944
1 442.735
2 403.249
3 384.663
4 369.294
5 345.757
6 329.518
7 317.331
8 301.368
9 287.083
10 276.004
11 267.127
12 259.358
13 253.645
14 247.489
15 239.87
16 233.851
17 228.53
18 223.813
19 219.213
20 214.335
21 209.211
22 202.393
23 196.246
24 192.924
25 189.455
26 185.653
27 181.88
28 178.174
29 175.587
30 172.103
31 168.237
32 165.815
33 163.967
34 160.649
35 157.033
36 155.766
37 153.17
38 150.23
39 147.302
40 145.401
41 144.108
42 142.327
43 139.668
44 137.503
45 135.084
46 133.115
47 130.435
48 127.879
49 125.807
50 124.518
51 122.732
52 121.666
53 120.455
54 118.468
55 116.563
56 115.903
57 114.378
58 113.105
59 113.012
60 111.303
61 109.884
62 108.288
63 106.43
64 106.989
65 106.292
66 105.129
67 103.884
68 102.641
69 101.711
70 100.745
71 99.5709
72 99.9608
73 99.9238
74 98.6854
75 96.9084
76 95.8758
77 95.9056
78 95.348
79 94.9928
80 94.533
81 93.5585
82 93.4759
83 93.3665
84 92.5255
85 92.0605
86 91.9685
87 91.5782
88 90.7053
89 89.4594
90 89.5923
91 89.0366
92 88.9354
93 88.9164
94 88.865
95 88.4168
96 87.9141
97 87.2235
98 85.9948
99 84.9123
100 83.8097
101 83.0411
102 82.4804
103 81.5593
104 81.4686
105 80.8219
106 80.4956
107 80.3238
108 80.5391
109 80.1857
110 83.5537
111 85.0084
112 83.9241
113 81.8472
114 80.1266
115 82.4511
116 82.8503
117 80.6782
118 81.6447
119 81.3023
120 79.0409
121 77.2688
122 76.7054
123 76.5908
124 76.471
125 76.1538
126 76.041
127 76.1182
128 76.203
129 76.1935
130 76.0452
131 75.724
132 75.6097
133 75.4626
134 75.6288
135 75.2476
136 75.4329
137 74.8448
138 74.852
139 74.7281
140 74.6823
141 74.9458
142 75.0519
143 75.2226
144 75.1338
145 74.8003
146 74.8782
147 74.6622
148 74.4406
149 74.1338
150 73.983
151 73.6846
152 73.9706
153 74.1585
154 74.0583
155 73.7284
156 73.7581
157 73.6952
158 73.7256
159 73.4303
160 73.3144
161 73.3416
162 73.5554
163 73.463
164 73.3027
165 73.3364
166 73.3253
167 73.4696
168 73.0757
169 73.185
170 73.5308
171 73.4098
172 73.455
173 73.2953
174 73.6541
175 73.4349
176 73.1819
177 73.3536
178 73.5395
179 73.1464
180 73.2908
181 72.9743
182 73.2429
183 73.0339
184 72.9526
185 73.0009
186 73.1276
187 72.844
188 72.8817
189 73.2949
190 73.2071
191 72.9165
192 72.8781
193 72.9637
194 73.2865
195 73.5001
196 73.2173
197 73.2051
198 73.0267
199 73.0493
200 73.0657
201 73.1096
202 73.0338
203 72.9532
204 72.8366
205 72.9578
206 73.3112
207 73.079
208 73.1918
209 73.0097
210 72.8392
211 72.38
212 72.1864
213 72.1314
214 72.4074
215 71.9797
216 72.0872
217 72.0895
218 71.8398
219 72.002
220 71.9487
221 72.1542
222 72.1161
223 72.1859
224 71.9585
225 72.0717
226 71.8845
227 72.0525
228 72.0705
229 72.3255
230 71.8928
231 72.0744
232 71.9822
233 71.4949
234 71.488
235 71.5048
236 71.5787
237 71.6645
238 71.4989
239 71.4569
240 71.4478
241 71.4537
242 71.6681
243 71.6252
244 71.7712
245 71.488
246 72.0721
247 71.5551
248 71.4045
249 71.7728
250 71.4283
251 71.3707
252 71.5317
253 71.5975
254 71.3004
255 71.0592
256 71.8016
257 71.6823
258 71.2981
259 71.3245
260 71.2102
261 71.3866
262 71.312
263 71.6507
264 71.429
265 71.7406
266 71.4285
267 71.6761
268 71.5278
269 71.8837
270 71.2778
271 71.3205
272 71.6225
273 71.5181
274 71.5634
275 71.7084
276 71.405
277 71.4255
278 71.6761
279 71.5093
280 71.5812
281 71.3806
282 71.5321
283 71.3536
284 71.335
285 71.7517
286 71.6641
287 71.4296
288 71.3965
289 71.2525
290 71.5373
291 71.6168
292 71.3068
293 71.5231
294 71.2336
295 71.3858
296 71.6542
297 71.4738
298 71.469
299 71.443
300 71.4995
301 71.5333
302 71.3523
303 71.3045
304 71.5505
305 71.4708
306 71.7788
307 71.4715
308 71.6409
309 71.8182
310 71.4194
311 71.7238
312 71.2898
313 71.6249
314 71.6123
315 71.8219
316 71.4913
317 71.3453
318 71.4425
319 71.3486
320 71.5889
321 71.438
322 71.1468
323 71.4829
324 71.3635
325 71.32
326 71.2565
327 71.43
328 71.6278
329 71.4794
330 71.5737
331 71.2734
332 71.6034
333 71.3679
334 71.3799
335 71.4447
336 71.6239
337 71.2509
338 71.3487
339 71.5399
340 71.3025
341 71.3095
342 71.4418
343 71.8185
344 71.9406
345 71.4502
346 71.3786
347 71.5409
348 71.4648
349 71.4287
350 70.9822
351 71.6289
352 71.4691
353 71.2703
354 71.7409
355 71.4615
356 71.3795
357 71.4298
358 71.323
359 71.3294
360 71.5385
361 70.9455
362 71.5331
363 71.4063
364 71.4272
365 71.3057
366 71.3114
367 71.348
368 71.6432
369 71.6074
370 71.3042
371 71.523
372 71.4544
373 71.7461
374 71.6782
375 71.5296
376 71.7052
377 71.5782
378 71.3535
379 71.2728
380 71.3803
381 71.2759
382 71.3441
383 71.3562
384 71.1847
385 71.4265
386 71.3504
387 71.4079
388 71.4245
389 71.5408
390 71.728
391 71.5441
392 71.6926
393 71.8417
394 71.4607
395 71.3649
396 71.0564
397 71.3471
398 71.5707
399 71.1352
400 71.522
401 71.5487
402 71.663
403 71.4688
404 71.5627
405 71.5008
406 71.5246
407 71.3285
408 71.0565
409 71.3135
410 71.4431
411 71.529
412 71.8087
413 71.7467
414 71.8704
415 71.4056
416 71.6447
417 71.5168
418 71.2721
419 71.2774
420 71.8078
421 71.8499
422 71.2314
423 71.2322
424 71.2699
425 71.5116
426 71.3556
427 71.6792
428 71.7191
429 71.3066
430 71.4205
431 71.806
432 71.5086
433 71.67
434 71.3306
435 71.4805
436 71.5167
437 71.3732
438 71.3172
439 71.3126
440 71.4289
441 71.5163
442 71.4244
443 71.0956
444 71.2341
445 71.3744
446 71.8561
447 71.7346
448 71.3149
449 71.2658
450 71.398
451 71.4141
452 71.4098
453 71.0079
454 70.9144
455 70.8342
456 71.0828
457 70.9131
458 71.1533
459 71.0046
460 70.8106
461 70.6196
462 70.3439
463 70.0229
464 69.6311
465 69.8792
466 69.7262
467 69.5191
468 69.52
469 69.5718
470 69.6716
471 69.5859
472 69.7668
473 69.8323
474 70.0897
475 69.7926
476 69.3602
477 69.932
478 69.8338
479 69.931
480 69.7748
481 69.7195
482 69.5386
483 69.4294
484 68.8594
485 68.7748
486 68.7919
487 69.0147
488 69.0066
489 69.1183
490 69.1694
491 69.0539
492 69.0115
493 68.9282
494 69.1379
495 68.8581
496 68.8925
497 69.0874
498 68.7864
499 68.9673
500 68.8496
501 68.9215
502 68.8336
503 68.8383
504 69.0359
505 68.7502
506 69.193
507 68.8578
508 68.9257
509 68.9198
510 68.8556
511 68.8453
512 68.811
513 69.1113
514 68.706
515 68.947
516 68.8744
517 68.8656
518 68.7585
519 69.0136
520 69.1093
521 68.6945
522 69.1409
523 68.6462
524 68.8892
525 69.2316
526 68.9226
527 68.9793
528 68.9449
529 69.3007
530 69.0404
531 68.9017
532 68.8421
533 69.2305
534 68.8498
535 68.9184
536 68.8216
537 69.0761
538 68.9659
539 68.9305
540 71.8715
541 73.2351
542 70.8349
543 69.0213
544 68.2727
545 68.2609
546 68.1084
547 68.3861
548 67.8857
549 68.7924
550 68.6466
551 68.4185
552 68.2467
553 68.203
554 68.3131
555 68.1924
556 68.152
557 68.486
558 68.3591
559 68.1663
560 68.1984
561 68.1845
562 68.4305
563 68.0493
564 68.2119
565 68.1547
566 67.855
567 67.9096
568 68.2569
569 67.9863
570 68.3556
571 68.4193
572 68.1385
573 68.0404
574 68.2697
575 68.1336
576 68.5205
577 68.5345
578 68.0135
579 67.937
580 68.0673
581 67.9822
582 68.0806
583 68.1778
584 68.1858
585 68.2531
586 68.1062
587 68.389
588 68.3968
589 68.1027
590 67.9418
591 68.1999
592 68.138
593 68.356
594 68.3404
595 68.3372
596 68.0928
597 68.6055
598 68.5523
599 68.1574
600 68.1989
601 68.0468
602 68.4331
603 68.1487
604 68.2544
605 68.1102
606 68.1571
607 68.0858
608 68.3413
609 68.2797
610 67.9591
611 68.1525
612 68.1065
613 68.5936
614 68.4064
615 68.1685
616 68.4076
617 68.1861
618 68.0298
619 67.8764
620 68.2374
621 68.107
622 68.1113
623 68.0285
624 68.1616
625 68.0009
626 67.9879
627 68.1366
628 68.1631
629 68.2188
630 68.1782
631 67.8569
632 68.096
633 68.4176
634 67.9091
635 68.277
636 68.2177
637 68.1866
638 68.0114
639 68.0165
640 68.322
641 68.2117
642 68.3109
643 68.3188
644 68.0806
645 68.4504
646 68.0932
647 68.1365
648 67.9195
649 68.0704
650 68.0606
651 68.2892
652 67.9293
653 68.0484
654 68.349
655 67.9068
656 67.9914
657 68.0499
658 68.0487
659 68.0801
660 68.1501
661 68.1499
662 68.2914
663 68.1394
664 68.0695
665 68.1734
666 68.1071
667 68.4625
668 68.3167
669 68.1547
670 68.185
671 68.1525
672 67.9649
673 68.2669
674 68.3886
675 68.2697
676 68.2959
677 68.5665
678 68.1269
679 68.1128
680 68.1842
681 68.1638
682 68.2605
683 68.4179
684 68.2861
685 68.1823
686 68.1436
687 68.5741
688 68.2103
689 68.1608
690 68.1645
691 68.5541
692 68.1586
693 68.4585
694 68.3527
695 67.9666
696 68.0716
697 68.1901
698 67.8428
699 68.1377
700 68.0942
701 68.0023
702 68.3135
703 68.493
704 68.4383
705 68.5582
706 68.6942
707 68.2185
708 67.9415
709 68.093
710 68.3763
711 68.489
712 68.1252
713 68.2699
714 68.1626
715 67.9878
716 68.201
717 68.0739
718 67.9086
719 68.182
720 68.3237
721 68.0453
722 68.2316
723 67.9319
724 68.174
725 68.1886
726 68.0338
727 67.924
728 67.9163
729 68.1812
730 67.8088
731 67.9987
732 67.9345
733 68.2975
734 68.3168
735 68.4546
736 68.395
737 67.8258
738 68.2019
739 68.0526
740 68.2517
741 68.1955
742 68.3459
743 68.367
744 68.1174
745 68.1637
746 68.3436
747 68.1412
748 68.085
749 68.2301
750 67.9433
751 67.9691
752 67.9349
753 68.0326
754 68.1563
755 68.3158
756 68.3008
757 68.2801
758 68.2716
759 68.373
760 68.4957
761 68.5069
762 67.9529
763 68.1021
764 68.1989
765 68.3366
766 68.4437
767 67.997
768 67.9185
769 68.018
770 68.0835
771 68.0853
772 68.1508
773 68.1897
774 67.8183
775 68.317
776 68.0298
777 68.2567
778 67.897
779 68.3432
780 68.3957
781 68.448
782 68.0282
783 68.128
784 68.3773
785 67.9948
786 67.9583
787 68.0475
788 68.1448
789 67.886
790 68.1264
791 68.1164
792 68.2865
793 68.5316
794 68.331
795 68.3392
796 68.1999
797 68.3318
798 68.3493
799 68.0603
800 68.4597
801 68.0139
802 68.1178
803 68.2278
804 68.0059
805 68.2113
806 68.012
807 67.9754
808 68.0002
809 68.1557
810 68.0584
811 68.2294
812 68.1964
813 68.2964
814 68.647
815 68.2909
816 68.0962
817 68.363
818 68.2659
819 68.1484
820 68.3059
821 68.1207
822 67.8757
823 68.0595
824 68.0429
825 68.1972
826 68.0739
827 68.2705
828 68.1867
829 68.1027
830 67.8912
831 68.157
832 68.1203
833 68.3145
834 68.0174
835 68.1961
836 68.5762
837 68.4233
838 68.5007
839 68.1869
840 68.3272
841 68.4135
842 68.0186
843 67.916
844 67.9661
845 67.9561
846 68.1723
847 68.2142
848 68.3294
849 68.2745
850 68.2303
851 68.2628
852 68.5313
853 68.0351
854 68.2541
855 68.1688
856 68.0727
857 68.2934
858 68.1044
859 68.3345
860 68.2895
861 67.9853
862 68.0412
863 67.752
864 67.6855
865 67.4987
866 67.6564
867 67.597
868 67.3004
869 67.5462
870 67.6314
871 67.4903
872 67.8302
873 67.6354
874 67.6306
875 67.8532
876 67.7835
877 67.8469
878 67.9332
879 67.4807
880 67.3618
881 67.3998
882 67.6952
883 67.6062
884 67.6006
885 67.8179
886 68.0657
887 67.7785
888 67.7151
889 67.5739
890 67.596
891 67.405
892 67.6195
893 67.6293
894 67.3858
895 67.5325
896 67.4955
897 67.5921
898 68.0812
899 67.9008
900 67.9748
901 67.4398
902 67.7506
903 67.5183
904 67.7628
905 67.5342
906 67.8059
907 67.8062
908 67.8561
909 67.4664
910 67.3593
911 67.2836
912 67.3768
913 67.0691
914 67.4034
915 67.8548
916 67.6177
917 67.468
918 67.5534
919 67.7133
920 67.8559
921 67.7144
922 67.7916
923 68.0007
924 67.7067
925 67.6463
926 67.7112
927 67.2932
928 67.3996
929 67.576
930 67.3492
931 67.3407
932 67.549
933 67.5339
934 67.5656
935 67.6846
936 67.903
937 67.7509
938 67.6042
939 67.7633
940 67.7443
941 67.3384
942 67.3933
943 67.3406
944 67.5872
945 67.6308
946 67.5217
947 67.6585
948 67.7927
949 67.6316
950 67.3145
951 67.6645
952 67.9086
953 67.4701
954 67.7056
955 67.5127
956 67.7489
957 67.6928
958 67.6032
959 67.5217
960 68.0739
961 67.7733
962 67.5804
963 67.427
964 67.5063
965 67.6818
966 67.6776
967 68.0497
968 67.761
969 67.3368
970 67.409
971 67.7351
972 67.7532
973 67.2922
974 67.4061
975 67.5423
976 67.2772
977 67.4588
978 67.4091
979 67.5765
980 67.6367
981 67.7612
982 67.4526
983 67.774
984 67.7362
985 67.5812
986 67.7477
987 67.6131
988 67.609
989 67.7881
990 67.9028
991 67.5079
992 67.5536
993 67.6296
994 68.0553
995 67.8297
996 67.8888
997 67.9631
998 67.5033
999 67.506
1000 67.5067
1001 67.7252
1002 67.7906
1003 67.8742
1004 67.4808
1005 67.6456
1006 67.5343
1007 67.8191
1008 67.8149
1009 67.9794
1010 67.8152
1011 67.5035
1012 67.6914
1013 67.7552
1014 67.707
1015 67.6426
1016 67.4317
1017 67.7542
1018 67.6074
1019 67.7503
1020 67.6651
1021 67.4493
1022 67.5905
1023 67.8529
1024 67.644
1025 67.6868
1026 67.718
1027 67.527
1028 67.5432
1029 67.8378
1030 67.9355
1031 67.8342
1032 67.7632
1033 67.8461
1034 67.648
1035 67.8526
1036 67.531
1037 67.3376
1038 67.3532
1039 67.5773
1040 67.6178
1041 67.653
1042 67.5525
1043 67.306
1044 67.5501
1045 67.9638
1046 67.5787
1047 67.5274
1048 67.6237
1049 67.9452
1050 68.0691
1051 67.7244
1052 67.6852
1053 67.7435
1054 67.73
1055 67.7083
1056 67.7744
1057 67.6407
1058 67.5922
1059 67.7985
1060 67.6504
1061 67.7738
1062 67.4578
1063 67.6183
1064 67.5885
1065 67.7055
1066 67.6555
1067 67.7318
1068 67.8236
1069 67.5865
1070 67.6624
1071 67.3975
1072 67.7318
1073 67.7966
1074 67.6505
1075 67.7036
1076 67.4361
1077 67.7878
1078 67.7159
1079 67.8347
1080 68.0961
1081 67.633
1082 67.5341
1083 67.4685
1084 67.8194
1085 67.6139
1086 67.5628
1087 67.5089
1088 67.6917
1089 67.6262
1090 67.6784
1091 67.838
1092 67.739
1093 67.6521
1094 67.5261
1095 67.3105
1096 67.5877
1097 67.6741
1098 67.8062
1099 67.6028
1100 67.6658
1101 67.5679
1102 67.6553
1103 67.9665
1104 67.5003
1105 67.5284
1106 67.8988
1107 67.4033
1108 67.935
1109 67.9445
1110 67.6352
1111 67.6533
1112 67.6285
1113 67.4524
1114 67.3312
1115 67.8442
1116 67.6771
1117 68.0611
1118 67.623
1119 67.7834
1120 67.7976
1121 67.7196
1122 67.9316
1123 67.6276
1124 67.7053
1125 67.7507
1126 67.7111
1127 67.2933
1128 67.5045
1129 67.5862
1130 67.7459
1131 67.6724
1132 67.8415
1133 67.5328
1134 67.3696
1135 67.4653
1136 67.6158
1137 67.4484
1138 67.5137
1139 67.6933
1140 67.7154
1141 67.7994
1142 67.5169
1143 67.749
1144 67.8216
1145 68.0093
1146 67.7221
1147 67.5015
1148 67.612
1149 67.5073
1150 67.6502
1151 67.5507
1152 67.446
1153 67.5252
1154 67.5652
1155 67.7136
1156 67.6877
1157 67.8101
1158 67.4794
1159 67.5692
1160 67.6341
1161 67.7848
1162 67.7936
1163 67.7256
1164 67.7755
1165 67.6938
1166 67.6868
1167 67.329
1168 67.4515
1169 67.9033
1170 67.7961
1171 67.6613
1172 67.6651
1173 67.7734
1174 67.6368
1175 67.3125
1176 67.3749
1177 67.548
1178 67.1898
1179 67.0877
1180 67.1349
1181 67.1249
1182 67.1495
1183 67.3489
1184 67.1972
1185 67.6682
1186 67.3869
1187 67.4126
1188 67.5115
1189 67.3284
1190 67.4447
1191 67.3659
1192 67.2144
1193 67.2219
1194 67.1613
1195 67.3104
1196 67.3887
1197 67.4638
1198 67.2858
1199 67.5458
1200 67.5148
1201 67.2827
1202 67.448
1203 67.7027
1204 67.3859
1205 67.327
1206 67.049
1207 67.1834
1208 67.1976
1209 67.4931
1210 67.6094
1211 67.4076
1212 67.5116
1213 67.6036
1214 67.6025
1215 67.2573
1216 67.2653
1217 67.1092
1218 67.0284
1219 67.2555
1220 67.0304
1221 67.2483
1222 67.5362
1223 67.4185
1224 67.2383
1225 67.2152
1226 67.4014
1227 67.3798
1228 67.5138
1229 67.4072
1230 67.3534
1231 67.4077
1232 67.7312
1233 67.257
1234 67.1634
1235 67.1502
1236 67.5362
1237 67.3156
1238 67.1909
1239 67.1545
1240 67.0572
1241 66.9679
1242 67.3611
1243 67.2484
1244 67.229
1245 66.9849
1246 67.1077
1247 67.3212
1248 67.3091
1249 67.1368
1250 67.0615
1251 67.0456
1252 67.5068
1253 67.5879
1254 67.3352
1255 67.3481
1256 67.5301
1257 67.2349
1258 67.3735
1259 67.3066
1260 67.1957
1261 67.1619
1262 67.608
1263 67.3426
1264 67.298
1265 67.5467
1266 67.5072
1267 67.2021
1268 67.1418
1269 67.7115
1270 67.552
1271 67.5643
1272 67.3425
1273 67.4271
1274 67.4358
1275 67.1472
1276 67.2495
1277 67.0505
1278 67.2718
1279 67.6266
1280 67.4059
1281 67.362
1282 67.5187
1283 67.003
1284 67.1173
1285 67.2494
1286 67.4767
1287 67.4566
1288 67.1214
1289 67.2091
1290 67.2299
1291 67.0963
1292 67.2379
1293 67.3131
1294 67.3397
1295 67.4244
1296 67.7225
1297 67.2538
1298 67.1579
1299 67.305
1300 67.1739
1301 67.3309
1302 67.1425
1303 67.3624
1304 67.0549
1305 67.4112
1306 67.3662
1307 67.4729
1308 67.1528
1309 67.3119
1310 67.5155
1311 67.1481
1312 67.4102
1313 67.2592
1314 67.4626
1315 67.1171
1316 67.1823
1317 67.1267
1318 67.3072
1319 67.6295
1320 68.1861
1321 67.7154
1322 67.1389
1323 66.2003
1324 66.1543
1325 65.8633
1326 65.8891
1327 65.9803
1328 66.0319
1329 65.9155
1330 66.1047
1331 66.0044
1332 66.073
1333 66.1959
1334 65.9501
1335 66.0726
1336 65.8899
1337 65.7623
1338 65.9177
1339 66.108
1340 66.2644
1341 66.3166
1342 66.3042
1343 66.1118
1344 66.1372
1345 66.6968
1346 66.2256
1347 66.6329
1348 66.27
1349 66.2058
1350 66.0126
1351 66.0873
1352 66.0924
1353 66.2307
1354 66.336
1355 66.0719
1356 66.0906
1357 65.8627
1358 66.3993
1359 65.9785
1360 66.0583
1361 66.0453
1362 66.2561
1363 66.2722
1364 66.0811
1365 65.8027
1366 66.0416
1367 66.1886
1368 66.4228
1369 66.1203
1370 66.1127
1371 66.1588
1372 66.0585
1373 66.1474
1374 65.9488
1375 66.0089
1376 66.0638
1377 66.161
1378 66.3355
1379 66.3168
1380 66.1249
1381 66.3483
1382 66.0003
1383 66.2942
1384 65.943
1385 66.0301
1386 66.3534
1387 66.3249
1388 65.878
1389 66.1256
1390 65.9666
1391 66.0079
1392 66.6317
1393 66.2695
1394 66.2161
1395 66.1101
1396 66.0354
1397 66.4117
1398 65.7715
1399 65.8123
1400 66.2461
1401 66.3254
1402 66.0972
1403 65.7174
1404 66.1644
1405 66.432
1406 66.1722
1407 66.052
1408 66.2298
1409 66.1889
1410 66.0562
1411 65.9099
1412 66.3779
1413 66.4768
1414 66.0117
1415 66.0723
1416 66.522
1417 66.1657
1418 66.1665
1419 66.2766
1420 65.85
1421 66.1818
1422 66.1804
1423 66.3954
1424 66.3911
1425 66.0958
1426 66.182
1427 66.3567
1428 66.2151
1429 65.9852
1430 66.1928
1431 66.0662
1432 66.187
1433 66.1289
1434 66.4012
1435 66.3093
1436 66.2273
1437 66.4304
1438 66.5198
1439 66.1769
1440 66.1091
1441 65.9592
1442 66.1759
1443 65.9969
1444 65.9211
1445 65.8866
1446 65.783
1447 66.3072
1448 66.1135
1449 66.1962
1450 66.2669
1451 66.2993
1452 66.3766
1453 66.2778
1454 66.1413
1455 65.9845
1456 66.1619
1457 66.5737
1458 66.1132
1459 66.1258
1460 66.3786
1461 66.1216
1462 66.4882
1463 66.3542
1464 66.4372
1465 66.1799
1466 66.0187
1467 66.1668
1468 66.1575
1469 66.2504
1470 66.1576
1471 66.0993
1472 66.0911
1473 66.1948
1474 66.014
1475 66.3096
1476 66.3535
1477 66.345
1478 66.2202
1479 66.2476
1480 66.1948
1481 66.2845
1482 65.8642
1483 65.97
1484 66.1805
1485 65.9084
1486 66.3134
1487 66.2732
1488 65.9223
1489 66.2753
1490 66.2337
1491 65.9243
1492 66.1328
1493 65.7231
1494 65.8314
1495 66.2344
1496 66.1708
1497 66.6211
1498 66.1979
1499 66.167
1500 66.2391
1501 65.9256
1502 65.7667
1503 66.1841
1504 66.2554
1505 66.189
1506 66.0342
1507 66.1166
1508 66.0971
1509 66.1801
1510 66.011
1511 66.3821
1512 66.3127
1513 66.136
1514 66.2063
1515 65.7932
1516 66.0252
1517 66.3127
1518 66.2387
1519 66.3491
1520 66.2777
1521 66.0685
1522 66.173
1523 66.3935
1524 66.5321
1525 66.3593
1526 66.1431
1527 66.2833
1528 66.2872
1529 66.427
1530 66.3408
1531 66.2545
1532 66.2964
1533 66.0722
1534 66.1437
1535 66.2538
1536 66.18
1537 66.0432
1538 65.9049
1539 65.9811
1540 66.4151
1541 66.1761
1542 66.136
1543 66.1813
1544 65.9828
1545 66.0467
1546 66.1327
1547 66.3285
1548 66.4387
1549 66.2899
1550 66.0737
1551 66.3023
1552 66.0505
1553 66.3753
1554 66.1887
1555 66.0482
1556 66.0343
1557 66.4067
1558 66.4071
1559 65.9138
1560 66.224
1561 66.2121
1562 66.3066
1563 66.2757
1564 66.2174
1565 66.1001
1566 66.2539
1567 66.3341
1568 66.4392
1569 66.2778
1570 66.03
1571 65.9343
1572 66.0752
1573 66.0313
1574 66.4814
1575 66.1731
1576 66.2854
1577 65.7932
1578 65.8725
1579 65.8775
1580 66.2523
1581 66.1383
1582 66.2816
1583 66.3119
1584 66.4615
1585 66.3135
1586 66.3026
1587 66.4772
1588 66.1446
1589 65.8271
1590 66.1715
1591 66.007
1592 66.1737
1593 66.314
1594 66.4522
1595 65.9309
1596 66.0157
1597 66.4725
1598 66.21
1599 66.1357
1600 66.0494
1601 65.9997
1602 66.0223
1603 66.1475
1604 66.277
1605 66.5668
1606 66.5498
1607 66.0407
1608 66.2717
1609 66.2493
1610 66.2353
1611 66.1289
1612 66.0013
1613 66.0401
1614 65.9385
1615 66.2221
1616 66.4731
1617 66.4856
1618 66.0664
1619 66.2403
1620 66.1489
1621 65.9458
1622 66.0284
1623 65.7725
1624 66.0199
1625 66.1466
1626 65.8512
1627 66.4287
1628 66.439
1629 66.4021
1630 66.5527
1631 66.3305
1632 66.0273
1633 66.027
1634 66.1791
1635 66.051
1636 66.3892
1637 66.0131
1638 66.1379
1639 65.9538
1640 66.1138
1641 66.4189
1642 66.4576
1643 66.3067
1644 66.169
1645 66.3084
1646 66.0934
1647 66.2084
1648 66.252
1649 66.1857
1650 66.219
1651 66.0309
1652 66.3385
1653 66.3887
1654 66.4336
1655 66.6271
1656 66.3916
1657 66.1252
1658 66.4421
1659 66.0556
1660 66.525
1661 66.657
1662 66.5104
1663 66.3171
1664 66.5667
1665 66.2869
1666 66.1738
1667 66.4735
1668 66.235
1669 66.8177
1670 66.3249
1671 66.0847
1672 66.2352
1673 66.4729
1674 65.9451
1675 66.0053
1676 66.1226
1677 66.0982
1678 66.2756
1679 65.9897
1680 66.1091
1681 66.1796
1682 66.2003
1683 66.5212
1684 66.3697
1685 66.4566
1686 66.263
1687 66.0021
1688 66.257
1689 66.026
1690 66.4547
1691 66.5497
1692 66.4039
1693 66.4424
1694 66.047
1695 66.1741
1696 65.9416
1697 65.8974
1698 66.3891
1699 65.9067
1700 65.9888
1701 65.6985
1702 66.1073
1703 66.0665
1704 66.3766
1705 66.1595
1706 66.2743
1707 66.3742
1708 66.2036
1709 66.2806
1710 66.3607
1711 66.6011
1712 66.1263
1713 66.241
1714 66.42
1715 66.3843
1716 65.8591
1717 65.7619
1718 66.2671
1719 66.3703
1720 66.2488
1721 66.3098
1722 65.7925
1723 66.1757
1724 66.3069
1725 66.5346
1726 66.315
1727 66.0218
1728 66.0554
1729 66.1843
1730 66.0833
1731 65.9597
1732 66.4731
1733 66.4294
1734 65.9942
1735 66.001
1736 66.2651
1737 66.0362
1738 65.9352
1739 66.0419
1740 66.1678
1741 66.2451
1742 66.1324
1743 66.0086
1744 65.9514
1745 66.0803
1746 66.0435
1747 66.0435
1748 66.2631
1749 66.3978
1750 66.2857
1751 66.0732
1752 65.9368
1753 66.1262
1754 66.1586
1755 65.9971
1756 66.1496
1757 66.3452
1758 66.2246
1759 66.351
1760 65.865
1761 66.0474
1762 66.0378
1763 66.1243
1764 66.5485
1765 66.2232
1766 66.1838
1767 66.1663
1768 66.6026
1769 66.2771
1770 66.3201
1771 66.2551
1772 66.0959
1773 66.1587
1774 65.7248
1775 66.2081
1776 66.0623
1777 65.9497
1778 66.061
1779 66.1646
1780 66.1394
1781 65.9086
1782 65.7473
1783 65.9755
1784 66.1065
1785 66.0353
1786 66.0822
1787 65.9861
1788 66.0219
1789 65.9593
1790 66.1898
1791 66.0323
1792 65.9682
1793 65.8917
1794 66.0946
1795 65.9925
1796 65.8088
1797 65.7689
1798 66.0149
1799 65.9556
1800 65.9288
1801 66.2431
1802 66.1518
1803 66.2299
1804 65.8713
1805 66.108
1806 65.8107
1807 65.9225
1808 65.9925
1809 65.603
1810 65.7486
1811 66.0612
1812 66.155
1813 66.0584
1814 66.1143
1815 66.4025
1816 66.2108
1817 65.9466
1818 66.0673
1819 66.1052
1820 66.0109
1821 66.2576
1822 66.1429
1823 66.1148
1824 65.9481
1825 65.8611
1826 66.1572
1827 66.1173
1828 66.1851
1829 65.7704
1830 65.8366
1831 65.8856
1832 65.9989
1833 65.9775
1834 65.8819
1835 66.0611
1836 65.7645
1837 65.9165
1838 66.2155
1839 65.95
1840 65.8201
1841 65.8996
1842 65.7974
1843 65.9545
1844 65.6508
1845 66.156
1846 65.8923
1847 65.9727
1848 65.747
1849 65.7249
1850 66.0623
1851 65.9026
1852 65.8436
1853 66.0341
1854 65.7924
1855 65.7736
1856 65.9867
1857 66.0478
1858 65.8979
1859 65.9789
1860 65.6689
1861 65.6923
1862 65.6202
1863 65.9605
1864 65.9232
1865 65.6915
1866 65.8004
1867 66.0772
1868 66.3388
1869 66.3109
1870 66.113
1871 65.9948
1872 65.7846
1873 66.051
1874 65.9074
1875 65.4613
1876 65.8853
1877 65.7066
1878 65.764
1879 66.2303
1880 65.6661
1881 65.8182
1882 66.0713
1883 66.17
1884 66.1912
1885 66.1685
1886 65.9849
1887 66.1731
1888 65.9806
1889 65.7243
1890 65.9028
1891 65.9419
1892 65.7658
1893 65.9358
1894 65.8734
1895 66.0165
1896 66.2407
1897 66.2255
1898 65.8389
1899 65.8333
1900 66.0527
1901 65.8575
1902 66.0317
1903 66.0686
1904 65.4663
1905 65.7154
1906 65.7521
1907 65.9923
1908 66.0744
1909 66.0046
1910 66.1525
1911 66.1615
1912 66.219
1913 65.9808
1914 65.8663
1915 65.8725
1916 65.9846
1917 66.0495
1918 65.9544
1919 65.7568
1920 65.7753
1921 65.8331
1922 65.9655
1923 65.8671
1924 65.9843
1925 65.6973
1926 65.9446
1927 65.679
1928 65.9391
1929 65.8588
1930 66.0618
1931 65.8943
1932 65.8182
1933 66.0971
1934 65.9012
1935 65.9351
1936 66.0818
1937 65.851
1938 66.1543
1939 65.9035
1940 65.6166
1941 65.7519
1942 65.6351
1943 66.2449
1944 65.9924
1945 66.0399
1946 65.7423
1947 66.0054
1948 66.0894
1949 65.858
1950 66.0741
1951 65.8815
1952 66.0186
1953 65.798
1954 66.2321
1955 66.0657
1956 65.9001
1957 65.673
1958 65.7736
1959 66.0158
1960 66.0368
1961 66.1572
1962 65.6425
1963 65.9191
1964 65.6102
1965 65.7515
1966 66.1514
1967 66.2018
1968 65.7625
1969 66.2554
1970 65.7364
1971 66.1745
1972 66.3154
1973 65.6725
1974 65.7743
1975 65.7076
1976 65.8848
1977 65.8797
1978 65.853
1979 65.7172
1980 65.8559
1981 66.1043
1982 66.2459
1983 66.0397
1984 65.7778
1985 66.1281
1986 66.181
1987 66.107
1988 65.8072
1989 65.972
1990 66.1258
1991 66.0624
1992 65.8964
1993 65.7469
1994 66.1723
1995 66.1141
1996 65.8454
1997 65.8356
1998 66.0455
1999 65.6883
2000 65.94
2001 66.0029
2002 65.7911
2003 65.9982
2004 65.6193
2005 65.8942
2006 65.7498
2007 65.7205
2008 66.1851
2009 65.8189
2010 65.8
2011 65.7588
2012 65.7862
2013 65.6442
2014 65.6895
2015 65.6868
2016 65.6705
2017 66.0787
2018 65.9941
2019 65.8109
2020 65.6752
2021 65.6971
2022 65.68
2023 65.8061
2024 65.5728
2025 65.6554
2026 65.9386
2027 66.2487
2028 65.7977
2029 65.7559
2030 65.9065
2031 65.7549
2032 65.9766
2033 65.8805
2034 65.9778
2035 65.9188
2036 65.9415
2037 65.8728
2038 65.9175
2039 65.8761
2040 66.3006
2041 65.9618
2042 66.0978
2043 65.955
2044 65.8762
2045 65.8769
2046 65.937
2047 65.7002
2048 65.8309
2049 65.618
2050 65.6948
2051 66.1995
2052 66.0232
2053 66.0524
2054 65.9442
2055 66.0698
2056 65.9454
2057 66.0504
2058 66.2211
2059 65.7218
2060 65.8859
2061 65.8785
2062 66.0955
2063 65.9345
2064 65.7314
2065 66.0972
2066 65.8039
2067 65.8704
2068 65.7139
2069 65.4408
2070 65.6997
2071 65.953
2072 65.9481
2073 65.9815
2074 65.7293
2075 65.7615
2076 65.7509
2077 66.1462
2078 65.8565
2079 66.325
2080 66.1337
2081 66.0119
2082 65.9585
2083 65.8962
2084 65.8317
2085 65.8353
2086 66.2295
2087 66.1837
2088 66.0397
2089 66.0165
2090 65.5455
2091 65.7876
2092 65.6214
2093 65.7815
2094 65.6619
2095 65.7452
2096 65.7542
2097 65.6955
2098 65.7949
2099 66.0228
2100 65.7033
2101 65.78
2102 65.7549
2103 66.0977
2104 66.0312
2105 66.2037
2106 66.0639
2107 65.9242
2108 66.0418
2109 66.0513
2110 66.0752
2111 65.8883
2112 65.7966
2113 65.6652
2114 65.6851
2115 66.0563
2116 65.9877
2117 66.1614
2118 65.973
2119 65.9236
2120 65.8179
2121 65.7659
2122 66.1349
2123 66.069
2124 66.0158
2125 65.648
2126 66.0042
2127 66.2902
2128 66.2238
2129 65.9181
2130 65.9325
2131 66.0126
2132 65.7921
2133 65.5918
2134 65.7948
2135 65.8718
2136 65.9095
2137 65.9496
2138 65.9259
2139 65.9291
2140 66.0053
2141 65.7743
2142 65.9616
2143 65.6924
2144 65.6072
2145 65.6922
2146 65.974
2147 66.305
2148 66.1837
2149 65.5599
2150 65.9247
2151 65.9973
2152 66.3265
2153 65.5924
2154 65.883
2155 65.9414
2156 66.3253
2157 66.1253
2158 66.113
2159 65.7865
2160 65.8755
2161 65.7869
2162 65.5794
2163 65.7594
2164 66.1012
2165 65.9145
2166 65.9592
2167 66.0128
2168 65.8495
2169 65.623
2170 66.0665
2171 65.8534
2172 65.7295
2173 66.0325
2174 65.9576
2175 65.9482
2176 66.1715
2177 66.1385
2178 66.0643
2179 66.0481
2180 66.1393
2181 65.7893
2182 65.8264
2183 65.8688
2184 65.9407
2185 65.6342
2186 65.8423
2187 65.6364
2188 65.7232
2189 66.0022
2190 66.1163
2191 65.8657
2192 66.18
2193 66.2784
2194 66.1482
2195 65.9631
2196 66.0815
2197 65.8904
2198 66.0049
2199 65.7084
2200 65.5757
2201 65.7429
2202 65.9317
2203 66.0805
2204 65.7221
2205 66.0276
2206 66.31
2207 65.8313
2208 65.6576
2209 65.6677
2210 65.9553
2211 65.8827
2212 66.0198
2213 66.0521
2214 65.6734
2215 65.909
2216 65.6362
2217 65.9415
2218 65.837
2219 66.0669
2220 65.8707
2221 65.7934
2222 65.6978
2223 66.2629
2224 65.9395
2225 65.7537
2226 65.7861
2227 65.9569
2228 66.5768
2229 66.3156
2230 65.9244
2231 65.9127
2232 66.0023
2233 65.7284
2234 65.9758
2235 65.893
2236 65.7722
2237 66.1874
2238 66.1184
2239 65.6038
2240 65.793
2241 65.6961
2242 65.8067
2243 65.9143
2244 65.8268
2245 65.8432
2246 65.6393
2247 65.8029
2248 65.9377
2249 66.1751
2250 65.931
2251 65.8415
2252 66.0318
2253 65.7648
2254 65.5093
2255 65.9192
2256 65.9685
2257 65.9159
2258 65.7289
2259 65.8125
2260 65.9387
2261 65.6901
2262 66.0414
2263 65.7869
2264 65.9415
2265 66.0338
2266 65.9815
2267 66.0733
2268 65.9469
2269 65.772
2270 66.1352
2271 66.0587
2272 65.6193
2273 65.6758
2274 65.7905
2275 65.9427
2276 65.848
2277 65.885
2278 65.8396
2279 66.0233
2280 66.0371
2281 66.006
2282 66.1787
2283 65.9414
2284 65.7908
2285 65.7201
2286 66.0914
2287 65.9609
2288 66.0984
2289 66.1503
2290 65.8092
2291 65.9838
2292 66.1222
2293 66.0197
2294 65.88
2295 65.733
2296 65.5088
2297 66.0266
2298 65.6358
2299 65.8079
2300 65.7583
2301 66.0166
2302 66.2414
2303 66.3652
2304 65.8209
2305 65.7251
2306 65.9376
2307 65.7793
2308 65.5429
2309 65.5715
2310 66.0908
2311 66.0135
2312 65.9705
2313 66.0763
2314 65.9436
2315 65.6968
2316 65.9112
2317 65.5598
2318 65.7406
2319 65.9034
2320 66.0828
2321 65.7445
2322 66.1699
2323 65.9265
2324 65.9132
2325 65.9499
2326 65.5745
2327 65.4635
2328 65.5439
2329 66.0362
2330 65.7794
2331 65.8992
2332 65.8696
2333 65.6427
2334 65.9464
2335 66.1338
2336 65.9775
2337 66.0572
2338 66.083
2339 66.0035
2340 66.1667
2341 66.0867
2342 65.9755
2343 65.7195
2344 65.9502
2345 66.1054
2346 66.1677
2347 65.7068
2348 65.7489
2349 65.672
2350 65.9088
2351 66.1239
2352 65.973
2353 66.235
2354 66.1908
2355 65.7935
2356 66.1223
2357 66.1162
2358 66.1679
2359 65.912
2360 65.7741
2361 65.9762
2362 66.0052
2363 66.1085
2364 65.7312
2365 66.0383
2366 65.9141
2367 66.1369
2368 65.6808
2369 65.7439
2370 65.8357
2371 66.0843
2372 66.0776
2373 65.9755
2374 65.8141
2375 65.7019
2376 66.0563
2377 65.8211
2378 65.9621
2379 66.092
2380 65.6251
2381 65.5445
2382 65.45
2383 65.824
2384 65.7196
2385 65.7427
2386 66.0316
2387 65.7847
2388 66.1759
2389 65.7681
2390 66.0088
2391 65.8646
2392 65.9071
2393 65.9575
2394 65.8094
2395 66.1484
2396 66.1139
2397 65.9129
2398 65.9988
2399 65.8615
2400 66.0427
2401 66.0218
2402 65.9291
2403 66.0353
2404 65.8831
2405 65.9814
2406 65.883
2407 66.106
2408 66.3747
2409 66.1758
2410 65.8054
2411 66.1408
2412 65.9036
2413 65.9917
2414 66.0455
2415 66.0081
2416 65.8499
2417 65.8821
2418 65.8615
2419 65.8006
2420 65.8577
2421 65.8954
2422 66.5055
2423 65.9846
2424 66.0225
2425 65.9644
2426 66.0979
2427 65.8617
2428 65.6904
2429 65.8438
2430 65.7021
2431 66.3972
2432 65.83
2433 66.1818
2434 65.982
2435 65.8198
2436 65.9497
2437 65.8901
2438 65.7757
2439 66.0909
2440 66.0766
2441 66.3831
2442 66.1468
2443 66.0021
2444 65.9991
2445 65.7263
2446 65.9248
2447 65.843
2448 65.7552
2449 65.9119
2450 66.0305
2451 66.2706
2452 65.7392
2453 65.7597
2454 66.0197
2455 66.1451
2456 66.2854
2457 65.911
2458 66.0203
2459 65.7418
2460 65.9488
2461 66.0223
2462 65.9986
2463 66.0337
2464 65.689
2465 65.7978
2466 65.7853
2467 65.6221
2468 65.9368
2469 65.9104
2470 65.8374
2471 65.7992
2472 65.9879
2473 65.9658
2474 66.121
2475 66.0639
2476 66.5
2477 65.9093
2478 65.8411
2479 66.1718
2480 65.6714
2481 65.6755
2482 65.9495
2483 65.8595
2484 66.0028
2485 65.7547
2486 66.0161
2487 66.0136
2488 66.2799
2489 65.9729
2490 66.2381
2491 65.7911
2492 65.972
2493 66.1504
2494 66.1461
2495 65.9792
2496 65.7622
2497 65.8266
2498 65.9109
2499 66.2188
2500 66.099
2501 65.7773
2502 66.3172
2503 65.8894
2504 65.8296
2505 65.9423
2506 66.0574
2507 66.0488
2508 65.6452
2509 65.8937
2510 65.8437
2511 66.1711
2512 65.8355
2513 65.9995
2514 66.103
2515 65.9778
2516 65.8705
2517 65.8894
2518 65.9652
2519 65.5773
2520 65.8157
2521 65.8402
2522 65.5581
2523 65.6547
2524 65.829
2525 65.9385
2526 65.795
2527 65.8749
2528 65.7994
2529 66.0399
2530 65.9514
2531 65.9631
2532 65.7922
2533 66.1004
2534 66.0755
2535 65.7373
2536 65.8523
2537 65.9986
2538 66.0546
2539 66.171
2540 65.6238
2541 65.6513
2542 65.9156
2543 65.7032
2544 65.9438
2545 66.1348
2546 66.1251
2547 66.0046
2548 66.0057
2549 65.8247
2550 66.0155
2551 65.6433
2552 65.7261
2553 65.729
2554 65.9523
2555 65.8925
2556 66.4166
2557 66.1815
2558 66.1402
2559 66.0122
2560 66.1974
2561 66.1861
2562 66.0285
2563 65.8808
2564 66.0703
2565 65.6613
2566 66.1751
2567 66.1595
2568 65.9351
2569 65.853
2570 65.6378
2571 65.6719
2572 65.9416
2573 65.8191
2574 65.6955
2575 65.8536
2576 65.8108
2577 66.1299
2578 65.9785
2579 66.3861
2580 65.9899
2581 65.8722
2582 65.9057
2583 65.8536
2584 65.9435
2585 66.0654
2586 65.6876
2587 65.7924
2588 65.8274
2589 65.8666
2590 66.3769
2591 66.3749
2592 66.183
2593 65.7411
2594 66.1318
2595 65.7599
2596 66.0237
2597 66.1479
2598 66.0424
2599 66.0606
2600 65.9296
2601 66.0946
2602 66.2584
2603 65.7557
2604 65.8858
2605 66.1402
2606 65.9238
2607 65.8249
2608 65.927
2609 65.6218
2610 65.5238
2611 65.9704
2612 65.9006
2613 66.0743
2614 65.8813
2615 65.9569
2616 66.1275
2617 65.8866
2618 66.0419
2619 66.153
2620 65.7881
2621 65.8431
2622 65.9892
2623 65.9226
2624 66.232
2625 65.8649
2626 65.8019
2627 66.1131
2628 66.1541
2629 65.8428
2630 65.8893
2631 65.7384
2632 65.8457
2633 65.9828
2634 65.8651
2635 65.928
2636 66.0371
2637 65.907
2638 66.0297
2639 65.7909
2640 65.9559
2641 65.6758
2642 65.9707
2643 66.0176
2644 66.0379
2645 66.3866
2646 66.2897
2647 66.2575
2648 66.148
2649 65.7966
2650 65.6673
2651 66.2196
2652 66.1673
2653 66.105
2654 66.282
2655 66.1217
2656 66.0623
2657 65.7229
2658 65.94
2659 66.1233
2660 66.065
2661 66.115
2662 66.3366
2663 65.9131
2664 65.6943
2665 65.8101
2666 65.9988
2667 66.0621
2668 65.9519
2669 66.0539
2670 65.8637
2671 65.7762
2672 66.0213
2673 65.7421
2674 65.9807
2675 65.8628
2676 65.8421
2677 65.9339
2678 66.2502
2679 66.0892
2680 66.2968
2681 65.9544
2682 65.9452
2683 65.7375
2684 65.4231
2685 65.8585
2686 65.9047
2687 66.0499
2688 65.6332
2689 65.6241
2690 65.9581
2691 65.7465
2692 65.7111
2693 66.2099
2694 66.3314
2695 65.9779
2696 66.0847
2697 66.2781
2698 66.062
2699 65.7511
2700 65.9957
2701 65.936
2702 65.9681
2703 65.726
2704 65.7935
2705 66.011
2706 66.0452
2707 65.8235
2708 65.89
2709 66.1594
2710 65.7789
2711 65.6936
2712 65.845
2713 65.8485
2714 66.0579
2715 65.6973
2716 65.7704
2717 65.7632
2718 66.2658
2719 65.8675
2720 65.9631
2721 65.8685
2722 65.9261
2723 65.8513
2724 65.7164
2725 65.7143
2726 65.996
2727 65.995
2728 65.8859
2729 66.2733
2730 65.8912
2731 66.0548
2732 66.0813
2733 66.1103
2734 66.209
2735 65.9494
2736 65.7464
2737 65.8277
2738 65.7767
2739 65.7617
2740 66.0762
2741 65.9676
2742 65.9573
2743 65.9144
2744 65.7087
2745 65.8956
2746 65.7426
2747 66.1202
2748 65.7371
2749 65.7679
2750 65.9697
2751 65.8782
2752 65.406
2753 65.7456
2754 65.8476
2755 65.9408
2756 65.8522
2757 66.0707
2758 66.0821
2759 66.0281
2760 65.85
2761 66.3142
2762 65.9227
2763 66.0566
2764 66.2772
2765 66.0745
2766 65.8239
2767 66.0264
2768 65.798
2769 65.9727
2770 66.4781
2771 66.0496
2772 65.9253
2773 65.8846
2774 65.9081
2775 66.022
2776 65.7421
2777 66.0033
2778 66.0163
2779 65.8194
2780 65.8964
2781 65.8109
2782 65.9332
2783 65.9334
2784 66.283
2785 65.9596
2786 65.9992
2787 66.0337
2788 65.8418
2789 65.8231
2790 65.8173
2791 65.9185
2792 66.1851
2793 65.8276
2794 65.9019
2795 66.2157
2796 66.0314
2797 65.8206
2798 66.1526
2799 65.9015
2800 65.5776
2801 65.8746
2802 66.14
2803 65.6633
2804 66.2479
2805 66.0673
2806 65.971
2807 65.9852
2808 65.8781
2809 66.118
2810 65.9004
2811 66.3344
2812 66.1204
2813 65.7976
2814 65.5556
2815 66.0332
2816 65.7651
2817 65.6987
2818 66.0204
2819 65.6147
2820 65.93
2821 65.543
2822 65.9685
2823 66.0419
2824 65.8836
2825 65.8567
2826 66.1045
2827 66.0518
2828 66.0048
2829 66.1358
2830 66.0033
2831 65.7684
2832 65.9188
2833 65.8663
2834 65.8909
2835 66.0556
2836 66.0975
2837 65.921
2838 66.1631
2839 65.826
2840 65.9559
2841 65.7481
2842 65.8174
2843 65.5977
2844 65.981
2845 65.9518
2846 65.978
2847 65.8726
2848 65.6989
2849 65.8396
2850 65.7738
2851 66.1119
2852 66.07
2853 65.982
2854 66.0015
2855 66.0993
2856 65.8926
2857 66.2065
2858 65.8478
2859 65.7278
2860 65.8847
2861 65.4917
2862 65.8511
2863 66.0676
2864 66.0334
2865 65.6767
2866 65.8775
2867 66.1545
2868 65.9238
2869 65.8042
2870 66.1325
2871 66.1256
2872 65.8868
2873 66.0337
2874 66.1385
2875 65.9513
2876 65.7087
2877 65.6793
2878 65.7103
2879 65.9693
2880 65.9428
2881 66.1506
2882 65.8805
2883 65.8183
2884 65.8108
2885 65.8641
2886 66.0095
2887 65.7517
2888 65.8918
2889 65.9038
2890 65.8657
2891 65.8244
2892 65.9353
2893 66.0794
2894 65.9758
2895 65.9843
2896 66.0922
2897 66.0037
2898 65.965
2899 65.9822
2900 65.9384
2901 65.8015
2902 65.4357
2903 65.9942
2904 66.0747
2905 66.4313
2906 66.0124
2907 65.8861
2908 66.2723
2909 65.9528
2910 66.0694
2911 66.0652
2912 65.9063
2913 65.9054
2914 65.7304
2915 66.064
2916 65.9905
2917 66.0018
2918 65.8551
2919 66.0233
2920 66.0533
2921 65.727
2922 66.123
2923 65.6315
2924 65.7413
2925 65.8415
2926 65.8904
2927 65.6654
2928 65.7356
2929 65.8201
2930 65.9293
2931 65.6434
2932 66.027
2933 66.1702
2934 65.9836
2935 66.0453
2936 66.2445
2937 65.7407
2938 65.8316
2939 65.98
2940 66.2483
2941 66.3624
2942 66.185
2943 65.9197
2944 65.5512
2945 65.9611
2946 66.0732
2947 65.8589
2948 66.0259
2949 65.9996
2950 66.0159
2951 66.4539
2952 66.1525
2953 66.0167
2954 66.0992
2955 65.7482
2956 66.0641
2957 65.6917
2958 65.8783
2959 65.6378
2960 65.9594
2961 65.8924
2962 65.7568
2963 65.8249
2964 65.762
2965 65.7752
2966 65.813
2967 66.1558
2968 65.8141
2969 65.7181
2970 65.6133
2971 66.0101
2972 65.7527
2973 66.0121
2974 65.9227
2975 65.6536
2976 65.8343
2977 65.684
2978 66.0547
2979 65.843
2980 65.8446
2981 65.9956
2982 65.9903
2983 65.6821
2984 65.8937
2985 65.9101
2986 65.9916
2987 65.7989
2988 66.0981
2989 66.1169
2990 65.7017
2991 66.0596
2992 65.8972
2993 65.8033
2994 66.2501
2995 66.1108
2996 66.0596
2997 65.7536
2998 66.2851
2999 65.9326
3000 66.2708
3001 65.7439
3002 65.8227
3003 66.2725
3004 66.1613
3005 65.7257
3006 66.02
3007 65.8606
3008 65.9505
3009 65.8065
3010 65.6551
3011 65.79
3012 65.5371
3013 65.6801
3014 66.1033
3015 66.1353
3016 65.9459
3017 66.0348
3018 65.9629
3019 66.0859
3020 65.6083
3021 65.9771
3022 65.9731
3023 65.9297
3024 65.8962
3025 65.8784
3026 65.8432
3027 65.8238
3028 65.6315
3029 66.0215
3030 65.8482
3031 66.1251
3032 65.7135
3033 66.0857
3034 65.939
3035 65.4544
3036 65.6514
3037 66.0103
3038 66.1455
3039 65.9342
3040 65.8965
3041 66.008
3042 65.8427
3043 65.9947
3044 66.0212
3045 65.5472
3046 65.6438
3047 65.8266
3048 65.6266
3049 66.0201
3050 65.9073
3051 66.3108
3052 66.1174
3053 66.1391
3054 66.1151
3055 66.0215
3056 65.8837
3057 65.7522
3058 66.2978
3059 66.0072
3060 66.1226
3061 66.1314
3062 65.8945
3063 66.0132
3064 66.1166
3065 65.8812
3066 65.7486
3067 65.8804
3068 65.9183
3069 65.6574
3070 65.6732
3071 66.1433
3072 65.8165
3073 65.9326
3074 66.0988
3075 66.4127
3076 66.2753
3077 66.5465
3078 66.4618
3079 66.3846
3080 65.9908
3081 65.8079
3082 66.2527
3083 66.1337
3084 66.1026
3085 66.1859
3086 66.3553
3087 66.0215
3088 66.02
3089 65.635
3090 65.7868
3091 65.4935
3092 66.2345
3093 65.9265
3094 65.6691
3095 65.9237
3096 66.1488
3097 65.9516
3098 66.132
3099 66.0136
3100 65.927
3101 65.9223
3102 66.0193
3103 66.0491
3104 65.9443
3105 65.6876
3106 65.6425
3107 65.7707
3108 65.8468
3109 66.0317
3110 65.9896
3111 65.9065
3112 65.7938
3113 66.1658
3114 65.8962
3115 65.6675
3116 65.8333
3117 65.875
3118 65.9921
3119 65.9123
3120 65.7926
3121 66.0167
3122 66.0023
3123 65.8425
3124 65.7501
3125 66.0279
3126 65.8874
3127 65.884
3128 66.0477
3129 65.9726
3130 65.9172
3131 65.8928
3132 65.9123
3133 66.025
3134 65.9544
3135 66.2614
3136 65.9741
3137 65.9905
3138 65.9188
3139 65.8532
3140 65.7539
3141 66.0258
3142 65.8648
3143 66.0691
3144 65.9521
3145 65.7212
3146 65.9474
3147 65.8507
3148 65.7786
3149 65.8032
3150 65.5094
3151 65.799
3152 65.9607
3153 65.9845
3154 65.8734
3155 66.0789
3156 65.9468
3157 65.9393
3158 65.8377
3159 66.1445
3160 66.0133
3161 65.7629
3162 66.1636
3163 65.9695
3164 66.0454
3165 65.9518
3166 65.7339
3167 65.8555
3168 66.0381
3169 65.7943
3170 65.9048
3171 66.0318
3172 65.6393
3173 65.9482
3174 65.8338
3175 66.0261
3176 65.6586
3177 65.5904
3178 65.6704
3179 66.0186
3180 66.0385
3181 65.9445
3182 66.0741
3183 65.7076
3184 66.2198
3185 66.0041
3186 65.9807
3187 66.2452
3188 65.9668
3189 65.6429
3190 66.1187
3191 65.887
3192 66.0001
3193 65.7951
3194 66.2609
3195 65.8491
3196 66.056
3197 65.8641
3198 66.1615
3199 65.8399
3200 65.8124
3201 65.8673
3202 65.5882
3203 65.7565
3204 66.0854
3205 66.2654
3206 66.1337
3207 65.9221
3208 65.8965
3209 65.8785
3210 65.6731
3211 65.7895
3212 65.8963
3213 66.1411
3214 66.0784
3215 66.1752
3216 65.9279
3217 65.9128
3218 65.9796
3219 65.932
3220 66.0533
3221 66.0155
3222 66.151
3223 66.0874
3224 65.9257
3225 66.0496
3226 66.0794
3227 65.9621
3228 65.8559
3229 65.9014
3230 65.8067
3231 65.8122
3232 65.7975
3233 66.0928
3234 65.742
3235 66.18
3236 65.9149
3237 66.0964
3238 65.7448
3239 66.023
3240 65.6845
3241 65.7515
3242 66.0424
3243 66.0714
3244 65.7336
3245 65.83
3246 65.6771
3247 66.1239
3248 66.031
3249 65.8994
3250 65.9684
3251 65.8506
3252 66.0023
3253 65.6934
3254 65.7633
3255 65.6935
3256 65.8777
3257 65.8595
3258 65.8499
3259 66.239
3260 65.9248
3261 66.228
3262 66.1843
3263 66.0331
3264 66.0072
3265 66.0228
3266 66.3803
3267 66.3371
3268 66.0697
3269 65.8358
3270 66.0212
3271 65.8997
3272 65.7392
3273 65.908
3274 65.9137
3275 66.006
3276 66.1903
3277 65.9918
3278 65.8681
3279 65.8181
3280 66.3099
3281 66.1623
3282 66.2419
3283 66.2902
3284 65.8938
3285 65.9412
3286 65.7557
3287 65.8188
3288 65.7938
3289 66.0721
3290 65.6015
3291 66.0169
3292 65.5888
3293 65.9464
3294 66.0657
3295 66.0672
3296 65.8413
3297 65.8177
3298 65.8397
3299 66.1485
3300 66.0512
3301 65.8958
3302 66.1585
3303 65.4917
3304 65.4351
3305 65.9723
3306 66.1454
3307 65.9763
3308 65.8731
3309 65.8569
3310 66.0143
3311 65.8539
3312 65.8994
3313 65.7998
3314 65.9954
3315 66.0093
3316 65.9323
3317 65.9912
3318 66.03
3319 65.9443
3320 66.2703
3321 66.1191
3322 66.2907
3323 65.8819
3324 65.862
3325 65.6948
3326 65.6614
3327 66.0428
3328 66.0396
3329 65.8793
3330 66.0697
3331 65.7254
3332 66.1429
3333 66.0856
3334 65.9111
3335 66.015
3336 66.2042
3337 65.8789
3338 66.4342
3339 66.2154
3340 65.9665
3341 65.8593
3342 65.7607
3343 65.8368
3344 65.7884
3345 66.0716
3346 66.0245
3347 66.0423
3348 66.2127
3349 66.0019
3350 66.1434
3351 65.7304
3352 65.7974
3353 65.7019
3354 65.7963
3355 66.1128
3356 65.6432
3357 65.6555
3358 66.1317
3359 66.2573
3360 66.0434
3361 66.1172
3362 66.0895
3363 65.9351
3364 65.9028
3365 66.0039
3366 65.8937
3367 66.298
3368 66.2647
3369 65.8521
3370 65.8305
3371 65.9003
3372 65.7785
3373 65.6037
3374 65.6437
3375 65.9863
3376 65.9835
3377 65.6568
3378 65.9593
3379 65.7656
3380 66.1485
3381 66.0402
3382 66.2889
3383 66.0218
3384 65.8097
3385 65.8558
3386 65.9609
3387 65.7731
3388 65.9301
3389 66.0957
3390 65.7367
3391 65.8935
3392 65.8968
3393 65.7252
3394 65.9586
3395 65.9704
3396 66.2034
3397 65.8353
3398 65.9399
3399 65.9478
3400 65.943
3401 65.8102
3402 65.8894
3403 66.0142
3404 65.9178
3405 65.8805
3406 65.8907
3407 65.6612
3408 65.6175
3409 65.7728
3410 66.3271
3411 66.2967
3412 65.6516
3413 65.5804
3414 65.5972
3415 65.9544
3416 66.3448
3417 66.0167
3418 65.7444
3419 65.7406
3420 65.9181
3421 65.8965
3422 65.7321
3423 65.8259
3424 65.9037
3425 65.8481
3426 66.1764
3427 66.0062
3428 66.4198
3429 66.1373
3430 65.9537
3431 65.959
3432 65.9771
3433 66.1873
3434 65.7791
3435 65.8538
3436 66.0262
3437 65.8566
3438 65.644
3439 65.8245
3440 66.2467
3441 65.8648
3442 65.9009
3443 65.9922
3444 66.1692
3445 66.0991
3446 65.936
3447 65.8634
3448 65.8611
3449 66.0159
3450 65.9102
3451 65.694
3452 65.8965
3453 66.1281
3454 65.8154
3455 65.5334
3456 65.9609
3457 65.8503
3458 65.6661
3459 66.05
3460 65.7383
3461 66.0204
3462 65.7889
3463 65.7087
3464 66.0307
3465 66.0169
3466 65.7121
3467 65.9318
3468 66.2698
3469 65.6093
3470 65.7562
3471 65.7489
3472 65.9195
3473 65.8652
3474 65.7643
3475 65.9579
3476 65.8665
3477 66.0262
3478 65.9281
3479 65.8678
3480 66.1683
3481 66.1916
3482 66.0871
3483 66.144
3484 65.8356
3485 65.8172
3486 66.0108
3487 66.2282
3488 66.3302
3489 66.1175
3490 65.8746
3491 65.927
3492 65.9678
3493 65.891
3494 65.8524
3495 65.5524
3496 65.8753
3497 65.9883
3498 65.8369
3499 66.0471
3500 66.2326
