1 389.523
2 375.283
3 357.508
4 331.405
5 323.518
6 308.697
7 288.329
8 277.824
9 268.525
10 259.594
11 253.24
12 248.842
13 239.912
14 234.846
15 228.11
16 222.959
17 217.978
18 212.469
19 208.182
20 202.48
21 195.405
22 190.562
23 188.281
24 185.249
25 180.073
26 176.456
27 174.021
28 170.886
29 165.892
30 162.883
31 161.441
32 159.11
33 156.263
34 153.422
35 151.025
36 149.358
37 146.49
38 144.294
39 142.269
40 140.23
41 138.334
42 136.598
43 134.13
44 132.011
45 129.363
46 127.072
47 124.291
48 122.595
49 121.392
50 120.151
51 117.757
52 116.291
53 115.051
54 114.105
55 113.077
56 111.584
57 110.889
58 109.625
59 108.284
60 106.717
61 105.039
62 103.879
63 103.23
64 103.108
65 101.801
66 101.427
67 100.428
68 99.649
69 98.1868
70 97.6181
71 96.3312
72 95.8535
73 95.1644
74 94.8684
75 94.5183
76 94.33
77 93.9284
78 93.1902
79 92.6409
80 92.2393
81 91.4286
82 91.1936
83 91.0766
84 90.6898
85 90.3283
86 89.2522
87 88.4348
88 88.1313
89 88.0853
90 87.9662
91 87.8016
92 87.6674
93 86.9569
94 86.8496
95 86.8496
96 84.2057
97 83.4657
98 83.0374
99 80.9812
100 80.7601
101 80.7601
102 80.2157
103 79.6911
104 79.5383
105 79.1115
106 78.8968
107 78.8968
108 78.8968
109 78.7568
110 78.4454
111 77.7141
112 77.7141
113 77.7141
114 77.23
115 76.4055
116 76.4055
117 75.551
118 75.551
119 75.551
120 75.551
121 75.551
122 75.2878
123 75.0071
124 75.0071
125 75.0071
126 75.0071
127 74.7515
128 74.7515
129 74.4571
130 74.4187
131 74.4187
132 74.1016
133 74.1016
134 73.9912
135 73.8071
136 73.8071
137 73.8071
138 73.8071
139 73.8071
140 73.7346
141 73.7129
142 73.7129
143 73.7129
144 73.7129
145 73.2224
146 73.2224
147 73
148 72.881
149 72.6015
150 72.6015
151 72.6015
152 72.6015
153 72.6015
154 72.6015
155 72.6015
156 72.6015
157 72.6015
158 72.422
159 72.422
160 72.422
161 72.3076
162 72.2303
163 72.2303
164 72.2303
165 72.2303
166 72.2303
167 72.2303
168 72.2303
169 72.2303
170 72.2303
171 72.2303
172 72.2303
173 72.2303
174 72.0639
175 72.0639
176 72.0639
177 72.0639
178 71.9456
179 71.9456
180 71.9456
181 71.9456
182 71.9456
183 71.9456
184 71.9456
185 71.9456
186 71.9456
187 71.9456
188 71.9456
189 71.9456
190 71.9456
191 71.9456
192 71.9456
193 71.9456
194 71.9456
195 71.9456
196 71.9456
197 71.9456
198 71.9456
199 71.9456
200 71.9456
201 71.9456
202 71.9456
203 71.9456
204 71.9456
205 71.9456
206 71.7815
207 71.3665
208 71.3665
209 71.3665
210 71.1609
211 71.1609
212 70.9776
213 70.8975
214 70.8975
215 70.8975
216 70.8975
217 70.8975
218 70.8975
219 70.8975
220 70.8463
221 70.8463
222 70.8463
223 70.8463
224 70.8463
225 70.8463
226 70.8463
227 70.8463
228 70.8463
229 70.8463
230 70.8463
231 70.4801
232 70.4801
233 70.4801
234 70.4801
235 70.4801
236 70.4801
237 70.4801
238 70.4801
239 70.4801
240 70.4801
241 70.4801
242 70.4801
243 70.4801
244 70.4801
245 70.4801
246 70.4801
247 70.4801
248 70.3147
249 70.3147
250 70.3147
251 70.3147
252 70.3147
253 70.3147
254 70.3147
255 70.3147
256 70.3147
257 70.3147
258 70.3147
259 70.3147
260 70.3147
261 70.3147
262 70.3147
263 70.3147
264 70.3147
265 70.3147
266 70.3147
267 70.3147
268 70.3147
269 70.3147
270 70.3147
271 70.3147
272 70.3147
273 70.3147
274 70.3147
275 70.3147
276 70.3147
277 70.3147
278 70.3147
279 70.3147
280 70.3147
281 70.3147
282 70.3147
283 70.3147
284 70.3147
285 70.3147
286 70.3147
287 70.3147
288 70.3147
289 70.3147
290 70.3147
291 70.3147
292 70.3147
293 70.3147
294 70.3147
295 70.3147
296 70.3147
297 70.3147
298 70.3147
299 70.3147
300 70.3147
301 70.3147
302 70.3147
303 70.3147
304 70.3147
305 70.3147
306 70.3147
307 70.3147
308 70.3147
309 70.3147
310 70.3147
311 70.3147
312 70.2384
313 70.2384
314 70.2384
315 70.2384
316 70.2384
317 70.2384
318 70.2384
319 70.2384
320 70.2384
321 70.2384
322 70.2384
323 70.2384
324 70.2384
325 70.2384
326 70.2384
327 70.2384
328 70.2384
329 70.2384
330 70.2384
331 70.2384
332 70.2384
333 70.2384
334 70.2384
335 70.2384
336 70.2384
337 70.2384
338 70.2384
339 70.2384
340 70.2384
341 70.2384
342 70.2384
343 70.2384
344 70.2384
345 70.2384
346 70.2384
347 70.2384
348 70.2384
349 70.2384
350 70.2384
351 70.2384
352 70.2384
353 70.2384
354 70.2384
355 70.2384
356 70.2384
357 70.2384
358 70.2384
359 70.2384
360 70.2384
361 70.2384
362 70.2384
363 70.2384
364 70.2384
365 70.2384
366 70.2384
367 70.2384
368 70.2384
369 70.2384
370 70.2384
371 70.2384
372 70.2384
373 70.2384
374 70.2384
375 70.2384
376 70.2384
377 70.2384
378 70.2384
379 70.2384
380 70.2384
381 70.2384
382 70.2384
383 70.2384
384 70.2384
385 70.2384
386 70.2384
387 70.2384
388 70.2384
389 70.2384
390 70.2384
391 70.2384
392 70.2384
393 70.2384
394 70.2384
395 70.2384
396 70.2384
397 70.2384
398 70.2384
399 70.2384
400 70.2384
401 70.2384
402 70.2384
403 70.2384
404 70.2384
405 70.2384
406 70.2384
407 70.2384
408 70.2384
409 70.2384
410 70.2384
411 70.2384
412 70.2384
413 70.2384
414 70.2384
415 70.2384
416 70.2384
417 70.2384
418 70.2384
419 70.2384
420 70.2384
421 70.2384
422 70.2384
423 70.2384
424 70.2384
425 70.2384
426 70.2384
427 70.2384
428 70.2384
429 70.2384
430 70.2384
431 70.2384
432 70.2384
433 70.2384
434 70.2384
435 70.2384
436 70.2384
437 70.2384
438 70.2384
439 70.2384
440 70.2384
441 70.2384
442 70.2384
443 70.2384
444 70.2384
445 70.1881
446 70.1881
447 70.1881
448 70.1881
449 70.1881
450 70.1881
451 69.8087
452 69.8087
453 69.8087
454 69.8087
455 69.8087
456 69.8087
457 69.7683
458 69.7683
459 69.3088
460 69.1573
461 68.6979
462 68.6979
463 68.6979
464 68.6406
465 68.6406
466 68.6406
467 68.6406
468 68.6406
469 68.6406
470 68.6406
471 68.6406
472 68.6406
473 68.6406
474 68.6406
475 68.6406
476 68.6406
477 68.6406
478 68.6406
479 68.6406
480 68.6406
481 68.6406
482 67.8513
483 67.8513
484 67.8513
485 67.8513
486 67.8513
487 67.8513
488 67.8513
489 67.8513
490 67.8513
491 67.8513
492 67.8513
493 67.8513
494 67.8513
495 67.8513
496 67.8513
497 67.8513
498 67.8513
499 67.8513
500 67.8513
501 67.8513
502 67.8513
503 67.8513
504 67.8513
505 67.8513
506 67.8513
507 67.8513
508 67.8513
509 67.8513
510 67.8513
511 67.8513
512 67.8513
513 67.8513
514 67.8513
515 67.8513
516 67.8513
517 67.8513
518 67.8513
519 67.8513
520 67.8513
521 67.8513
522 67.8513
523 67.8513
524 67.8513
525 67.8513
526 67.8513
527 67.8513
528 67.8513
529 67.8513
530 67.8513
531 67.8513
532 67.8513
533 67.8513
534 67.8513
535 67.8513
536 67.8513
537 67.8513
538 67.8513
539 67.8513
540 67.0156
541 67.0156
542 67.0156
543 67.0156
544 67.0156
545 67.0156
546 67.0156
547 67.0156
548 67.0156
549 67.0156
550 67.0156
551 67.0156
552 67.0156
553 67.0156
554 67.0156
555 67.0156
556 67.0156
557 67.0156
558 67.0156
559 67.0156
560 67.0156
561 67.0156
562 67.0156
563 67.0156
564 67.0156
565 67.0156
566 67.0156
567 67.0156
568 67.0156
569 67.0156
570 67.0156
571 67.0156
572 67.0156
573 67.0156
574 67.0156
575 67.0156
576 67.0156
577 67.0156
578 67.0156
579 67.0156
580 67.0156
581 67.0156
582 67.0156
583 67.0156
584 67.0156
585 67.0156
586 67.0156
587 67.0156
588 67.0156
589 67.0051
590 67.0051
591 67.0051
592 67.0051
593 67.0051
594 67.0051
595 67.0051
596 67.0051
597 67.0051
598 67.0051
599 67.0051
600 67.0051
601 67.0051
602 67.0051
603 67.0051
604 67.0051
605 67.0051
606 67.0051
607 67.0051
608 67.0051
609 67.0051
610 67.0051
611 67.0051
612 67.0051
613 67.0051
614 67.0051
615 67.0051
616 67.0051
617 67.0051
618 67.0051
619 67.0051
620 67.0051
621 67.0051
622 67.0051
623 67.0051
624 67.0051
625 67.0051
626 67.0051
627 67.0051
628 67.0051
629 67.0051
630 67.0051
631 67.0051
632 67.0051
633 67.0051
634 67.0051
635 67.0051
636 67.0051
637 67.0051
638 67.0051
639 67.0051
640 67.0051
641 67.0051
642 67.0051
643 67.0051
644 67.0051
645 67.0051
646 67.0051
647 67.0051
648 67.0051
649 67.0051
650 67.0051
651 67.0051
652 67.0051
653 67.0051
654 67.0051
655 67.0051
656 67.0051
657 67.0051
658 67.0051
659 67.0051
660 67.0051
661 67.0051
662 67.0051
663 67.0051
664 67.0051
665 67.0051
666 67.0051
667 67.0051
668 67.0051
669 67.0051
670 67.0051
671 67.0051
672 67.0051
673 67.0051
674 67.0051
675 67.0051
676 67.0051
677 67.0051
678 67.0051
679 67.0051
680 67.0051
681 67.0051
682 67.0051
683 67.0051
684 67.0051
685 67.0051
686 67.0051
687 67.0051
688 67.0051
689 67.0051
690 67.0051
691 67.0051
692 67.0051
693 67.0051
694 67.0051
695 67.0051
696 67.0051
697 67.0051
698 67.0051
699 67.0051
700 67.0051
701 67.0051
702 67.0051
703 67.0051
704 67.0051
705 67.0051
706 67.0051
707 67.0051
708 67.0051
709 67.0051
710 67.0051
711 67.0051
712 67.0051
713 67.0051
714 67.0051
715 67.0051
716 67.0051
717 67.0051
718 67.0051
719 67.0051
720 67.0051
721 67.0051
722 67.0051
723 67.0051
724 67.0051
725 67.0051
726 67.0051
727 67.0051
728 67.0051
729 67.0051
730 67.0051
731 67.0051
732 67.0051
733 67.0051
734 67.0051
735 67.0051
736 67.0051
737 67.0051
738 67.0051
739 67.0051
740 67.0051
741 67.0051
742 67.0051
743 67.0051
744 67.0051
745 67.0051
746 67.0051
747 67.0051
748 67.0051
749 67.0051
750 67.0051
751 67.0051
752 67.0051
753 67.0051
754 67.0051
755 67.0051
756 67.0051
757 67.0051
758 67.0051
759 67.0051
760 67.0051
761 67.0051
762 67.0051
763 67.0051
764 67.0051
765 67.0051
766 67.0051
767 67.0051
768 67.0051
769 67.0051
770 67.0051
771 67.0051
772 67.0051
773 67.0051
774 67.0051
775 67.0051
776 67.0051
777 67.0051
778 67.0051
779 67.0051
780 67.0051
781 67.0051
782 67.0051
783 67.0051
784 67.0051
785 67.0051
786 67.0051
787 67.0051
788 67.0051
789 67.0051
790 67.0051
791 67.0051
792 67.0051
793 67.0051
794 67.0051
795 67.0051
796 67.0051
797 67.0051
798 67.0051
799 67.0051
800 67.0051
801 67.0051
802 67.0051
803 67.0051
804 67.0051
805 67.0051
806 67.0051
807 67.0051
808 67.0051
809 67.0051
810 67.0051
811 67.0051
812 67.0051
813 67.0051
814 67.0051
815 67.0051
816 67.0051
817 67.0051
818 67.0051
819 67.0051
820 67.0051
821 67.0051
822 67.0051
823 67.0051
824 67.0051
825 67.0051
826 67.0051
827 67.0051
828 67.0051
829 67.0051
830 67.0051
831 67.0051
832 67.0051
833 67.0051
834 67.0051
835 67.0051
836 67.0051
837 67.0051
838 67.0051
839 67.0051
840 67.0051
841 67.0051
842 67.0051
843 67.0051
844 67.0051
845 67.0051
846 67.0051
847 67.0051
848 67.0051
849 67.0051
850 67.0051
851 67.0051
852 67.0051
853 67.0051
854 67.0051
855 66.9912
856 66.9912
857 66.9912
858 66.9912
859 66.9732
860 66.8199
861 66.7985
862 66.4637
863 66.4637
864 66.4637
865 66.4637
866 66.4637
867 66.4637
868 66.4637
869 66.4637
870 66.4637
871 66.4637
872 66.4637
873 66.4637
874 66.4637
875 66.4637
876 66.4637
877 66.4637
878 66.4637
879 66.4637
880 66.4637
881 66.4637
882 66.4637
883 66.4637
884 66.4637
885 66.4637
886 66.4637
887 66.4637
888 66.4637
889 66.4637
890 66.4637
891 66.4637
892 66.4637
893 66.4637
894 66.4637
895 66.4637
896 66.4637
897 66.4637
898 66.4637
899 66.4637
900 66.4637
901 66.4637
902 66.4637
903 66.4637
904 66.4637
905 66.4637
906 66.4637
907 66.4637
908 66.4637
909 66.4637
910 66.4637
911 66.4637
912 66.4637
913 66.4637
914 66.4637
915 66.4637
916 66.4637
917 66.4637
918 66.4637
919 66.4637
920 66.4637
921 66.4637
922 66.4637
923 66.4637
924 66.4637
925 66.4637
926 66.4637
927 66.4637
928 66.4637
929 66.4637
930 66.4637
931 66.4637
932 66.4637
933 66.4637
934 66.4637
935 66.4637
936 66.4637
937 66.4637
938 66.4637
939 66.4637
940 66.4637
941 66.4637
942 66.4637
943 66.4637
944 66.4637
945 66.4637
946 66.4637
947 66.4637
948 66.4637
949 66.4637
950 66.4637
951 66.4637
952 66.4637
953 66.4637
954 66.4637
955 66.4637
956 66.4637
957 66.4637
958 66.4637
959 66.4637
960 66.4637
961 66.4637
962 66.4637
963 66.4637
964 66.4637
965 66.4637
966 66.4637
967 66.4637
968 66.4637
969 66.4637
970 66.4637
971 66.4637
972 66.4637
973 66.4637
974 66.4637
975 66.4637
976 66.4637
977 66.4637
978 66.4637
979 66.4637
980 66.4637
981 66.4637
982 66.4637
983 66.4637
984 66.4637
985 66.4637
986 66.4637
987 66.4637
988 66.4637
989 66.4637
990 66.4637
991 66.4637
992 66.4637
993 66.4637
994 66.4637
995 66.4637
996 66.4637
997 66.4637
998 66.4637
999 66.4637
1000 66.4637
1001 66.4637
1002 66.4637
1003 66.4637
1004 66.4637
1005 66.4637
1006 66.4637
1007 66.4637
1008 66.4637
1009 66.4637
1010 66.4637
1011 66.4637
1012 66.4637
1013 66.4637
1014 66.4637
1015 66.4637
1016 66.4637
1017 66.4637
1018 66.4637
1019 66.4637
1020 66.4637
1021 66.4637
1022 66.4637
1023 66.4637
1024 66.4637
1025 66.4637
1026 66.4637
1027 66.4637
1028 66.4637
1029 66.4637
1030 66.4637
1031 66.4637
1032 66.4637
1033 66.4637
1034 66.4637
1035 66.4637
1036 66.4637
1037 66.4637
1038 66.4637
1039 66.4637
1040 66.4637
1041 66.4637
1042 66.4637
1043 66.4637
1044 66.4637
1045 66.4637
1046 66.4637
1047 66.4637
1048 66.4637
1049 66.4637
1050 66.4637
1051 66.4637
1052 66.4637
1053 66.4637
1054 66.4637
1055 66.4637
1056 66.4637
1057 66.4637
1058 66.4637
1059 66.4637
1060 66.4637
1061 66.4637
1062 66.4637
1063 66.4637
1064 66.4637
1065 66.4637
1066 66.4637
1067 66.4637
1068 66.4637
1069 66.4637
1070 66.4637
1071 66.4637
1072 66.4637
1073 66.4637
1074 66.4637
1075 66.4637
1076 66.4637
1077 66.4637
1078 66.4637
1079 66.4637
1080 66.4637
1081 66.4637
1082 66.4637
1083 66.4637
1084 66.4637
1085 66.4637
1086 66.4637
1087 66.4637
1088 66.4637
1089 66.4637
1090 66.4637
1091 66.4637
1092 66.4637
1093 66.4637
1094 66.4637
1095 66.4637
1096 66.4637
1097 66.4637
1098 66.4637
1099 66.4637
1100 66.4637
1101 66.4637
1102 66.4637
1103 66.4637
1104 66.4637
1105 66.4637
1106 66.4637
1107 66.4637
1108 66.4637
1109 66.4637
1110 66.4637
1111 66.4637
1112 66.4637
1113 66.4637
1114 66.4637
1115 66.4637
1116 66.4637
1117 66.4637
1118 66.4637
1119 66.4637
1120 66.4637
1121 66.4637
1122 66.4637
1123 66.4637
1124 66.4637
1125 66.4637
1126 66.4637
1127 66.4637
1128 66.4637
1129 66.4637
1130 66.4637
1131 66.4637
1132 66.4637
1133 66.4637
1134 66.4637
1135 66.4637
1136 66.4637
1137 66.4637
1138 66.4637
1139 66.4637
1140 66.4637
1141 66.4637
1142 66.4637
1143 66.4637
1144 66.4637
1145 66.4637
1146 66.4637
1147 66.4637
1148 66.4637
1149 66.4637
1150 66.4637
1151 66.4637
1152 66.4637
1153 66.4637
1154 66.4637
1155 66.4637
1156 66.4637
1157 66.4637
1158 66.4637
1159 66.4637
1160 66.4637
1161 66.4637
1162 66.4637
1163 66.4637
1164 66.4637
1165 66.4637
1166 66.4637
1167 66.4637
1168 66.4637
1169 66.4637
1170 66.4637
1171 66.4637
1172 66.4637
1173 66.135
1174 66.135
1175 66.135
1176 66.135
1177 66.135
1178 66.135
1179 66.135
1180 66.135
1181 66.135
1182 66.135
1183 66.135
1184 66.135
1185 66.135
1186 66.135
1187 66.135
1188 66.135
1189 66.135
1190 66.135
1191 66.135
1192 66.135
1193 66.135
1194 66.135
1195 66.135
1196 66.135
1197 66.135
1198 66.135
1199 66.135
1200 66.135
1201 66.135
1202 66.135
1203 66.135
1204 66.135
1205 66.135
1206 66.135
1207 66.135
1208 66.135
1209 66.135
1210 66.135
1211 66.135
1212 66.135
1213 66.135
1214 66.135
1215 66.135
1216 66.135
1217 66.135
1218 66.135
1219 66.135
1220 66.135
1221 66.135
1222 66.135
1223 66.135
1224 66.135
1225 66.135
1226 66.135
1227 66.135
1228 66.135
1229 66.135
1230 66.1259
1231 66.1259
1232 66.1259
1233 66.1259
1234 66.1259
1235 66.1259
1236 66.1259
1237 66.1259
1238 66.1259
1239 66.1259
1240 66.1259
1241 66.1259
1242 66.1259
1243 66.1259
1244 66.1259
1245 66.1259
1246 66.1259
1247 66.1259
1248 66.1259
1249 66.1259
1250 66.1259
1251 66.1259
1252 66.1259
1253 66.1259
1254 66.1259
1255 66.1259
1256 66.1259
1257 66.1259
1258 66.1259
1259 66.1259
1260 66.1259
1261 66.1259
1262 66.1259
1263 66.1259
1264 66.1259
1265 66.1259
1266 66.1259
1267 66.1259
1268 66.1259
1269 66.1259
1270 66.1259
1271 66.1259
1272 66.1259
1273 66.1259
1274 66.1259
1275 66.1259
1276 66.1259
1277 66.1259
1278 66.1259
1279 66.1259
1280 66.1259
1281 66.1259
1282 66.1259
1283 66.1259
1284 66.1259
1285 66.1259
1286 66.1259
1287 66.1259
1288 66.1259
1289 66.1259
1290 66.1259
1291 66.1259
1292 66.1259
1293 66.1259
1294 66.1259
1295 66.1259
1296 66.1259
1297 66.1259
1298 66.1259
1299 66.1259
1300 66.1259
1301 66.1259
1302 66.1259
1303 66.1259
1304 66.1259
1305 66.1259
1306 66.1259
1307 66.1259
1308 66.1259
1309 66.1259
1310 66.1259
1311 66.1259
1312 66.1259
1313 66.1259
1314 66.1259
1315 66.1259
1316 66.1259
1317 66.1259
1318 66.1259
1319 66.1259
1320 65.4708
1321 64.9493
1322 64.9493
1323 64.9493
1324 64.9493
1325 64.9493
1326 64.9493
1327 64.9493
1328 64.9493
1329 64.9493
1330 64.9493
1331 64.9493
1332 64.9493
1333 64.9493
1334 64.9493
1335 64.9493
1336 64.9493
1337 64.9493
1338 64.9493
1339 64.9493
1340 64.9493
1341 64.9493
1342 64.9493
1343 64.9493
1344 64.9493
1345 64.9493
1346 64.9493
1347 64.9493
1348 64.9493
1349 64.9493
1350 64.9493
1351 64.9493
1352 64.9493
1353 64.9493
1354 64.9493
1355 64.9493
1356 64.9493
1357 64.9493
1358 64.9493
1359 64.9493
1360 64.9493
1361 64.9493
1362 64.9493
1363 64.9493
1364 64.9493
1365 64.9493
1366 64.9493
1367 64.9493
1368 64.9493
1369 64.9493
1370 64.9493
1371 64.9493
1372 64.9493
1373 64.9493
1374 64.9493
1375 64.9493
1376 64.9493
1377 64.9493
1378 64.9493
1379 64.9493
1380 64.9493
1381 64.9493
1382 64.9493
1383 64.9493
1384 64.9493
1385 64.9493
1386 64.9493
1387 64.9493
1388 64.9493
1389 64.9493
1390 64.9493
1391 64.9493
1392 64.9493
1393 64.9493
1394 64.9493
1395 64.9493
1396 64.9493
1397 64.9493
1398 64.9493
1399 64.9493
1400 64.9493
1401 64.9493
1402 64.9493
1403 64.9493
1404 64.9493
1405 64.9493
1406 64.9493
1407 64.9493
1408 64.9493
1409 64.9493
1410 64.9493
1411 64.9493
1412 64.9493
1413 64.9493
1414 64.9493
1415 64.9493
1416 64.9493
1417 64.9493
1418 64.9493
1419 64.9493
1420 64.9493
1421 64.9493
1422 64.9493
1423 64.9493
1424 64.9493
1425 64.9493
1426 64.9493
1427 64.9493
1428 64.9493
1429 64.9493
1430 64.9493
1431 64.9493
1432 64.9493
1433 64.9493
1434 64.9493
1435 64.9493
1436 64.9493
1437 64.9493
1438 64.9493
1439 64.9493
1440 64.9493
1441 64.9493
1442 64.9493
1443 64.9493
1444 64.9493
1445 64.9493
1446 64.9493
1447 64.9493
1448 64.9493
1449 64.9493
1450 64.9493
1451 64.9493
1452 64.9493
1453 64.9493
1454 64.9493
1455 64.9493
1456 64.9493
1457 64.9493
1458 64.9493
1459 64.9493
1460 64.9493
1461 64.9493
1462 64.9493
1463 64.9493
1464 64.9493
1465 64.9493
1466 64.9493
1467 64.9493
1468 64.9493
1469 64.9493
1470 64.9493
1471 64.9493
1472 64.9493
1473 64.9493
1474 64.9493
1475 64.9493
1476 64.9493
1477 64.9493
1478 64.9493
1479 64.9493
1480 64.9493
1481 64.9493
1482 64.9493
1483 64.9493
1484 64.9493
1485 64.9493
1486 64.9493
1487 64.9493
1488 64.9493
1489 64.9493
1490 64.9493
1491 64.9493
1492 64.9493
1493 64.9493
1494 64.9493
1495 64.9493
1496 64.9493
1497 64.9493
1498 64.9493
1499 64.9493
1500 64.9493
1501 64.9493
1502 64.9493
1503 64.9493
1504 64.9493
1505 64.9493
1506 64.9493
1507 64.9493
1508 64.9493
1509 64.9493
1510 64.9493
1511 64.9493
1512 64.9493
1513 64.9493
1514 64.9493
1515 64.9493
1516 64.9493
1517 64.9493
1518 64.9493
1519 64.9493
1520 64.9493
1521 64.9493
1522 64.9493
1523 64.9493
1524 64.9493
1525 64.9493
1526 64.9493
1527 64.9493
1528 64.9493
1529 64.9493
1530 64.9493
1531 64.9493
1532 64.9493
1533 64.9493
1534 64.9493
1535 64.9493
1536 64.9493
1537 64.9493
1538 64.9493
1539 64.9493
1540 64.9493
1541 64.9493
1542 64.9493
1543 64.9493
1544 64.9493
1545 64.9493
1546 64.9493
1547 64.9493
1548 64.9493
1549 64.9493
1550 64.9493
1551 64.9493
1552 64.9493
1553 64.9493
1554 64.9493
1555 64.9493
1556 64.9493
1557 64.9493
1558 64.9493
1559 64.9493
1560 64.9493
1561 64.9493
1562 64.9493
1563 64.9493
1564 64.9493
1565 64.9493
1566 64.9493
1567 64.9493
1568 64.9493
1569 64.9493
1570 64.9493
1571 64.9493
1572 64.9493
1573 64.9493
1574 64.9493
1575 64.9493
1576 64.9493
1577 64.9493
1578 64.9493
1579 64.9493
1580 64.9493
1581 64.9493
1582 64.9493
1583 64.9493
1584 64.9493
1585 64.9493
1586 64.9493
1587 64.9493
1588 64.9493
1589 64.9493
1590 64.9493
1591 64.9493
1592 64.9493
1593 64.9493
1594 64.9493
1595 64.9493
1596 64.9493
1597 64.9493
1598 64.9493
1599 64.9493
1600 64.9493
1601 64.9493
1602 64.9493
1603 64.9493
1604 64.9493
1605 64.9493
1606 64.9493
1607 64.9493
1608 64.9493
1609 64.9493
1610 64.9493
1611 64.9493
1612 64.9493
1613 64.9493
1614 64.9493
1615 64.9493
1616 64.9493
1617 64.9493
1618 64.9493
1619 64.9493
1620 64.9493
1621 64.9493
1622 64.9493
1623 64.9493
1624 64.9493
1625 64.9493
1626 64.9493
1627 64.9493
1628 64.9493
1629 64.9493
1630 64.9493
1631 64.9493
1632 64.9493
1633 64.9493
1634 64.9493
1635 64.9493
1636 64.9493
1637 64.9493
1638 64.9493
1639 64.9493
1640 64.9493
1641 64.9493
1642 64.9493
1643 64.9493
1644 64.9493
1645 64.9493
1646 64.9493
1647 64.9493
1648 64.9493
1649 64.9493
1650 64.9493
1651 64.9493
1652 64.9493
1653 64.9493
1654 64.9493
1655 64.9493
1656 64.9493
1657 64.9493
1658 64.9493
1659 64.9493
1660 64.9493
1661 64.9493
1662 64.9493
1663 64.9493
1664 64.9493
1665 64.9493
1666 64.9493
1667 64.9493
1668 64.9493
1669 64.9493
1670 64.9493
1671 64.9493
1672 64.9493
1673 64.9493
1674 64.9493
1675 64.9493
1676 64.9493
1677 64.9493
1678 64.9493
1679 64.9493
1680 64.9493
1681 64.9493
1682 64.9493
1683 64.9493
1684 64.9493
1685 64.9493
1686 64.9493
1687 64.9493
1688 64.9493
1689 64.9493
1690 64.9493
1691 64.9493
1692 64.9493
1693 64.9493
1694 64.9493
1695 64.9493
1696 64.9493
1697 64.9493
1698 64.9493
1699 64.9493
1700 64.9493
1701 64.9493
1702 64.9493
1703 64.9493
1704 64.9493
1705 64.9493
1706 64.9493
1707 64.9493
1708 64.9493
1709 64.9493
1710 64.9493
1711 64.9493
1712 64.9493
1713 64.9493
1714 64.9493
1715 64.9493
1716 64.9493
1717 64.9493
1718 64.9493
1719 64.9493
1720 64.9493
1721 64.9493
1722 64.9493
1723 64.9493
1724 64.9493
1725 64.9493
1726 64.9493
1727 64.9493
1728 64.9493
1729 64.9493
1730 64.9493
1731 64.9493
1732 64.9493
1733 64.9493
1734 64.9493
1735 64.9493
1736 64.9493
1737 64.9493
1738 64.9493
1739 64.9493
1740 64.9493
1741 64.9493
1742 64.9493
1743 64.9493
1744 64.9493
1745 64.9493
1746 64.9493
1747 64.9493
1748 64.9493
1749 64.9493
1750 64.9493
1751 64.9493
1752 64.9493
1753 64.9493
1754 64.9493
1755 64.9493
1756 64.9493
1757 64.9493
1758 64.9493
1759 64.9493
1760 64.9493
1761 64.9493
1762 64.9493
1763 64.9493
1764 64.9493
1765 64.9493
1766 64.9493
1767 64.9493
1768 64.9466
1769 64.9466
1770 64.9466
1771 64.9466
1772 64.9466
1773 64.9466
1774 64.9466
1775 64.9466
1776 64.9466
1777 64.9466
1778 64.723
1779 64.723
1780 64.723
1781 64.723
1782 64.723
1783 64.723
1784 64.723
1785 64.723
1786 64.723
1787 64.723
1788 64.723
1789 64.723
1790 64.723
1791 64.723
1792 64.723
1793 64.723
1794 64.723
1795 64.723
1796 64.723
1797 64.723
1798 64.723
1799 64.723
1800 64.723
1801 64.723
1802 64.723
1803 64.723
1804 64.723
1805 64.723
1806 64.723
1807 64.723
1808 64.723
1809 64.723
1810 64.723
1811 64.723
1812 64.723
1813 64.723
1814 64.723
1815 64.723
1816 64.723
1817 64.723
1818 64.723
1819 64.723
1820 64.723
1821 64.723
1822 64.723
1823 64.723
1824 64.723
1825 64.723
1826 64.723
1827 64.723
1828 64.723
1829 64.723
1830 64.723
1831 64.723
1832 64.723
1833 64.723
1834 64.723
1835 64.723
1836 64.723
1837 64.723
1838 64.723
1839 64.723
1840 64.723
1841 64.723
1842 64.723
1843 64.723
1844 64.723
1845 64.723
1846 64.723
1847 64.723
1848 64.723
1849 64.723
1850 64.723
1851 64.723
1852 64.723
1853 64.723
1854 64.723
1855 64.723
1856 64.723
1857 64.723
1858 64.723
1859 64.723
1860 64.723
1861 64.723
1862 64.723
1863 64.723
1864 64.723
1865 64.723
1866 64.723
1867 64.723
1868 64.723
1869 64.723
1870 64.723
1871 64.723
1872 64.723
1873 64.723
1874 64.723
1875 64.723
1876 64.723
1877 64.723
1878 64.723
1879 64.723
1880 64.723
1881 64.723
1882 64.723
1883 64.723
1884 64.723
1885 64.723
1886 64.723
1887 64.723
1888 64.723
1889 64.723
1890 64.723
1891 64.723
1892 64.723
1893 64.723
1894 64.723
1895 64.723
1896 64.723
1897 64.723
1898 64.723
1899 64.723
1900 64.723
1901 64.723
1902 64.723
1903 64.723
1904 64.723
1905 64.723
1906 64.723
1907 64.723
1908 64.723
1909 64.723
1910 64.723
1911 64.723
1912 64.723
1913 64.723
1914 64.723
1915 64.723
1916 64.723
1917 64.723
1918 64.723
1919 64.723
1920 64.723
1921 64.723
1922 64.723
1923 64.723
1924 64.723
1925 64.723
1926 64.723
1927 64.723
1928 64.723
1929 64.723
1930 64.723
1931 64.723
1932 64.723
1933 64.723
1934 64.723
1935 64.723
1936 64.723
1937 64.723
1938 64.723
1939 64.723
1940 64.723
1941 64.723
1942 64.723
1943 64.723
1944 64.723
1945 64.723
1946 64.723
1947 64.723
1948 64.723
1949 64.723
1950 64.723
1951 64.723
1952 64.723
1953 64.723
1954 64.723
1955 64.723
1956 64.723
1957 64.723
1958 64.723
1959 64.723
1960 64.723
1961 64.723
1962 64.723
1963 64.723
1964 64.723
1965 64.723
1966 64.723
1967 64.723
1968 64.723
1969 64.723
1970 64.723
1971 64.723
1972 64.723
1973 64.723
1974 64.723
1975 64.723
1976 64.723
1977 64.723
1978 64.723
1979 64.723
1980 64.723
1981 64.723
1982 64.723
1983 64.723
1984 64.723
1985 64.723
1986 64.723
1987 64.723
1988 64.723
1989 64.723
1990 64.723
1991 64.723
1992 64.723
1993 64.723
1994 64.723
1995 64.723
1996 64.723
1997 64.723
1998 64.723
1999 64.723
2000 64.723
2001 64.723
2002 64.723
2003 64.723
2004 64.723
2005 64.723
2006 64.723
2007 64.723
2008 64.723
2009 64.723
2010 64.723
2011 64.723
2012 64.723
2013 64.723
2014 64.723
2015 64.723
2016 64.723
2017 64.723
2018 64.723
2019 64.723
2020 64.723
2021 64.723
2022 64.723
2023 64.723
2024 64.723
2025 64.723
2026 64.723
2027 64.723
2028 64.723
2029 64.723
2030 64.723
2031 64.723
2032 64.723
2033 64.723
2034 64.723
2035 64.723
2036 64.723
2037 64.723
2038 64.723
2039 64.723
2040 64.723
2041 64.723
2042 64.723
2043 64.723
2044 64.723
2045 64.723
2046 64.723
2047 64.723
2048 64.723
2049 64.723
2050 64.723
2051 64.723
2052 64.723
2053 64.723
2054 64.723
2055 64.723
2056 64.723
2057 64.723
2058 64.723
2059 64.723
2060 64.723
2061 64.723
2062 64.723
2063 64.723
2064 64.723
2065 64.723
2066 64.723
2067 64.723
2068 64.723
2069 64.723
2070 64.723
2071 64.723
2072 64.723
2073 64.723
2074 64.723
2075 64.723
2076 64.723
2077 64.723
2078 64.723
2079 64.723
2080 64.723
2081 64.723
2082 64.723
2083 64.723
2084 64.723
2085 64.723
2086 64.723
2087 64.723
2088 64.723
2089 64.723
2090 64.723
2091 64.723
2092 64.723
2093 64.723
2094 64.723
2095 64.723
2096 64.723
2097 64.723
2098 64.723
2099 64.723
2100 64.723
2101 64.723
2102 64.723
2103 64.723
2104 64.723
2105 64.723
2106 64.723
2107 64.723
2108 64.723
2109 64.723
2110 64.723
2111 64.723
2112 64.723
2113 64.723
2114 64.723
2115 64.723
2116 64.723
2117 64.723
2118 64.723
2119 64.723
2120 64.723
2121 64.723
2122 64.723
2123 64.723
2124 64.723
2125 64.723
2126 64.723
2127 64.723
2128 64.723
2129 64.723
2130 64.723
2131 64.723
2132 64.723
2133 64.723
2134 64.723
2135 64.723
2136 64.723
2137 64.723
2138 64.723
2139 64.723
2140 64.723
2141 64.723
2142 64.723
2143 64.723
2144 64.723
2145 64.723
2146 64.723
2147 64.723
2148 64.723
2149 64.723
2150 64.723
2151 64.723
2152 64.723
2153 64.723
2154 64.723
2155 64.723
2156 64.723
2157 64.723
2158 64.723
2159 64.723
2160 64.723
2161 64.723
2162 64.723
2163 64.723
2164 64.723
2165 64.723
2166 64.723
2167 64.723
2168 64.723
2169 64.723
2170 64.723
2171 64.723
2172 64.723
2173 64.723
2174 64.723
2175 64.723
2176 64.723
2177 64.723
2178 64.723
2179 64.723
2180 64.723
2181 64.723
2182 64.723
2183 64.723
2184 64.723
2185 64.723
2186 64.723
2187 64.723
2188 64.723
2189 64.723
2190 64.723
2191 64.723
2192 64.723
2193 64.723
2194 64.723
2195 64.723
2196 64.723
2197 64.723
2198 64.723
2199 64.723
2200 64.723
2201 64.723
2202 64.723
2203 64.723
2204 64.723
2205 64.723
2206 64.723
2207 64.723
2208 64.723
2209 64.723
2210 64.723
2211 64.723
2212 64.723
2213 64.723
2214 64.723
2215 64.723
2216 64.723
2217 64.723
2218 64.723
2219 64.723
2220 64.723
2221 64.723
2222 64.723
2223 64.723
2224 64.723
2225 64.723
2226 64.723
2227 64.723
2228 64.723
2229 64.723
2230 64.723
2231 64.723
2232 64.723
2233 64.723
2234 64.723
2235 64.723
2236 64.723
2237 64.723
2238 64.723
2239 64.723
2240 64.723
2241 64.723
2242 64.723
2243 64.723
2244 64.723
2245 64.723
2246 64.723
2247 64.723
2248 64.723
2249 64.723
2250 64.723
2251 64.723
2252 64.723
2253 64.723
2254 64.723
2255 64.723
2256 64.723
2257 64.723
2258 64.723
2259 64.723
2260 64.723
2261 64.723
2262 64.723
2263 64.723
2264 64.723
2265 64.723
2266 64.723
2267 64.723
2268 64.723
2269 64.723
2270 64.723
2271 64.723
2272 64.723
2273 64.723
2274 64.723
2275 64.723
2276 64.723
2277 64.723
2278 64.723
2279 64.723
2280 64.723
2281 64.723
2282 64.723
2283 64.723
2284 64.723
2285 64.723
2286 64.723
2287 64.723
2288 64.723
2289 64.723
2290 64.723
2291 64.723
2292 64.723
2293 64.723
2294 64.723
2295 64.723
2296 64.723
2297 64.723
2298 64.723
2299 64.723
2300 64.723
2301 64.723
2302 64.723
2303 64.723
2304 64.723
2305 64.723
2306 64.723
2307 64.723
2308 64.723
2309 64.723
2310 64.723
2311 64.723
2312 64.723
2313 64.723
2314 64.723
2315 64.723
2316 64.723
2317 64.723
2318 64.723
2319 64.723
2320 64.723
2321 64.723
2322 64.723
2323 64.723
2324 64.723
2325 64.723
2326 64.723
2327 64.723
2328 64.723
2329 64.723
2330 64.723
2331 64.723
2332 64.723
2333 64.723
2334 64.723
2335 64.723
2336 64.723
2337 64.723
2338 64.723
2339 64.723
2340 64.723
2341 64.723
2342 64.723
2343 64.723
2344 64.723
2345 64.723
2346 64.723
2347 64.723
2348 64.723
2349 64.723
2350 64.723
2351 64.723
2352 64.723
2353 64.723
2354 64.723
2355 64.723
2356 64.723
2357 64.723
2358 64.723
2359 64.723
2360 64.723
2361 64.723
2362 64.723
2363 64.723
2364 64.723
2365 64.723
2366 64.723
2367 64.723
2368 64.723
2369 64.723
2370 64.723
2371 64.723
2372 64.723
2373 64.723
2374 64.723
2375 64.723
2376 64.723
2377 64.723
2378 64.723
2379 64.723
2380 64.723
2381 64.723
2382 64.723
2383 64.723
2384 64.723
2385 64.723
2386 64.723
2387 64.723
2388 64.723
2389 64.723
2390 64.723
2391 64.723
2392 64.723
2393 64.723
2394 64.723
2395 64.723
2396 64.723
2397 64.723
2398 64.723
2399 64.723
2400 64.723
2401 64.723
2402 64.723
2403 64.723
2404 64.723
2405 64.723
2406 64.723
2407 64.723
2408 64.723
2409 64.723
2410 64.723
2411 64.723
2412 64.723
2413 64.723
2414 64.723
2415 64.723
2416 64.723
2417 64.723
2418 64.723
2419 64.723
2420 64.723
2421 64.723
2422 64.723
2423 64.723
2424 64.723
2425 64.723
2426 64.723
2427 64.723
2428 64.723
2429 64.723
2430 64.723
2431 64.723
2432 64.723
2433 64.723
2434 64.723
2435 64.723
2436 64.723
2437 64.723
2438 64.723
2439 64.723
2440 64.723
2441 64.723
2442 64.723
2443 64.723
2444 64.723
2445 64.723
2446 64.723
2447 64.723
2448 64.723
2449 64.723
2450 64.723
2451 64.723
2452 64.723
2453 64.723
2454 64.723
2455 64.723
2456 64.723
2457 64.723
2458 64.723
2459 64.723
2460 64.723
2461 64.723
2462 64.723
2463 64.723
2464 64.723
2465 64.723
2466 64.723
2467 64.723
2468 64.723
2469 64.723
2470 64.723
2471 64.723
2472 64.723
2473 64.723
2474 64.723
2475 64.723
2476 64.723
2477 64.723
2478 64.723
2479 64.723
2480 64.723
2481 64.723
2482 64.723
2483 64.723
2484 64.723
2485 64.723
2486 64.723
2487 64.723
2488 64.723
2489 64.723
2490 64.723
2491 64.723
2492 64.723
2493 64.723
2494 64.723
2495 64.723
2496 64.723
2497 64.723
2498 64.723
2499 64.723
2500 64.723
2501 64.723
2502 64.723
2503 64.723
2504 64.723
2505 64.723
2506 64.723
2507 64.723
2508 64.723
2509 64.723
2510 64.723
2511 64.723
2512 64.723
2513 64.723
2514 64.723
2515 64.723
2516 64.723
2517 64.723
2518 64.723
2519 64.723
2520 64.723
2521 64.723
2522 64.723
2523 64.723
2524 64.723
2525 64.723
2526 64.723
2527 64.723
2528 64.723
2529 64.723
2530 64.723
2531 64.723
2532 64.723
2533 64.723
2534 64.723
2535 64.723
2536 64.723
2537 64.723
2538 64.723
2539 64.723
2540 64.723
2541 64.723
2542 64.723
2543 64.723
2544 64.723
2545 64.723
2546 64.723
2547 64.723
2548 64.723
2549 64.723
2550 64.723
2551 64.723
2552 64.723
2553 64.723
2554 64.723
2555 64.723
2556 64.723
2557 64.723
2558 64.723
2559 64.723
2560 64.723
2561 64.723
2562 64.723
2563 64.723
2564 64.723
2565 64.723
2566 64.723
2567 64.723
2568 64.723
2569 64.723
2570 64.723
2571 64.723
2572 64.723
2573 64.723
2574 64.723
2575 64.723
2576 64.723
2577 64.723
2578 64.723
2579 64.723
2580 64.723
2581 64.723
2582 64.723
2583 64.723
2584 64.723
2585 64.723
2586 64.723
2587 64.723
2588 64.723
2589 64.723
2590 64.723
2591 64.723
2592 64.723
2593 64.723
2594 64.723
2595 64.723
2596 64.723
2597 64.723
2598 64.723
2599 64.723
2600 64.723
2601 64.723
2602 64.723
2603 64.723
2604 64.723
2605 64.723
2606 64.723
2607 64.723
2608 64.723
2609 64.723
2610 64.723
2611 64.723
2612 64.723
2613 64.723
2614 64.723
2615 64.723
2616 64.723
2617 64.723
2618 64.723
2619 64.723
2620 64.723
2621 64.723
2622 64.723
2623 64.723
2624 64.723
2625 64.723
2626 64.723
2627 64.723
2628 64.723
2629 64.723
2630 64.723
2631 64.723
2632 64.723
2633 64.723
2634 64.723
2635 64.723
2636 64.723
2637 64.723
2638 64.723
2639 64.723
2640 64.723
2641 64.723
2642 64.723
2643 64.723
2644 64.723
2645 64.723
2646 64.723
2647 64.723
2648 64.723
2649 64.723
2650 64.723
2651 64.723
2652 64.723
2653 64.723
2654 64.723
2655 64.723
2656 64.723
2657 64.723
2658 64.723
2659 64.723
2660 64.723
2661 64.723
2662 64.723
2663 64.723
2664 64.723
2665 64.723
2666 64.723
2667 64.723
2668 64.723
2669 64.723
2670 64.723
2671 64.723
2672 64.723
2673 64.723
2674 64.723
2675 64.723
2676 64.723
2677 64.723
2678 64.723
2679 64.723
2680 64.723
2681 64.723
2682 64.723
2683 64.723
2684 64.723
2685 64.723
2686 64.723
2687 64.723
2688 64.723
2689 64.723
2690 64.723
2691 64.723
2692 64.723
2693 64.723
2694 64.723
2695 64.723
2696 64.723
2697 64.723
2698 64.723
2699 64.723
2700 64.723
2701 64.723
2702 64.723
2703 64.723
2704 64.723
2705 64.723
2706 64.723
2707 64.723
2708 64.723
2709 64.723
2710 64.723
2711 64.723
2712 64.723
2713 64.723
2714 64.723
2715 64.723
2716 64.723
2717 64.723
2718 64.723
2719 64.723
2720 64.723
2721 64.723
2722 64.723
2723 64.723
2724 64.723
2725 64.723
2726 64.723
2727 64.723
2728 64.723
2729 64.723
2730 64.723
2731 64.723
2732 64.723
2733 64.723
2734 64.723
2735 64.723
2736 64.723
2737 64.723
2738 64.723
2739 64.723
2740 64.723
2741 64.723
2742 64.723
2743 64.723
2744 64.723
2745 64.723
2746 64.723
2747 64.723
2748 64.723
2749 64.723
2750 64.723
2751 64.723
2752 64.723
2753 64.723
2754 64.723
2755 64.723
2756 64.723
2757 64.723
2758 64.723
2759 64.723
2760 64.723
2761 64.723
2762 64.723
2763 64.723
2764 64.723
2765 64.723
2766 64.723
2767 64.723
2768 64.723
2769 64.723
2770 64.723
2771 64.723
2772 64.723
2773 64.723
2774 64.723
2775 64.723
2776 64.723
2777 64.723
2778 64.723
2779 64.723
2780 64.723
2781 64.723
2782 64.723
2783 64.723
2784 64.723
2785 64.723
2786 64.723
2787 64.723
2788 64.723
2789 64.723
2790 64.723
2791 64.723
2792 64.723
2793 64.723
2794 64.723
2795 64.723
2796 64.723
2797 64.723
2798 64.723
2799 64.723
2800 64.723
2801 64.723
2802 64.723
2803 64.723
2804 64.723
2805 64.723
2806 64.723
2807 64.723
2808 64.723
2809 64.723
2810 64.723
2811 64.723
2812 64.723
2813 64.723
2814 64.723
2815 64.723
2816 64.723
2817 64.723
2818 64.723
2819 64.723
2820 64.723
2821 64.723
2822 64.723
2823 64.723
2824 64.723
2825 64.723
2826 64.723
2827 64.723
2828 64.723
2829 64.723
2830 64.723
2831 64.723
2832 64.723
2833 64.723
2834 64.723
2835 64.723
2836 64.723
2837 64.723
2838 64.723
2839 64.723
2840 64.723
2841 64.723
2842 64.723
2843 64.723
2844 64.723
2845 64.723
2846 64.723
2847 64.723
2848 64.723
2849 64.723
2850 64.723
2851 64.723
2852 64.723
2853 64.723
2854 64.723
2855 64.723
2856 64.723
2857 64.723
2858 64.723
2859 64.723
2860 64.723
2861 64.723
2862 64.723
2863 64.723
2864 64.723
2865 64.723
2866 64.723
2867 64.723
2868 64.723
2869 64.723
2870 64.723
2871 64.723
2872 64.723
2873 64.723
2874 64.723
2875 64.723
2876 64.723
2877 64.723
2878 64.723
2879 64.723
2880 64.723
2881 64.723
2882 64.723
2883 64.723
2884 64.723
2885 64.723
2886 64.723
2887 64.723
2888 64.723
2889 64.723
2890 64.723
2891 64.723
2892 64.723
2893 64.723
2894 64.723
2895 64.723
2896 64.723
2897 64.723
2898 64.723
2899 64.723
2900 64.723
2901 64.723
2902 64.723
2903 64.723
2904 64.723
2905 64.723
2906 64.723
2907 64.723
2908 64.723
2909 64.723
2910 64.723
2911 64.723
2912 64.723
2913 64.723
2914 64.723
2915 64.723
2916 64.723
2917 64.723
2918 64.723
2919 64.723
2920 64.723
2921 64.723
2922 64.723
2923 64.723
2924 64.723
2925 64.723
2926 64.723
2927 64.723
2928 64.723
2929 64.723
2930 64.723
2931 64.723
2932 64.723
2933 64.723
2934 64.723
2935 64.723
2936 64.723
2937 64.723
2938 64.723
2939 64.723
2940 64.723
2941 64.723
2942 64.723
2943 64.723
2944 64.723
2945 64.723
2946 64.723
2947 64.723
2948 64.723
2949 64.723
2950 64.723
2951 64.723
2952 64.723
2953 64.723
2954 64.723
2955 64.723
2956 64.723
2957 64.723
2958 64.723
2959 64.723
2960 64.723
2961 64.723
2962 64.723
2963 64.723
2964 64.723
2965 64.723
2966 64.723
2967 64.723
2968 64.723
2969 64.723
2970 64.723
2971 64.723
2972 64.723
2973 64.723
2974 64.723
2975 64.723
2976 64.723
2977 64.723
2978 64.723
2979 64.723
2980 64.723
2981 64.723
2982 64.723
2983 64.723
2984 64.723
2985 64.723
2986 64.723
2987 64.723
2988 64.723
2989 64.723
2990 64.723
2991 64.723
2992 64.723
2993 64.723
2994 64.723
2995 64.723
2996 64.723
2997 64.723
2998 64.723
2999 64.723
3000 64.723
3001 64.723
3002 64.723
3003 64.723
3004 64.723
3005 64.723
3006 64.723
3007 64.723
3008 64.723
3009 64.723
3010 64.723
3011 64.723
3012 64.723
3013 64.723
3014 64.723
3015 64.723
3016 64.723
3017 64.723
3018 64.723
3019 64.723
3020 64.723
3021 64.723
3022 64.723
3023 64.723
3024 64.723
3025 64.723
3026 64.723
3027 64.723
3028 64.723
3029 64.723
3030 64.723
3031 64.723
3032 64.723
3033 64.723
3034 64.723
3035 64.723
3036 64.723
3037 64.723
3038 64.723
3039 64.723
3040 64.723
3041 64.723
3042 64.723
3043 64.723
3044 64.723
3045 64.723
3046 64.723
3047 64.723
3048 64.723
3049 64.723
3050 64.723
3051 64.723
3052 64.723
3053 64.723
3054 64.723
3055 64.723
3056 64.723
3057 64.723
3058 64.723
3059 64.723
3060 64.723
3061 64.723
3062 64.723
3063 64.723
3064 64.723
3065 64.723
3066 64.723
3067 64.723
3068 64.723
3069 64.723
3070 64.723
3071 64.723
3072 64.723
3073 64.723
3074 64.723
3075 64.723
3076 64.723
3077 64.723
3078 64.723
3079 64.723
3080 64.723
3081 64.723
3082 64.723
3083 64.723
3084 64.723
3085 64.723
3086 64.723
3087 64.723
3088 64.723
3089 64.723
3090 64.723
3091 64.723
3092 64.723
3093 64.723
3094 64.723
3095 64.723
3096 64.723
3097 64.723
3098 64.723
3099 64.723
3100 64.723
3101 64.723
3102 64.723
3103 64.723
3104 64.723
3105 64.723
3106 64.723
3107 64.723
3108 64.723
3109 64.723
3110 64.723
3111 64.723
3112 64.723
3113 64.723
3114 64.723
3115 64.723
3116 64.723
3117 64.723
3118 64.723
3119 64.723
3120 64.723
3121 64.723
3122 64.723
3123 64.723
3124 64.723
3125 64.723
3126 64.723
3127 64.723
3128 64.723
3129 64.723
3130 64.723
3131 64.723
3132 64.723
3133 64.723
3134 64.723
3135 64.723
3136 64.723
3137 64.723
3138 64.723
3139 64.723
3140 64.723
3141 64.723
3142 64.723
3143 64.723
3144 64.723
3145 64.723
3146 64.723
3147 64.723
3148 64.723
3149 64.723
3150 64.723
3151 64.723
3152 64.723
3153 64.723
3154 64.723
3155 64.723
3156 64.723
3157 64.723
3158 64.723
3159 64.723
3160 64.723
3161 64.723
3162 64.723
3163 64.723
3164 64.723
3165 64.723
3166 64.723
3167 64.723
3168 64.723
3169 64.723
3170 64.723
3171 64.723
3172 64.723
3173 64.723
3174 64.723
3175 64.723
3176 64.723
3177 64.723
3178 64.723
3179 64.723
3180 64.723
3181 64.723
3182 64.723
3183 64.723
3184 64.723
3185 64.723
3186 64.723
3187 64.723
3188 64.723
3189 64.723
3190 64.723
3191 64.723
3192 64.723
3193 64.723
3194 64.723
3195 64.723
3196 64.723
3197 64.723
3198 64.723
3199 64.723
3200 64.723
3201 64.723
3202 64.723
3203 64.723
3204 64.723
3205 64.723
3206 64.723
3207 64.723
3208 64.723
3209 64.723
3210 64.723
3211 64.723
3212 64.723
3213 64.723
3214 64.723
3215 64.723
3216 64.723
3217 64.723
3218 64.723
3219 64.723
3220 64.723
3221 64.723
3222 64.723
3223 64.723
3224 64.723
3225 64.723
3226 64.723
3227 64.723
3228 64.723
3229 64.723
3230 64.723
3231 64.723
3232 64.723
3233 64.723
3234 64.723
3235 64.723
3236 64.723
3237 64.723
3238 64.723
3239 64.723
3240 64.723
3241 64.723
3242 64.723
3243 64.723
3244 64.723
3245 64.723
3246 64.723
3247 64.723
3248 64.723
3249 64.723
3250 64.723
3251 64.723
3252 64.723
3253 64.723
3254 64.723
3255 64.723
3256 64.723
3257 64.723
3258 64.723
3259 64.723
3260 64.723
3261 64.723
3262 64.723
3263 64.723
3264 64.723
3265 64.723
3266 64.723
3267 64.723
3268 64.723
3269 64.723
3270 64.723
3271 64.723
3272 64.723
3273 64.723
3274 64.723
3275 64.723
3276 64.723
3277 64.723
3278 64.723
3279 64.723
3280 64.723
3281 64.723
3282 64.723
3283 64.723
3284 64.723
3285 64.723
3286 64.723
3287 64.723
3288 64.723
3289 64.723
3290 64.723
3291 64.723
3292 64.723
3293 64.723
3294 64.723
3295 64.723
3296 64.723
3297 64.723
3298 64.723
3299 64.723
3300 64.723
3301 64.723
3302 64.723
3303 64.723
3304 64.723
3305 64.723
3306 64.723
3307 64.723
3308 64.723
3309 64.723
3310 64.723
3311 64.723
3312 64.723
3313 64.723
3314 64.723
3315 64.723
3316 64.723
3317 64.723
3318 64.723
3319 64.723
3320 64.723
3321 64.723
3322 64.723
3323 64.723
3324 64.723
3325 64.723
3326 64.723
3327 64.723
3328 64.723
3329 64.723
3330 64.723
3331 64.723
3332 64.723
3333 64.723
3334 64.723
3335 64.723
3336 64.723
3337 64.723
3338 64.723
3339 64.723
3340 64.723
3341 64.723
3342 64.723
3343 64.723
3344 64.723
3345 64.723
3346 64.723
3347 64.723
3348 64.723
3349 64.723
3350 64.723
3351 64.723
3352 64.723
3353 64.723
3354 64.723
3355 64.723
3356 64.723
3357 64.723
3358 64.723
3359 64.723
3360 64.723
3361 64.723
3362 64.723
3363 64.723
3364 64.723
3365 64.723
3366 64.723
3367 64.723
3368 64.723
3369 64.723
3370 64.723
3371 64.723
3372 64.723
3373 64.723
3374 64.723
3375 64.723
3376 64.723
3377 64.723
3378 64.723
3379 64.723
3380 64.723
3381 64.723
3382 64.723
3383 64.723
3384 64.723
3385 64.723
3386 64.723
3387 64.723
3388 64.723
3389 64.723
3390 64.723
3391 64.723
3392 64.723
3393 64.723
3394 64.723
3395 64.723
3396 64.723
3397 64.723
3398 64.723
3399 64.723
3400 64.723
3401 64.723
3402 64.723
3403 64.723
3404 64.723
3405 64.723
3406 64.723
3407 64.723
3408 64.723
3409 64.723
3410 64.723
3411 64.723
3412 64.723
3413 64.723
3414 64.723
3415 64.723
3416 64.723
3417 64.723
3418 64.723
3419 64.723
3420 64.723
3421 64.723
3422 64.723
3423 64.723
3424 64.723
3425 64.723
3426 64.723
3427 64.723
3428 64.723
3429 64.723
3430 64.723
3431 64.723
3432 64.723
3433 64.723
3434 64.723
3435 64.723
3436 64.723
3437 64.723
3438 64.723
3439 64.723
3440 64.723
3441 64.723
3442 64.723
3443 64.723
3444 64.723
3445 64.723
3446 64.723
3447 64.723
3448 64.723
3449 64.723
3450 64.723
3451 64.723
3452 64.723
3453 64.723
3454 64.723
3455 64.723
3456 64.723
3457 64.723
3458 64.723
3459 64.723
3460 64.723
3461 64.723
3462 64.723
3463 64.723
3464 64.723
3465 64.723
3466 64.723
3467 64.723
3468 64.723
3469 64.723
3470 64.723
3471 64.723
3472 64.723
3473 64.723
3474 64.723
3475 64.723
3476 64.723
3477 64.723
3478 64.723
3479 64.723
3480 64.723
3481 64.723
3482 64.723
3483 64.723
3484 64.723
3485 64.723
3486 64.723
3487 64.723
3488 64.723
3489 64.723
3490 64.723
3491 64.723
3492 64.723
3493 64.723
3494 64.723
3495 64.723
3496 64.723
3497 64.723
3498 64.723
3499 64.723
3500 64.723
