0 511.384
1 444.289
2 412.161
3 389.467
4 355.882
5 329.614
6 315.44
7 305.861
8 293.497
9 285.132
10 275.785
11 265.409
12 256.766
13 252.048
14 246.537
15 240.093
16 234.283
17 228.994
18 222.42
19 214.704
20 209.603
21 208.776
22 206.22
23 200.981
24 194.915
25 191.297
26 188.357
27 182.556
28 177.699
29 173.724
30 168.93
31 165.264
32 163.698
33 160.579
34 155.542
35 151.023
36 148.836
37 146.434
38 142.089
39 138.711
40 136.859
41 135.612
42 135.944
43 136.092
44 135.222
45 133.404
46 129.623
47 125.437
48 124.141
49 123.677
50 121.994
51 119.624
52 117.098
53 115.648
54 115.127
55 113.629
56 112.696
57 110.832
58 108.209
59 106.38
60 106.372
61 106.305
62 107.426
63 106.384
64 104.84
65 103.218
66 102.336
67 101.614
68 100.669
69 100.252
70 99.8497
71 99.6831
72 99.2192
73 98.7777
74 98.3793
75 98.0991
76 96.9621
77 96.0628
78 95.2749
79 94.8824
80 94.9512
81 94.6229
82 93.3552
83 92.6206
84 91.0891
85 89.5002
86 88.7289
87 88.0661
88 87.2348
89 87.0413
90 87.0199
91 86.304
92 85.9521
93 85.2379
94 84.8376
95 84.4429
96 83.4252
97 83.0682
98 83.0665
99 82.7555
100 82.4862
101 81.7953
102 82.0684
103 82.2787
104 81.9776
105 81.4011
106 81.1018
107 80.5359
108 80.4379
109 79.8851
110 79.4167
111 79.3063
112 78.8625
113 78.4336
114 78.5087
115 77.9551
116 77.1833
117 76.5254
118 76.3951
119 76.1637
120 76.3689
121 76.405
122 77.4257
123 77.193
124 76.5551
125 75.5194
126 75.0579
127 74.746
128 74.96
129 74.5084
130 75.0473
131 74.9001
132 75.1346
133 74.8286
134 74.4758
135 73.9957
136 74.2746
137 75.2626
138 75.5461
139 74.1766
140 73.5994
141 73.4828
142 73.3433
143 72.9228
144 72.8528
145 72.4466
146 72.664
147 72.5623
148 72.8204
149 72.7284
150 72.3789
151 71.9551
152 71.4016
153 71.0923
154 70.7483
155 71.2744
156 71.0992
157 70.3583
158 70.4986
159 70.2667
160 70.1702
161 70.43
162 70.3481
163 70.1706
164 70.4452
165 70.4561
166 70.1927
167 70.1939
168 70.1618
169 70.0436
170 70.2781
171 70.1304
172 70.8227
173 70.1361
174 70.0851
175 70.621
176 70.19
177 70.3697
178 70.4173
179 70.0835
180 70.2548
181 69.9552
182 70.2101
183 70.3279
184 69.9262
185 70.1983
186 70.3827
187 70.0665
188 70.1472
189 69.8889
190 69.9353
191 69.8951
192 69.7904
193 69.8412
194 69.9287
195 70.0343
196 70.2249
197 69.8305
198 69.9464
199 69.8764
200 69.9237
201 69.9047
202 70.3227
203 70.0017
204 69.8366
205 69.9922
206 70.1252
207 69.7748
208 70.0641
209 69.8389
210 69.7921
211 69.9143
212 70.2741
213 70.1178
214 70.2197
215 70.1376
216 69.8273
217 70.0221
218 69.5838
219 69.2462
220 69.6178
221 69.4318
222 69.4217
223 69.2478
224 69.3965
225 69.2594
226 69.4171
227 69.3198
228 69.2735
229 69.3236
230 69.5242
231 69.3833
232 69.2821
233 69.3764
234 69.5698
235 69.3142
236 69.65
237 69.6473
238 69.6559
239 69.3024
240 69.4137
241 69.1098
242 69.2073
243 69.4246
244 69.0877
245 69.4762
246 69.1142
247 69.4683
248 69.4712
249 69.2905
250 69.3432
251 69.1584
252 69.3872
253 69.386
254 69.2611
255 69.5129
256 69.788
257 69.506
258 69.3177
259 69.5106
260 69.2357
261 69.4719
262 69.6531
263 69.2382
264 69.2812
265 69.1888
266 69.2696
267 69.3355
268 69.166
269 69.4741
270 69.234
271 69.243
272 69.1363
273 69.432
274 73.3773
275 74.2718
276 72.1986
277 70.4047
278 69.8096
279 69.5308
280 69.0414
281 69.0092
282 69.2663
283 68.9643
284 68.8533
285 68.9148
286 69.1312
287 68.9793
288 69.0664
289 69.2044
290 68.7967
291 68.8639
292 68.9345
293 68.8188
294 69.2416
295 68.9471
296 68.956
297 68.8882
298 68.6685
299 68.8978
300 69.1422
301 68.9021
302 69.1221
303 68.916
304 69.5429
305 69.1242
306 69.0437
307 68.9274
308 69.0249
309 69.3949
310 69.4346
311 68.6843
312 69.1084
313 68.8345
314 68.8758
315 69.2361
316 69.4154
317 69.1976
318 68.9775
319 68.8475
320 69.2989
321 68.863
322 69.1471
323 69.29
324 69.2209
325 69.1157
326 68.9101
327 69.0434
328 68.8573
329 68.8577
330 68.728
331 68.6773
332 68.674
333 68.749
334 69.2621
335 68.858
336 68.8552
337 68.73
338 69.0388
339 68.8265
340 68.8438
341 68.6028
342 69.133
343 69.067
344 68.7562
345 68.6256
346 68.7802
347 69.0009
348 68.8525
349 68.7098
350 69.0788
351 68.7358
352 68.6202
353 68.9578
354 68.6396
355 69.0178
356 68.8644
357 69.0286
358 68.631
359 69.0952
360 68.5436
361 68.4951
362 68.6857
363 68.6439
364 68.8589
365 68.9228
366 68.8373
367 68.5796
368 68.7731
369 68.8761
370 68.9663
371 68.526
372 68.9819
373 68.8121
374 68.5388
375 68.7309
376 68.8693
377 68.8649
378 68.5833
379 68.4267
380 68.7191
381 68.666
382 68.8038
383 68.5222
384 68.7479
385 69.1638
386 69.6386
387 69.0407
388 68.492
389 68.7748
390 68.979
391 69.044
392 68.7235
393 68.4306
394 68.539
395 68.6275
396 68.511
397 68.6881
398 68.6357
399 68.7496
400 69.2105
401 68.9423
402 68.9559
403 69.0093
404 69.0809
405 68.7837
406 68.6763
407 68.7859
408 69.141
409 68.9076
410 68.7327
411 68.6101
412 69.1444
413 68.9316
414 68.6219
415 68.6908
416 68.8722
417 68.7911
418 68.668
419 68.8189
420 68.8805
421 68.8094
422 69.1241
423 68.7519
424 68.76
425 68.4838
426 69.1284
427 68.9827
428 68.808
429 68.7428
430 68.6724
431 68.701
432 68.7228
433 68.9225
434 68.8849
435 68.8767
436 68.5253
437 68.7897
438 68.7361
439 68.678
440 68.512
441 69.0624
442 68.949
443 68.8593
444 68.6978
445 68.6992
446 68.7175
447 69.1125
448 68.9951
449 68.7843
450 69.0383
451 68.8716
452 68.9599
453 68.9717
454 68.2395
455 68.5851
456 68.5654
457 68.2917
458 68.4703
459 68.6399
460 68.6309
461 69.0284
462 69.099
463 68.9769
464 69.0941
465 68.6868
466 68.4684
467 68.7297
468 68.8713
469 68.5434
470 68.7728
471 68.9116
472 68.9835
473 68.7698
474 69.059
475 68.8135
476 68.8935
477 68.9847
478 68.5393
479 68.4738
480 68.239
481 68.6017
482 68.6677
483 68.559
484 69.3601
485 68.8251
486 68.5714
487 68.6922
488 68.7687
489 68.7213
490 68.9271
491 68.3
492 68.5034
493 68.7568
494 68.5877
495 68.6039
496 68.5577
497 68.4559
498 68.5575
499 68.4938
500 68.7636
501 68.8185
502 68.8457
503 68.9912
504 69.1037
505 68.6942
506 68.5494
507 68.8889
508 68.4105
509 68.5407
510 68.9518
511 68.9322
512 68.8391
513 68.9785
514 68.5744
515 68.6757
516 68.6709
517 68.839
518 68.7224
519 68.7049
520 68.5659
521 68.7128
522 68.7705
523 68.6086
524 68.4188
525 68.4925
526 68.5809
527 68.8265
528 68.5989
529 68.3596
530 68.6141
531 68.6162
532 68.9346
533 68.9081
534 68.7822
535 68.7795
536 68.6702
537 68.8505
538 68.9543
539 68.8525
540 68.5711
541 68.538
542 68.7795
543 68.6152
544 68.5375
545 68.5678
546 68.9347
547 68.7981
548 68.6149
549 68.5563
550 68.5599
551 68.4966
552 68.8144
553 68.9155
554 68.7276
555 68.2584
556 68.3266
557 68.5372
558 68.5309
559 68.8756
560 68.8463
561 68.878
562 68.834
563 68.4354
564 68.5787
565 68.789
566 68.7437
567 68.7621
568 68.4634
569 68.4104
570 68.4821
571 68.8013
572 68.6273
573 68.6393
574 68.6808
575 68.7698
576 68.7109
577 68.9059
578 68.8951
579 68.869
580 68.9428
581 68.829
582 68.4832
583 69.0181
584 68.9175
585 68.6593
586 68.7944
587 69.0167
588 68.735
589 68.7622
590 68.6667
591 68.6122
592 68.6825
593 69.0637
594 69.1343
595 68.7965
596 68.5693
597 68.7671
598 68.7869
599 68.6322
600 68.7719
601 68.6253
602 68.8923
603 68.6772
604 68.4819
605 68.7593
606 68.7869
607 68.8816
608 68.818
609 68.6857
610 68.9338
611 68.7362
612 68.684
613 68.787
614 68.5491
615 68.3183
616 68.5856
617 68.7088
618 68.8308
619 68.8551
620 68.7468
621 68.6685
622 69.0438
623 68.9272
624 68.6476
625 68.6561
626 68.8539
627 68.7074
628 68.3783
629 68.8302
630 68.6527
631 68.7882
632 68.8226
633 68.794
634 68.5524
635 68.6873
636 68.671
637 68.9207
638 68.4377
639 68.7019
640 68.7988
641 68.5827
642 68.5182
643 68.6857
644 68.632
645 68.6002
646 68.7147
647 69.1891
648 68.7765
649 68.6033
650 68.6143
651 68.8184
652 68.6182
653 68.5296
654 68.6989
655 68.6253
656 68.7514
657 68.9022
658 68.5501
659 68.3712
660 68.4715
661 68.7614
662 68.9027
663 68.5707
664 68.8562
665 68.9104
666 68.6225
667 68.4458
668 68.5
669 68.4146
670 68.9221
671 68.7594
672 68.8494
673 68.6305
674 68.6988
675 68.406
676 68.5636
677 68.7439
678 68.715
679 68.695
680 68.4541
681 68.6666
682 68.6255
683 68.6205
684 68.7187
685 68.7112
686 68.2692
687 68.8768
688 68.7953
689 68.7908
690 69.0239
691 68.6932
692 68.9899
693 68.7738
694 68.8879
695 68.9921
696 69.1562
697 69.0111
698 68.5464
699 68.7545
700 68.8963
701 68.7477
702 68.8901
703 69.0094
704 68.8267
705 68.6334
706 68.7076
707 68.6682
708 68.6627
709 68.6899
710 68.5204
711 68.7508
712 68.8614
713 68.6484
714 68.4409
715 68.6191
716 68.7594
717 68.4704
718 68.9052
719 68.9837
720 69.1471
721 68.8701
722 68.6867
723 68.7613
724 68.6491
725 68.9399
726 68.8387
727 68.7915
728 68.6833
729 68.9685
730 68.8722
731 68.7204
732 68.6093
733 68.5764
734 68.6752
735 68.4679
736 68.3948
737 68.5683
738 68.7104
739 68.4389
740 68.8098
741 68.7722
742 68.7828
743 68.6312
744 68.4067
745 68.7847
746 68.6811
747 68.8991
748 68.4794
749 68.3832
750 68.5226
751 68.8867
752 69.0089
753 68.7366
754 68.814
755 68.6353
756 68.7469
757 68.5868
758 68.5395
759 68.5087
760 68.5062
761 68.9646
762 68.9768
763 69.0887
764 68.6948
765 68.4635
766 68.5782
767 68.6411
768 68.7545
769 68.7906
770 68.6252
771 68.639
772 68.6342
773 68.9489
774 68.5786
775 68.7957
776 68.8479
777 68.7989
778 68.6116
779 68.6838
780 68.7499
781 68.8134
782 68.8617
783 68.5539
784 68.7564
785 68.7204
786 68.8408
787 68.7427
788 68.7374
789 68.8345
790 68.5688
791 68.5018
792 68.9592
793 68.821
794 68.6975
795 68.8839
796 68.5919
797 68.749
798 68.865
799 68.6341
800 68.9259
801 68.4757
802 68.5605
803 68.9559
804 68.6633
805 69.1325
806 68.7454
807 68.4529
808 68.504
809 68.6064
810 68.7589
811 68.6575
812 68.641
813 68.8878
814 68.7604
815 69.2226
816 69.0797
817 68.9895
818 68.7363
819 68.8319
820 68.6538
821 68.4913
822 68.4983
823 68.63
824 68.7083
825 68.6887
826 68.7595
827 68.8936
828 68.7403
829 68.5989
830 68.9058
831 68.7257
832 68.8015
833 68.9285
834 68.6029
835 69.0628
836 68.7021
837 68.5782
838 68.8121
839 68.6864
840 68.8256
841 68.7787
842 68.9738
843 69.0367
844 68.7857
845 68.7135
846 68.8759
847 68.766
848 68.8533
849 69.003
850 68.8271
851 68.5083
852 68.5607
853 68.8343
854 68.4875
855 68.6322
856 68.511
857 69
858 68.7966
859 68.6946
860 68.883
861 68.5229
862 68.9646
863 69.2563
864 68.6042
865 68.3949
866 68.2124
867 68.5273
868 68.4284
869 69.0332
870 68.8746
871 68.6764
872 68.7029
873 68.3402
874 68.8056
875 68.3357
876 68.2039
877 68.3144
878 68.2966
879 68.0532
880 68.283
881 68.4538
882 68.2271
883 68.1751
884 68.3271
885 68.1426
886 68.0929
887 68.2378
888 68.1555
889 68.1967
890 68.2225
891 68.6837
892 68.6247
893 68.282
894 68.3369
895 68.0483
896 68.1989
897 68.5761
898 68.5578
899 68.3601
900 68.2863
901 68.578
902 68.5742
903 68.4819
904 68.3134
905 68.1465
906 68.225
907 68.2168
908 68.4099
909 68.2424
910 68.4343
911 68.6564
912 68.2906
913 68.2608
914 68.3992
915 68.4363
916 68.2572
917 68.2947
918 68.6808
919 68.2108
920 68.6599
921 68.4087
922 68.2307
923 68.525
924 68.5745
925 68.4245
926 68.485
927 68.5012
928 68.3185
929 68.6108
930 68.3284
931 68.6401
932 68.4288
933 68.3604
934 68.2148
935 68.3054
936 68.4782
937 68.553
938 68.4345
939 68.4517
940 68.4787
941 68.7357
942 68.3548
943 68.475
944 68.1318
945 68.2683
946 68.3626
947 68.7453
948 68.2979
949 68.6101
950 68.2739
951 68.3072
952 68.3415
953 68.2487
954 68.5386
955 68.1372
956 68.3037
957 68.3893
958 68.4086
959 68.063
960 68.1592
961 68.4739
962 68.1558
963 68.2006
964 68.2723
965 68.4941
966 68.5891
967 68.5089
968 68.1887
969 68.3994
970 68.2304
971 68.5372
972 68.3528
973 68.051
974 68.4641
975 68.0501
976 67.9241
977 68.0986
978 68.3215
979 68.2923
980 68.3249
981 68.1908
982 68.5114
983 68.0596
984 68.4485
985 68.2586
986 68.3027
987 68.508
988 68.2766
989 68.061
990 68.2048
991 68.3521
992 68.2338
993 68.315
994 68.5444
995 68.3003
996 68.3508
997 68.304
998 68.1906
999 68.3778
1000 68.6103
1001 68.9204
1002 68.2124
1003 68.087
1004 67.9059
1005 67.9877
1006 68.36
1007 68.3689
1008 67.9376
1009 68.196
1010 68.1987
1011 67.9898
1012 67.7624
1013 67.9924
1014 67.8033
1015 67.6125
1016 67.6288
1017 68.0286
1018 67.9557
1019 67.5836
1020 67.6011
1021 67.9848
1022 67.6841
1023 67.7812
1024 67.563
1025 67.8232
1026 67.8625
1027 68.0217
1028 67.9204
1029 67.9126
1030 67.8132
1031 68.1269
1032 68.2487
1033 67.9862
1034 67.9316
1035 68.156
1036 67.6448
1037 67.9604
1038 67.8501
1039 67.837
1040 67.9793
1041 67.8548
1042 67.7975
1043 67.6729
1044 67.9199
1045 67.8223
1046 67.6232
1047 67.4948
1048 67.5757
1049 67.8616
1050 68.0708
1051 68.1845
1052 67.9106
1053 68.1379
1054 68.0661
1055 68.3665
1056 68.1672
1057 67.9051
1058 67.6982
1059 68.0698
1060 67.7137
1061 67.775
1062 67.9914
1063 67.9055
1064 68.038
1065 67.6892
1066 67.727
1067 67.8687
1068 67.8611
1069 67.8945
1070 67.6336
1071 67.7619
1072 67.7175
1073 67.7233
1074 67.6398
1075 67.8049
1076 68.0797
1077 67.8497
1078 67.901
1079 67.6489
1080 67.8339
1081 68.2286
1082 67.9862
1083 68.0337
1084 68.163
1085 68.0041
1086 67.5739
1087 67.7789
1088 67.6846
1089 67.8177
1090 68.165
1091 67.7754
1092 67.9103
1093 68.003
1094 68.0798
1095 67.955
1096 67.6783
1097 67.6389
1098 67.6859
1099 67.8445
1100 67.8296
1101 68.0907
1102 67.593
1103 67.8445
1104 67.9615
1105 68.2223
1106 67.7975
1107 67.533
1108 68.0322
1109 67.8114
1110 68.0665
1111 67.7839
1112 67.7366
1113 67.5069
1114 68.0782
1115 68.0703
1116 67.8599
1117 67.9001
1118 67.9967
1119 67.6461
1120 67.6229
1121 67.7352
1122 67.8957
1123 67.839
1124 67.9383
1125 67.517
1126 67.5912
1127 67.8845
1128 67.7368
1129 68.1489
1130 67.7172
1131 67.7958
1132 68.0395
1133 67.9715
1134 67.9529
1135 67.9119
1136 68.0129
1137 68.0779
1138 68.1399
1139 68.0051
1140 67.6977
1141 67.6677
1142 67.7975
1143 67.9398
1144 67.6667
1145 67.6641
1146 67.7404
1147 67.8311
1148 67.6488
1149 67.641
1150 67.7666
1151 67.5285
1152 67.6611
1153 67.683
1154 67.6159
1155 67.9714
1156 68.0522
1157 67.8808
1158 68.0678
1159 67.7729
1160 67.8534
1161 67.9951
1162 67.6823
1163 67.7041
1164 67.9527
1165 67.8766
1166 67.8127
1167 67.916
1168 68.0795
1169 67.9018
1170 70.8366
1171 71.4223
1172 68.7697
1173 66.9871
1174 66.4861
1175 66.2666
1176 66.2298
1177 66.3799
1178 66.2386
1179 66.3452
1180 66.7722
1181 66.6576
1182 66.5755
1183 66.3387
1184 66.2126
1185 66.1093
1186 66.216
1187 66.3737
1188 66.5808
1189 66.48
1190 66.3263
1191 66.3068
1192 66.3178
1193 66.9933
1194 66.7087
1195 66.4411
1196 66.377
1197 66.5163
1198 66.6535
1199 66.5434
1200 66.6993
1201 66.3799
1202 66.5181
1203 66.7602
1204 66.3172
1205 66.1632
1206 66.5392
1207 66.6316
1208 66.39
1209 66.5228
1210 66.7928
1211 66.7359
1212 66.2729
1213 66.3665
1214 66.3491
1215 66.4616
1216 66.6111
1217 66.5192
1218 66.3206
1219 66.4399
1220 66.6076
1221 66.4221
1222 66.3796
1223 66.583
1224 66.5942
1225 66.5051
1226 66.4754
1227 66.7035
1228 66.6702
1229 66.36
1230 66.3038
1231 66.6919
1232 66.2706
1233 66.5419
1234 66.8393
1235 66.9283
1236 66.6857
1237 66.5525
1238 66.4532
1239 66.3245
1240 66.3655
1241 66.3974
1242 66.8076
1243 66.5009
1244 66.4773
1245 66.4942
1246 66.351
1247 66.1328
1248 66.7123
1249 66.3141
1250 66.5432
1251 66.4782
1252 66.4175
1253 66.4804
1254 66.3979
1255 66.467
1256 66.6377
1257 66.4702
1258 66.6083
1259 66.6761
1260 66.8132
1261 66.5485
1262 66.5317
1263 66.1858
1264 66.97
1265 66.504
1266 66.7146
1267 66.4238
1268 66.66
1269 66.3764
1270 66.5323
1271 67.069
1272 66.4675
1273 66.544
1274 66.3552
1275 66.5843
1276 66.6701
1277 66.526
1278 66.5179
1279 66.0948
1280 66.3292
1281 66.5588
1282 66.8063
1283 66.5874
1284 66.6943
1285 66.9794
1286 66.6872
1287 66.276
1288 66.2054
1289 66.4969
1290 66.0779
1291 66.3579
1292 66.7123
1293 66.7437
1294 66.4906
1295 66.458
1296 66.578
1297 66.228
1298 66.2562
1299 66.3476
1300 66.3315
1301 66.6602
1302 66.2874
1303 66.4508
1304 66.4219
1305 66.5326
1306 66.7722
1307 66.6112
1308 66.8756
1309 66.7348
1310 66.4727
1311 66.2081
1312 66.3746
1313 66.3852
1314 66.4273
1315 66.8979
1316 66.6814
1317 66.6434
1318 66.8627
1319 66.8611
1320 66.9719
1321 66.7919
1322 66.4047
1323 66.7187
1324 66.2482
1325 66.3825
1326 66.3496
1327 66.3121
1328 66.5442
1329 66.4309
1330 66.5682
1331 66.368
1332 66.4998
1333 66.2718
1334 66.2264
1335 66.5117
1336 66.5106
1337 66.7247
1338 66.6248
1339 66.6073
1340 66.413
1341 66.5329
1342 66.3915
1343 66.499
1344 66.3616
1345 66.3568
1346 66.5455
1347 66.6124
1348 66.6669
1349 66.7443
1350 66.6398
1351 66.531
1352 66.4973
1353 66.2888
1354 66.5628
1355 66.1948
1356 66.6738
1357 66.2284
1358 66.4199
1359 66.466
1360 66.5893
1361 66.3272
1362 66.6986
1363 66.4863
1364 66.3357
1365 66.5118
1366 66.5065
1367 66.3208
1368 66.3472
1369 66.5538
1370 66.6019
1371 66.5177
1372 66.5504
1373 66.3957
1374 66.6176
1375 66.4917
1376 66.3997
1377 66.2005
1378 66.5539
1379 66.4445
1380 66.5878
1381 66.5932
1382 66.4233
1383 66.6665
1384 66.778
1385 66.7307
1386 66.5508
1387 66.4437
1388 66.4068
1389 66.1546
1390 66.4249
1391 66.0953
1392 66.3464
1393 66.5295
1394 66.3239
1395 66.5106
1396 66.774
1397 66.5029
1398 66.7719
1399 66.876
1400 66.441
1401 66.8021
1402 66.8774
1403 66.5194
1404 66.2473
1405 66.5555
1406 66.7775
1407 66.4286
1408 66.3686
1409 66.4663
1410 66.7338
1411 66.4237
1412 66.4748
1413 66.5651
1414 66.248
1415 66.2425
1416 66.4709
1417 66.4743
1418 66.1656
1419 66.336
1420 66.3849
1421 66.3113
1422 66.3398
1423 66.5542
1424 66.2655
1425 66.6272
1426 66.2206
1427 66.2611
1428 66.1335
1429 66.3923
1430 66.4891
1431 66.4582
1432 66.4143
1433 66.5107
1434 66.3994
1435 66.3178
1436 66.3027
1437 66.8577
1438 66.5848
1439 66.379
1440 66.3347
1441 66.4928
1442 66.599
1443 66.4423
1444 66.4967
1445 66.4655
1446 66.6085
1447 66.1925
1448 66.4517
1449 66.3529
1450 66.3292
1451 66.3053
1452 66.6825
1453 66.8042
1454 66.2069
1455 66.5031
1456 66.4955
1457 66.7769
1458 66.6294
1459 66.1955
1460 66.4647
1461 66.3845
1462 66.2727
1463 66.6151
1464 66.7114
1465 66.4992
1466 66.4729
1467 66.1581
1468 66.6103
1469 66.6853
1470 66.7465
1471 66.6033
1472 66.518
1473 66.5637
1474 66.1629
1475 66.5327
1476 66.5619
1477 66.5456
1478 66.5584
1479 66.6565
1480 66.462
1481 66.2102
1482 66.5027
1483 66.4436
1484 66.3049
1485 66.3671
1486 66.3795
1487 66.7259
1488 66.7392
1489 66.4224
1490 66.6119
1491 66.2501
1492 66.337
1493 66.3251
1494 66.4614
1495 66.4245
1496 66.7057
1497 66.8209
1498 66.556
1499 66.5292
1500 66.3618
1501 66.4736
1502 66.6806
1503 66.7407
1504 66.2766
1505 66.4032
1506 66.4799
1507 66.4712
1508 66.2745
1509 66.3177
1510 66.5482
1511 66.4483
1512 66.435
1513 66.3863
1514 66.4208
1515 66.3682
1516 66.1064
1517 66.381
1518 66.1824
1519 66.7457
1520 66.6703
1521 66.5152
1522 66.0754
1523 66.0992
1524 66.8481
1525 66.5562
1526 66.3511
1527 66.4679
1528 66.3496
1529 66.5669
1530 66.6423
1531 66.8174
1532 66.4223
1533 66.5213
1534 66.6506
1535 66.6091
1536 66.3691
1537 66.3919
1538 66.3937
1539 66.6728
1540 66.4258
1541 66.551
1542 66.3911
1543 66.3355
1544 66.1539
1545 66.5077
1546 66.7746
1547 66.472
1548 66.5104
1549 66.4645
1550 66.9147
1551 66.883
1552 66.3942
1553 66.7239
1554 66.8827
1555 66.6602
1556 66.3496
1557 66.1432
1558 66.6622
1559 66.3828
1560 66.6366
1561 66.7652
1562 66.2282
1563 66.3637
1564 66.2649
1565 66.6448
1566 66.6115
1567 66.3147
1568 66.3118
1569 66.5174
1570 66.5797
1571 66.7736
1572 66.6242
1573 66.7948
1574 66.3366
1575 66.5169
1576 66.3388
1577 66.1877
1578 66.629
1579 66.7627
1580 66.5678
1581 66.799
1582 66.5789
1583 66.7871
1584 66.5976
1585 66.5095
1586 66.3554
1587 66.335
1588 66.5666
1589 66.5587
1590 66.5005
1591 66.4999
1592 66.6495
1593 66.3845
1594 66.6822
1595 66.9641
1596 67.0139
1597 66.4197
1598 66.7769
1599 66.5642
1600 66.5223
1601 66.1922
1602 66.5936
1603 66.6983
1604 66.4752
1605 66.4693
1606 66.6627
1607 66.564
1608 66.6896
1609 66.4709
1610 66.4207
1611 66.3364
1612 66.3458
1613 66.5175
1614 66.7636
1615 66.8414
1616 66.5272
1617 66.4263
1618 66.6128
1619 66.5152
1620 66.4852
1621 66.4667
1622 66.3191
1623 66.325
1624 66.3082
1625 66.1044
1626 66.3042
1627 66.2673
1628 66.4172
1629 66.3624
1630 66.2961
1631 66.2887
1632 66.1123
1633 66.4135
1634 66.5433
1635 66.7529
1636 66.6607
1637 66.4069
1638 66.3482
1639 66.71
1640 66.4417
1641 66.4296
1642 66.5614
1643 66.5652
1644 66.3878
1645 66.1321
1646 66.3941
1647 66.7897
1648 66.1774
1649 66.332
1650 66.5652
1651 66.3796
1652 66.9558
1653 66.8822
1654 66.4618
1655 66.2651
1656 66.2892
1657 66.3702
1658 66.6356
1659 66.215
1660 66.3547
1661 66.4044
1662 66.4298
1663 66.5531
1664 66.4757
1665 66.1969
1666 66.4475
1667 66.2215
1668 66.5122
1669 66.4968
1670 66.624
1671 66.9559
1672 66.6988
1673 66.3444
1674 66.3633
1675 66.4248
1676 66.3916
1677 66.3009
1678 66.6286
1679 66.3807
1680 66.4397
1681 66.3011
1682 66.3152
1683 66.2576
1684 66.6461
1685 66.6273
1686 66.7238
1687 66.3916
1688 66.5123
1689 66.1374
1690 66.5203
1691 66.6044
1692 66.8287
1693 66.5115
1694 66.3941
1695 66.7346
1696 66.7284
1697 66.4448
1698 66.2972
1699 66.4383
1700 66.2794
1701 66.7072
1702 66.5802
1703 66.5491
1704 66.802
1705 66.6664
1706 66.6625
1707 66.4922
1708 66.4331
1709 66.6682
1710 66.5783
1711 66.7366
1712 66.3749
1713 66.3891
1714 66.349
1715 66.504
1716 66.279
1717 66.5296
1718 66.4957
1719 66.6301
1720 66.1836
1721 66.5087
1722 66.6477
1723 66.485
1724 66.6035
1725 66.5727
1726 66.4582
1727 66.4232
1728 66.4189
1729 66.3325
1730 66.2386
1731 66.403
1732 66.3653
1733 66.4807
1734 66.2531
1735 66.4611
1736 66.6175
1737 66.3391
1738 66.7736
1739 66.518
1740 66.2536
1741 66.8438
1742 66.5336
1743 66.4829
1744 66.6928
1745 66.7476
1746 66.7126
1747 66.9724
1748 66.6393
1749 66.6372
1750 66.4111
1751 66.3462
1752 66.5144
1753 66.4864
1754 66.4613
1755 66.3428
1756 66.7277
1757 66.4402
1758 66.4739
1759 66.406
1760 66.6667
1761 66.972
1762 66.5295
1763 66.6152
1764 66.5767
1765 66.5626
1766 66.7551
1767 66.6588
1768 66.5099
1769 66.2222
1770 66.3567
1771 66.5699
1772 66.5872
1773 66.2319
1774 66.5022
1775 66.2383
1776 66.2405
1777 66.3963
1778 66.4385
1779 66.2843
1780 66.7972
1781 66.8485
1782 66.7559
1783 66.3964
1784 66.5826
1785 66.4257
1786 66.5374
1787 66.2908
1788 66.5028
1789 66.5579
1790 66.311
1791 66.5561
1792 66.3985
1793 66.3349
1794 66.4255
1795 66.7743
1796 66.3735
1797 66.5042
1798 66.3508
1799 66.4081
1800 66.738
1801 66.6032
1802 66.4087
1803 66.3446
1804 66.3468
1805 66.6599
1806 66.5977
1807 66.4423
1808 66.5167
1809 66.5984
1810 66.5045
1811 66.4157
1812 66.5899
1813 66.9402
1814 66.6994
1815 66.4704
1816 66.5291
1817 66.6607
1818 66.3981
1819 66.4516
1820 67.007
1821 66.5427
1822 66.4681
1823 66.6111
1824 66.7519
1825 66.5817
1826 66.3256
1827 66.2575
1828 66.4678
1829 66.4187
1830 66.6346
1831 66.6837
1832 66.5182
1833 66.7422
1834 66.3432
1835 66.4138
1836 66.5857
1837 66.657
1838 66.3579
1839 66.4774
1840 66.212
1841 66.41
1842 66.3203
1843 66.5812
1844 66.6454
1845 66.5729
1846 66.4071
1847 66.5508
1848 66.2493
1849 66.5497
1850 66.3995
1851 66.4468
1852 66.5108
1853 66.2421
1854 66.3381
1855 66.1972
1856 66.3691
1857 66.512
1858 66.6956
1859 66.4352
1860 66.6137
1861 66.616
1862 66.5794
1863 66.5231
1864 66.623
1865 66.2958
1866 66.287
1867 66.6963
1868 66.6326
1869 66.4913
1870 66.3894
1871 66.2608
1872 66.3785
1873 66.2634
1874 66.3554
1875 66.1353
1876 66.218
1877 66.2625
1878 66.3053
1879 66.6331
1880 66.1891
1881 66.2898
1882 66.2937
1883 66.504
1884 66.5849
1885 66.5116
1886 66.7287
1887 66.3324
1888 66.1422
1889 66.3718
1890 66.7026
1891 66.7745
1892 66.4691
1893 66.5391
1894 66.3791
1895 66.2078
1896 66.3806
1897 66.0319
1898 66.4408
1899 66.6357
1900 66.6844
1901 66.5029
1902 66.3515
1903 66.3332
1904 66.3889
1905 66.7745
1906 66.8206
1907 66.1111
1908 66.3124
1909 66.492
1910 66.7733
1911 66.7187
1912 66.3051
1913 66.5426
1914 66.4866
1915 66.2274
1916 66.4366
1917 66.3264
1918 66.3816
1919 66.4725
1920 66.086
1921 66.6793
1922 66.184
1923 66.3043
1924 66.3316
1925 66.1753
1926 66.4208
1927 66.5487
1928 66.5812
1929 66.7814
1930 66.5032
1931 66.4926
1932 66.8955
1933 66.7915
1934 66.6321
1935 66.5673
1936 66.7234
1937 66.7794
1938 66.65
1939 66.3138
1940 66.2721
1941 66.5344
1942 66.4199
1943 66.3247
1944 66.6113
1945 66.3385
1946 66.2464
1947 66.436
1948 66.5698
1949 66.601
1950 70.1406
1951 70.2697
1952 68.0922
1953 66.597
1954 66.1374
1955 66.0592
1956 66.1823
1957 66.0794
1958 65.8213
1959 65.8983
1960 65.8744
1961 65.928
1962 65.9203
1963 65.6946
1964 66.1654
1965 65.7925
1966 65.8698
1967 65.8945
1968 65.9641
1969 66.0283
1970 66.1002
1971 65.8573
1972 65.9694
1973 65.999
1974 66.2768
1975 65.8024
1976 65.5128
1977 65.9227
1978 65.9345
1979 65.6592
1980 65.8435
1981 65.8543
1982 65.975
1983 65.9978
1984 65.8966
1985 66.0934
1986 65.9074
1987 66.0423
1988 66.153
1989 65.9097
1990 65.9484
1991 66.015
1992 65.9012
1993 66.0175
1994 65.8072
1995 66.0842
1996 66.4212
1997 65.9723
1998 65.8512
1999 65.7815
2000 66.2809
2001 65.6338
2002 65.9191
2003 66.0143
2004 66.1959
2005 66.0392
2006 65.7804
2007 66.131
2008 66.0094
2009 66.1465
2010 66.3334
2011 66.3149
2012 66.088
2013 65.8643
2014 66.3817
2015 65.8748
2016 65.6926
2017 66.0243
2018 65.942
2019 65.9132
2020 66.0908
2021 65.7006
2022 66.1165
2023 65.9015
2024 66.01
2025 66.3176
2026 65.9404
2027 66.0015
2028 65.7413
2029 65.8625
2030 65.6911
2031 65.9297
2032 65.7629
2033 65.6796
2034 65.9858
2035 66.2161
2036 65.9538
2037 66.0854
2038 65.8705
2039 65.8226
2040 65.9262
2041 65.994
2042 66.2013
2043 65.9727
2044 65.8703
2045 65.8561
2046 66.2724
2047 66.3826
2048 65.8778
2049 65.8787
2050 66.0012
2051 65.8134
2052 65.9732
2053 66.0067
2054 65.6174
2055 65.8753
2056 65.672
2057 65.8751
2058 65.8905
2059 65.7924
2060 65.8123
2061 65.6857
2062 65.8631
2063 66.0647
2064 65.6652
2065 65.9517
2066 66.1237
2067 65.8513
2068 65.6894
2069 65.6432
2070 65.6958
2071 65.824
2072 65.8432
2073 66.0967
2074 65.782
2075 65.6986
2076 65.8636
2077 65.5893
2078 65.5616
2079 65.8342
2080 65.6614
2081 65.8756
2082 65.9262
2083 65.7494
2084 65.9476
2085 65.7776
2086 65.6889
2087 65.7462
2088 65.8683
2089 65.7066
2090 65.8337
2091 65.8993
2092 66.2833
2093 65.8995
2094 65.8657
2095 66.0966
2096 66.1262
2097 65.7883
2098 66.0749
2099 65.9635
2100 65.994
2101 66.3271
2102 66.0788
2103 66.172
2104 65.966
2105 65.8159
2106 65.7263
2107 65.8504
2108 66.0831
2109 65.9644
2110 65.9089
2111 66.0509
2112 65.6219
2113 65.7777
2114 65.629
2115 65.8385
2116 66.0676
2117 65.9551
2118 65.8726
2119 65.8475
2120 65.9055
2121 65.9231
2122 65.8444
2123 65.8633
2124 66.08
2125 65.6766
2126 65.8995
2127 66.1326
2128 65.8098
2129 65.9709
2130 65.7946
2131 65.8173
2132 65.9459
2133 66.2679
2134 65.9264
2135 65.7184
2136 65.804
2137 65.8747
2138 66.069
2139 66.0331
2140 65.9208
2141 66.1031
2142 65.7303
2143 65.7802
2144 65.8417
2145 65.8248
2146 66.0531
2147 65.9695
2148 65.7848
2149 65.9929
2150 65.8356
2151 66.0049
2152 66.0846
2153 65.8975
2154 65.7405
2155 65.9211
2156 65.9744
2157 65.8001
2158 65.7727
2159 65.9272
2160 65.9584
2161 65.9479
2162 66.1971
2163 66.2971
2164 65.7468
2165 65.8161
2166 66.1499
2167 65.7666
2168 65.8272
2169 65.7085
2170 65.7927
2171 65.706
2172 65.8271
2173 65.7067
2174 65.5839
2175 65.918
2176 66.0817
2177 65.9838
2178 65.8831
2179 66.0582
2180 65.5428
2181 66.1077
2182 65.9337
2183 65.9363
2184 65.8507
2185 65.9061
2186 65.7265
2187 66.0191
2188 65.9527
2189 65.9666
2190 66.0305
2191 66.0615
2192 66.0571
2193 66.0252
2194 65.8788
2195 65.8977
2196 65.7902
2197 65.7666
2198 65.9039
2199 65.7878
2200 65.7833
2201 65.7093
2202 65.581
2203 65.8001
2204 65.7995
2205 65.7434
2206 66.0171
2207 65.8632
2208 66.0425
2209 65.5935
2210 65.3446
2211 65.7535
2212 65.6902
2213 65.9741
2214 66.0522
2215 65.7722
2216 65.8718
2217 66.0466
2218 65.9231
2219 66.0443
2220 65.7254
2221 65.8888
2222 65.9431
2223 65.8969
2224 65.8859
2225 65.727
2226 65.7852
2227 65.9292
2228 65.7932
2229 65.892
2230 66.4052
2231 66.1438
2232 66.1175
2233 66.1769
2234 65.7288
2235 66.0943
2236 65.9889
2237 66.1638
2238 65.9701
2239 65.9422
2240 65.8549
2241 65.9052
2242 66.0551
2243 65.93
2244 65.959
2245 65.7636
2246 65.8081
2247 65.7787
2248 65.7181
2249 66.0972
2250 65.9785
2251 65.9566
2252 65.5764
2253 65.7146
2254 66.056
2255 66.0073
2256 65.9299
2257 65.6096
2258 65.8587
2259 65.8155
2260 66.0155
2261 65.7636
2262 65.7992
2263 65.8435
2264 65.8837
2265 66.0261
2266 66.1908
2267 65.9382
2268 66.0861
2269 66.0386
2270 66.2972
2271 66.2946
2272 65.9055
2273 65.9256
2274 66.1128
2275 65.9429
2276 65.9045
2277 65.7903
2278 65.8934
2279 66.1176
2280 66.0758
2281 65.9818
2282 65.8038
2283 65.8418
2284 66.3323
2285 66.0769
2286 65.8202
2287 65.681
2288 65.7575
2289 65.8761
2290 65.8342
2291 65.9481
2292 65.9289
2293 65.7447
2294 65.7682
2295 66.101
2296 65.9245
2297 66.0225
2298 66.1265
2299 66.0914
2300 66.0116
2301 66.0567
2302 66.0739
2303 66.21
2304 65.624
2305 66.067
2306 66.0851
2307 66.1387
2308 65.904
2309 65.9743
2310 65.9219
2311 65.66
2312 66.0446
2313 65.8493
2314 66.0291
2315 65.9666
2316 65.7852
2317 65.8638
2318 66.1426
2319 66.3522
2320 66.2267
2321 65.7778
2322 66.0938
2323 65.9404
2324 65.7265
2325 65.7933
2326 66.0943
2327 66.0108
2328 65.9938
2329 65.7648
2330 66.0345
2331 65.7349
2332 66.1833
2333 65.7265
2334 65.8499
2335 66.1346
2336 65.9251
2337 66.1596
2338 65.6142
2339 65.7194
2340 65.4813
2341 65.8849
2342 65.7903
2343 65.7353
2344 65.9366
2345 65.8677
2346 66.1346
2347 65.9237
2348 66.1837
2349 66.011
2350 66.0771
2351 65.8582
2352 66.0188
2353 65.9041
2354 65.9516
2355 66.0081
2356 65.9397
2357 65.9979
2358 65.8887
2359 65.8905
2360 65.6656
2361 65.842
2362 65.8881
2363 66.0089
2364 66.3844
2365 66.1425
2366 66.1018
2367 65.7851
2368 65.6885
2369 65.6104
2370 66.0597
2371 66.0085
2372 65.6653
2373 65.8376
2374 66.059
2375 65.7973
2376 66.259
2377 66.0295
2378 65.8636
2379 66.1681
2380 65.9895
2381 65.9159
2382 65.6694
2383 65.664
2384 65.6163
2385 66.1397
2386 66.0469
2387 65.955
2388 65.7193
2389 66.0801
2390 65.9483
2391 65.7769
2392 65.7617
2393 65.9363
2394 66.0457
2395 65.9956
2396 66.2067
2397 65.9823
2398 65.7239
2399 66.0403
2400 65.926
2401 66.0148
2402 66.3549
2403 65.8695
2404 66.0803
2405 65.9928
2406 65.8785
2407 65.7024
2408 65.9816
2409 65.7961
2410 65.7619
2411 66.0812
2412 66.1926
2413 66.4424
2414 66.1669
2415 66.0465
2416 66.5546
2417 65.8755
2418 65.8689
2419 66.3273
2420 65.6819
2421 65.9196
2422 65.657
2423 66.0237
2424 65.908
2425 66.1405
2426 65.8639
2427 66.0451
2428 66.0269
2429 65.9986
2430 65.8587
2431 65.6984
2432 65.5924
2433 65.7677
2434 65.8134
2435 66.0091
2436 66.0945
2437 65.9652
2438 66.0901
2439 65.9048
2440 66.0615
2441 65.8973
2442 66.3065
2443 66.1903
2444 65.9464
2445 65.925
2446 66.1173
2447 65.8189
2448 65.8907
2449 65.8976
2450 66.0538
2451 66.1447
2452 65.9017
2453 66.1196
2454 65.9869
2455 66.4989
2456 65.883
2457 65.874
2458 65.9671
2459 66.0452
2460 65.7037
2461 65.8957
2462 65.8543
2463 65.9059
2464 65.9959
2465 65.8937
2466 65.9469
2467 65.8269
2468 65.7708
2469 65.8751
2470 65.8232
2471 66.1581
2472 65.673
2473 65.7163
2474 65.6779
2475 65.9695
2476 65.9131
2477 65.9516
2478 65.559
2479 66.0328
2480 65.7644
2481 65.8571
2482 65.5698
2483 65.7549
2484 66.0247
2485 65.7973
2486 65.8519
2487 66.1064
2488 66.1024
2489 65.9995
2490 66.2008
2491 65.8836
2492 66.0984
2493 65.6559
2494 65.7542
2495 65.6111
2496 65.8888
2497 65.7811
2498 65.9561
2499 66.0538
2500 65.939
2501 65.697
2502 65.7415
2503 65.8675
2504 65.9901
2505 66.0752
2506 66.0486
2507 65.9738
2508 66.0022
2509 65.5829
2510 66.0821
2511 65.7599
2512 65.907
2513 65.6576
2514 65.6185
2515 66.236
2516 65.978
2517 65.9328
2518 65.7225
2519 65.9412
2520 66.3656
2521 65.9076
2522 65.7513
2523 65.9369
2524 65.7164
2525 65.7158
2526 65.8353
2527 65.7266
2528 65.6221
2529 65.8907
2530 65.9399
2531 65.8679
2532 66.1386
2533 65.9317
2534 66.1501
2535 65.9028
2536 66.0953
2537 66.1485
2538 65.8346
2539 65.884
2540 66.179
2541 65.7906
2542 65.8502
2543 65.6191
2544 66.2505
2545 65.9507
2546 65.9657
2547 65.7893
2548 65.9473
2549 65.9601
2550 65.929
2551 65.8015
2552 65.6033
2553 66.1783
2554 65.9658
2555 65.5834
2556 66.1651
2557 66.1611
2558 65.8619
2559 65.8167
2560 65.8987
2561 65.7013
2562 65.9396
2563 65.8307
2564 65.5854
2565 65.9598
2566 65.5935
2567 65.8669
2568 65.9917
2569 65.7303
2570 65.6707
2571 65.9024
2572 66.0734
2573 66.0151
2574 65.9405
2575 66.078
2576 65.9523
2577 65.999
2578 65.8019
2579 66.0059
2580 66.0306
2581 65.8768
2582 65.9479
2583 65.8848
2584 66.1833
2585 65.8495
2586 65.9245
2587 65.9171
2588 66.1542
2589 65.7293
2590 65.9597
2591 65.7378
2592 65.7831
2593 66.0869
2594 66.0825
2595 65.9509
2596 66.3285
2597 66.1301
2598 65.8012
2599 65.7694
2600 66.0025
2601 65.6914
2602 65.9267
2603 65.7565
2604 65.7367
2605 65.6706
2606 66.0092
2607 65.989
2608 65.5248
2609 65.7868
2610 66.2219
2611 65.911
2612 65.8959
2613 66.2709
2614 65.9965
2615 65.7881
2616 65.8251
2617 65.9386
2618 66.0114
2619 66.1433
2620 66.2137
2621 66.0662
2622 66.3612
2623 66.2134
2624 66.2242
2625 65.8742
2626 65.8393
2627 65.9123
2628 66.0324
2629 65.9028
2630 65.9872
2631 66.3362
2632 66.0254
2633 66.0048
2634 66.1462
2635 66.0213
2636 65.7449
2637 65.9622
2638 65.7887
2639 65.8693
2640 65.7862
2641 65.8916
2642 66.0309
2643 66.4121
2644 66.2094
2645 65.924
2646 65.8286
2647 65.7844
2648 66.1059
2649 65.9778
2650 65.8674
2651 66.0156
2652 65.9751
2653 66.1842
2654 66.1251
2655 65.9377
2656 66.0289
2657 65.6945
2658 65.8602
2659 66.1278
2660 65.7263
2661 65.8165
2662 65.9979
2663 66.0173
2664 66.1424
2665 66.2642
2666 66.1932
2667 66.2021
2668 65.9598
2669 65.5258
2670 66.158
2671 65.9825
2672 65.8969
2673 66.0034
2674 65.8902
2675 66.0377
2676 65.8627
2677 65.8972
2678 65.8724
2679 65.7053
2680 66.0812
2681 65.9797
2682 65.9065
2683 66.1999
2684 66.2868
2685 66.0469
2686 66.0411
2687 65.7976
2688 65.7473
2689 66.1601
2690 65.8781
2691 66.2606
2692 66.1848
2693 65.5997
2694 65.7473
2695 65.6481
2696 65.9657
2697 65.7922
2698 65.9305
2699 65.8501
2700 65.8654
2701 65.6368
2702 65.7251
2703 66.3012
2704 66.1879
2705 66.0376
2706 65.9111
2707 65.8907
2708 65.7638
2709 65.9203
2710 65.8063
2711 65.9167
2712 65.7854
2713 65.9441
2714 66.1133
2715 65.9621
2716 65.7412
2717 65.8801
2718 66.024
2719 65.8826
2720 65.8555
2721 65.8729
2722 65.9738
2723 65.7097
2724 65.8902
2725 66.035
2726 65.9212
2727 66.1711
2728 65.8082
2729 65.8078
2730 65.6064
2731 66.1347
2732 65.8043
2733 66.017
2734 66.015
2735 65.7974
2736 66.1658
2737 66.7017
2738 66.2456
2739 65.9692
2740 66.008
2741 66.1697
2742 65.9197
2743 65.8581
2744 65.9801
2745 65.7185
2746 65.9522
2747 66.1541
2748 66.1033
2749 65.8489
2750 65.8016
2751 65.869
2752 65.9406
2753 66.0479
2754 66.1758
2755 66.1064
2756 65.9711
2757 65.8162
2758 65.8139
2759 65.7411
2760 65.6061
2761 65.7715
2762 65.924
2763 66.3015
2764 65.8118
2765 65.9763
2766 65.7924
2767 65.9271
2768 66.3177
2769 66.3382
2770 65.6963
2771 65.8332
2772 66.047
2773 65.9532
2774 65.9366
2775 65.7792
2776 66.0382
2777 65.9091
2778 66.0523
2779 66.074
2780 65.8728
2781 66.0763
2782 65.9758
2783 66.1226
2784 66.0111
2785 66.35
2786 65.8096
2787 65.9164
2788 65.8143
2789 66.2899
2790 66.1078
2791 66.1983
2792 65.6537
2793 65.7036
2794 66.0097
2795 66.0603
2796 66.0099
2797 66.0012
2798 65.8936
2799 66.0796
2800 65.8507
2801 66.1906
2802 66.0164
2803 65.5204
2804 65.967
2805 65.9262
2806 65.8241
2807 66.0141
2808 65.9818
2809 65.8261
2810 66.078
2811 65.9744
2812 66.1563
2813 65.8808
2814 65.4427
2815 66.2024
2816 65.7947
2817 65.7617
2818 65.8383
2819 65.8404
2820 66.0408
2821 66.3759
2822 65.8421
2823 66.0416
2824 66.0123
2825 65.8716
2826 66.0318
2827 65.8352
2828 65.8328
2829 65.8384
2830 65.6366
2831 65.7143
2832 65.628
2833 65.8417
2834 65.8311
2835 65.8631
2836 65.6688
2837 66.1684
2838 66.0861
2839 65.9387
2840 66.057
2841 66.1487
2842 65.7009
2843 66.0811
2844 65.8278
2845 65.8746
2846 65.6634
2847 65.5888
2848 66.3778
2849 66.168
2850 65.9986
2851 65.538
2852 66.0199
2853 65.9709
2854 65.9576
2855 65.9114
2856 66.0218
2857 65.8504
2858 65.7298
2859 65.8572
2860 65.9451
2861 65.8984
2862 65.7222
2863 65.5164
2864 65.8159
2865 65.9225
2866 65.8166
2867 66.1018
2868 65.7951
2869 65.9843
2870 66.3411
2871 65.8418
2872 66.2019
2873 66.1219
2874 65.9655
2875 65.8818
2876 66.1614
2877 65.7943
2878 66.0445
2879 65.9619
2880 65.8378
2881 66.1988
2882 65.989
2883 66.0324
2884 65.9354
2885 65.7496
2886 65.8629
2887 65.8988
2888 66.0241
2889 65.6967
2890 65.9659
2891 66.0409
2892 66.0912
2893 66.0011
2894 65.9397
2895 66.0141
2896 65.9708
2897 66.2513
2898 66.2035
2899 66.1185
2900 65.8627
2901 65.9409
2902 65.8815
2903 65.7371
2904 66.0739
2905 65.9778
2906 66.3252
2907 66.2244
2908 65.8358
2909 65.6108
2910 66.1118
2911 65.9339
2912 66.0195
2913 65.7832
2914 66.205
2915 66.048
2916 66.2142
2917 65.9101
2918 66.1276
2919 66.3104
2920 65.8845
2921 65.7612
2922 66.1804
2923 66.2313
2924 65.7715
2925 65.8311
2926 65.9001
2927 65.6217
2928 65.6247
2929 65.8179
2930 65.6206
2931 66.1125
2932 66.0389
2933 66.1042
2934 65.7719
2935 65.8853
2936 65.8886
2937 65.9442
2938 65.805
2939 65.8395
2940 66.1716
2941 65.6858
2942 65.8678
2943 65.4952
2944 65.7568
2945 65.7974
2946 65.9335
2947 65.8723
2948 65.9561
2949 65.7617
2950 66.1067
2951 66.029
2952 65.817
2953 65.9569
2954 65.8951
2955 66.0851
2956 65.8896
2957 65.888
2958 65.9013
2959 65.8807
2960 65.9922
2961 65.9255
2962 66.2106
2963 65.8502
2964 65.9916
2965 66.1783
2966 65.9131
2967 65.6946
2968 66.1176
2969 65.8585
2970 65.7098
2971 65.5784
2972 65.787
2973 65.715
2974 65.4326
2975 65.6727
2976 65.4418
2977 65.7819
2978 66.0096
2979 66.0028
2980 66.1109
2981 66.0421
2982 65.5462
2983 65.7698
2984 65.6369
2985 65.8918
2986 65.7831
2987 66.1895
2988 65.832
2989 65.8646
2990 65.9294
2991 65.843
2992 65.9819
2993 65.6477
2994 65.7591
2995 65.9287
2996 65.8426
2997 66.2263
2998 66.102
2999 66.0757
3000 65.767
3001 66.1223
3002 65.966
3003 65.9645
3004 65.8025
3005 65.9847
3006 65.9636
3007 65.8788
3008 65.7824
3009 66.1395
3010 66.088
3011 65.9103
3012 65.8264
3013 65.6075
3014 65.8129
3015 66.2194
3016 66.125
3017 66.0852
3018 66.2867
3019 66.017
3020 66.0456
3021 65.9383
3022 66.0784
3023 66.1229
3024 65.9515
3025 65.9278
3026 65.9223
3027 66.2339
3028 66.2247
3029 66.2778
3030 65.9742
3031 65.9398
3032 65.7707
3033 66.1437
3034 65.8185
3035 65.7806
3036 66.0392
3037 65.8847
3038 65.8183
3039 65.7116
3040 65.8979
3041 65.7619
3042 65.9111
3043 65.6687
3044 65.6361
3045 65.9853
3046 66.0171
3047 66.0441
3048 65.8238
3049 65.6877
3050 65.9686
3051 65.9374
3052 65.9546
3053 66.1761
3054 65.8968
3055 65.9991
3056 65.7726
3057 66.0819
3058 66.2004
3059 65.8371
3060 66.2702
3061 65.9161
3062 66.1034
3063 65.8926
3064 65.8355
3065 65.9623
3066 66.3387
3067 66.0402
3068 65.7516
3069 65.9171
3070 66.2029
3071 66.2607
3072 65.7757
3073 66.0421
3074 66.0455
3075 65.8407
3076 66.0132
3077 65.6546
3078 65.7941
3079 66.0184
3080 65.9827
3081 66.1052
3082 65.7411
3083 65.701
3084 65.8705
3085 65.9803
3086 66.0343
3087 66.1086
3088 66.2486
3089 66.0067
3090 66.1119
3091 65.8029
3092 65.7661
3093 65.9322
3094 66.0519
3095 65.9149
3096 65.8855
3097 65.9035
3098 65.9946
3099 65.5694
3100 66.1119
3101 66.1727
3102 65.7371
3103 65.7975
3104 65.6381
3105 65.9232
3106 65.9331
3107 65.966
3108 65.8185
3109 65.7721
3110 65.5576
3111 65.8181
3112 65.6563
3113 65.901
3114 65.9664
3115 66.0847
3116 66.1019
3117 66.0455
3118 66.4038
3119 65.7884
3120 65.983
3121 66.2753
3122 66.1506
3123 65.7749
3124 66.0953
3125 66.0545
3126 66.0207
3127 66.5105
3128 65.8659
3129 65.8381
3130 66.011
3131 66.0088
3132 65.8217
3133 66.0537
3134 65.9775
3135 65.9228
3136 66.0197
3137 65.8339
3138 66.0427
3139 65.998
3140 65.5314
3141 65.9798
3142 65.8919
3143 66.1568
3144 65.8756
3145 65.9812
3146 66.2779
3147 66.2075
3148 65.7971
3149 66.4118
3150 65.7657
3151 65.8543
3152 65.9687
3153 65.9985
3154 65.7251
3155 65.7323
3156 65.75
3157 66.0173
3158 65.8826
3159 66.2049
3160 65.9215
3161 65.7425
3162 66.2001
3163 65.8605
3164 65.874
3165 65.7637
3166 65.9198
3167 65.8978
3168 65.9789
3169 65.965
3170 65.6391
3171 65.7414
3172 65.601
3173 65.8501
3174 65.8534
3175 66.074
3176 65.9911
3177 65.9651
3178 65.6919
3179 65.7001
3180 65.9141
3181 66.1236
3182 65.9416
3183 65.9154
3184 65.9127
3185 65.7714
3186 66.3305
3187 65.8479
3188 65.9409
3189 65.9971
3190 65.654
3191 65.7928
3192 65.4876
3193 65.811
3194 66.0274
3195 66.0946
3196 65.7349
3197 65.8504
3198 65.7661
3199 65.741
3200 66.1729
3201 66.4154
3202 66.158
3203 65.8023
3204 66.1211
3205 66.2939
3206 65.8612
3207 66.0729
3208 65.8254
3209 65.6438
3210 65.7928
3211 66.0392
3212 65.9923
3213 65.8689
3214 65.9513
3215 65.8067
3216 65.7853
3217 65.8476
3218 66.2372
3219 65.7413
3220 65.8473
3221 65.7328
3222 65.9693
3223 65.6583
3224 66.1749
3225 65.978
3226 66.1431
3227 65.9575
3228 66.1952
3229 65.9101
3230 65.9594
3231 65.8079
3232 66.315
3233 66.2475
3234 65.5531
3235 65.8269
3236 65.9018
3237 65.9661
3238 65.775
3239 65.744
3240 65.5119
3241 65.8008
3242 65.8361
3243 66.1394
3244 66.1405
3245 66.1158
3246 65.8971
3247 66.0162
3248 66.0577
3249 65.7464
3250 65.8155
3251 66.1891
3252 66.1747
3253 65.8588
3254 66.1539
3255 65.9815
3256 65.9527
3257 65.5091
3258 65.88
3259 66.1193
3260 66.066
3261 65.9469
3262 66.1114
3263 66.1963
3264 65.846
3265 65.8326
3266 65.7878
3267 66.177
3268 65.7794
3269 65.8194
3270 66.1813
3271 65.781
3272 66.1234
3273 65.8739
3274 65.9602
3275 65.9947
3276 66.2436
3277 66.0195
3278 66.0851
3279 65.9956
3280 65.749
3281 65.96
3282 66.1693
3283 65.8164
3284 65.7663
3285 65.841
3286 65.7352
3287 65.6961
3288 66.0994
3289 65.8865
3290 66.1056
3291 66.0766
3292 65.886
3293 66.1159
3294 66.1828
3295 66.2347
3296 65.9351
3297 65.9913
3298 66.0159
3299 65.6137
3300 65.9967
3301 66.0444
3302 66.0853
3303 65.8677
3304 66.0298
3305 65.9022
3306 65.9259
3307 65.6761
3308 66.1107
3309 65.9095
3310 65.9744
3311 65.7969
3312 65.8808
3313 65.8805
3314 66.1719
3315 66.0658
3316 66.2201
3317 65.792
3318 65.7653
3319 66.014
3320 65.6696
3321 66.0638
3322 66.0136
3323 65.9562
3324 65.8808
3325 65.6056
3326 65.8598
3327 65.6556
3328 66.0537
3329 66.236
3330 66.1623
3331 66.0345
3332 66.0874
3333 66.1391
3334 66.0288
3335 65.9245
3336 65.8655
3337 65.8888
3338 65.7928
3339 65.8252
3340 66.0429
3341 65.7326
3342 65.635
3343 65.7778
3344 65.8252
3345 65.9757
3346 65.8422
3347 65.8732
3348 65.9738
3349 65.947
3350 66.0325
3351 65.6094
3352 65.749
3353 65.5833
3354 66.1714
3355 65.9233
3356 65.8862
3357 65.8737
3358 65.7853
3359 65.6764
3360 65.7313
3361 66.1338
3362 65.9758
3363 65.7011
3364 65.7596
3365 65.9901
3366 66.0678
3367 65.8056
3368 66.159
3369 66.0398
3370 65.5754
3371 65.6646
3372 65.6145
3373 65.8847
3374 65.9992
3375 65.9508
3376 66.1235
3377 65.9437
3378 65.922
3379 66.2217
3380 65.8363
3381 66.056
3382 65.8599
3383 65.9147
3384 65.9018
3385 66.1091
3386 65.9606
3387 66.2453
3388 66.0007
3389 65.9773
3390 66.006
3391 65.7628
3392 65.6588
3393 65.6162
3394 65.9412
3395 65.744
3396 65.7627
3397 66.0232
3398 66.0429
3399 66.0197
3400 66.2177
3401 65.7137
3402 66.016
3403 65.816
3404 65.9658
3405 66.0186
3406 66.1512
3407 66.2327
3408 65.8486
3409 65.7169
3410 65.8252
3411 65.7889
3412 65.739
3413 66.0601
3414 65.9322
3415 65.9827
3416 65.9479
3417 65.9979
3418 65.7396
3419 65.8532
3420 66.1584
3421 66.0947
3422 66.0305
3423 66.0831
3424 66.3135
3425 65.887
3426 65.9282
3427 65.9095
3428 65.8596
3429 66.0856
3430 66.2937
3431 65.856
3432 66.3145
3433 65.7445
3434 65.681
3435 66.0481
3436 65.8329
3437 65.6304
3438 66.0083
3439 65.8938
3440 65.6592
3441 65.7547
3442 65.5735
3443 65.7632
3444 65.7272
3445 66.2113
3446 65.9436
3447 65.8739
3448 65.8929
3449 66.2811
3450 66.1338
3451 66.1035
3452 66.1683
3453 66.1471
3454 65.9442
3455 65.8469
3456 65.6447
3457 65.8671
3458 65.9118
3459 65.8203
3460 65.9024
3461 65.9902
3462 65.9956
3463 65.9352
3464 66.002
3465 66.1245
3466 65.8993
3467 66.1702
3468 66.0019
3469 65.7268
3470 65.7523
3471 65.9808
3472 65.8602
3473 65.8608
3474 65.9362
3475 66.0898
3476 65.8522
3477 65.8627
3478 65.796
3479 66.2943
3480 65.8448
3481 65.8669
3482 66.0717
3483 66.176
3484 66.1346
3485 65.7857
3486 65.8161
3487 66.3375
3488 65.8497
3489 65.8763
3490 65.7935
3491 65.7615
3492 65.8774
3493 65.9608
3494 66.0467
3495 65.5161
3496 65.828
3497 65.9922
3498 66.2783
3499 65.832
3500 65.7597
