1 402.745
2 377.93
3 333.77
4 318.577
5 305.77
6 294.196
7 283.963
8 272.992
9 266.301
10 255.906
11 249.584
12 245.353
13 238.004
14 232.344
15 228.132
16 225.047
17 213.159
18 207.979
19 204.155
20 201.908
21 199.375
22 194.073
23 188.845
24 184.969
25 180.486
26 173.873
27 172.156
28 167.867
29 163.603
30 161.986
31 159.986
32 154.574
33 149.792
34 143.55
35 141.794
36 139.004
37 137.267
38 135.671
39 134.289
40 133.322
41 131.953
42 131.197
43 130.23
44 128.376
45 124.903
46 121.79
47 120.946
48 119.699
49 117.576
50 116.387
51 114.353
52 113.455
53 111.952
54 110.414
55 109.369
56 106.931
57 104.843
58 104.247
59 103.978
60 103.56
61 102.621
62 102.143
63 101.077
64 100.617
65 100.328
66 99.8368
67 99.3087
68 98.5819
69 98.3951
70 98.1013
71 97.8159
72 97.3353
73 97.0761
74 95.3608
75 94.4328
76 93.7911
77 93.0564
78 92.1555
79 91.7717
80 91.4159
81 89.9733
82 88.2125
83 87.3408
84 87.2349
85 86.4679
86 85.6928
87 85.1415
88 85.1293
89 85.0152
90 84.4669
91 84.2659
92 84.019
93 83.6665
94 82.4194
95 81.9406
96 81.9406
97 81.8399
98 81.1642
99 80.6719
100 80.4449
101 80.3973
102 80.2308
103 79.8553
104 79.1989
105 79.0868
106 79.065
107 78.7564
108 78.3815
109 78.265
110 77.7757
111 77.4607
112 77.1829
113 76.9511
114 75.9004
115 75.4145
116 75.1827
117 75.1498
118 75.0225
119 75.0182
120 75.0182
121 74.9787
122 74.3794
123 73.9245
124 73.4221
125 73.4221
126 73.4221
127 73.0483
128 73.0483
129 73.0087
130 73.0087
131 72.7993
132 72.7993
133 72.7993
134 72.7993
135 72.7993
136 72.6041
137 72.2569
138 72.1995
139 72.1305
140 72.0211
141 71.8714
142 71.4384
143 71.3811
144 71.3294
145 71.3294
146 71.3294
147 71.0823
148 70.7614
149 70.7614
150 70.3455
151 70.3364
152 69.4822
153 69.3574
154 69.2763
155 69.0989
156 69.0989
157 69.0989
158 69.0989
159 69.0989
160 69.0989
161 69.0989
162 69.0989
163 69.0989
164 69.0412
165 69.0412
166 69.0412
167 69.0412
168 69.0412
169 69.0412
170 69.0412
171 68.9601
172 68.9601
173 68.9601
174 68.9601
175 68.9601
176 68.8196
177 68.8196
178 68.8196
179 68.8196
180 68.8196
181 68.8196
182 68.8196
183 68.8196
184 68.8196
185 68.8196
186 68.8196
187 68.8196
188 68.8196
189 68.8196
190 68.8196
191 68.8196
192 68.8196
193 68.8196
194 68.8196
195 68.8196
196 68.8196
197 68.8196
198 68.8196
199 68.8196
200 68.8196
201 68.8196
202 68.8196
203 68.8196
204 68.8196
205 68.8196
206 68.8196
207 68.8196
208 68.8196
209 68.8196
210 68.8196
211 68.8196
212 68.8196
213 68.8196
214 68.8196
215 68.8196
216 68.1744
217 68.1744
218 68.1744
219 68.1744
220 68.1744
221 68.1744
222 68.1744
223 68.1744
224 68.1744
225 68.1744
226 68.1744
227 68.1744
228 68.1744
229 68.1744
230 68.1744
231 68.1744
232 68.1744
233 68.1744
234 68.1744
235 68.1744
236 68.1744
237 68.1744
238 68.1744
239 68.1744
240 68.1744
241 68.1744
242 68.1744
243 68.1744
244 68.1744
245 68.1744
246 68.1744
247 68.1744
248 68.1744
249 68.1744
250 68.1744
251 68.1744
252 68.1744
253 68.1744
254 68.1744
255 68.1744
256 68.1744
257 68.1744
258 68.1744
259 68.1744
260 68.1744
261 68.1744
262 68.1744
263 68.1744
264 68.1744
265 68.1744
266 68.1744
267 68.1744
268 68.1744
269 68.1744
270 68.1744
271 68.1744
272 68.1744
273 68.1744
274 68.1744
275 68.1744
276 68.1744
277 68.1744
278 67.9684
279 67.9684
280 67.8682
281 67.8682
282 67.8682
283 67.8682
284 67.8682
285 67.8682
286 67.8682
287 67.8682
288 67.8682
289 67.8682
290 67.8682
291 67.8682
292 67.8682
293 67.8682
294 67.8682
295 67.8682
296 67.8682
297 67.8682
298 67.8682
299 67.8682
300 67.8682
301 67.8682
302 67.8682
303 67.8682
304 67.8682
305 67.8682
306 67.8682
307 67.8682
308 67.8682
309 67.8682
310 67.8682
311 67.8682
312 67.8682
313 67.8682
314 67.8682
315 67.8682
316 67.8682
317 67.8682
318 67.8682
319 67.8682
320 67.8682
321 67.8682
322 67.8682
323 67.8682
324 67.8682
325 67.8682
326 67.5818
327 67.5818
328 67.5818
329 67.5818
330 67.5818
331 67.5818
332 67.5818
333 67.5818
334 67.5818
335 67.5818
336 67.5818
337 67.5818
338 67.5818
339 67.5818
340 67.5818
341 67.5818
342 67.5818
343 67.5818
344 67.5818
345 67.5818
346 67.5818
347 67.5818
348 67.5818
349 67.5818
350 67.5818
351 67.5818
352 67.5818
353 67.5818
354 67.5818
355 67.5818
356 67.5818
357 67.5818
358 67.5818
359 67.5818
360 67.5818
361 67.5818
362 67.5818
363 67.5818
364 67.5818
365 67.5818
366 67.5818
367 67.5818
368 67.5818
369 67.5818
370 67.5818
371 67.5818
372 67.5818
373 67.5818
374 67.5818
375 67.5818
376 67.5818
377 67.5818
378 67.5818
379 67.5818
380 67.5818
381 67.5818
382 67.5818
383 67.5818
384 67.5818
385 67.5818
386 67.5818
387 67.5818
388 67.5818
389 67.5818
390 67.5818
391 67.5818
392 67.5818
393 67.5818
394 67.5818
395 67.5818
396 67.5818
397 67.5818
398 67.5818
399 67.5818
400 67.5818
401 67.5818
402 67.5818
403 67.5818
404 67.5818
405 67.5818
406 67.5818
407 67.5818
408 67.5818
409 67.5818
410 67.5818
411 67.5818
412 67.5818
413 67.5818
414 67.5818
415 67.5818
416 67.5818
417 67.5818
418 67.5818
419 67.5818
420 67.5818
421 67.5818
422 67.5818
423 67.5818
424 67.5818
425 67.5818
426 67.5818
427 67.5818
428 67.5818
429 67.5818
430 67.5818
431 67.5818
432 67.5818
433 67.5818
434 67.5818
435 67.5818
436 67.5818
437 67.5818
438 67.5818
439 67.5818
440 67.5818
441 67.5818
442 67.5818
443 67.5818
444 67.5818
445 67.5818
446 67.5818
447 67.5818
448 67.5818
449 67.5818
450 67.5818
451 67.5818
452 67.5818
453 67.5818
454 67.5818
455 67.5818
456 67.5818
457 67.5818
458 67.5818
459 67.5818
460 67.5818
461 67.5818
462 67.5818
463 67.5818
464 67.5818
465 67.5818
466 67.5536
467 67.5536
468 67.5536
469 67.5536
470 67.5536
471 67.5536
472 67.5536
473 67.5536
474 67.5536
475 67.5536
476 67.5536
477 67.5536
478 67.5536
479 67.5536
480 67.5536
481 67.5536
482 67.5536
483 67.5536
484 67.5536
485 67.5536
486 67.5536
487 67.5536
488 67.5536
489 67.5536
490 67.5536
491 67.5536
492 67.5536
493 67.5536
494 67.5536
495 67.5536
496 67.5536
497 67.5536
498 67.5536
499 67.5536
500 67.5536
501 67.5536
502 67.5536
503 67.5536
504 67.5536
505 67.5536
506 67.5536
507 67.5536
508 67.5536
509 67.5536
510 67.5536
511 67.5536
512 67.5536
513 67.5536
514 67.5536
515 67.5536
516 67.5536
517 67.5536
518 67.5536
519 67.5536
520 67.5536
521 67.5536
522 67.5536
523 67.5536
524 67.5536
525 67.5536
526 67.5536
527 67.5536
528 67.5536
529 67.5536
530 67.5536
531 67.5536
532 67.5536
533 67.5536
534 67.5536
535 67.5536
536 67.5536
537 67.5536
538 67.5536
539 67.5536
540 67.5536
541 67.5536
542 67.5536
543 67.5536
544 67.5536
545 67.5536
546 67.5536
547 67.5536
548 67.5536
549 67.5536
550 67.5536
551 67.5536
552 67.5536
553 67.5536
554 67.5536
555 67.5536
556 67.5536
557 67.5536
558 67.5536
559 67.5536
560 67.5536
561 67.5536
562 67.5536
563 67.5536
564 67.5536
565 67.5536
566 67.5536
567 67.5536
568 67.5536
569 67.5536
570 67.5536
571 67.5536
572 67.5536
573 67.5536
574 67.5536
575 67.5536
576 67.5536
577 67.5536
578 67.5536
579 67.5536
580 67.5536
581 67.5536
582 67.5536
583 67.5536
584 67.5536
585 67.5536
586 67.5536
587 67.5536
588 67.5536
589 67.5536
590 67.5536
591 67.5536
592 67.5536
593 67.5536
594 67.5536
595 67.5536
596 67.5536
597 67.5536
598 67.5536
599 67.5536
600 67.5536
601 67.5536
602 67.5431
603 67.5431
604 67.5431
605 67.5431
606 67.5431
607 67.5431
608 67.5431
609 67.5431
610 67.5431
611 67.5431
612 67.5431
613 67.5431
614 67.5431
615 67.5431
616 67.5431
617 67.5431
618 67.5431
619 67.5431
620 67.5431
621 67.5431
622 67.5431
623 67.5431
624 67.5431
625 67.5431
626 67.5431
627 67.5431
628 67.5431
629 67.5431
630 67.5431
631 67.5431
632 67.5431
633 67.5431
634 67.5431
635 67.5431
636 67.5431
637 67.5431
638 67.5431
639 67.5431
640 67.5431
641 67.5431
642 67.5431
643 67.5431
644 67.5431
645 67.5431
646 67.5431
647 67.5431
648 67.5431
649 67.5431
650 67.5431
651 67.5431
652 67.5431
653 67.5431
654 67.5431
655 67.5431
656 67.5431
657 67.5431
658 67.5431
659 67.5431
660 67.5431
661 67.5431
662 67.5431
663 67.5431
664 67.5431
665 67.5431
666 67.5431
667 67.5431
668 67.5431
669 67.5431
670 67.5431
671 67.5431
672 67.5431
673 67.5431
674 67.5431
675 67.5431
676 67.5431
677 67.5431
678 67.5431
679 67.5431
680 67.5431
681 67.5431
682 67.5431
683 67.5431
684 67.5431
685 67.5431
686 67.5431
687 67.5431
688 67.5431
689 67.5431
690 67.5431
691 67.5431
692 67.5431
693 67.5431
694 67.5431
695 67.5431
696 67.5431
697 67.5431
698 67.5431
699 67.5431
700 67.5431
701 67.5431
702 67.5431
703 67.5431
704 67.5431
705 67.5431
706 67.5431
707 67.5431
708 67.5431
709 67.5431
710 67.5431
711 67.5431
712 67.5431
713 67.5431
714 67.5431
715 67.5431
716 67.5431
717 67.5431
718 67.5431
719 67.5431
720 67.5431
721 67.5431
722 67.5431
723 67.5431
724 67.5431
725 67.5431
726 67.5431
727 67.5431
728 67.5431
729 67.5431
730 67.5431
731 67.5431
732 67.5431
733 67.5431
734 67.5431
735 67.5431
736 67.5431
737 67.5431
738 67.5431
739 67.5431
740 67.5431
741 67.5431
742 67.5431
743 67.5431
744 67.5431
745 67.5431
746 67.5431
747 67.5431
748 67.5431
749 67.5431
750 67.5431
751 67.5431
752 67.5431
753 67.5431
754 67.5431
755 67.5431
756 67.5431
757 67.5431
758 67.5431
759 67.5431
760 67.5431
761 67.5431
762 67.5431
763 67.5431
764 67.5431
765 67.5431
766 67.5431
767 67.5431
768 67.5431
769 67.5431
770 67.5431
771 67.5431
772 67.5431
773 67.5431
774 67.5431
775 67.5431
776 67.5431
777 67.5431
778 67.5431
779 67.5431
780 67.5431
781 67.5431
782 67.5431
783 67.5431
784 67.5431
785 67.5431
786 67.5431
787 67.5431
788 67.5431
789 67.5431
790 67.5431
791 67.5431
792 67.5431
793 67.5431
794 67.5431
795 67.5431
796 67.5431
797 67.5431
798 67.5431
799 67.5431
800 67.5431
801 67.5431
802 67.5431
803 67.5431
804 67.5431
805 67.5431
806 67.5431
807 67.5431
808 67.5431
809 67.5431
810 67.5431
811 67.5431
812 67.5431
813 67.5431
814 67.5431
815 67.5431
816 67.5431
817 67.5431
818 67.5431
819 67.5431
820 67.5431
821 67.5431
822 67.5431
823 67.5431
824 67.5431
825 67.5431
826 67.5431
827 67.5431
828 67.5431
829 67.5431
830 67.5431
831 67.5431
832 67.5431
833 67.5431
834 67.5431
835 67.5431
836 67.5431
837 67.5431
838 67.5431
839 67.5431
840 67.5431
841 67.5431
842 67.5431
843 67.5431
844 67.5431
845 67.5431
846 67.5431
847 67.5431
848 67.5431
849 67.5431
850 67.5431
851 67.5431
852 67.5431
853 67.5431
854 67.5431
855 67.5431
856 67.5431
857 67.5431
858 67.5431
859 67.5431
860 67.5431
861 67.5431
862 67.5431
863 67.5431
864 67.5431
865 67.5431
866 67.5431
867 67.5431
868 67.5431
869 67.5431
870 67.5431
871 67.5431
872 67.5431
873 67.1607
874 67.1607
875 67.1607
876 67.1607
877 67.1607
878 67.1607
879 67.1607
880 67.1607
881 67.1607
882 67.1607
883 67.1607
884 67.1607
885 67.1607
886 67.1607
887 67.1607
888 67.1607
889 67.1607
890 67.1607
891 67.1607
892 67.1607
893 67.1607
894 67.1607
895 67.1607
896 67.1607
897 67.1607
898 67.1607
899 67.1607
900 67.1607
901 67.1607
902 67.1607
903 67.1607
904 67.1607
905 67.1607
906 67.1607
907 67.1607
908 67.1607
909 67.1607
910 67.1607
911 67.1607
912 67.1607
913 67.1607
914 67.1607
915 67.1607
916 67.1607
917 67.1607
918 67.1607
919 67.1607
920 67.1607
921 67.1607
922 67.1607
923 67.1607
924 67.1607
925 67.1607
926 67.1607
927 67.1607
928 67.1607
929 67.1607
930 67.1607
931 67.1607
932 67.1607
933 67.1607
934 67.1607
935 67.1607
936 67.1607
937 67.1607
938 67.1607
939 67.1607
940 67.1607
941 67.1607
942 67.1607
943 67.1607
944 67.1607
945 67.1607
946 67.1607
947 67.1607
948 67.1607
949 67.1607
950 67.1607
951 67.1607
952 67.1607
953 67.1607
954 67.1607
955 67.1607
956 67.1607
957 67.1607
958 67.1607
959 67.1607
960 67.1607
961 67.1607
962 67.1607
963 67.1607
964 67.1607
965 67.1607
966 67.1607
967 67.1607
968 67.1607
969 67.1607
970 67.1607
971 67.1607
972 67.1607
973 67.1607
974 67.1607
975 67.1607
976 67.1607
977 67.1607
978 67.1607
979 67.1607
980 67.1607
981 67.1607
982 67.1607
983 67.1607
984 67.1607
985 67.1607
986 67.1607
987 67.1607
988 67.1607
989 67.1607
990 67.1607
991 67.1607
992 67.1607
993 67.1607
994 67.1607
995 67.1607
996 67.1607
997 67.1607
998 67.1607
999 67.1607
1000 67.1607
1001 67.1607
1002 67.015
1003 67.015
1004 66.9267
1005 66.9267
1006 66.9267
1007 66.9267
1008 66.9267
1009 66.6778
1010 66.6778
1011 66.6778
1012 66.6778
1013 66.6778
1014 66.6778
1015 66.6778
1016 66.6778
1017 66.6778
1018 66.6778
1019 66.6778
1020 66.6778
1021 66.6778
1022 66.6778
1023 66.6778
1024 66.6778
1025 66.6778
1026 66.6778
1027 66.6778
1028 66.6778
1029 66.6778
1030 66.6778
1031 66.6778
1032 66.6778
1033 66.6778
1034 66.6778
1035 66.6778
1036 66.6778
1037 66.6778
1038 66.6778
1039 66.6778
1040 66.6778
1041 66.6778
1042 66.6778
1043 66.6778
1044 66.6778
1045 66.6778
1046 66.6778
1047 66.6778
1048 66.6778
1049 66.6778
1050 66.6778
1051 66.6778
1052 66.6778
1053 66.6778
1054 66.6778
1055 66.6778
1056 66.6778
1057 66.6778
1058 66.6778
1059 66.6778
1060 66.6778
1061 66.6778
1062 66.6778
1063 66.6778
1064 66.6778
1065 66.6778
1066 66.6778
1067 66.6778
1068 66.6778
1069 66.6778
1070 66.6778
1071 66.6778
1072 66.6778
1073 66.6778
1074 66.6778
1075 66.6778
1076 66.6778
1077 66.6778
1078 66.6778
1079 66.6778
1080 66.6687
1081 66.6687
1082 66.6687
1083 66.6687
1084 66.6687
1085 66.6687
1086 66.6687
1087 66.6687
1088 66.6687
1089 66.6687
1090 66.6687
1091 66.6687
1092 66.6687
1093 66.6687
1094 66.6687
1095 66.6687
1096 66.6687
1097 66.6687
1098 66.6687
1099 66.6687
1100 66.6687
1101 66.6687
1102 66.6687
1103 66.6687
1104 66.6687
1105 66.6687
1106 66.6687
1107 66.6687
1108 66.6687
1109 66.6687
1110 66.6687
1111 66.6687
1112 66.6687
1113 66.6687
1114 66.6687
1115 66.6687
1116 66.6687
1117 66.6687
1118 66.6687
1119 66.6687
1120 66.6687
1121 66.6687
1122 66.6687
1123 66.6687
1124 66.6687
1125 66.6687
1126 66.6687
1127 66.6687
1128 66.6687
1129 66.6687
1130 66.6687
1131 66.6687
1132 66.6687
1133 66.6687
1134 66.6687
1135 66.6687
1136 66.6687
1137 66.6687
1138 66.6687
1139 66.6687
1140 66.6687
1141 66.6687
1142 66.6687
1143 66.6687
1144 66.6687
1145 66.6687
1146 66.6687
1147 66.6687
1148 66.6687
1149 66.6687
1150 66.6687
1151 66.6687
1152 66.6687
1153 66.6687
1154 66.6687
1155 66.6687
1156 66.6687
1157 66.6687
1158 66.6687
1159 66.6687
1160 66.6687
1161 66.6687
1162 66.6687
1163 66.6687
1164 66.6687
1165 66.6687
1166 66.6687
1167 66.6687
1168 66.6371
1169 66.6371
1170 65.284
1171 65.284
1172 65.284
1173 65.284
1174 65.284
1175 65.284
1176 65.284
1177 65.284
1178 65.284
1179 65.284
1180 65.284
1181 65.284
1182 65.284
1183 65.284
1184 65.284
1185 65.284
1186 65.284
1187 65.284
1188 65.284
1189 65.284
1190 65.284
1191 65.284
1192 65.284
1193 65.284
1194 65.284
1195 65.284
1196 65.284
1197 65.284
1198 65.284
1199 65.284
1200 65.284
1201 65.284
1202 65.284
1203 65.284
1204 65.284
1205 65.284
1206 65.284
1207 65.284
1208 65.284
1209 65.284
1210 65.284
1211 65.284
1212 65.284
1213 65.284
1214 65.284
1215 65.284
1216 65.284
1217 65.284
1218 65.284
1219 65.284
1220 65.284
1221 65.284
1222 65.284
1223 65.284
1224 65.284
1225 65.284
1226 65.284
1227 65.284
1228 65.284
1229 65.284
1230 65.284
1231 65.284
1232 65.284
1233 65.284
1234 65.284
1235 65.284
1236 65.284
1237 65.284
1238 65.284
1239 65.284
1240 65.284
1241 65.284
1242 65.284
1243 65.284
1244 65.284
1245 65.284
1246 65.284
1247 65.284
1248 65.284
1249 65.284
1250 65.284
1251 65.284
1252 65.284
1253 65.284
1254 65.284
1255 65.284
1256 65.284
1257 65.284
1258 65.284
1259 65.284
1260 65.284
1261 65.284
1262 65.284
1263 65.284
1264 65.284
1265 65.284
1266 65.284
1267 65.284
1268 65.284
1269 65.284
1270 65.284
1271 65.284
1272 65.284
1273 65.284
1274 65.284
1275 65.284
1276 65.284
1277 65.284
1278 65.284
1279 65.284
1280 65.284
1281 65.284
1282 65.284
1283 65.284
1284 65.284
1285 65.284
1286 65.284
1287 65.284
1288 65.284
1289 65.284
1290 65.284
1291 65.284
1292 65.284
1293 65.284
1294 65.284
1295 65.284
1296 65.284
1297 65.284
1298 65.284
1299 65.284
1300 65.284
1301 65.284
1302 65.284
1303 65.284
1304 65.284
1305 65.284
1306 65.284
1307 65.284
1308 65.284
1309 65.284
1310 65.284
1311 65.284
1312 65.284
1313 65.284
1314 65.284
1315 65.284
1316 65.284
1317 65.284
1318 65.284
1319 65.284
1320 65.284
1321 65.284
1322 65.284
1323 65.284
1324 65.284
1325 65.284
1326 65.284
1327 65.284
1328 65.284
1329 65.284
1330 65.284
1331 65.284
1332 65.284
1333 65.284
1334 65.284
1335 65.284
1336 65.284
1337 65.284
1338 65.284
1339 65.284
1340 65.284
1341 65.284
1342 65.284
1343 65.284
1344 65.284
1345 65.284
1346 65.284
1347 65.284
1348 65.284
1349 65.284
1350 65.284
1351 65.284
1352 65.284
1353 65.284
1354 65.284
1355 65.284
1356 65.284
1357 65.284
1358 65.284
1359 65.284
1360 65.284
1361 65.284
1362 65.284
1363 65.284
1364 65.284
1365 65.284
1366 65.284
1367 65.284
1368 65.284
1369 65.284
1370 65.284
1371 65.284
1372 65.284
1373 65.284
1374 65.284
1375 65.284
1376 65.284
1377 65.284
1378 65.284
1379 65.284
1380 65.284
1381 65.284
1382 65.284
1383 65.284
1384 65.284
1385 65.284
1386 65.284
1387 65.284
1388 65.284
1389 65.284
1390 65.284
1391 65.284
1392 65.284
1393 65.284
1394 65.284
1395 65.284
1396 65.284
1397 65.284
1398 65.284
1399 65.284
1400 65.284
1401 65.284
1402 65.284
1403 65.284
1404 65.284
1405 65.284
1406 65.284
1407 65.284
1408 65.284
1409 65.284
1410 65.284
1411 65.284
1412 65.284
1413 65.284
1414 65.284
1415 65.284
1416 65.284
1417 65.284
1418 65.284
1419 65.284
1420 65.284
1421 65.284
1422 65.284
1423 65.284
1424 65.284
1425 65.284
1426 65.284
1427 65.284
1428 65.284
1429 65.284
1430 65.284
1431 65.284
1432 65.284
1433 65.284
1434 65.284
1435 65.284
1436 65.284
1437 65.284
1438 65.284
1439 65.284
1440 65.284
1441 65.284
1442 65.284
1443 65.284
1444 65.284
1445 65.284
1446 65.284
1447 65.284
1448 65.284
1449 65.284
1450 65.284
1451 65.284
1452 65.284
1453 65.284
1454 65.284
1455 65.284
1456 65.284
1457 65.284
1458 65.284
1459 65.284
1460 65.284
1461 65.284
1462 65.284
1463 65.284
1464 65.284
1465 65.284
1466 65.284
1467 65.284
1468 65.284
1469 65.284
1470 65.284
1471 65.284
1472 65.284
1473 65.284
1474 65.284
1475 65.284
1476 65.284
1477 65.284
1478 65.284
1479 65.284
1480 65.284
1481 65.284
1482 65.284
1483 65.284
1484 65.284
1485 65.284
1486 65.284
1487 65.284
1488 65.284
1489 65.284
1490 65.284
1491 65.284
1492 65.284
1493 65.284
1494 65.284
1495 65.284
1496 65.284
1497 65.284
1498 65.284
1499 65.284
1500 65.284
1501 65.284
1502 65.284
1503 65.284
1504 65.284
1505 65.284
1506 65.284
1507 65.284
1508 65.284
1509 65.284
1510 65.284
1511 65.284
1512 65.284
1513 65.284
1514 65.284
1515 65.284
1516 65.284
1517 65.284
1518 65.284
1519 65.284
1520 65.284
1521 65.284
1522 65.284
1523 65.284
1524 65.284
1525 65.284
1526 65.284
1527 65.284
1528 65.284
1529 65.284
1530 65.284
1531 65.284
1532 65.284
1533 65.284
1534 65.284
1535 65.284
1536 65.284
1537 65.284
1538 65.284
1539 65.284
1540 65.284
1541 65.284
1542 65.284
1543 65.284
1544 65.284
1545 65.284
1546 65.284
1547 65.284
1548 65.284
1549 65.284
1550 65.284
1551 65.284
1552 65.284
1553 65.284
1554 65.284
1555 65.284
1556 65.284
1557 65.284
1558 65.284
1559 65.284
1560 65.284
1561 65.284
1562 65.284
1563 65.284
1564 65.284
1565 65.284
1566 65.284
1567 65.284
1568 65.284
1569 65.284
1570 65.284
1571 65.284
1572 65.284
1573 65.284
1574 65.284
1575 65.284
1576 65.284
1577 65.284
1578 65.284
1579 65.284
1580 65.284
1581 65.284
1582 65.284
1583 65.284
1584 65.284
1585 65.284
1586 65.284
1587 65.284
1588 65.284
1589 65.284
1590 65.284
1591 65.284
1592 65.284
1593 65.284
1594 65.284
1595 65.284
1596 65.284
1597 65.284
1598 65.284
1599 65.284
1600 65.284
1601 65.284
1602 65.284
1603 65.284
1604 65.284
1605 65.284
1606 65.284
1607 65.284
1608 65.284
1609 65.284
1610 65.284
1611 65.284
1612 65.284
1613 65.284
1614 65.284
1615 65.284
1616 65.284
1617 65.284
1618 65.284
1619 65.284
1620 65.284
1621 65.284
1622 65.284
1623 65.284
1624 65.284
1625 65.284
1626 65.284
1627 65.284
1628 65.284
1629 65.284
1630 65.284
1631 65.284
1632 65.284
1633 65.284
1634 65.284
1635 65.284
1636 65.284
1637 65.284
1638 65.284
1639 65.284
1640 65.284
1641 65.284
1642 65.284
1643 65.284
1644 65.284
1645 65.284
1646 65.284
1647 65.284
1648 65.284
1649 65.284
1650 65.284
1651 65.284
1652 65.284
1653 65.284
1654 65.284
1655 65.284
1656 65.284
1657 65.284
1658 65.284
1659 65.284
1660 65.284
1661 65.284
1662 65.284
1663 65.284
1664 65.284
1665 65.284
1666 65.284
1667 65.284
1668 65.284
1669 65.284
1670 65.284
1671 65.284
1672 65.284
1673 65.284
1674 65.284
1675 65.284
1676 65.284
1677 65.284
1678 65.284
1679 65.284
1680 65.284
1681 65.284
1682 65.284
1683 65.284
1684 65.284
1685 65.284
1686 65.284
1687 65.284
1688 65.284
1689 65.284
1690 65.284
1691 65.284
1692 65.284
1693 65.284
1694 65.284
1695 65.284
1696 65.284
1697 65.284
1698 65.284
1699 65.284
1700 65.284
1701 65.284
1702 65.284
1703 65.284
1704 65.284
1705 65.284
1706 65.284
1707 65.284
1708 65.284
1709 65.284
1710 65.284
1711 65.284
1712 65.284
1713 65.284
1714 65.284
1715 65.284
1716 65.284
1717 65.284
1718 65.284
1719 65.284
1720 65.284
1721 65.284
1722 65.284
1723 65.284
1724 65.284
1725 65.284
1726 65.284
1727 65.284
1728 65.284
1729 65.284
1730 65.284
1731 65.284
1732 65.284
1733 65.284
1734 65.284
1735 65.284
1736 65.284
1737 65.284
1738 65.284
1739 65.284
1740 65.284
1741 65.284
1742 65.284
1743 65.284
1744 65.284
1745 65.284
1746 65.284
1747 65.284
1748 65.284
1749 65.284
1750 65.284
1751 65.284
1752 65.284
1753 65.284
1754 65.284
1755 65.284
1756 65.284
1757 65.284
1758 65.284
1759 65.284
1760 65.284
1761 65.284
1762 65.284
1763 65.284
1764 65.284
1765 65.284
1766 65.284
1767 65.284
1768 65.284
1769 65.284
1770 65.284
1771 65.284
1772 65.284
1773 65.284
1774 65.284
1775 65.284
1776 65.284
1777 65.284
1778 65.284
1779 65.284
1780 65.284
1781 65.284
1782 65.284
1783 65.284
1784 65.284
1785 65.284
1786 65.284
1787 65.284
1788 65.284
1789 65.284
1790 65.284
1791 65.284
1792 65.284
1793 65.284
1794 65.284
1795 65.284
1796 65.284
1797 65.284
1798 65.284
1799 65.284
1800 65.284
1801 65.284
1802 65.284
1803 65.284
1804 65.284
1805 65.284
1806 65.284
1807 65.284
1808 65.284
1809 65.284
1810 65.284
1811 65.284
1812 65.284
1813 65.284
1814 65.284
1815 65.284
1816 65.284
1817 65.284
1818 65.284
1819 65.284
1820 65.284
1821 65.284
1822 65.284
1823 65.284
1824 65.284
1825 65.284
1826 65.284
1827 65.284
1828 65.284
1829 65.284
1830 65.284
1831 65.284
1832 65.284
1833 65.284
1834 65.284
1835 65.284
1836 65.284
1837 65.284
1838 65.284
1839 65.284
1840 65.284
1841 65.284
1842 65.284
1843 65.284
1844 65.284
1845 65.284
1846 65.284
1847 65.284
1848 65.284
1849 65.284
1850 65.284
1851 65.284
1852 65.284
1853 65.284
1854 65.284
1855 65.284
1856 65.284
1857 65.284
1858 65.284
1859 65.284
1860 65.284
1861 65.284
1862 65.284
1863 65.284
1864 65.284
1865 65.284
1866 65.284
1867 65.284
1868 65.284
1869 65.284
1870 65.284
1871 65.284
1872 65.284
1873 65.284
1874 65.284
1875 65.284
1876 65.284
1877 65.284
1878 65.284
1879 65.284
1880 65.284
1881 65.284
1882 65.284
1883 65.284
1884 65.284
1885 65.284
1886 65.284
1887 65.284
1888 65.284
1889 65.284
1890 65.284
1891 65.284
1892 65.284
1893 65.284
1894 65.284
1895 65.284
1896 65.284
1897 65.284
1898 65.284
1899 65.284
1900 65.284
1901 65.284
1902 65.284
1903 65.284
1904 65.284
1905 65.284
1906 65.284
1907 65.284
1908 65.284
1909 65.284
1910 65.284
1911 65.284
1912 65.284
1913 65.284
1914 65.284
1915 65.284
1916 65.284
1917 65.284
1918 65.284
1919 65.284
1920 65.284
1921 65.284
1922 65.284
1923 65.284
1924 65.284
1925 65.284
1926 65.284
1927 65.284
1928 65.284
1929 65.284
1930 65.284
1931 65.284
1932 65.284
1933 65.284
1934 65.284
1935 65.284
1936 65.284
1937 65.284
1938 65.284
1939 65.284
1940 65.284
1941 65.284
1942 65.284
1943 65.284
1944 65.284
1945 65.284
1946 65.284
1947 65.284
1948 65.284
1949 65.284
1950 64.723
1951 64.723
1952 64.723
1953 64.723
1954 64.723
1955 64.723
1956 64.723
1957 64.723
1958 64.723
1959 64.723
1960 64.723
1961 64.723
1962 64.723
1963 64.723
1964 64.723
1965 64.723
1966 64.723
1967 64.723
1968 64.723
1969 64.723
1970 64.723
1971 64.723
1972 64.723
1973 64.723
1974 64.723
1975 64.723
1976 64.723
1977 64.723
1978 64.723
1979 64.723
1980 64.723
1981 64.723
1982 64.723
1983 64.723
1984 64.723
1985 64.723
1986 64.723
1987 64.723
1988 64.723
1989 64.723
1990 64.723
1991 64.723
1992 64.723
1993 64.723
1994 64.723
1995 64.723
1996 64.723
1997 64.723
1998 64.723
1999 64.723
2000 64.723
2001 64.723
2002 64.723
2003 64.723
2004 64.723
2005 64.723
2006 64.723
2007 64.723
2008 64.723
2009 64.723
2010 64.723
2011 64.723
2012 64.723
2013 64.723
2014 64.723
2015 64.723
2016 64.723
2017 64.723
2018 64.723
2019 64.723
2020 64.723
2021 64.723
2022 64.723
2023 64.723
2024 64.723
2025 64.723
2026 64.723
2027 64.723
2028 64.723
2029 64.723
2030 64.723
2031 64.723
2032 64.723
2033 64.723
2034 64.723
2035 64.723
2036 64.723
2037 64.723
2038 64.723
2039 64.723
2040 64.723
2041 64.723
2042 64.723
2043 64.723
2044 64.723
2045 64.723
2046 64.723
2047 64.723
2048 64.723
2049 64.723
2050 64.723
2051 64.723
2052 64.723
2053 64.723
2054 64.723
2055 64.723
2056 64.723
2057 64.723
2058 64.723
2059 64.723
2060 64.723
2061 64.723
2062 64.723
2063 64.723
2064 64.723
2065 64.723
2066 64.723
2067 64.723
2068 64.723
2069 64.723
2070 64.723
2071 64.723
2072 64.723
2073 64.723
2074 64.723
2075 64.723
2076 64.723
2077 64.723
2078 64.723
2079 64.723
2080 64.723
2081 64.723
2082 64.723
2083 64.723
2084 64.723
2085 64.723
2086 64.723
2087 64.723
2088 64.723
2089 64.723
2090 64.723
2091 64.723
2092 64.723
2093 64.723
2094 64.723
2095 64.723
2096 64.723
2097 64.723
2098 64.723
2099 64.723
2100 64.723
2101 64.723
2102 64.723
2103 64.723
2104 64.723
2105 64.723
2106 64.723
2107 64.723
2108 64.723
2109 64.723
2110 64.723
2111 64.723
2112 64.723
2113 64.723
2114 64.723
2115 64.723
2116 64.723
2117 64.723
2118 64.723
2119 64.723
2120 64.723
2121 64.723
2122 64.723
2123 64.723
2124 64.723
2125 64.723
2126 64.723
2127 64.723
2128 64.723
2129 64.723
2130 64.723
2131 64.723
2132 64.723
2133 64.723
2134 64.723
2135 64.723
2136 64.723
2137 64.723
2138 64.723
2139 64.723
2140 64.723
2141 64.723
2142 64.723
2143 64.723
2144 64.723
2145 64.723
2146 64.723
2147 64.723
2148 64.723
2149 64.723
2150 64.723
2151 64.723
2152 64.723
2153 64.723
2154 64.723
2155 64.723
2156 64.723
2157 64.723
2158 64.723
2159 64.723
2160 64.723
2161 64.723
2162 64.723
2163 64.723
2164 64.723
2165 64.723
2166 64.723
2167 64.723
2168 64.723
2169 64.723
2170 64.723
2171 64.723
2172 64.723
2173 64.723
2174 64.723
2175 64.723
2176 64.723
2177 64.723
2178 64.723
2179 64.723
2180 64.723
2181 64.723
2182 64.723
2183 64.723
2184 64.723
2185 64.723
2186 64.723
2187 64.723
2188 64.723
2189 64.723
2190 64.723
2191 64.723
2192 64.723
2193 64.723
2194 64.723
2195 64.723
2196 64.723
2197 64.723
2198 64.723
2199 64.723
2200 64.723
2201 64.723
2202 64.723
2203 64.723
2204 64.723
2205 64.723
2206 64.723
2207 64.723
2208 64.723
2209 64.723
2210 64.723
2211 64.723
2212 64.723
2213 64.723
2214 64.723
2215 64.723
2216 64.723
2217 64.723
2218 64.723
2219 64.723
2220 64.723
2221 64.723
2222 64.723
2223 64.723
2224 64.723
2225 64.723
2226 64.723
2227 64.723
2228 64.723
2229 64.723
2230 64.723
2231 64.723
2232 64.723
2233 64.723
2234 64.723
2235 64.723
2236 64.723
2237 64.723
2238 64.723
2239 64.723
2240 64.723
2241 64.723
2242 64.723
2243 64.723
2244 64.723
2245 64.723
2246 64.723
2247 64.723
2248 64.723
2249 64.723
2250 64.723
2251 64.723
2252 64.723
2253 64.723
2254 64.723
2255 64.723
2256 64.723
2257 64.723
2258 64.723
2259 64.723
2260 64.723
2261 64.723
2262 64.723
2263 64.723
2264 64.723
2265 64.723
2266 64.723
2267 64.723
2268 64.723
2269 64.723
2270 64.723
2271 64.723
2272 64.723
2273 64.723
2274 64.723
2275 64.723
2276 64.723
2277 64.723
2278 64.723
2279 64.723
2280 64.723
2281 64.723
2282 64.723
2283 64.723
2284 64.723
2285 64.723
2286 64.723
2287 64.723
2288 64.723
2289 64.723
2290 64.723
2291 64.723
2292 64.723
2293 64.723
2294 64.723
2295 64.723
2296 64.723
2297 64.723
2298 64.723
2299 64.723
2300 64.723
2301 64.723
2302 64.723
2303 64.723
2304 64.723
2305 64.723
2306 64.723
2307 64.723
2308 64.723
2309 64.723
2310 64.723
2311 64.723
2312 64.723
2313 64.723
2314 64.723
2315 64.723
2316 64.723
2317 64.723
2318 64.723
2319 64.723
2320 64.723
2321 64.723
2322 64.723
2323 64.723
2324 64.723
2325 64.723
2326 64.723
2327 64.723
2328 64.723
2329 64.723
2330 64.723
2331 64.723
2332 64.723
2333 64.723
2334 64.723
2335 64.723
2336 64.723
2337 64.723
2338 64.723
2339 64.723
2340 64.723
2341 64.723
2342 64.723
2343 64.723
2344 64.723
2345 64.723
2346 64.723
2347 64.723
2348 64.723
2349 64.723
2350 64.723
2351 64.723
2352 64.723
2353 64.723
2354 64.723
2355 64.723
2356 64.723
2357 64.723
2358 64.723
2359 64.723
2360 64.723
2361 64.723
2362 64.723
2363 64.723
2364 64.723
2365 64.723
2366 64.723
2367 64.723
2368 64.723
2369 64.723
2370 64.723
2371 64.723
2372 64.723
2373 64.723
2374 64.723
2375 64.723
2376 64.723
2377 64.723
2378 64.723
2379 64.723
2380 64.723
2381 64.723
2382 64.723
2383 64.723
2384 64.723
2385 64.723
2386 64.723
2387 64.723
2388 64.723
2389 64.723
2390 64.723
2391 64.723
2392 64.723
2393 64.723
2394 64.723
2395 64.723
2396 64.723
2397 64.723
2398 64.723
2399 64.723
2400 64.723
2401 64.723
2402 64.723
2403 64.723
2404 64.723
2405 64.723
2406 64.723
2407 64.723
2408 64.723
2409 64.723
2410 64.723
2411 64.723
2412 64.723
2413 64.723
2414 64.723
2415 64.723
2416 64.723
2417 64.723
2418 64.723
2419 64.723
2420 64.723
2421 64.723
2422 64.723
2423 64.723
2424 64.723
2425 64.723
2426 64.723
2427 64.723
2428 64.723
2429 64.723
2430 64.723
2431 64.723
2432 64.723
2433 64.723
2434 64.723
2435 64.723
2436 64.723
2437 64.723
2438 64.723
2439 64.723
2440 64.723
2441 64.723
2442 64.723
2443 64.723
2444 64.723
2445 64.723
2446 64.723
2447 64.723
2448 64.723
2449 64.723
2450 64.723
2451 64.723
2452 64.723
2453 64.723
2454 64.723
2455 64.723
2456 64.723
2457 64.723
2458 64.723
2459 64.723
2460 64.723
2461 64.723
2462 64.723
2463 64.723
2464 64.723
2465 64.723
2466 64.723
2467 64.723
2468 64.723
2469 64.723
2470 64.723
2471 64.723
2472 64.723
2473 64.723
2474 64.723
2475 64.723
2476 64.723
2477 64.723
2478 64.723
2479 64.723
2480 64.723
2481 64.723
2482 64.723
2483 64.723
2484 64.723
2485 64.723
2486 64.723
2487 64.723
2488 64.723
2489 64.723
2490 64.723
2491 64.723
2492 64.723
2493 64.723
2494 64.723
2495 64.723
2496 64.723
2497 64.723
2498 64.723
2499 64.723
2500 64.723
2501 64.723
2502 64.723
2503 64.723
2504 64.723
2505 64.723
2506 64.723
2507 64.723
2508 64.723
2509 64.723
2510 64.723
2511 64.723
2512 64.723
2513 64.723
2514 64.723
2515 64.723
2516 64.723
2517 64.723
2518 64.723
2519 64.723
2520 64.723
2521 64.723
2522 64.723
2523 64.723
2524 64.723
2525 64.723
2526 64.723
2527 64.723
2528 64.723
2529 64.723
2530 64.723
2531 64.723
2532 64.723
2533 64.723
2534 64.723
2535 64.723
2536 64.723
2537 64.723
2538 64.723
2539 64.723
2540 64.723
2541 64.723
2542 64.723
2543 64.723
2544 64.723
2545 64.723
2546 64.723
2547 64.723
2548 64.723
2549 64.723
2550 64.723
2551 64.723
2552 64.723
2553 64.723
2554 64.723
2555 64.723
2556 64.723
2557 64.723
2558 64.723
2559 64.723
2560 64.723
2561 64.723
2562 64.723
2563 64.723
2564 64.723
2565 64.723
2566 64.723
2567 64.723
2568 64.723
2569 64.723
2570 64.723
2571 64.723
2572 64.723
2573 64.723
2574 64.723
2575 64.723
2576 64.723
2577 64.723
2578 64.723
2579 64.723
2580 64.723
2581 64.723
2582 64.723
2583 64.723
2584 64.723
2585 64.723
2586 64.723
2587 64.723
2588 64.723
2589 64.723
2590 64.723
2591 64.723
2592 64.723
2593 64.723
2594 64.723
2595 64.723
2596 64.723
2597 64.723
2598 64.723
2599 64.723
2600 64.723
2601 64.723
2602 64.723
2603 64.723
2604 64.723
2605 64.723
2606 64.723
2607 64.723
2608 64.723
2609 64.723
2610 64.723
2611 64.723
2612 64.723
2613 64.723
2614 64.723
2615 64.723
2616 64.723
2617 64.723
2618 64.723
2619 64.723
2620 64.723
2621 64.723
2622 64.723
2623 64.723
2624 64.723
2625 64.723
2626 64.723
2627 64.723
2628 64.723
2629 64.723
2630 64.723
2631 64.723
2632 64.723
2633 64.723
2634 64.723
2635 64.723
2636 64.723
2637 64.723
2638 64.723
2639 64.723
2640 64.723
2641 64.723
2642 64.723
2643 64.723
2644 64.723
2645 64.723
2646 64.723
2647 64.723
2648 64.723
2649 64.723
2650 64.723
2651 64.723
2652 64.723
2653 64.723
2654 64.723
2655 64.723
2656 64.723
2657 64.723
2658 64.723
2659 64.723
2660 64.723
2661 64.723
2662 64.723
2663 64.723
2664 64.723
2665 64.723
2666 64.723
2667 64.723
2668 64.723
2669 64.723
2670 64.723
2671 64.723
2672 64.723
2673 64.723
2674 64.723
2675 64.723
2676 64.723
2677 64.723
2678 64.723
2679 64.723
2680 64.723
2681 64.723
2682 64.723
2683 64.723
2684 64.723
2685 64.723
2686 64.723
2687 64.723
2688 64.723
2689 64.723
2690 64.723
2691 64.723
2692 64.723
2693 64.723
2694 64.723
2695 64.723
2696 64.723
2697 64.723
2698 64.723
2699 64.723
2700 64.723
2701 64.723
2702 64.723
2703 64.723
2704 64.723
2705 64.723
2706 64.723
2707 64.723
2708 64.723
2709 64.723
2710 64.723
2711 64.723
2712 64.723
2713 64.723
2714 64.723
2715 64.723
2716 64.723
2717 64.723
2718 64.723
2719 64.723
2720 64.723
2721 64.723
2722 64.723
2723 64.723
2724 64.723
2725 64.723
2726 64.723
2727 64.723
2728 64.723
2729 64.723
2730 64.723
2731 64.723
2732 64.723
2733 64.723
2734 64.723
2735 64.723
2736 64.723
2737 64.723
2738 64.723
2739 64.723
2740 64.723
2741 64.723
2742 64.723
2743 64.723
2744 64.723
2745 64.723
2746 64.723
2747 64.723
2748 64.723
2749 64.723
2750 64.723
2751 64.723
2752 64.723
2753 64.723
2754 64.723
2755 64.723
2756 64.723
2757 64.723
2758 64.723
2759 64.723
2760 64.723
2761 64.723
2762 64.723
2763 64.723
2764 64.723
2765 64.723
2766 64.723
2767 64.723
2768 64.723
2769 64.723
2770 64.723
2771 64.723
2772 64.723
2773 64.723
2774 64.723
2775 64.723
2776 64.723
2777 64.723
2778 64.723
2779 64.723
2780 64.723
2781 64.723
2782 64.723
2783 64.723
2784 64.723
2785 64.723
2786 64.723
2787 64.723
2788 64.723
2789 64.723
2790 64.723
2791 64.723
2792 64.723
2793 64.723
2794 64.723
2795 64.723
2796 64.723
2797 64.723
2798 64.723
2799 64.723
2800 64.723
2801 64.723
2802 64.723
2803 64.723
2804 64.723
2805 64.723
2806 64.723
2807 64.723
2808 64.723
2809 64.723
2810 64.723
2811 64.723
2812 64.723
2813 64.723
2814 64.723
2815 64.723
2816 64.723
2817 64.723
2818 64.723
2819 64.723
2820 64.723
2821 64.723
2822 64.723
2823 64.723
2824 64.723
2825 64.723
2826 64.723
2827 64.723
2828 64.723
2829 64.723
2830 64.723
2831 64.723
2832 64.723
2833 64.723
2834 64.723
2835 64.723
2836 64.723
2837 64.723
2838 64.723
2839 64.723
2840 64.723
2841 64.723
2842 64.723
2843 64.723
2844 64.723
2845 64.723
2846 64.723
2847 64.723
2848 64.723
2849 64.723
2850 64.723
2851 64.723
2852 64.723
2853 64.723
2854 64.723
2855 64.723
2856 64.723
2857 64.723
2858 64.723
2859 64.723
2860 64.723
2861 64.723
2862 64.723
2863 64.723
2864 64.723
2865 64.723
2866 64.723
2867 64.723
2868 64.723
2869 64.723
2870 64.723
2871 64.723
2872 64.723
2873 64.723
2874 64.723
2875 64.723
2876 64.723
2877 64.723
2878 64.723
2879 64.723
2880 64.723
2881 64.723
2882 64.723
2883 64.723
2884 64.723
2885 64.723
2886 64.723
2887 64.723
2888 64.723
2889 64.723
2890 64.723
2891 64.723
2892 64.723
2893 64.723
2894 64.723
2895 64.723
2896 64.723
2897 64.723
2898 64.723
2899 64.723
2900 64.723
2901 64.723
2902 64.723
2903 64.723
2904 64.723
2905 64.723
2906 64.723
2907 64.723
2908 64.723
2909 64.723
2910 64.723
2911 64.723
2912 64.723
2913 64.723
2914 64.723
2915 64.723
2916 64.723
2917 64.723
2918 64.723
2919 64.723
2920 64.723
2921 64.723
2922 64.723
2923 64.723
2924 64.723
2925 64.723
2926 64.723
2927 64.723
2928 64.723
2929 64.723
2930 64.723
2931 64.723
2932 64.723
2933 64.723
2934 64.723
2935 64.723
2936 64.723
2937 64.723
2938 64.723
2939 64.723
2940 64.723
2941 64.723
2942 64.723
2943 64.723
2944 64.723
2945 64.723
2946 64.723
2947 64.723
2948 64.723
2949 64.723
2950 64.723
2951 64.723
2952 64.723
2953 64.723
2954 64.723
2955 64.723
2956 64.723
2957 64.723
2958 64.723
2959 64.723
2960 64.723
2961 64.723
2962 64.723
2963 64.723
2964 64.723
2965 64.723
2966 64.723
2967 64.723
2968 64.723
2969 64.723
2970 64.723
2971 64.723
2972 64.723
2973 64.723
2974 64.723
2975 64.723
2976 64.723
2977 64.723
2978 64.723
2979 64.723
2980 64.723
2981 64.723
2982 64.723
2983 64.723
2984 64.723
2985 64.723
2986 64.723
2987 64.723
2988 64.723
2989 64.723
2990 64.723
2991 64.723
2992 64.723
2993 64.723
2994 64.723
2995 64.723
2996 64.723
2997 64.723
2998 64.723
2999 64.723
3000 64.723
3001 64.723
3002 64.723
3003 64.723
3004 64.723
3005 64.723
3006 64.723
3007 64.723
3008 64.723
3009 64.723
3010 64.723
3011 64.723
3012 64.723
3013 64.723
3014 64.723
3015 64.723
3016 64.723
3017 64.723
3018 64.723
3019 64.723
3020 64.723
3021 64.723
3022 64.723
3023 64.723
3024 64.723
3025 64.723
3026 64.723
3027 64.723
3028 64.723
3029 64.723
3030 64.723
3031 64.723
3032 64.723
3033 64.723
3034 64.723
3035 64.723
3036 64.723
3037 64.723
3038 64.723
3039 64.723
3040 64.723
3041 64.723
3042 64.723
3043 64.723
3044 64.723
3045 64.723
3046 64.723
3047 64.723
3048 64.723
3049 64.723
3050 64.723
3051 64.723
3052 64.723
3053 64.723
3054 64.723
3055 64.723
3056 64.723
3057 64.723
3058 64.723
3059 64.723
3060 64.723
3061 64.723
3062 64.723
3063 64.723
3064 64.723
3065 64.723
3066 64.723
3067 64.723
3068 64.723
3069 64.723
3070 64.723
3071 64.723
3072 64.723
3073 64.723
3074 64.723
3075 64.723
3076 64.723
3077 64.723
3078 64.723
3079 64.723
3080 64.723
3081 64.723
3082 64.723
3083 64.723
3084 64.723
3085 64.723
3086 64.723
3087 64.723
3088 64.723
3089 64.723
3090 64.723
3091 64.723
3092 64.723
3093 64.723
3094 64.723
3095 64.723
3096 64.723
3097 64.723
3098 64.723
3099 64.723
3100 64.723
3101 64.723
3102 64.723
3103 64.723
3104 64.723
3105 64.723
3106 64.723
3107 64.723
3108 64.723
3109 64.723
3110 64.723
3111 64.723
3112 64.723
3113 64.723
3114 64.723
3115 64.723
3116 64.723
3117 64.723
3118 64.723
3119 64.723
3120 64.723
3121 64.723
3122 64.723
3123 64.723
3124 64.723
3125 64.723
3126 64.723
3127 64.723
3128 64.723
3129 64.723
3130 64.723
3131 64.723
3132 64.723
3133 64.723
3134 64.723
3135 64.723
3136 64.723
3137 64.723
3138 64.723
3139 64.723
3140 64.723
3141 64.723
3142 64.723
3143 64.723
3144 64.723
3145 64.723
3146 64.723
3147 64.723
3148 64.723
3149 64.723
3150 64.723
3151 64.723
3152 64.723
3153 64.723
3154 64.723
3155 64.723
3156 64.723
3157 64.723
3158 64.723
3159 64.723
3160 64.723
3161 64.723
3162 64.723
3163 64.723
3164 64.723
3165 64.723
3166 64.723
3167 64.723
3168 64.723
3169 64.723
3170 64.723
3171 64.723
3172 64.723
3173 64.723
3174 64.723
3175 64.723
3176 64.723
3177 64.723
3178 64.723
3179 64.723
3180 64.723
3181 64.723
3182 64.723
3183 64.723
3184 64.723
3185 64.723
3186 64.723
3187 64.723
3188 64.723
3189 64.723
3190 64.723
3191 64.723
3192 64.723
3193 64.723
3194 64.723
3195 64.723
3196 64.723
3197 64.723
3198 64.723
3199 64.723
3200 64.723
3201 64.723
3202 64.723
3203 64.723
3204 64.723
3205 64.723
3206 64.723
3207 64.723
3208 64.723
3209 64.723
3210 64.723
3211 64.723
3212 64.723
3213 64.723
3214 64.723
3215 64.723
3216 64.723
3217 64.723
3218 64.723
3219 64.723
3220 64.723
3221 64.723
3222 64.723
3223 64.723
3224 64.723
3225 64.723
3226 64.723
3227 64.723
3228 64.723
3229 64.723
3230 64.723
3231 64.723
3232 64.723
3233 64.723
3234 64.723
3235 64.723
3236 64.723
3237 64.723
3238 64.723
3239 64.723
3240 64.723
3241 64.723
3242 64.723
3243 64.723
3244 64.723
3245 64.723
3246 64.723
3247 64.723
3248 64.723
3249 64.723
3250 64.723
3251 64.723
3252 64.723
3253 64.723
3254 64.723
3255 64.723
3256 64.723
3257 64.723
3258 64.723
3259 64.723
3260 64.723
3261 64.723
3262 64.723
3263 64.723
3264 64.723
3265 64.723
3266 64.723
3267 64.723
3268 64.723
3269 64.723
3270 64.723
3271 64.723
3272 64.723
3273 64.723
3274 64.723
3275 64.723
3276 64.723
3277 64.723
3278 64.723
3279 64.723
3280 64.723
3281 64.723
3282 64.723
3283 64.723
3284 64.723
3285 64.723
3286 64.723
3287 64.723
3288 64.723
3289 64.723
3290 64.723
3291 64.723
3292 64.723
3293 64.723
3294 64.723
3295 64.723
3296 64.723
3297 64.723
3298 64.723
3299 64.723
3300 64.723
3301 64.723
3302 64.723
3303 64.723
3304 64.723
3305 64.723
3306 64.723
3307 64.723
3308 64.723
3309 64.723
3310 64.723
3311 64.723
3312 64.723
3313 64.723
3314 64.723
3315 64.723
3316 64.723
3317 64.723
3318 64.723
3319 64.723
3320 64.723
3321 64.723
3322 64.723
3323 64.723
3324 64.723
3325 64.723
3326 64.723
3327 64.723
3328 64.723
3329 64.723
3330 64.723
3331 64.723
3332 64.723
3333 64.723
3334 64.723
3335 64.723
3336 64.723
3337 64.723
3338 64.723
3339 64.723
3340 64.723
3341 64.723
3342 64.723
3343 64.723
3344 64.723
3345 64.723
3346 64.723
3347 64.723
3348 64.723
3349 64.723
3350 64.723
3351 64.723
3352 64.723
3353 64.723
3354 64.723
3355 64.723
3356 64.723
3357 64.723
3358 64.723
3359 64.723
3360 64.723
3361 64.723
3362 64.723
3363 64.723
3364 64.723
3365 64.723
3366 64.723
3367 64.723
3368 64.723
3369 64.723
3370 64.723
3371 64.723
3372 64.723
3373 64.723
3374 64.723
3375 64.723
3376 64.723
3377 64.723
3378 64.723
3379 64.723
3380 64.723
3381 64.723
3382 64.723
3383 64.723
3384 64.723
3385 64.723
3386 64.723
3387 64.723
3388 64.723
3389 64.723
3390 64.723
3391 64.723
3392 64.723
3393 64.723
3394 64.723
3395 64.723
3396 64.723
3397 64.723
3398 64.723
3399 64.723
3400 64.723
3401 64.723
3402 64.723
3403 64.723
3404 64.723
3405 64.723
3406 64.723
3407 64.723
3408 64.723
3409 64.723
3410 64.723
3411 64.723
3412 64.723
3413 64.723
3414 64.723
3415 64.723
3416 64.723
3417 64.723
3418 64.723
3419 64.723
3420 64.723
3421 64.723
3422 64.723
3423 64.723
3424 64.723
3425 64.723
3426 64.723
3427 64.723
3428 64.723
3429 64.723
3430 64.723
3431 64.723
3432 64.723
3433 64.723
3434 64.723
3435 64.723
3436 64.723
3437 64.723
3438 64.723
3439 64.723
3440 64.723
3441 64.723
3442 64.723
3443 64.723
3444 64.723
3445 64.723
3446 64.723
3447 64.723
3448 64.723
3449 64.723
3450 64.723
3451 64.723
3452 64.723
3453 64.723
3454 64.723
3455 64.723
3456 64.723
3457 64.723
3458 64.723
3459 64.723
3460 64.723
3461 64.723
3462 64.723
3463 64.723
3464 64.723
3465 64.723
3466 64.723
3467 64.723
3468 64.723
3469 64.723
3470 64.723
3471 64.723
3472 64.723
3473 64.723
3474 64.723
3475 64.723
3476 64.723
3477 64.723
3478 64.723
3479 64.723
3480 64.723
3481 64.723
3482 64.723
3483 64.723
3484 64.723
3485 64.723
3486 64.723
3487 64.723
3488 64.723
3489 64.723
3490 64.723
3491 64.723
3492 64.723
3493 64.723
3494 64.723
3495 64.723
3496 64.723
3497 64.723
3498 64.723
3499 64.723
3500 64.723
