0 510.825
1 455.554
2 418.834
3 389.085
4 364.356
5 345.788
6 334.227
7 324.473
8 314.014
9 303.483
10 296.031
11 288.532
12 279.595
13 270.992
14 263.154
15 255.128
16 248.902
17 242.545
18 236.9
19 232.795
20 227.828
21 221.755
22 216.587
23 212.867
24 209.615
25 204.28
26 198.317
27 193.688
28 189.39
29 185.971
30 182.46
31 178.288
32 174.661
33 171.281
34 168.313
35 164.352
36 161.647
37 159.755
38 158.107
39 156.837
40 155.201
41 154.071
42 152.962
43 151.843
44 149.753
45 148.031
46 146.62
47 145.059
48 143.662
49 141.724
50 140.406
51 139.388
52 138.508
53 137.157
54 135.51
55 134.124
56 133.078
57 131.7
58 131.064
59 129.462
60 128.769
61 128.036
62 127.083
63 126.109
64 125.236
65 124.41
66 123.129
67 122.411
68 122.349
69 122.332
70 122.294
71 119.989
72 117.978
73 117.064
74 117.631
75 118.887
76 117.427
77 113.636
78 111.375
79 111.339
80 111.834
81 111.399
82 110.732
83 109.974
84 109.818
85 110.821
86 111.197
87 110.205
88 107.999
89 106.879
90 105.006
91 104.078
92 104.549
93 104.283
94 103.5
95 102.524
96 100.794
97 100.112
98 99.2131
99 98.9772
100 98.6441
101 98.012
102 97.7224
103 97.0948
104 95.9015
105 95.1509
106 94.1674
107 93.3124
108 92.7999
109 93.1808
110 92.4491
111 92.7737
112 92.9512
113 92.4208
114 91.7532
115 91.3475
116 91.0464
117 90.6123
118 90.2483
119 90.6579
120 91.2925
121 89.8962
122 88.5809
123 87.9631
124 87.6553
125 87.4038
126 87.1523
127 87.2159
128 86.7909
129 86.5423
130 86.5887
131 86.2461
132 85.9283
133 85.5061
134 85.2442
135 84.645
136 84.5809
137 83.748
138 83.3123
139 83.3526
140 84.2786
141 84.6248
142 84.7504
143 83.587
144 82.145
145 81.4663
146 81.6842
147 81.3008
148 81.6904
149 81.271
150 80.625
151 80.4021
152 80.1218
153 79.975
154 80.9451
155 81.2584
156 81.2018
157 81.3117
158 80.6559
159 80.6233
160 80.7571
161 80.3264
162 80.1128
163 80.1009
164 80.3395
165 80.3741
166 80.0275
167 79.5309
168 79.319
169 78.5547
170 78.0284
171 78.4311
172 79.0275
173 80.0206
174 80.9465
175 81.2469
176 81.3757
177 80.0256
178 78.6623
179 77.8592
180 77.5852
181 77.1651
182 77.7003
183 77.6446
184 77.6879
185 77.4323
186 77.2683
187 77.4867
188 77.2889
189 77.6238
190 77.5784
191 78.6745
192 79.836
193 79.0674
194 78.0246
195 77.459
196 77.4354
197 77.5364
198 77.1039
199 75.9106
200 75.2628
201 74.973
202 74.8643
203 74.8684
204 74.6395
205 74.5408
206 75.3601
207 75.708
208 75.4734
209 75.5595
210 74.7507
211 74.6609
212 74.7461
213 74.334
214 74.3932
215 74.0464
216 74.1183
217 73.9476
218 74.4516
219 74.5768
220 74.1179
221 74.2974
222 74.4828
223 74.8558
224 74.5755
225 74.4912
226 74.5307
227 74.3751
228 74.7047
229 74.4883
230 74.4897
231 74.3704
232 74.2725
233 74.2083
234 74.4812
235 74.6017
236 74.4968
237 75.0927
238 75.4577
239 74.9118
240 74.7578
241 74.3731
242 74.2881
243 74.3242
244 74.3871
245 74.5703
246 74.3959
247 74.2934
248 74.4014
249 74.255
250 74.4606
251 74.3718
252 74.0891
253 74.3651
254 74.1642
255 74.3457
256 74.5902
257 74.7617
258 74.5347
259 73.9464
260 73.6039
261 73.9291
262 74.0661
263 74.0053
264 73.6659
265 73.7054
266 73.794
267 74.0499
268 74.2116
269 74.038
270 73.812
271 73.7936
272 73.9979
273 73.6242
274 73.5577
275 73.8693
276 73.6531
277 73.6659
278 74.8393
279 76.0166
280 75.5888
281 74.6416
282 74.1573
283 74.0579
284 73.6585
285 73.4568
286 73.3988
287 73.4046
288 73.749
289 74.1808
290 73.5922
291 73.8093
292 73.7654
293 73.6598
294 73.4229
295 74.6619
296 75.6719
297 75.3734
298 74.5843
299 73.9862
300 73.365
301 73.1721
302 73.3883
303 74.5886
304 75.5565
305 76.4984
306 77.9476
307 77.5408
308 75.1017
309 73.984
310 73.5532
311 73.4168
312 73.346
313 73.2266
314 72.9219
315 72.9625
316 73.1738
317 73.1357
318 72.8407
319 73.1455
320 72.9016
321 73.1294
322 72.9457
323 72.7709
324 72.9489
325 72.9291
326 72.8187
327 72.7934
328 72.8335
329 73.1124
330 73.1585
331 73.2651
332 73.0048
333 72.789
334 72.9488
335 72.8103
336 73.1596
337 72.7322
338 72.9146
339 72.804
340 72.6336
341 72.9181
342 72.8811
343 72.7477
344 73.0835
345 72.9549
346 72.7112
347 72.7966
348 72.7596
349 72.6161
350 72.6407
351 72.967
352 72.5086
353 72.5157
354 72.7696
355 72.8921
356 72.7834
357 72.8923
358 72.8793
359 72.8668
360 73.1386
361 72.7791
362 73.0134
363 73.4319
364 72.8447
365 72.7324
366 72.6416
367 72.592
368 72.8641
369 73.038
370 72.7048
371 72.595
372 72.6505
373 73.0601
374 72.8501
375 73.0707
376 73.0695
377 72.804
378 72.767
379 72.8193
380 72.9968
381 73.0711
382 72.7167
383 72.6331
384 72.6723
385 72.5088
386 72.2066
387 72.2923
388 72.3311
389 72.2401
390 72.3882
391 72.9391
392 72.6877
393 72.2543
394 72.3822
395 72.3085
396 72.3033
397 72.1512
398 72.209
399 72.5152
400 72.1003
401 72.1144
402 72.1761
403 72.1379
404 72.5047
405 72.713
406 72.4758
407 72.6432
408 72.3294
409 72.8168
410 72.5233
411 72.5415
412 72.5871
413 72.4268
414 72.1471
415 72.2782
416 72.4485
417 72.4136
418 72.603
419 72.5371
420 72.5316
421 72.4047
422 72.3156
423 72.5991
424 72.5017
425 72.2904
426 72.3055
427 72.5294
428 72.3481
429 72.6499
430 72.5558
431 72.3318
432 72.4454
433 72.4068
434 72.2268
435 72.1614
436 72.4028
437 72.1045
438 72.4357
439 72.6015
440 72.1137
441 72.5356
442 72.8542
443 72.6434
444 72.488
445 72.387
446 72.142
447 72.4178
448 72.4883
449 72.4878
450 72.8314
451 72.6607
452 72.6262
453 72.8308
454 73.0136
455 72.6096
456 72.351
457 72.363
458 72.1923
459 72.4582
460 72.3009
461 72.0466
462 72.3117
463 72.485
464 72.5323
465 72.3142
466 72.2246
467 72.1435
468 72.2011
469 72.3345
470 73.2068
471 72.4528
472 72.2888
473 72.1239
474 72.3009
475 72.3101
476 72.3667
477 72.2818
478 71.9102
479 72.3291
480 72.0842
481 72.4235
482 72.3504
483 72.1127
484 72.4069
485 72.2463
486 72.3439
487 72.1994
488 72.2171
489 72.3683
490 72.2408
491 72.3705
492 72.3568
493 72.2929
494 72.2496
495 72.2268
496 72.4491
497 72.6737
498 72.4634
499 72.2749
500 72.4506
501 72.1971
502 72.2469
503 72.0956
504 72.3886
505 72.3797
506 72.2202
507 72.3204
508 72.321
509 72.1951
510 72.1599
511 72.2318
512 72.1776
513 72.0887
514 72.0119
515 72.1396
516 72.3372
517 72.6352
518 72.3386
519 72.2841
520 72.7367
521 72.6008
522 72.7313
523 72.3868
524 72.4009
525 72.3739
526 72.2231
527 71.9194
528 72.0298
529 72.4006
530 72.2602
531 71.9729
532 72.2807
533 72.1761
534 72.2895
535 72.6607
536 72.6999
537 72.6655
538 72.5358
539 72.3143
540 72.3804
541 72.328
542 72.7107
543 72.0785
544 72.2788
545 72.338
546 72.8083
547 72.254
548 72.3851
549 72.5132
550 72.5572
551 72.4092
552 72.4364
553 72.2584
554 72.4421
555 72.2563
556 72.5606
557 72.407
558 72.7583
559 72.3963
560 72.4962
561 72.5219
562 72.6876
563 72.276
564 72.1867
565 72.4578
566 72.3403
567 72.6271
568 71.9777
569 72.1774
570 72.3355
571 72.177
572 72.5029
573 72.3917
574 72.7854
575 72.2367
576 71.9783
577 71.8859
578 72.2545
579 72.3331
580 72.0948
581 72.2548
582 72.3002
583 72.7033
584 72.6771
585 72.4452
586 72.5193
587 72.1657
588 72.4642
589 72.413
590 72.301
591 72.4391
592 72.4056
593 72.605
594 72.7231
595 72.3767
596 72.5984
597 72.2623
598 72.1656
599 72.6948
600 72.4708
601 72.047
602 72.3351
603 72.2514
604 72.4114
605 72.3632
606 72.4019
607 72.3966
608 72.4173
609 72.5051
610 72.092
611 72.3361
612 72.6881
613 72.5501
614 72.7225
615 72.4186
616 72.1904
617 72.3233
618 72.6655
619 72.7937
620 72.6549
621 72.2306
622 72.3008
623 72.3901
624 72.2496
625 72.3413
626 72.3084
627 72.081
628 72.2604
629 72.2188
630 72.3723
631 72.1957
632 72.2975
633 72.5904
634 72.2224
635 72.8106
636 72.6729
637 72.3824
638 72.452
639 72.486
640 72.3198
641 72.5926
642 72.419
643 72.1117
644 72.2336
645 71.9856
646 71.9729
647 72.3442
648 72.5875
649 72.6966
650 73.212
651 72.6437
652 72.2462
653 72.3394
654 71.9669
655 72.1714
656 72.6022
657 71.878
658 72.3224
659 72.4522
660 72.3398
661 71.8981
662 71.9551
663 72.2213
664 72.3148
665 72.9369
666 72.3708
667 72.9998
668 72.7648
669 72.307
670 72.3745
671 72.7106
672 72.3817
673 72.5228
674 72.2735
675 72.6596
676 72.5975
677 72.9053
678 72.2462
679 72.4299
680 72.5265
681 72.4818
682 72.2362
683 72.6425
684 72.1176
685 72.4936
686 72.4234
687 72.2063
688 72.1831
689 72.364
690 72.0665
691 72.132
692 72.1691
693 72.229
694 72.083
695 72.3748
696 72.4289
697 72.468
698 72.5769
699 72.618
700 72.5321
701 72.8153
702 72.4638
703 72.5024
704 72.1585
705 72.223
706 72.2209
707 71.7773
708 72.2677
709 72.0822
710 72.2738
711 72.2218
712 72.3128
713 72.0793
714 72.3828
715 72.7687
716 72.4071
717 72.2819
718 72.2736
719 72.2717
720 72.4448
721 72.8362
722 72.5706
723 72.4999
724 72.3178
725 72.3013
726 72.2521
727 72.5511
728 72.2122
729 72.4268
730 72.4206
731 72.5734
732 72.1982
733 72.6251
734 72.3997
735 72.68
736 72.4542
737 72.4294
738 72.3859
739 72.2167
740 72.4686
741 72.3834
742 72.5193
743 72.3471
744 72.3565
745 72.3622
746 72.3594
747 72.216
748 72.2246
749 72.3684
750 72.2949
751 72.3973
752 72.354
753 72.2405
754 72.3426
755 72.5292
756 72.349
757 72.1146
758 72.3512
759 72.4238
760 72.154
761 72.0381
762 72.2489
763 72.2518
764 72.1287
765 72.3891
766 72.5028
767 72.5585
768 72.8544
769 72.1994
770 72.0938
771 72.2818
772 72.3074
773 72.2015
774 72.161
775 72.2425
776 72.0525
777 72.1348
778 72.3485
779 72.4616
780 72.3779
781 72.6793
782 72.2956
783 72.2724
784 72.2377
785 72.6035
786 72.7737
787 72.6443
788 72.1289
789 72.2175
790 72.2992
791 72.4841
792 72.4793
793 72.6844
794 72.5838
795 72.5651
796 72.3532
797 72.4728
798 72.301
799 72.1859
800 71.8796
801 72.5322
802 72.493
803 72.3063
804 72.389
805 72.2291
806 72.1302
807 72.5792
808 72.4611
809 72.2453
810 72.3191
811 72.2995
812 72.67
813 72.255
814 72.4621
815 72.3001
816 72.2738
817 71.7948
818 72.2015
819 72.3471
820 72.061
821 72.4116
822 72.2815
823 72.16
824 72.8064
825 72.3222
826 72.545
827 72.1893
828 72.2401
829 72.333
830 72.5182
831 72.3365
832 72.4093
833 72.319
834 72.434
835 72.4806
836 72.4478
837 72.3773
838 72.4021
839 72.301
840 72.4384
841 72.574
842 72.0935
843 72.4406
844 72.4529
845 71.8669
846 72.0177
847 72.3706
848 72.5226
849 72.1554
850 72.3475
851 72.2947
852 72.2376
853 72.1846
854 71.8399
855 72.379
856 72.4171
857 72.4883
858 72.3678
859 72.2022
860 72.5019
861 72.5516
862 72.1003
863 72.0505
864 72.1531
865 72.1721
866 72.3179
867 72.191
868 72.1275
869 72.1581
870 72.2635
871 72.4434
872 72.2056
873 72.3875
874 72.455
875 72.5273
876 71.9111
877 72.4562
878 72.3945
879 72.3053
880 72.0312
881 72.3103
882 72.4982
883 72.4478
884 72.322
885 72.2814
886 72.5481
887 72.312
888 72.0938
889 72.0734
890 72.2511
891 72.4983
892 72.1985
893 72.2448
894 72.816
895 72.1879
896 72.7316
897 72.6214
898 72.2534
899 72.2532
900 72.6445
901 72.2322
902 72.1179
903 72.2965
904 72.3397
905 72.6743
906 72.4955
907 72.4663
908 72.1023
909 72.1219
910 72.3083
911 72.1924
912 72.0583
913 72.1264
914 71.9662
915 72.1556
916 72.1728
917 72.3379
918 72.4338
919 72.5902
920 72.5089
921 72.2822
922 72.5322
923 72.4036
924 72.2896
925 72.4341
926 72.5675
927 72.4382
928 72.2635
929 72.1658
930 72.5803
931 72.6034
932 72.0133
933 72.5066
934 72.2407
935 72.3365
936 72.1168
937 72.3863
938 72.1953
939 72.5128
940 72.5043
941 72.3749
942 72.5561
943 72.4218
944 72.0913
945 72.5089
946 72.1683
947 72.254
948 72.4682
949 72.532
950 72.7837
951 72.1387
952 72.3112
953 72.2333
954 72.2357
955 72.207
956 72.7153
957 72.5028
958 72.0611
959 72.1983
960 72.408
961 72.4859
962 72.3696
963 72.2973
964 72.1324
965 72.1396
966 72.1848
967 72.5022
968 72.1479
969 72.3062
970 72.316
971 72.0459
972 72.1626
973 72.4589
974 72.2991
975 72.2933
976 72.6214
977 72.4649
978 72.3148
979 72.5034
980 72.4875
981 72.8673
982 72.7342
983 72.483
984 72.1659
985 72.5794
986 72.3851
987 72.2
988 72.0716
989 72.2206
990 71.9952
991 72.1504
992 72.3185
993 72.5118
994 72.3019
995 72.0784
996 72.2132
997 72.1324
998 72.4762
999 72.4566
1000 72.0748
1001 71.8859
1002 72.3314
1003 72.3054
1004 72.5293
1005 72.5277
1006 72.5504
1007 72.8587
1008 72.7364
1009 72.3062
1010 72.526
1011 72.1263
1012 72.4619
1013 72.4897
1014 72.3914
1015 72.2085
1016 72.3605
1017 72.2311
1018 72.0621
1019 72.185
1020 72.1525
1021 72.3368
1022 72.2274
1023 72.039
1024 72.2326
1025 72.3135
1026 72.0183
1027 72.2833
1028 72.4702
1029 72.3644
1030 72.5193
1031 72.2137
1032 72.3269
1033 72.5533
1034 71.9913
1035 72.4492
1036 72.1965
1037 72.2334
1038 72.446
1039 72.4592
1040 72.6216
1041 72.5132
1042 72.4478
1043 72.6653
1044 72.2059
1045 71.8083
1046 72.4364
1047 72.2615
1048 72.553
1049 72.3531
1050 72.2554
1051 72.4881
1052 72.3102
1053 72.7711
1054 72.7233
1055 72.1461
1056 72.1491
1057 72.2783
1058 72.3621
1059 71.9429
1060 72.4715
1061 72.4456
1062 72.5656
1063 72.8588
1064 72.1152
1065 71.9996
1066 72.1554
1067 72.3609
1068 72.5104
1069 72.5219
1070 72.2759
1071 72.1838
1072 72.4695
1073 72.2109
1074 72.2658
1075 72.2086
1076 72.4238
1077 72.2826
1078 71.9811
1079 72.2432
1080 72.0203
1081 72.3292
1082 72.7363
1083 72.7127
1084 72.395
1085 72.1811
1086 72.1276
1087 72.1903
1088 72.2393
1089 72.296
1090 72.5913
1091 72.6601
1092 72.8909
1093 72.4195
1094 72.6915
1095 72.6028
1096 72.4302
1097 72.3664
1098 73.1093
1099 73.3154
1100 73.1967
1101 72.5415
1102 72.6986
1103 72.2601
1104 72.0996
1105 72.2556
1106 72.3198
1107 72.0624
1108 72.3834
1109 72.0293
1110 72.2187
1111 72.4796
1112 72.1572
1113 72.4183
1114 72.4386
1115 72.3243
1116 72.2606
1117 71.9493
1118 72.2443
1119 72.2082
1120 71.9331
1121 72.007
1122 72.3079
1123 72.0051
1124 72.1419
1125 72.0238
1126 72.0368
1127 72.1386
1128 72.363
1129 72.0075
1130 72.2817
1131 72.1292
1132 72.1065
1133 72.0888
1134 71.8453
1135 72.441
1136 72.2449
1137 72.1865
1138 72.1427
1139 71.894
1140 71.991
1141 72.1778
1142 72.0126
1143 71.8647
1144 71.8055
1145 71.9451
1146 72.4866
1147 72.3361
1148 72.2869
1149 72.6066
1150 72.1266
1151 72.2311
1152 72.4212
1153 72.0471
1154 71.8869
1155 71.8756
1156 72.0736
1157 72.0183
1158 72.1964
1159 72.2455
1160 72.2332
1161 71.8909
1162 72.0783
1163 71.9574
1164 72.0398
1165 72.0431
1166 71.8262
1167 71.7439
1168 71.8851
1169 71.9096
1170 72.0825
1171 72.0652
1172 72.333
1173 72.1746
1174 72.3453
1175 72.3354
1176 72.068
1177 72.2411
1178 72.3438
1179 72.3027
1180 72.3714
1181 72.2297
1182 72.2961
1183 72.3281
1184 72.2072
1185 72.5249
1186 72.5999
1187 72.6264
1188 72.2538
1189 71.897
1190 72.5638
1191 72.2573
1192 72.0099
1193 72.1723
1194 71.9807
1195 71.9384
1196 71.8719
1197 72.0466
1198 72.1552
1199 72.0059
1200 71.8602
1201 71.9361
1202 72.2883
1203 72.162
1204 72.1836
1205 72.0177
1206 72.029
1207 72.1543
1208 72.1313
1209 72.5518
1210 72.4657
1211 72.0367
1212 72.2302
1213 72.3435
1214 72.1911
1215 72.3767
1216 72.6595
1217 72.1583
1218 72.0755
1219 72.211
1220 72.4238
1221 72.3007
1222 72.1288
1223 72.4725
1224 72.2291
1225 72.4974
1226 72.2226
1227 72.3993
1228 72.3101
1229 72.3631
1230 72.339
1231 72.3461
1232 72.497
1233 72.1763
1234 72.4298
1235 72.2448
1236 72.4039
1237 72.5101
1238 72.3983
1239 71.8262
1240 72.1138
1241 72.1583
1242 72.0975
1243 72.4335
1244 71.8558
1245 71.9558
1246 71.8779
1247 71.9748
1248 72.056
1249 72.2059
1250 72.0046
1251 72.5532
1252 72.1748
1253 72.0207
1254 72.4162
1255 72.1412
1256 72.1146
1257 72.3305
1258 72.0083
1259 71.9684
1260 72.041
1261 72.3065
1262 72.3268
1263 72.7073
1264 72.2914
1265 72.3692
1266 72.2579
1267 72.2755
1268 72.5347
1269 72.2215
1270 72.0957
1271 72.4881
1272 72.3671
1273 72.2874
1274 72.2515
1275 72.4054
1276 72.4242
1277 72.6029
1278 72.3894
1279 72.4329
1280 72.0979
1281 71.9447
1282 72.0635
1283 72.5268
1284 72.1267
1285 72.3147
1286 72.5401
1287 72.4477
1288 72.9561
1289 72.6271
1290 72.5683
1291 72.3117
1292 71.7833
1293 71.9826
1294 72.2146
1295 71.9435
1296 72.3529
1297 72.2636
1298 72.2439
1299 72.3692
1300 72.2626
1301 72.065
1302 72.0686
1303 71.9759
1304 71.9083
1305 72.1203
1306 72.0827
1307 72.1559
1308 71.8076
1309 72.3117
1310 71.9902
1311 72.1076
1312 72.025
1313 72.0692
1314 72.1373
1315 72.0672
1316 71.9407
1317 72.2451
1318 71.9715
1319 72.1349
1320 71.9892
1321 72.2155
1322 72.0255
1323 72.1354
1324 72.2456
1325 72.3384
1326 72.0413
1327 71.9906
1328 72.2587
1329 72.3608
1330 72.1543
1331 71.8858
1332 72.0881
1333 71.9725
1334 72.1915
1335 72.4516
1336 72.6966
1337 72.4132
1338 71.834
1339 71.9211
1340 71.9607
1341 71.8778
1342 71.949
1343 71.9819
1344 72.1801
1345 72.3358
1346 72.2775
1347 72.3199
1348 72.3271
1349 72.2733
1350 72.3067
1351 72.2214
1352 72.0104
1353 72.1209
1354 72.2589
1355 71.8751
1356 72.0164
1357 72.2217
1358 72.3023
1359 71.9695
1360 71.7803
1361 71.9284
1362 71.8228
1363 72.2165
1364 72.3372
1365 72.2512
1366 72.2788
1367 72.5278
1368 72.3432
1369 72.2853
1370 72.4816
1371 72.7999
1372 72.2647
1373 71.8737
1374 71.8207
1375 72.3127
1376 72.2453
1377 72.1074
1378 72.1965
1379 72.0747
1380 72.0408
1381 71.8786
1382 71.9628
1383 71.9062
1384 72.0948
1385 72.2997
1386 72.0838
1387 72.0457
1388 72.2023
1389 72.1499
1390 72.478
1391 72.1553
1392 72.2221
1393 72.5533
1394 72.3412
1395 72.3544
1396 72.2506
1397 72.4561
1398 72.5815
1399 72.1412
1400 71.9213
1401 72.0358
1402 72.1645
1403 72.3339
1404 72.2809
1405 72.4909
1406 72.0471
1407 71.9008
1408 71.8925
1409 72.0868
1410 72.2024
1411 72.3875
1412 72.1903
1413 72.2497
1414 72.2172
1415 72.1756
1416 72.2531
1417 72.2251
1418 72.1468
1419 71.8021
1420 72.2316
1421 72.27
1422 72.2074
1423 71.8924
1424 72.4022
1425 72.0014
1426 71.9558
1427 72.1542
1428 72.2229
1429 72.2435
1430 72.2593
1431 72.3562
1432 72.4063
1433 72.0975
1434 72.4233
1435 72.4879
1436 72.3706
1437 72.0348
1438 72.5565
1439 72.2012
1440 72.0829
1441 71.8893
1442 72.0546
1443 72.6331
1444 72.1405
1445 72.1168
1446 72.2255
1447 72.1388
1448 72.0164
1449 72.0025
1450 71.7779
1451 71.8948
1452 72.2489
1453 71.8208
1454 71.9943
1455 72.0318
1456 72.0977
1457 72.0739
1458 72.2253
1459 72.2739
1460 72.1863
1461 72.4353
1462 72.5302
1463 71.9755
1464 72.331
1465 72.0869
1466 72.1206
1467 72.0078
1468 71.9822
1469 71.7361
1470 71.6234
1471 72.0881
1472 72.0264
1473 72.0071
1474 71.932
1475 72.0949
1476 72.3344
1477 72.573
1478 72.2224
1479 72.199
1480 72.3072
1481 72.2776
1482 71.9591
1483 71.8033
1484 72.1978
1485 72.3643
1486 72.1244
1487 72.1703
1488 72.1711
1489 72.13
1490 72.3588
1491 72.0054
1492 72.0837
1493 71.9893
1494 72.2703
1495 71.9877
1496 71.9697
1497 72.189
1498 72.1696
1499 71.9833
1500 72.2947
1501 71.9589
1502 72.2049
1503 72.4886
1504 72.4674
1505 71.8484
1506 72.5048
1507 72.4022
1508 72.3518
1509 72.1866
1510 72.239
1511 71.989
1512 71.9746
1513 72.5409
1514 72.6246
1515 72.777
1516 71.4971
1517 71.9962
1518 71.904
1519 71.9552
1520 71.9333
1521 71.9367
1522 72.0062
1523 71.8845
1524 72.0397
1525 71.9952
1526 72.0421
1527 72.0042
1528 72.2771
1529 71.9041
1530 72.1049
1531 71.9654
1532 71.9474
1533 71.5873
1534 72.1119
1535 72.1397
1536 71.9761
1537 72.0216
1538 72.0586
1539 71.5463
1540 71.7121
1541 72.1318
1542 71.9152
1543 71.9978
1544 72.0587
1545 72.2329
1546 72.2497
1547 72.2811
1548 71.8366
1549 71.9008
1550 71.7493
1551 71.7985
1552 72.079
1553 71.9656
1554 72.0305
1555 72.1963
1556 72.2345
1557 72.1244
1558 71.9504
1559 72.0908
1560 71.9599
1561 71.7435
1562 71.7454
1563 71.969
1564 71.6244
1565 71.5891
1566 71.6887
1567 72.3163
1568 71.9057
1569 71.8558
1570 71.4582
1571 71.5115
1572 71.6138
1573 71.6271
1574 71.9093
1575 71.5847
1576 72.0417
1577 71.9249
1578 71.9909
1579 72.0259
1580 71.9303
1581 71.6086
1582 71.6444
1583 71.4417
1584 71.966
1585 72.0412
1586 71.8726
1587 72.0604
1588 72.2935
1589 72.3873
1590 72.1638
1591 71.9881
1592 72.0805
1593 71.8829
1594 72.0769
1595 71.8412
1596 71.7378
1597 71.596
1598 71.6644
1599 71.9808
1600 72.0418
1601 71.8223
1602 71.7066
1603 71.7244
1604 71.7891
1605 72.0378
1606 72.2107
1607 72.0169
1608 72.0041
1609 71.7602
1610 71.9846
1611 71.9111
1612 71.5978
1613 72.0495
1614 71.8762
1615 72.0904
1616 72.0631
1617 72.0929
1618 71.8099
1619 72.0586
1620 72.0242
1621 71.7712
1622 71.7597
1623 72.1711
1624 71.9751
1625 72.0023
1626 71.965
1627 71.8398
1628 71.9068
1629 72.11
1630 71.6508
1631 71.4683
1632 71.8296
1633 71.9923
1634 71.8555
1635 71.9684
1636 71.6972
1637 71.9529
1638 72.2142
1639 71.7955
1640 72.464
1641 71.9029
1642 71.8573
1643 72.0083
1644 72.1081
1645 71.9045
1646 71.9246
1647 71.9713
1648 72.0859
1649 71.9057
1650 71.836
1651 71.7002
1652 72.1297
1653 72.0452
1654 71.8673
1655 71.7458
1656 71.8808
1657 72.3434
1658 71.8681
1659 71.8675
1660 71.8131
1661 72.0014
1662 72.2354
1663 71.938
1664 72.3379
1665 72.2212
1666 71.7594
1667 72.031
1668 72.3289
1669 71.685
1670 72.0053
1671 72.2519
1672 72.2327
1673 72.1056
1674 71.7129
1675 71.7372
1676 72.0059
1677 71.697
1678 72.1437
1679 71.9907
1680 71.6349
1681 72.0417
1682 71.8643
1683 71.8757
1684 72.1585
1685 72.1633
1686 72.1347
1687 72.4208
1688 72.1738
1689 72.0362
1690 71.7894
1691 71.6636
1692 72.0353
1693 71.9018
1694 71.8692
1695 71.8219
1696 71.7485
1697 71.6311
1698 71.6667
1699 71.9954
1700 71.9474
1701 72.1941
1702 72.0644
1703 72.1242
1704 71.6774
1705 71.655
1706 71.7847
1707 71.7827
1708 71.7778
1709 72.0144
1710 72.0082
1711 71.9583
1712 71.7002
1713 71.8227
1714 72.1793
1715 72.0345
1716 71.6462
1717 71.9497
1718 72.0007
1719 71.9089
1720 72.1067
1721 71.8237
1722 71.897
1723 71.8346
1724 71.811
1725 72.0158
1726 72.0598
1727 71.9672
1728 71.793
1729 71.7924
1730 71.8963
1731 71.5727
1732 71.9452
1733 71.4836
1734 71.9109
1735 71.9281
1736 71.8011
1737 71.674
1738 72.4931
1739 71.9993
1740 71.6073
1741 71.4312
1742 71.5311
1743 72.079
1744 71.9253
1745 72.1406
1746 71.8787
1747 71.9381
1748 72.1029
1749 71.6766
1750 72.0572
1751 72.2643
1752 71.8795
1753 71.7173
1754 72.1919
1755 72.3053
1756 71.9732
1757 72.0587
1758 71.7803
1759 71.7042
1760 72.0929
1761 72.0846
1762 72.0137
1763 71.7051
1764 71.6659
1765 71.97
1766 71.8288
1767 72.1035
1768 71.9944
1769 71.8638
1770 71.9437
1771 72.0799
1772 72.1588
1773 72.1456
1774 71.7249
1775 71.6394
1776 71.7908
1777 72.3526
1778 72.1132
1779 72.1348
1780 72.1846
1781 71.9286
1782 71.8585
1783 72.0077
1784 72.0925
1785 72.0135
1786 72.203
1787 71.8365
1788 71.8243
1789 71.5508
1790 71.3746
1791 71.7506
1792 71.8305
1793 71.8494
1794 71.837
1795 71.9569
1796 72.0426
1797 71.8109
1798 71.9106
1799 72.0655
1800 72.1298
1801 71.8811
1802 71.8536
1803 72.0237
1804 72.0106
1805 72.3712
1806 72.0546
1807 71.9567
1808 72.1057
1809 72.302
1810 72.0738
1811 71.9997
1812 71.9129
1813 71.9135
1814 71.6818
1815 72.4051
1816 72.3671
1817 72.1577
1818 71.8379
1819 72.231
1820 72.3852
1821 71.99
1822 72.1524
1823 72.0379
1824 72.0155
1825 71.8805
1826 71.8854
1827 72.0079
1828 71.6884
1829 71.6488
1830 72.1072
1831 71.8619
1832 72.0735
1833 71.9122
1834 72.0213
1835 72.0025
1836 71.5996
1837 71.967
1838 71.6384
1839 71.9614
1840 72.0349
1841 71.5725
1842 71.8267
1843 71.9203
1844 72.0169
1845 72.27
1846 71.9609
1847 71.9278
1848 71.6556
1849 71.7608
1850 72.081
1851 71.7935
1852 72.0586
1853 71.8601
1854 71.9348
1855 72.2255
1856 72.2051
1857 71.8196
1858 71.9273
1859 72.414
1860 71.894
1861 71.8651
1862 72.2807
1863 71.5855
1864 72.2262
1865 72.1806
1866 71.9798
1867 71.8842
1868 71.9169
1869 71.9604
1870 71.382
1871 71.6024
1872 71.687
1873 71.8816
1874 71.5556
1875 71.8895
1876 71.8093
1877 71.9112
1878 71.9604
1879 72.0893
1880 71.8065
1881 71.847
1882 72.0371
1883 71.9157
1884 71.9903
1885 72.1499
1886 71.9365
1887 71.7419
1888 71.9559
1889 71.7924
1890 72.3435
1891 72.3298
1892 72.0633
1893 71.8883
1894 71.7257
1895 71.6928
1896 71.9451
1897 71.8278
1898 71.7958
1899 72.5567
1900 72.2861
1901 72.3093
1902 71.9944
1903 72.047
1904 72.1631
1905 72.0626
1906 72.2337
1907 72.1171
1908 72.0189
1909 72.112
1910 71.9206
1911 71.8491
1912 72.1509
1913 71.7784
1914 72.172
1915 71.8182
1916 71.8412
1917 71.7924
1918 71.8864
1919 71.949
1920 71.9904
1921 72.178
1922 72.164
1923 72.289
1924 72.3282
1925 72.3059
1926 72.1838
1927 71.9483
1928 72.4243
1929 72.3146
1930 72.2136
1931 71.8183
1932 71.9923
1933 71.7387
1934 72.1084
1935 72.1706
1936 72.0011
1937 72.0377
1938 71.6873
1939 71.7684
1940 72.3213
1941 72.0533
1942 71.9558
1943 71.8915
1944 71.8116
1945 71.6767
1946 71.9653
1947 72.1328
1948 72.1716
1949 71.9329
1950 72.2006
1951 71.86
1952 72.2607
1953 71.9256
1954 71.9395
1955 71.9324
1956 71.6783
1957 71.9938
1958 71.6314
1959 71.7815
1960 71.5117
1961 71.9262
1962 71.7539
1963 71.904
1964 71.8581
1965 71.8993
1966 71.9445
1967 71.5871
1968 71.9292
1969 72.0994
1970 72.0036
1971 72.3017
1972 72.284
1973 72.1103
1974 71.938
1975 72.2332
1976 72.3094
1977 72.4224
1978 71.8943
1979 72.2589
1980 72.3577
1981 72.228
1982 72.0898
1983 72.2034
1984 71.8712
1985 72.0629
1986 71.9129
1987 72.4399
1988 71.9042
1989 72.0379
1990 72.2984
1991 71.8647
1992 72.2234
1993 71.8395
1994 72.1845
1995 71.7379
1996 72.1499
1997 72.1631
1998 71.8451
1999 71.9322
2000 71.8493
