1 389.862
2 368.838
3 342.24
4 332.521
5 323.118
6 314.931
7 301.119
8 291.608
9 286.062
10 276.269
11 267.53
12 261.327
13 250.342
14 245.774
15 238.47
16 234.147
17 230.256
18 225.449
19 216.416
20 211.851
21 209.368
22 207.109
23 202.724
24 194.972
25 189.621
26 185.662
27 184.074
28 179.561
29 175.121
30 172.216
31 168.324
32 164.072
33 160.761
34 158.748
35 157.475
36 156.583
37 155.16
38 153.929
39 150.607
40 149.359
41 148.234
42 147.356
43 145.487
44 144.193
45 142.553
46 139.775
47 139.149
48 137.94
49 136.612
50 135.522
51 132.992
52 132.109
53 130.9
54 130.353
55 129.025
56 128.302
57 127.205
58 126.844
59 126.388
60 124.875
61 123.652
62 122.482
63 121.383
64 120.034
65 119.52
66 118.461
67 118.461
68 117.246
69 116.644
70 115.116
71 114.291
72 113.688
73 111.009
74 110.712
75 108.714
76 108.533
77 108.24
78 107.747
79 106.771
80 106.442
81 105.997
82 105.358
83 104.235
84 103.546
85 103.546
86 103.374
87 103.359
88 101.345
89 101.158
90 100.047
91 99.7997
92 99.596
93 99.1174
94 98.0172
95 97.5669
96 96.9767
97 96.5122
98 95.7602
99 94.7099
100 94.3232
101 93.2729
102 92.7509
103 92.1568
104 91.7212
105 91.2785
106 90.8429
107 89.756
108 89.5334
109 89.4032
110 89.1324
111 89.1324
112 88.5621
113 88.5242
114 88.1281
115 87.5318
116 87.2932
117 87.1412
118 86.7224
119 86.4341
120 86.2821
121 86.2821
122 86.1604
123 85.2427
124 84.7556
125 84.2725
126 84.2725
127 83.9885
128 83.7102
129 83.4262
130 83.2815
131 82.8373
132 82.6824
133 82.4081
134 82.1817
135 81.9061
136 81.3348
137 81.1084
138 81.107
139 81.0533
140 80.5743
141 80.1174
142 80.1174
143 79.5471
144 79.5471
145 79.4675
146 79.4675
147 78.9935
148 78.6807
149 78.3282
150 78.3282
151 78.3282
152 78.3282
153 78.0478
154 78.0478
155 77.9671
156 77.9671
157 77.9664
158 77.9189
159 77.7115
160 77.6651
161 77.6633
162 77.5507
163 77.4572
164 77.4572
165 77.4572
166 77.1941
167 76.6345
168 76.454
169 76.454
170 76.3988
171 76.3573
172 76.0427
173 76.0427
174 75.9876
175 75.9876
176 75.9876
177 75.8303
178 75.8303
179 75.8303
180 75.8303
181 75.8303
182 75.8303
183 75.5618
184 75.5618
185 75.5618
186 75.5618
187 75.5618
188 75.5618
189 75.5618
190 74.9386
191 74.9386
192 74.9386
193 74.9386
194 74.9386
195 74.1394
196 74.1394
197 74.1394
198 73.1653
199 73.1207
200 73.1207
201 73.1207
202 73.1207
203 73.1207
204 73.1207
205 73
206 73
207 72.9713
208 72.7104
209 72.7104
210 72.7104
211 72.7104
212 72.7104
213 72.7104
214 72.7104
215 72.7104
216 72.7099
217 72.7099
218 72.7099
219 72.7099
220 72.7099
221 72.7099
222 72.7099
223 72.7099
224 72.7099
225 72.7099
226 72.7099
227 72.7099
228 72.7099
229 72.7099
230 72.7099
231 72.7099
232 72.7099
233 72.7099
234 72.7099
235 72.7099
236 72.6951
237 72.6951
238 72.6951
239 72.6951
240 72.6951
241 72.6847
242 72.6847
243 72.6494
244 72.639
245 72.639
246 72.639
247 72.639
248 72.639
249 72.639
250 72.639
251 72.639
252 72.639
253 72.639
254 72.639
255 72.2579
256 72.2579
257 72.2579
258 72.2579
259 72.2579
260 72.2579
261 72.2579
262 72.2579
263 72.2579
264 72.2579
265 72.2579
266 72.2579
267 72.2579
268 72.2579
269 72.2579
270 72.2579
271 72.2579
272 72.2579
273 72.2579
274 72.2579
275 72.2579
276 72.2579
277 72.169
278 72.169
279 72.169
280 72.169
281 72.169
282 71.9924
283 71.9924
284 71.9924
285 71.9924
286 71.9924
287 71.9924
288 71.9924
289 71.9924
290 71.9924
291 71.9924
292 71.9924
293 71.9924
294 71.6796
295 71.6796
296 71.6796
297 71.6796
298 71.6796
299 71.6796
300 71.6796
301 71.6796
302 71.4411
303 71.4411
304 71.4411
305 71.4411
306 71.4411
307 71.4411
308 71.4411
309 71.4411
310 71.2461
311 71.2461
312 71.2461
313 71.2461
314 71.2461
315 71.2461
316 71.2461
317 71.2461
318 71.2461
319 71.2461
320 71.2461
321 71.2461
322 71.2461
323 71.2461
324 71.2461
325 71.2461
326 71.2461
327 71.2461
328 71.2461
329 71.2461
330 71.2461
331 71.2461
332 71.2461
333 71.2461
334 71.2461
335 71.2461
336 71.2461
337 71.2461
338 71.2461
339 71.2461
340 71.2461
341 71.2461
342 71.2461
343 71.2461
344 71.2461
345 71.2461
346 71.2461
347 71.2461
348 71.2461
349 71.2461
350 71.2461
351 71.2461
352 71.2461
353 71.2461
354 71.2461
355 71.2461
356 71.2461
357 71.2461
358 71.2461
359 71.2461
360 71.2461
361 71.2461
362 71.2461
363 71.2461
364 71.2461
365 71.2461
366 71.2461
367 71.2461
368 71.2461
369 71.2461
370 71.2461
371 71.2461
372 71.2461
373 71.2461
374 71.2461
375 71.2461
376 71.2461
377 71.2461
378 71.2461
379 71.2461
380 71.2461
381 71.2461
382 71.2289
383 70.6915
384 70.6915
385 70.6915
386 70.6915
387 70.6915
388 70.6915
389 70.6915
390 70.6915
391 70.6915
392 70.6915
393 70.6915
394 70.6915
395 70.6915
396 70.6915
397 70.6915
398 70.6915
399 70.6915
400 70.6915
401 70.6915
402 70.6915
403 70.6915
404 70.6915
405 70.6915
406 70.6915
407 70.6915
408 70.6915
409 70.6915
410 70.6915
411 70.6915
412 70.6915
413 70.6915
414 70.6915
415 70.6915
416 70.6915
417 70.6915
418 70.6915
419 70.6915
420 70.6915
421 70.6915
422 70.6915
423 70.6915
424 70.6915
425 70.6915
426 70.6915
427 70.6915
428 70.6915
429 70.6915
430 70.6915
431 70.6915
432 70.6915
433 70.6915
434 70.6915
435 70.6915
436 70.6915
437 70.6915
438 70.6915
439 70.6915
440 70.6915
441 70.6915
442 70.6915
443 70.6915
444 70.6915
445 70.6915
446 70.6915
447 70.6915
448 70.6915
449 70.6915
450 70.6915
451 70.6915
452 70.6915
453 70.6915
454 70.6915
455 70.6915
456 70.6915
457 70.6915
458 70.6915
459 70.6915
460 70.6915
461 70.6915
462 70.6915
463 70.6915
464 70.6915
465 70.6915
466 70.6915
467 70.6915
468 70.6915
469 70.6915
470 70.6915
471 70.6915
472 70.6915
473 70.6915
474 70.6915
475 70.6915
476 70.6915
477 70.6915
478 70.6915
479 70.6915
480 70.6915
481 70.6915
482 70.6915
483 70.6915
484 70.6915
485 70.6915
486 70.6915
487 70.6915
488 70.6915
489 70.6915
490 70.6915
491 70.6915
492 70.6915
493 70.6915
494 70.6915
495 70.6915
496 70.6915
497 70.6915
498 70.6915
499 70.6915
500 70.6915
501 70.6915
502 70.6915
503 70.6915
504 70.6915
505 70.6915
506 70.6915
507 70.6915
508 70.6915
509 70.6915
510 70.6915
511 70.6915
512 70.6915
513 70.6915
514 70.6915
515 70.6915
516 70.6915
517 70.6915
518 70.6915
519 70.6915
520 70.6915
521 70.6915
522 70.6915
523 70.6915
524 70.6915
525 70.6915
526 70.6915
527 70.6915
528 70.6915
529 70.6915
530 70.6915
531 70.6915
532 70.6915
533 70.6915
534 70.6915
535 70.6915
536 70.6915
537 70.6915
538 70.6915
539 70.6915
540 70.6915
541 70.6915
542 70.6915
543 70.6915
544 70.6915
545 70.6915
546 70.6915
547 70.6915
548 70.6915
549 70.6915
550 70.6915
551 70.6915
552 70.6915
553 70.6915
554 70.6915
555 70.6915
556 70.6915
557 70.6915
558 70.6915
559 70.6915
560 70.6915
561 70.6915
562 70.6915
563 70.6915
564 70.6915
565 70.6915
566 70.6915
567 70.6915
568 70.6915
569 70.6915
570 70.6915
571 70.6915
572 70.6915
573 70.6915
574 70.6915
575 70.6915
576 70.6915
577 70.6915
578 70.6915
579 70.6915
580 70.6915
581 70.6915
582 70.6915
583 70.6915
584 70.6915
585 70.6915
586 70.6915
587 70.6915
588 70.6915
589 70.6915
590 70.6915
591 70.6915
592 70.6915
593 70.6915
594 70.6915
595 70.6915
596 70.6915
597 70.6915
598 70.6915
599 70.6915
600 70.6915
601 70.6915
602 70.6915
603 70.6915
604 70.6915
605 70.6915
606 70.6915
607 70.6915
608 70.6915
609 70.6915
610 70.6915
611 70.6915
612 70.6915
613 70.6915
614 70.6915
615 70.6915
616 70.6915
617 70.6915
618 70.6915
619 70.6915
620 70.6915
621 70.6915
622 70.6915
623 70.6915
624 70.6915
625 70.6915
626 70.6915
627 70.6915
628 70.6915
629 70.6915
630 70.6915
631 70.6915
632 70.6915
633 70.6915
634 70.6915
635 70.6915
636 70.6915
637 70.6915
638 70.6915
639 70.6915
640 70.6915
641 70.6915
642 70.6915
643 70.6915
644 70.6915
645 70.6915
646 70.6915
647 70.6915
648 70.6915
649 70.6915
650 70.6915
651 70.6915
652 70.6915
653 70.6915
654 70.6915
655 70.6915
656 70.6915
657 70.6915
658 70.6915
659 70.6915
660 70.6915
661 70.6915
662 70.6915
663 70.6915
664 70.6915
665 70.6915
666 70.6915
667 70.6915
668 70.6915
669 70.6915
670 70.6915
671 70.6915
672 70.6915
673 70.6915
674 70.6915
675 70.6915
676 70.6915
677 70.6915
678 70.6915
679 70.6915
680 70.6915
681 70.6915
682 70.6915
683 70.6915
684 70.6915
685 70.6915
686 70.6915
687 70.6915
688 70.6915
689 70.6915
690 70.6915
691 70.6915
692 70.6915
693 70.6915
694 70.6915
695 70.6915
696 70.6915
697 70.6915
698 70.6915
699 70.6915
700 70.6915
701 70.6915
702 70.6915
703 70.6915
704 70.6915
705 70.6915
706 70.6915
707 70.6915
708 70.6915
709 70.6915
710 70.6915
711 70.6915
712 70.6915
713 70.6915
714 70.6915
715 70.6915
716 70.6915
717 70.6915
718 70.6915
719 70.6915
720 70.6915
721 70.6915
722 70.6915
723 70.6915
724 70.6915
725 70.6915
726 70.6915
727 70.6915
728 70.6915
729 70.6915
730 70.6915
731 70.6915
732 70.6915
733 70.6915
734 70.6915
735 70.6915
736 70.6915
737 70.6915
738 70.6915
739 70.6915
740 70.6915
741 70.6915
742 70.6915
743 70.6915
744 70.6915
745 70.6915
746 70.6915
747 70.6915
748 70.6915
749 70.6915
750 70.6915
751 70.6915
752 70.6915
753 70.6915
754 70.6915
755 70.6915
756 70.6915
757 70.6915
758 70.6915
759 70.6915
760 70.6915
761 70.6915
762 70.6915
763 70.6915
764 70.6915
765 70.6915
766 70.6915
767 70.6915
768 70.6915
769 70.6915
770 70.6915
771 70.6915
772 70.6915
773 70.6915
774 70.6915
775 70.6915
776 70.6915
777 70.6915
778 70.6915
779 70.6915
780 70.6915
781 70.6915
782 70.6915
783 70.6915
784 70.6915
785 70.6915
786 70.6915
787 70.6915
788 70.6915
789 70.6541
790 70.6541
791 70.6541
792 70.6541
793 70.6541
794 70.6541
795 70.6541
796 70.6541
797 70.6541
798 70.6541
799 70.6541
800 70.6541
801 70.6541
802 70.6541
803 70.6541
804 70.6541
805 70.6541
806 70.6541
807 70.6541
808 70.6541
809 70.6541
810 70.6541
811 70.6541
812 70.6541
813 70.6541
814 70.6541
815 70.6541
816 70.6541
817 70.6541
818 70.6541
819 70.6541
820 70.6541
821 70.6541
822 70.6541
823 70.6541
824 70.6541
825 70.6541
826 70.6541
827 70.6541
828 70.6541
829 70.6541
830 70.6541
831 70.6541
832 70.6541
833 70.6541
834 70.6541
835 70.6541
836 70.6541
837 70.6541
838 70.6541
839 70.6541
840 70.6541
841 70.6541
842 70.6541
843 70.6541
844 70.6541
845 70.6541
846 70.6541
847 70.6541
848 70.6541
849 70.6541
850 70.6541
851 70.6541
852 70.6541
853 70.6541
854 70.6541
855 70.6541
856 70.6541
857 70.6541
858 70.6541
859 70.6541
860 70.6541
861 70.6541
862 70.6541
863 70.6541
864 70.6541
865 70.6541
866 70.6541
867 70.6541
868 70.6541
869 70.6541
870 70.6541
871 70.6541
872 70.6541
873 70.6541
874 70.6541
875 70.6541
876 70.6541
877 70.6541
878 70.6541
879 70.6541
880 70.6541
881 70.6541
882 70.6541
883 70.6541
884 70.6541
885 70.6541
886 70.6541
887 70.6541
888 70.6541
889 70.6541
890 70.6541
891 70.6541
892 70.6541
893 70.6541
894 70.6541
895 70.6541
896 70.6541
897 70.6541
898 70.6541
899 70.6541
900 70.6541
901 70.6541
902 70.6541
903 70.6541
904 70.6541
905 70.6541
906 70.6541
907 70.6541
908 70.6541
909 70.6541
910 70.6541
911 70.6541
912 70.6541
913 70.6541
914 70.6541
915 70.6541
916 70.6541
917 70.6541
918 70.6541
919 70.6541
920 70.6541
921 70.6541
922 70.6541
923 70.6541
924 70.6541
925 70.6541
926 70.6541
927 70.6541
928 70.6541
929 70.6541
930 70.6541
931 70.6541
932 70.6541
933 70.6541
934 70.6541
935 70.6541
936 70.6541
937 70.6541
938 70.6541
939 70.6541
940 70.6541
941 70.6541
942 70.6541
943 70.6541
944 70.6541
945 70.6541
946 70.6541
947 70.6541
948 70.6541
949 70.6541
950 70.6541
951 70.6541
952 70.6541
953 70.6541
954 70.6541
955 70.6541
956 70.6541
957 70.6541
958 70.6541
959 70.6541
960 70.6541
961 70.6541
962 70.6541
963 70.6541
964 70.6541
965 70.6541
966 70.6541
967 70.6541
968 70.6541
969 70.6541
970 70.6541
971 70.6541
972 70.6541
973 70.6541
974 70.6541
975 70.6541
976 70.6541
977 70.6541
978 70.6541
979 70.6541
980 70.6541
981 70.6541
982 70.6541
983 70.6541
984 70.6541
985 70.6541
986 70.6541
987 70.6541
988 70.6541
989 70.6541
990 70.6541
991 70.6541
992 70.6541
993 70.6541
994 70.6541
995 70.6541
996 70.6541
997 70.6541
998 70.6541
999 70.6541
1000 70.6541
1001 70.6541
1002 70.6541
1003 70.6541
1004 70.6541
1005 70.6541
1006 70.6541
1007 70.6541
1008 70.6541
1009 70.6541
1010 70.6541
1011 70.6541
1012 70.6541
1013 70.6541
1014 70.6541
1015 70.6541
1016 70.6541
1017 70.6541
1018 70.6541
1019 70.6541
1020 70.6541
1021 70.6541
1022 70.6541
1023 70.6541
1024 70.6541
1025 70.6541
1026 70.6541
1027 70.6541
1028 70.6541
1029 70.6541
1030 70.6541
1031 70.6541
1032 70.6541
1033 70.6541
1034 70.6541
1035 70.6541
1036 70.6541
1037 70.6541
1038 70.6541
1039 70.6541
1040 70.6541
1041 70.6541
1042 70.6541
1043 70.6541
1044 70.6541
1045 70.6541
1046 70.6541
1047 70.6541
1048 70.6541
1049 70.6541
1050 70.6541
1051 70.6541
1052 70.6541
1053 70.6541
1054 70.6541
1055 70.6541
1056 70.6541
1057 70.6541
1058 70.6541
1059 70.6541
1060 70.6541
1061 70.6541
1062 70.6541
1063 70.6541
1064 70.6541
1065 70.6541
1066 70.6541
1067 70.6541
1068 70.6541
1069 70.6541
1070 70.6541
1071 70.6541
1072 70.6541
1073 70.6541
1074 70.6541
1075 70.6541
1076 70.6541
1077 70.6541
1078 70.6541
1079 70.6541
1080 70.6541
1081 70.6541
1082 70.6541
1083 70.6541
1084 70.6541
1085 70.6541
1086 70.6541
1087 70.6541
1088 70.6541
1089 70.6541
1090 70.6541
1091 70.6541
1092 70.6541
1093 70.6541
1094 70.6541
1095 70.6541
1096 70.6541
1097 70.4884
1098 70.4884
1099 70.4884
1100 70.4884
1101 70.4884
1102 70.4884
1103 70.4884
1104 70.4884
1105 70.4884
1106 70.4884
1107 70.4884
1108 70.4884
1109 70.4884
1110 70.4884
1111 70.4884
1112 70.4884
1113 70.4884
1114 70.4884
1115 70.4884
1116 70.4884
1117 70.4884
1118 70.4884
1119 70.4884
1120 70.4884
1121 70.4884
1122 70.4884
1123 70.4884
1124 70.4884
1125 70.4884
1126 70.4884
1127 70.4884
1128 70.4884
1129 70.4884
1130 70.4884
1131 70.4884
1132 70.4884
1133 70.4884
1134 70.4884
1135 70.4884
1136 70.4884
1137 70.4884
1138 70.4884
1139 70.4884
1140 70.4884
1141 70.4884
1142 70.4884
1143 70.4884
1144 70.4884
1145 70.4884
1146 70.4884
1147 70.4884
1148 70.4884
1149 70.4884
1150 70.4884
1151 70.4884
1152 70.4884
1153 70.4884
1154 70.4884
1155 70.4884
1156 70.4884
1157 70.4884
1158 70.4884
1159 70.4884
1160 70.4884
1161 70.4884
1162 70.4884
1163 70.4884
1164 70.4884
1165 70.4884
1166 70.4884
1167 70.4884
1168 70.4884
1169 70.4884
1170 70.4884
1171 70.4884
1172 70.4884
1173 70.4884
1174 70.4884
1175 70.4884
1176 70.4884
1177 70.4884
1178 70.4884
1179 70.4884
1180 70.4884
1181 70.4884
1182 70.4884
1183 70.4884
1184 70.4884
1185 70.4884
1186 70.4884
1187 70.4884
1188 70.4884
1189 70.4884
1190 70.4884
1191 70.4884
1192 70.4884
1193 70.4884
1194 70.4884
1195 70.4884
1196 70.4884
1197 70.4884
1198 70.4884
1199 70.4884
1200 70.4884
1201 70.4884
1202 70.4884
1203 70.4884
1204 70.4884
1205 70.4884
1206 70.4884
1207 70.4884
1208 70.4884
1209 70.4884
1210 70.4884
1211 70.4884
1212 70.4884
1213 70.4884
1214 70.4884
1215 70.4884
1216 70.4884
1217 70.4884
1218 70.4884
1219 70.4884
1220 70.4884
1221 70.4884
1222 70.4884
1223 70.4884
1224 70.4884
1225 70.4884
1226 70.4884
1227 70.4884
1228 70.4884
1229 70.4884
1230 70.4884
1231 70.4884
1232 70.4884
1233 70.4884
1234 70.4884
1235 70.4884
1236 70.4884
1237 70.4884
1238 70.4884
1239 70.4884
1240 70.4884
1241 70.4884
1242 70.4884
1243 70.4884
1244 70.4884
1245 70.4884
1246 70.4884
1247 70.4884
1248 70.4884
1249 70.4884
1250 70.4884
1251 70.4884
1252 70.4884
1253 70.4884
1254 70.4884
1255 70.4884
1256 70.4884
1257 70.4884
1258 70.4884
1259 70.4884
1260 70.4884
1261 70.4884
1262 70.4884
1263 70.4884
1264 70.4884
1265 70.4884
1266 70.4884
1267 70.4884
1268 70.4884
1269 70.4884
1270 70.4884
1271 70.4884
1272 70.4884
1273 70.4884
1274 70.4884
1275 70.4884
1276 70.4884
1277 70.4884
1278 70.4884
1279 70.4884
1280 70.4884
1281 70.4884
1282 70.4884
1283 70.4884
1284 70.4884
1285 70.4884
1286 70.4884
1287 70.4884
1288 70.4884
1289 70.4884
1290 70.4884
1291 70.4884
1292 70.4884
1293 70.4884
1294 70.4884
1295 70.4884
1296 70.4884
1297 70.4884
1298 70.4884
1299 70.4884
1300 70.4884
1301 70.4884
1302 70.4884
1303 70.4884
1304 70.4884
1305 70.4884
1306 70.4884
1307 70.4884
1308 70.4884
1309 70.4884
1310 70.4884
1311 70.4884
1312 70.4884
1313 70.4884
1314 70.4884
1315 70.4884
1316 70.4884
1317 70.4884
1318 70.4884
1319 70.4884
1320 70.4884
1321 70.4884
1322 70.4884
1323 70.4884
1324 70.4884
1325 70.4884
1326 70.4884
1327 70.4884
1328 70.4884
1329 70.4884
1330 70.4884
1331 70.4884
1332 70.4884
1333 70.4884
1334 70.4884
1335 70.4884
1336 70.4884
1337 70.4884
1338 70.4884
1339 70.4884
1340 70.4884
1341 70.4884
1342 70.4884
1343 70.4884
1344 70.4884
1345 70.4884
1346 70.4884
1347 70.4884
1348 70.4884
1349 70.4884
1350 70.4884
1351 70.4884
1352 70.4884
1353 70.4884
1354 70.4884
1355 70.4884
1356 70.4884
1357 70.4884
1358 70.4884
1359 70.4884
1360 70.4884
1361 70.4884
1362 70.4884
1363 70.4884
1364 70.4884
1365 70.4884
1366 70.4884
1367 70.4884
1368 70.4884
1369 70.4884
1370 70.4884
1371 70.4884
1372 70.4884
1373 70.4884
1374 70.4884
1375 70.4884
1376 70.4884
1377 70.4884
1378 70.4884
1379 70.4884
1380 70.4884
1381 70.4884
1382 70.4884
1383 70.4884
1384 70.4884
1385 70.4884
1386 70.4884
1387 70.4884
1388 70.4884
1389 70.4884
1390 70.4884
1391 70.4884
1392 70.4884
1393 70.4884
1394 70.4884
1395 70.4884
1396 70.4884
1397 70.4884
1398 70.4884
1399 70.4884
1400 70.4884
1401 70.4884
1402 70.4884
1403 70.4884
1404 70.4884
1405 70.4884
1406 70.4884
1407 70.4884
1408 70.4884
1409 70.4884
1410 70.4884
1411 70.4884
1412 70.4884
1413 70.4884
1414 70.4884
1415 70.4884
1416 70.4884
1417 70.4884
1418 70.4884
1419 70.4884
1420 70.4884
1421 70.4884
1422 70.4884
1423 70.4884
1424 70.4884
1425 70.4884
1426 70.4884
1427 70.4884
1428 70.4884
1429 70.4884
1430 70.4884
1431 70.4884
1432 70.4884
1433 70.4884
1434 70.4884
1435 70.4884
1436 70.4884
1437 70.4884
1438 70.4884
1439 70.4884
1440 70.4884
1441 70.4884
1442 70.4884
1443 70.4884
1444 70.4884
1445 70.4884
1446 70.4884
1447 70.4884
1448 70.4884
1449 70.4884
1450 70.4884
1451 70.4884
1452 70.4884
1453 70.4884
1454 70.4884
1455 70.4884
1456 70.4884
1457 70.4884
1458 70.4884
1459 70.4884
1460 70.4884
1461 70.4884
1462 70.4884
1463 70.4884
1464 70.4884
1465 70.4884
1466 70.4884
1467 70.4884
1468 70.4884
1469 70.4884
1470 70.4884
1471 70.4884
1472 70.4884
1473 70.4884
1474 70.4884
1475 70.4884
1476 70.4884
1477 70.4884
1478 70.4884
1479 70.4884
1480 70.4884
1481 70.4884
1482 70.4884
1483 70.4884
1484 70.4884
1485 70.4884
1486 70.4884
1487 70.4884
1488 70.4884
1489 70.4884
1490 70.4884
1491 70.4884
1492 70.4884
1493 70.4884
1494 70.4884
1495 70.4884
1496 70.4884
1497 70.4884
1498 70.4884
1499 70.4884
1500 70.4884
1501 70.4884
1502 70.4884
1503 70.4884
1504 70.4884
1505 70.4884
1506 70.4884
1507 70.4884
1508 70.4884
1509 70.4884
1510 70.4884
1511 70.4884
1512 70.2627
1513 70.2627
1514 70.2627
1515 70.2627
1516 70.2627
1517 70.2627
1518 70.2627
1519 70.2627
1520 70.2627
1521 70.2627
1522 70.2627
1523 70.2627
1524 70.2627
1525 70.2627
1526 70.2627
1527 70.2627
1528 70.2627
1529 70.2627
1530 70.2627
1531 70.2627
1532 70.2627
1533 70.2627
1534 70.2627
1535 70.2627
1536 70.2627
1537 70.2627
1538 70.2627
1539 70.2627
1540 70.2627
1541 70.2627
1542 70.2627
1543 70.2627
1544 70.2627
1545 70.2627
1546 70.2627
1547 70.2627
1548 70.2627
1549 70.2627
1550 70.2627
1551 70.2627
1552 70.2627
1553 70.2627
1554 70.2627
1555 70.2627
1556 70.2627
1557 70.2627
1558 70.2627
1559 70.2627
1560 70.2627
1561 70.2627
1562 70.2627
1563 70.2627
1564 70.2627
1565 70.2627
1566 70.2627
1567 70.2627
1568 70.2627
1569 70.2627
1570 70.2627
1571 70.2627
1572 70.2627
1573 70.2627
1574 70.2627
1575 70.2627
1576 70.2627
1577 70.2627
1578 70.2627
1579 70.2627
1580 70.2627
1581 70.2627
1582 70.2627
1583 70.2627
1584 70.2627
1585 70.2627
1586 70.2627
1587 70.2627
1588 70.2627
1589 70.2627
1590 70.2627
1591 70.2627
1592 70.2627
1593 70.2627
1594 70.2627
1595 70.2627
1596 70.2627
1597 70.2627
1598 70.2627
1599 70.2627
1600 70.2627
1601 70.2627
1602 70.2627
1603 70.2627
1604 70.2627
1605 70.2627
1606 70.2627
1607 70.2627
1608 70.2627
1609 70.2627
1610 70.2627
1611 70.2627
1612 70.2627
1613 70.2627
1614 70.2627
1615 70.2627
1616 70.2627
1617 70.2627
1618 70.2627
1619 70.2627
1620 70.2627
1621 70.2627
1622 70.2627
1623 70.2627
1624 70.2627
1625 70.2627
1626 70.2627
1627 70.2627
1628 70.2627
1629 70.2627
1630 70.2627
1631 70.2627
1632 70.2627
1633 70.2627
1634 70.2627
1635 70.2627
1636 70.2627
1637 70.2627
1638 70.2627
1639 70.2627
1640 70.2627
1641 70.2627
1642 70.2627
1643 70.2627
1644 70.2627
1645 70.2627
1646 70.2627
1647 70.2627
1648 70.2627
1649 70.2627
1650 70.2627
1651 70.2627
1652 70.2627
1653 70.2627
1654 70.2627
1655 70.2627
1656 70.2627
1657 70.2627
1658 70.2627
1659 70.2627
1660 70.2627
1661 70.2627
1662 70.2627
1663 70.2627
1664 70.2627
1665 70.2627
1666 70.2627
1667 70.2627
1668 70.2627
1669 70.2627
1670 70.2627
1671 70.2627
1672 70.2627
1673 70.2627
1674 70.2627
1675 70.2627
1676 70.2627
1677 70.2627
1678 70.2627
1679 70.2627
1680 70.2627
1681 70.2627
1682 70.2627
1683 70.2627
1684 70.2627
1685 70.2627
1686 70.2627
1687 70.2627
1688 70.2627
1689 70.2627
1690 70.2627
1691 70.2627
1692 70.2627
1693 70.2627
1694 70.2627
1695 70.2627
1696 70.2627
1697 70.2627
1698 70.2627
1699 70.2627
1700 70.2627
1701 70.2627
1702 70.2627
1703 70.2627
1704 70.2627
1705 70.2627
1706 70.2627
1707 70.2627
1708 70.2627
1709 70.2627
1710 70.2627
1711 70.2627
1712 70.2627
1713 70.2627
1714 70.2627
1715 70.2627
1716 70.2627
1717 70.2627
1718 70.2627
1719 70.2627
1720 70.2627
1721 70.2627
1722 70.2627
1723 70.2627
1724 70.2627
1725 70.2627
1726 70.2627
1727 70.2627
1728 70.2627
1729 70.2627
1730 70.2627
1731 70.2627
1732 70.2627
1733 70.2627
1734 70.2627
1735 70.2627
1736 70.2627
1737 70.2627
1738 70.2627
1739 70.2627
1740 70.2627
1741 70.2627
1742 70.2627
1743 70.2627
1744 70.2627
1745 70.2627
1746 70.2627
1747 70.2627
1748 70.2627
1749 70.2627
1750 70.2627
1751 70.2627
1752 70.2627
1753 70.2627
1754 70.2627
1755 70.2627
1756 70.2627
1757 70.2627
1758 70.2627
1759 70.2627
1760 70.2627
1761 70.2627
1762 70.2627
1763 70.2627
1764 70.2627
1765 70.2627
1766 70.2627
1767 70.2627
1768 70.2627
1769 70.2627
1770 70.2627
1771 70.2627
1772 70.2627
1773 70.2627
1774 70.2627
1775 70.2627
1776 70.2627
1777 70.2627
1778 70.2627
1779 70.2627
1780 70.2627
1781 70.2627
1782 70.2627
1783 70.2627
1784 70.2627
1785 70.2627
1786 70.2627
1787 70.2627
1788 70.2627
1789 70.2627
1790 70.2627
1791 70.2627
1792 70.2627
1793 70.2627
1794 70.2627
1795 70.2627
1796 70.2627
1797 70.2627
1798 70.2627
1799 70.2627
1800 70.2627
1801 70.2627
1802 70.2627
1803 70.2627
1804 70.2627
1805 70.2627
1806 70.2627
1807 70.2627
1808 70.2627
1809 70.2627
1810 70.2627
1811 70.2627
1812 70.2627
1813 70.2627
1814 70.2627
1815 70.2627
1816 70.2627
1817 70.2627
1818 70.2627
1819 70.2627
1820 70.2627
1821 70.2627
1822 70.2627
1823 70.2627
1824 70.2627
1825 70.2627
1826 70.2627
1827 70.2627
1828 70.2627
1829 70.2627
1830 70.2627
1831 70.2627
1832 70.2627
1833 70.2627
1834 70.2627
1835 70.2627
1836 70.2627
1837 70.2627
1838 70.2627
1839 70.2627
1840 70.2627
1841 70.2627
1842 70.2627
1843 70.2627
1844 70.2627
1845 70.2627
1846 70.2627
1847 70.2627
1848 70.2627
1849 70.2627
1850 70.2627
1851 70.2627
1852 70.2627
1853 70.2627
1854 70.2627
1855 70.2627
1856 70.2627
1857 70.2627
1858 70.2627
1859 70.2627
1860 70.2627
1861 70.2627
1862 70.2627
1863 70.2627
1864 70.2627
1865 70.2627
1866 70.2627
1867 70.2627
1868 70.2627
1869 70.2627
1870 70.2627
1871 70.2627
1872 70.2627
1873 70.2627
1874 70.2627
1875 70.2627
1876 70.2627
1877 70.2627
1878 70.2627
1879 70.2627
1880 70.2627
1881 70.2627
1882 70.2627
1883 70.2627
1884 70.2627
1885 70.2627
1886 70.2627
1887 70.2627
1888 70.2627
1889 70.2627
1890 70.2627
1891 70.2627
1892 70.2627
1893 70.2627
1894 70.2627
1895 70.2627
1896 70.2627
1897 70.2627
1898 70.2627
1899 70.2627
1900 70.2627
1901 70.2627
1902 70.2627
1903 70.2627
1904 70.2627
1905 70.2627
1906 70.2627
1907 70.2627
1908 70.2627
1909 70.2627
1910 70.2627
1911 70.2627
1912 70.2627
1913 70.2627
1914 70.2627
1915 70.2627
1916 70.2627
1917 70.2627
1918 70.2627
1919 70.2627
1920 70.2627
1921 70.2627
1922 70.2627
1923 70.2627
1924 70.2627
1925 70.2627
1926 70.2627
1927 70.2627
1928 70.2627
1929 70.2627
1930 70.2627
1931 70.2627
1932 70.2627
1933 70.2627
1934 70.2627
1935 70.2627
1936 70.2627
1937 70.2627
1938 70.2627
1939 70.2627
1940 70.2627
1941 70.2627
1942 70.2627
1943 70.2627
1944 70.2627
1945 70.2627
1946 70.2627
1947 70.2627
1948 70.2627
1949 70.2627
1950 70.2627
1951 70.2627
1952 70.2627
1953 70.2627
1954 70.2627
1955 70.2627
1956 70.2627
1957 70.2627
1958 70.2627
1959 70.2627
1960 70.2627
1961 70.2627
1962 70.2627
1963 70.2627
1964 70.2627
1965 70.2627
1966 70.2627
1967 70.2627
1968 70.2627
1969 70.2627
1970 70.2627
1971 70.2627
1972 70.2627
1973 70.2627
1974 70.2627
1975 70.2627
1976 70.2627
1977 70.2627
1978 70.2627
1979 70.2627
1980 70.2627
1981 70.2627
1982 70.2627
1983 70.2627
1984 70.2627
1985 70.2627
1986 70.2627
1987 70.17
1988 70.17
1989 70.09
1990 70.09
1991 70.09
1992 70.09
1993 70.09
1994 70.09
1995 70.09
1996 70.09
1997 70.09
1998 70.09
1999 70.09
2000 70.09
