1 400.079
2 382.022
3 369.979
4 345.413
5 334.429
6 318.52
7 307.501
8 303.665
9 293.626
10 287.369
11 279.736
12 276.185
13 269.133
14 260.336
15 255.093
16 251.093
17 246.754
18 238.936
19 232.392
20 229.549
21 219.802
22 214.927
23 213.525
24 209.777
25 206.421
26 201.213
27 198.853
28 195.523
29 192.81
30 190.377
31 188.709
32 186.515
33 181.477
34 176.822
35 173.763
36 171.2
37 166.077
38 164.789
39 160.493
40 159.073
41 155.721
42 153.296
43 152.098
44 150.134
45 147.755
46 145.842
47 144.662
48 142.598
49 140.59
50 140.576
51 138.288
52 137.357
53 135.052
54 134.042
55 133.037
56 131.045
57 129.913
58 129.272
59 126.209
60 125.529
61 124.161
62 122.938
63 121.723
64 121.529
65 120.881
66 120.672
67 119.94
68 118.601
69 116.133
70 114.937
71 113.926
72 113.243
73 112.031
74 111.02
75 110.32
76 109.653
77 108.929
78 107.986
79 107.048
80 106.271
81 105.468
82 104.959
83 104.719
84 103.43
85 101.375
86 101.317
87 100.904
88 100.722
89 100.08
90 96.9216
91 95.8155
92 95.2944
93 94.715
94 93.6359
95 92.2809
96 92.0337
97 91.6478
98 91.3783
99 90.1059
100 89.978
101 89.8695
102 89.6592
103 89.1583
104 88.6681
105 88.3093
106 87.4361
107 86.9995
108 86.773
109 85.8036
110 85.6049
111 85.0809
112 84.9269
113 84.5125
114 84.3585
115 84.1598
116 82.5789
117 82.001
118 81.7468
119 79.9742
120 78.6046
121 78.0388
122 78.0388
123 78.0388
124 76.6806
125 76.5838
126 76.52
127 76.4013
128 76.4013
129 75.3038
130 74.7823
131 74.584
132 74.5279
133 73.6812
134 73.4268
135 73.2025
136 73.2025
137 72.8477
138 72.8477
139 72.6731
140 72.6731
141 72.4864
142 72.2407
143 72.2407
144 72.2407
145 72.1598
146 71.6927
147 71.5533
148 71.4629
149 71.4629
150 71.4629
151 71.4629
152 71.1399
153 71.1399
154 70.7611
155 70.7072
156 70.7072
157 69.8734
158 69.8734
159 69.8734
160 69.8553
161 69.3236
162 69.3055
163 69.3055
164 69.3055
165 69.3055
166 69.3055
167 69.3055
168 68.9974
169 68.7948
170 68.7948
171 68.7948
172 68.7085
173 68.7085
174 68.6234
175 68.537
176 68.537
177 68.537
178 68.537
179 68.537
180 68.537
181 68.537
182 68.537
183 68.537
184 68.537
185 68.537
186 68.4822
187 68.4822
188 68.4822
189 68.4822
190 68.4822
191 68.4822
192 68.4822
193 68.4822
194 68.4822
195 68.4822
196 68.4822
197 68.4822
198 68.4822
199 68.4822
200 68.4822
201 68.4822
202 68.4822
203 68.4822
204 68.4822
205 68.4822
206 68.4822
207 68.4822
208 68.4822
209 68.4822
210 68.4822
211 68.4822
212 68.4822
213 68.4822
214 68.4822
215 68.4822
216 68.4822
217 68.4822
218 68.4275
219 68.4275
220 68.4275
221 68.4275
222 68.1957
223 68.1957
224 68.1957
225 68.1957
226 68.1957
227 68.0511
228 67.5099
229 67.5099
230 67.2621
231 67.2621
232 67.2621
233 67.2621
234 67.2621
235 67.2621
236 67.2621
237 67.2621
238 67.2621
239 67.2621
240 67.2621
241 67.2621
242 67.0533
243 67.0533
244 67.0533
245 67.0533
246 67.0533
247 67.0533
248 67.0533
249 67.0533
250 67.0533
251 67.0533
252 67.0533
253 67.0533
254 67.0533
255 67.0533
256 67.0533
257 67.0533
258 67.0533
259 67.0533
260 67.0533
261 67.0533
262 67.0533
263 67.0533
264 67.0533
265 67.0533
266 67.0533
267 67.0533
268 67.0533
269 67.0533
270 67.0533
271 67.0533
272 67.0533
273 67.0533
274 67.0533
275 67.0533
276 67.0533
277 67.0533
278 67.0533
279 67.0533
280 67.0533
281 67.0533
282 67.0533
283 67.0533
284 67.0533
285 67.0533
286 67.0533
287 67.0533
288 67.0533
289 67.0533
290 67.0533
291 67.0533
292 67.0533
293 67.0533
294 67.0533
295 67.0533
296 67.0533
297 67.0533
298 67.0533
299 67.0533
300 67.0533
301 67.0533
302 67.0533
303 67.0533
304 67.0533
305 67.0533
306 67.0533
307 67.0533
308 67.0533
309 67.0533
310 67.0533
311 67.0533
312 67.0533
313 67.0533
314 67.0533
315 67.0533
316 67.0533
317 67.0533
318 67.0533
319 67.0533
320 67.0533
321 67.0533
322 67.0533
323 67.0533
324 67.0533
325 67.0533
326 67.0533
327 67.0533
328 67.0533
329 67.0533
330 67.0533
331 67.0533
332 67.0533
333 67.0533
334 67.0533
335 67.0533
336 67.0533
337 67.0533
338 67.0533
339 67.0533
340 67.0533
341 67.0533
342 67.0533
343 67.0533
344 67.0533
345 67.0533
346 67.0533
347 67.0533
348 67.0533
349 67.0533
350 67.0533
351 67.0533
352 67.0533
353 67.0533
354 67.0533
355 67.0533
356 67.0533
357 67.0533
358 67.0533
359 67.0533
360 67.0533
361 67.0533
362 67.0533
363 67.0533
364 67.0533
365 67.0533
366 67.0533
367 67.0533
368 67.0533
369 67.0533
370 67.0533
371 67.0533
372 67.0533
373 67.0533
374 67.0533
375 67.0533
376 67.0533
377 67.0533
378 67.0533
379 67.0533
380 67.0533
381 67.0533
382 67.0533
383 67.0533
384 67.0533
385 67.0533
386 67.0533
387 67.0533
388 67.0533
389 67.0533
390 67.0533
391 67.0533
392 67.0533
393 67.0533
394 67.0533
395 66.993
396 66.993
397 66.993
398 66.993
399 66.993
400 66.993
401 66.993
402 66.993
403 66.993
404 66.993
405 66.993
406 66.993
407 66.993
408 66.993
409 66.993
410 66.993
411 66.993
412 66.993
413 66.993
414 66.993
415 66.993
416 66.993
417 66.993
418 66.993
419 66.993
420 66.993
421 66.993
422 66.993
423 66.993
424 66.993
425 66.993
426 66.993
427 66.993
428 66.993
429 66.993
430 66.993
431 66.993
432 66.993
433 66.993
434 66.993
435 66.993
436 66.993
437 66.993
438 66.993
439 66.993
440 66.993
441 66.993
442 66.993
443 66.993
444 66.993
445 66.993
446 66.993
447 66.993
448 66.993
449 66.993
450 66.993
451 66.993
452 66.993
453 66.993
454 66.993
455 66.993
456 66.993
457 66.8485
458 66.8485
459 66.8485
460 66.8485
461 66.8485
462 66.8485
463 66.8485
464 66.8485
465 66.8485
466 66.8485
467 66.8485
468 66.8485
469 66.8485
470 66.8485
471 66.8485
472 66.8485
473 66.8485
474 66.8485
475 66.8485
476 66.8485
477 66.8485
478 66.8485
479 66.8485
480 66.8485
481 66.8485
482 66.8485
483 66.8485
484 66.8485
485 66.8467
486 66.7808
487 66.7808
488 66.7808
489 66.7808
490 66.7808
491 66.7808
492 66.7808
493 66.7808
494 66.7808
495 66.7808
496 66.7808
497 66.7808
498 66.7808
499 66.7808
500 66.7808
501 66.7808
502 66.7808
503 66.7808
504 66.7808
505 66.7808
506 66.7808
507 66.7808
508 66.7808
509 66.7808
510 66.7808
511 66.7808
512 66.7808
513 66.7808
514 66.7808
515 66.7808
516 66.7808
517 66.7808
518 66.7808
519 66.7808
520 66.7808
521 66.7808
522 66.7808
523 66.7808
524 66.7808
525 66.7808
526 66.7808
527 66.7808
528 66.7808
529 66.7808
530 66.7808
531 66.7808
532 66.7808
533 66.7808
534 66.7808
535 66.7808
536 66.7808
537 66.7808
538 66.7808
539 66.7808
540 66.7808
541 66.7808
542 66.7808
543 66.7808
544 66.7808
545 66.7808
546 66.7808
547 66.7808
548 66.7808
549 66.7808
550 66.7808
551 66.4025
552 66.4025
553 66.4025
554 66.4025
555 66.4025
556 66.4025
557 66.4025
558 66.4025
559 66.0836
560 66.0836
561 66.0836
562 66.0836
563 66.0836
564 66.0836
565 66.0836
566 66.0836
567 66.0836
568 66.0836
569 66.0836
570 66.0836
571 66.0836
572 66.0836
573 66.0836
574 66.0836
575 66.0836
576 66.0836
577 66.0836
578 66.0836
579 66.0836
580 66.0836
581 66.0836
582 66.0836
583 66.0836
584 66.0836
585 66.0836
586 66.0836
587 66.0836
588 66.0836
589 66.0836
590 66.0836
591 66.0836
592 66.0836
593 66.0836
594 66.0836
595 66.0836
596 66.0836
597 66.0836
598 66.0836
599 66.0836
600 66.0836
601 66.0836
602 66.0836
603 66.0836
604 66.0836
605 66.0836
606 66.0836
607 66.0836
608 66.0836
609 66.0836
610 66.0836
611 66.0836
612 66.0836
613 66.0836
614 66.0836
615 66.0836
616 66.0836
617 66.0836
618 66.0836
619 66.0836
620 66.0836
621 66.0836
622 66.0836
623 66.0836
624 66.0836
625 66.0836
626 66.0836
627 66.0836
628 66.0836
629 66.0836
630 66.0836
631 66.0836
632 66.0836
633 66.0836
634 66.0836
635 66.0836
636 66.0836
637 66.0836
638 66.0836
639 66.0836
640 66.0836
641 66.0836
642 66.0836
643 66.0836
644 66.0836
645 66.0836
646 66.0836
647 66.0836
648 66.0836
649 66.0836
650 66.0836
651 66.0836
652 66.0836
653 66.0836
654 66.0836
655 66.0836
656 66.0836
657 66.0836
658 66.0836
659 66.0836
660 66.0836
661 66.0836
662 66.0836
663 66.0836
664 66.0836
665 66.0836
666 66.0836
667 66.0836
668 66.0836
669 66.0836
670 66.0836
671 66.0836
672 66.0836
673 66.0836
674 66.0836
675 66.0836
676 66.0836
677 66.0836
678 66.0836
679 66.0836
680 66.0836
681 66.0836
682 66.0836
683 66.0836
684 66.0836
685 66.0836
686 66.0836
687 66.0836
688 66.0836
689 66.0836
690 66.0836
691 66.0836
692 66.0836
693 66.0836
694 66.0836
695 66.0836
696 66.0836
697 66.0836
698 66.0836
699 66.0836
700 66.0836
701 66.0836
702 66.0836
703 66.0836
704 66.0836
705 66.0836
706 66.0836
707 66.0836
708 66.0836
709 66.0836
710 66.0836
711 66.0836
712 66.0836
713 66.0836
714 66.0836
715 66.0836
716 66.0836
717 66.0836
718 66.0836
719 66.0836
720 66.0836
721 66.0836
722 66.0836
723 66.0836
724 66.0836
725 66.0836
726 66.0836
727 66.0836
728 66.0836
729 66.0836
730 66.0836
731 66.0836
732 66.0836
733 66.0836
734 66.0836
735 66.0836
736 66.0836
737 66.0836
738 66.0836
739 66.0836
740 66.0836
741 66.0836
742 66.0836
743 66.0836
744 66.0836
745 66.0836
746 66.0836
747 66.0836
748 66.0836
749 66.0836
750 66.0836
751 66.0836
752 66.0836
753 66.0836
754 66.0836
755 66.0836
756 66.0836
757 66.0836
758 66.0836
759 66.0836
760 66.0836
761 66.0836
762 66.0836
763 66.0836
764 66.0836
765 66.0836
766 66.0836
767 66.0836
768 66.0836
769 66.0836
770 66.0836
771 66.0836
772 66.0836
773 66.0836
774 66.0836
775 66.0836
776 66.0836
777 66.0836
778 66.0836
779 66.0836
780 66.0836
781 66.0836
782 66.0836
783 66.0836
784 66.0836
785 66.0836
786 66.0836
787 66.0836
788 66.0836
789 66.0836
790 66.0836
791 66.0836
792 66.0836
793 66.0836
794 66.0836
795 66.0836
796 66.0836
797 66.0836
798 66.0836
799 66.0836
800 66.0836
801 66.0836
802 66.0836
803 66.0836
804 66.0836
805 66.0836
806 66.0836
807 66.0836
808 66.0836
809 66.0836
810 66.0836
811 66.0836
812 66.0836
813 66.0836
814 66.0836
815 66.0836
816 66.0836
817 66.0836
818 66.0836
819 66.0836
820 66.0836
821 66.0836
822 66.0836
823 66.0836
824 66.0836
825 66.0836
826 66.0836
827 66.0836
828 66.0836
829 66.0836
830 66.0836
831 66.0836
832 66.0836
833 66.0836
834 66.0836
835 66.0836
836 66.0836
837 66.0836
838 66.0836
839 66.0836
840 66.0836
841 66.0836
842 66.0836
843 66.0836
844 66.0836
845 66.0836
846 66.0836
847 66.0836
848 66.0836
849 66.0836
850 66.0836
851 66.0836
852 66.0836
853 66.0836
854 66.0836
855 66.0836
856 66.0836
857 66.0836
858 66.0836
859 66.0836
860 66.0836
861 66.0836
862 66.0836
863 66.0836
864 66.0836
865 66.0836
866 66.0836
867 66.0836
868 66.0836
869 66.0836
870 66.0836
871 66.0836
872 66.0836
873 66.0836
874 66.0836
875 66.0836
876 66.0836
877 66.0836
878 66.0836
879 66.0836
880 66.0836
881 66.0836
882 66.0836
883 66.0836
884 66.0836
885 66.0836
886 66.0836
887 66.0836
888 66.0836
889 66.0836
890 66.0836
891 66.0836
892 66.0836
893 66.0836
894 66.0836
895 66.0836
896 66.0836
897 66.0836
898 66.0836
899 66.0836
900 66.0836
901 66.0836
902 66.0836
903 66.0836
904 66.0836
905 66.0836
906 66.0836
907 66.0836
908 66.0836
909 66.0836
910 66.0836
911 66.0836
912 66.0836
913 66.0836
914 66.0836
915 66.0836
916 66.0836
917 66.0836
918 66.0836
919 66.0836
920 66.0836
921 66.0836
922 66.0836
923 66.0836
924 66.0836
925 66.0836
926 66.0836
927 66.0836
928 66.0836
929 66.0836
930 66.0836
931 66.0836
932 66.0836
933 66.0836
934 66.0836
935 66.0836
936 66.0836
937 66.0836
938 66.0836
939 66.0836
940 66.0836
941 66.0836
942 66.0836
943 66.0836
944 66.0836
945 66.0836
946 66.0836
947 66.0836
948 66.0836
949 66.0836
950 66.0836
951 66.0836
952 66.0836
953 66.0836
954 66.0836
955 66.0836
956 66.0836
957 66.0836
958 66.0836
959 66.0836
960 66.0836
961 66.0836
962 66.0836
963 66.0836
964 66.0836
965 66.0836
966 66.0836
967 66.0836
968 66.0836
969 66.0836
970 66.0836
971 66.0836
972 66.0836
973 66.0836
974 66.0836
975 66.0836
976 66.0836
977 66.0836
978 66.0836
979 66.0836
980 66.0836
981 66.0836
982 66.0836
983 66.0836
984 66.0836
985 66.0836
986 66.0836
987 66.0836
988 66.0836
989 66.0836
990 66.0836
991 66.0836
992 66.0836
993 66.0836
994 66.0836
995 66.0836
996 66.0836
997 66.0836
998 66.0836
999 66.0836
1000 66.0836
1001 66.0836
1002 66.0836
1003 66.0836
1004 66.0836
1005 66.0836
1006 66.0836
1007 66.0836
1008 66.0836
1009 66.0836
1010 66.0836
1011 66.0836
1012 66.0836
1013 66.0836
1014 66.0836
1015 66.0836
1016 66.0836
1017 66.0836
1018 66.0836
1019 66.0836
1020 66.0836
1021 66.0836
1022 66.0836
1023 66.0836
1024 66.0836
1025 66.0836
1026 66.0836
1027 66.0836
1028 66.0836
1029 66.0836
1030 66.0836
1031 66.0836
1032 66.0836
1033 66.0836
1034 66.0836
1035 66.0836
1036 66.0836
1037 66.0836
1038 66.0836
1039 66.0836
1040 66.0836
1041 66.0836
1042 66.0836
1043 66.0836
1044 66.0836
1045 66.0836
1046 66.0836
1047 66.0836
1048 66.0836
1049 66.0836
1050 66.0836
1051 66.0836
1052 66.0836
1053 66.0836
1054 66.0836
1055 66.0836
1056 66.0836
1057 66.0836
1058 66.0836
1059 66.0836
1060 66.0836
1061 66.0836
1062 66.0836
1063 66.0836
1064 66.0836
1065 66.0836
1066 66.0836
1067 66.0836
1068 66.0836
1069 66.0836
1070 66.0836
1071 66.0836
1072 66.0836
1073 66.0836
1074 66.0836
1075 66.0836
1076 66.0836
1077 66.0836
1078 66.0836
1079 66.0836
1080 66.0836
1081 66.0836
1082 66.0836
1083 66.0836
1084 66.0836
1085 66.0836
1086 66.0836
1087 66.0836
1088 66.0836
1089 66.0836
1090 66.0836
1091 66.0836
1092 66.0836
1093 66.0836
1094 66.0836
1095 66.0836
1096 66.0836
1097 66.0836
1098 66.0836
1099 66.0836
1100 66.0836
1101 66.0836
1102 66.0836
1103 66.0836
1104 66.0836
1105 66.0836
1106 66.0836
1107 66.0836
1108 66.0836
1109 66.0836
1110 66.0836
1111 66.0836
1112 66.0836
1113 66.0836
1114 66.0836
1115 66.0836
1116 66.0836
1117 66.0836
1118 66.0836
1119 66.0836
1120 66.0836
1121 66.0836
1122 66.0836
1123 66.0836
1124 66.0836
1125 66.0836
1126 66.0836
1127 66.0836
1128 66.0836
1129 66.0836
1130 66.0836
1131 66.0836
1132 66.0836
1133 66.0836
1134 66.0836
1135 66.0836
1136 66.0836
1137 66.0836
1138 66.0836
1139 66.0836
1140 66.0836
1141 66.0836
1142 66.0836
1143 66.0836
1144 66.0836
1145 66.0836
1146 66.0836
1147 66.0836
1148 66.0836
1149 66.0836
1150 66.0836
1151 66.0836
1152 66.0836
1153 66.0836
1154 66.0836
1155 66.0836
1156 66.0836
1157 66.0836
1158 66.0836
1159 66.0836
1160 66.0836
1161 66.0836
1162 66.0836
1163 66.0836
1164 66.0836
1165 66.0836
1166 66.0836
1167 66.0836
1168 66.0836
1169 66.0836
1170 66.0836
1171 66.0836
1172 66.0836
1173 66.0836
1174 66.0836
1175 66.0836
1176 66.0836
1177 66.0836
1178 66.0836
1179 66.0836
1180 66.0836
1181 66.0836
1182 66.0836
1183 66.0836
1184 66.0836
1185 66.0836
1186 66.0836
1187 66.0836
1188 66.0836
1189 66.0836
1190 66.0836
1191 66.0836
1192 66.0836
1193 66.0836
1194 66.0836
1195 66.0836
1196 66.0836
1197 66.0836
1198 66.0836
1199 66.0836
1200 66.0836
1201 66.0836
1202 66.0836
1203 66.0836
1204 66.0836
1205 66.0836
1206 66.0836
1207 66.0836
1208 66.0836
1209 66.0836
1210 66.0836
1211 66.0836
1212 66.0836
1213 66.0836
1214 66.0836
1215 66.0836
1216 66.0836
1217 66.0836
1218 66.0836
1219 66.0836
1220 66.0836
1221 66.0836
1222 66.0836
1223 66.0836
1224 66.0836
1225 66.0836
1226 66.0836
1227 66.0836
1228 66.0836
1229 66.0836
1230 66.0836
1231 66.0836
1232 66.0836
1233 66.0836
1234 66.0836
1235 66.0836
1236 66.0836
1237 66.0836
1238 66.0836
1239 66.0836
1240 66.0836
1241 66.0836
1242 66.0836
1243 66.0836
1244 66.0836
1245 66.0836
1246 66.0836
1247 66.0836
1248 66.0836
1249 66.0836
1250 66.0836
1251 66.0836
1252 66.0836
1253 66.0836
1254 66.0836
1255 66.0836
1256 66.0836
1257 66.0836
1258 66.0836
1259 66.0836
1260 66.0836
1261 66.0836
1262 66.0836
1263 66.0836
1264 66.0836
1265 66.0836
1266 66.0836
1267 66.0836
1268 66.0836
1269 66.0836
1270 66.0836
1271 66.0836
1272 66.0836
1273 66.0836
1274 66.0836
1275 66.0836
1276 66.0836
1277 66.0836
1278 66.0836
1279 66.0836
1280 66.0836
1281 66.0836
1282 66.0836
1283 66.0836
1284 66.0836
1285 66.0836
1286 66.0836
1287 66.0836
1288 66.0836
1289 66.0836
1290 66.0836
1291 66.0836
1292 66.0836
1293 66.0836
1294 66.0836
1295 66.0836
1296 66.0836
1297 66.0836
1298 66.0836
1299 66.0836
1300 66.0836
1301 66.0836
1302 66.0836
1303 66.0836
1304 66.0836
1305 66.0836
1306 66.0836
1307 66.0836
1308 66.0836
1309 66.0836
1310 66.0836
1311 66.0836
1312 66.0836
1313 66.0836
1314 66.0836
1315 66.0836
1316 66.0836
1317 66.0836
1318 66.0836
1319 66.0836
1320 66.0836
1321 66.0836
1322 66.0836
1323 66.0836
1324 66.0836
1325 66.0836
1326 66.0836
1327 66.0836
1328 66.0836
1329 66.0836
1330 66.0836
1331 66.0836
1332 66.0836
1333 66.0836
1334 66.0836
1335 66.0836
1336 66.0836
1337 66.0836
1338 66.0836
1339 66.0836
1340 66.0836
1341 66.0836
1342 66.0836
1343 66.0836
1344 66.0836
1345 66.0836
1346 66.0836
1347 66.0836
1348 66.0836
1349 66.0836
1350 66.0836
1351 66.0836
1352 66.0836
1353 66.0836
1354 66.0836
1355 66.0836
1356 66.0836
1357 66.0836
1358 66.0836
1359 66.0836
1360 66.0836
1361 66.0836
1362 66.0836
1363 66.0836
1364 66.0836
1365 66.0836
1366 66.0836
1367 66.0836
1368 66.0836
1369 66.0836
1370 66.0836
1371 66.0836
1372 66.0836
1373 66.0836
1374 66.0836
1375 66.0836
1376 66.0836
1377 66.0836
1378 66.0836
1379 66.0836
1380 66.0836
1381 66.0836
1382 66.0836
1383 66.0836
1384 66.0836
1385 66.0836
1386 66.0836
1387 66.0836
1388 66.0836
1389 66.0836
1390 66.0836
1391 66.0836
1392 66.0836
1393 66.0836
1394 66.0836
1395 66.0836
1396 66.0836
1397 66.0836
1398 66.0836
1399 66.0836
1400 66.0836
1401 66.0836
1402 66.0836
1403 66.0836
1404 66.0836
1405 66.0836
1406 66.0836
1407 66.0836
1408 66.0836
1409 66.0836
1410 66.0836
1411 66.0836
1412 66.0836
1413 66.0836
1414 66.0836
1415 66.0836
1416 66.0836
1417 66.0836
1418 66.0836
1419 66.0836
1420 66.0836
1421 66.0836
1422 66.0836
1423 66.0836
1424 66.0836
1425 66.0836
1426 66.0836
1427 66.0836
1428 66.0836
1429 66.0836
1430 66.0836
1431 66.0836
1432 66.0836
1433 66.0836
1434 66.0836
1435 66.0836
1436 66.0836
1437 66.0836
1438 66.0836
1439 66.0836
1440 66.0836
1441 66.0836
1442 66.0836
1443 66.0836
1444 66.0836
1445 66.0836
1446 66.0836
1447 66.0836
1448 66.0836
1449 66.0836
1450 66.0836
1451 66.0836
1452 66.0836
1453 66.0836
1454 66.0836
1455 66.0836
1456 66.0836
1457 66.0836
1458 66.0836
1459 66.0836
1460 66.0836
1461 66.0836
1462 66.0836
1463 66.0836
1464 66.0836
1465 66.0836
1466 66.0836
1467 66.0836
1468 66.0836
1469 66.0836
1470 66.0836
1471 66.0836
1472 66.0836
1473 66.0836
1474 66.0836
1475 66.0836
1476 66.0836
1477 66.0836
1478 66.0836
1479 66.0836
1480 66.0836
1481 66.0836
1482 66.0836
1483 66.0836
1484 66.0836
1485 66.0836
1486 66.0836
1487 66.0836
1488 66.0836
1489 66.0836
1490 66.0836
1491 66.0836
1492 66.0836
1493 66.0836
1494 66.0836
1495 66.0836
1496 66.0836
1497 66.0836
1498 66.0836
1499 66.0836
1500 66.0836
1501 66.0836
1502 66.0836
1503 66.0836
1504 66.0836
1505 66.0836
1506 66.0836
1507 66.0836
1508 66.0836
1509 66.0836
1510 66.0836
1511 66.0836
1512 66.0836
1513 66.0836
1514 66.0836
1515 66.0836
1516 66.0836
1517 66.0836
1518 66.0836
1519 66.0836
1520 66.0836
1521 66.0836
1522 66.0836
1523 66.0836
1524 66.0836
1525 66.0836
1526 66.0836
1527 66.0836
1528 66.0836
1529 66.0836
1530 66.0836
1531 66.0836
1532 66.0836
1533 66.0836
1534 66.0836
1535 66.0836
1536 66.0836
1537 66.0836
1538 66.0836
1539 66.0836
1540 66.0836
1541 66.0836
1542 66.0836
1543 66.0836
1544 66.0836
1545 66.0836
1546 66.0836
1547 66.0836
1548 66.0836
1549 66.0836
1550 66.0836
1551 66.0836
1552 66.0836
1553 66.0836
1554 66.0836
1555 66.0836
1556 66.0836
1557 66.0836
1558 66.0836
1559 66.0836
1560 66.0836
1561 66.0836
1562 66.0836
1563 66.0836
1564 66.0836
1565 66.0836
1566 66.0836
1567 66.0836
1568 66.0836
1569 66.0836
1570 66.0836
1571 66.0836
1572 66.0836
1573 66.0836
1574 66.0836
1575 66.0836
1576 66.0836
1577 66.0836
1578 66.0836
1579 66.0836
1580 66.0836
1581 66.0836
1582 66.0836
1583 66.0836
1584 66.0836
1585 66.0836
1586 66.0836
1587 66.0836
1588 66.0836
1589 66.0836
1590 66.0836
1591 66.0836
1592 66.0836
1593 66.0836
1594 66.0836
1595 66.0836
1596 66.0836
1597 66.0836
1598 66.0836
1599 66.0836
1600 66.0836
1601 66.0836
1602 66.0836
1603 66.0836
1604 66.0836
1605 66.0836
1606 66.0836
1607 66.0836
1608 66.0836
1609 66.0836
1610 66.0836
1611 66.0836
1612 66.0836
1613 66.0836
1614 66.0836
1615 66.0836
1616 66.0836
1617 66.0836
1618 66.0836
1619 66.0836
1620 66.0836
1621 66.0836
1622 66.0836
1623 66.0836
1624 66.0836
1625 66.0836
1626 66.0836
1627 66.0836
1628 66.0836
1629 66.0836
1630 66.0836
1631 66.0836
1632 66.0836
1633 66.0836
1634 66.0836
1635 66.0836
1636 66.0836
1637 66.0836
1638 66.0836
1639 66.0836
1640 66.0836
1641 66.0836
1642 66.0836
1643 66.0836
1644 66.0836
1645 66.0836
1646 66.0836
1647 66.0836
1648 66.0836
1649 66.0836
1650 66.0836
1651 66.0836
1652 66.0836
1653 66.0836
1654 66.0836
1655 66.0836
1656 66.0836
1657 66.0836
1658 66.0836
1659 66.0836
1660 66.0836
1661 66.0836
1662 66.0836
1663 66.0836
1664 66.0836
1665 66.0836
1666 66.0836
1667 66.0836
1668 66.0836
1669 66.0836
1670 66.0836
1671 66.0836
1672 66.0836
1673 66.0836
1674 66.0836
1675 66.0836
1676 66.0836
1677 66.0836
1678 66.0836
1679 66.0836
1680 66.0836
1681 66.0836
1682 66.0836
1683 66.0836
1684 66.0836
1685 66.0836
1686 66.0836
1687 66.0836
1688 66.0836
1689 66.0836
1690 66.0836
1691 66.0836
1692 66.0836
1693 66.0836
1694 66.0836
1695 66.0836
1696 66.0836
1697 66.0836
1698 66.0836
1699 66.0836
1700 66.0836
1701 66.0836
1702 66.0836
1703 66.0836
1704 66.0836
1705 66.0836
1706 66.0836
1707 66.0836
1708 66.0836
1709 66.0836
1710 66.0836
1711 66.0836
1712 66.0836
1713 66.0836
1714 66.0836
1715 66.0836
1716 66.0836
1717 66.0836
1718 66.0836
1719 66.0836
1720 66.0836
1721 66.0836
1722 66.0836
1723 66.0836
1724 66.0836
1725 66.0836
1726 66.0836
1727 66.0836
1728 66.0836
1729 66.0836
1730 66.0836
1731 66.0836
1732 66.0836
1733 66.0836
1734 66.0836
1735 66.0836
1736 66.0836
1737 66.0836
1738 66.0836
1739 66.0836
1740 66.0836
1741 66.0836
1742 66.0836
1743 66.0836
1744 66.0836
1745 66.0836
1746 66.0836
1747 66.0836
1748 66.0836
1749 66.0836
1750 66.0836
1751 66.0836
1752 66.0836
1753 66.0836
1754 66.0836
1755 66.0836
1756 66.0836
1757 66.0836
1758 66.0836
1759 66.0836
1760 66.0836
1761 66.0836
1762 66.0836
1763 66.0836
1764 66.0836
1765 66.0836
1766 66.0836
1767 66.0836
1768 66.0836
1769 66.0836
1770 66.0836
1771 66.0836
1772 66.0836
1773 66.0836
1774 66.0836
1775 66.0836
1776 66.0836
1777 66.0836
1778 66.0836
1779 66.0836
1780 66.0836
1781 66.0836
1782 66.0836
1783 66.0836
1784 66.0836
1785 66.0836
1786 66.0836
1787 66.0836
1788 66.0836
1789 66.0836
1790 66.0836
1791 66.0836
1792 66.0836
1793 66.0836
1794 66.0836
1795 66.0836
1796 66.0836
1797 66.0836
1798 66.0836
1799 66.0836
1800 66.0836
1801 66.0836
1802 66.0836
1803 66.0836
1804 66.0836
1805 66.0836
1806 66.0836
1807 66.0836
1808 66.0836
1809 66.0836
1810 66.0836
1811 66.0836
1812 66.0836
1813 66.0836
1814 66.0836
1815 66.0836
1816 66.0836
1817 66.0836
1818 66.0836
1819 66.0836
1820 66.0836
1821 66.0836
1822 66.0836
1823 66.0836
1824 66.0836
1825 66.0836
1826 66.0836
1827 66.0836
1828 66.0836
1829 66.0836
1830 66.0836
1831 66.0836
1832 66.0836
1833 66.0836
1834 66.0836
1835 66.0836
1836 66.0836
1837 66.0836
1838 66.0836
1839 66.0836
1840 66.0836
1841 66.0836
1842 66.0836
1843 66.0836
1844 66.0836
1845 66.0836
1846 66.0836
1847 66.0836
1848 66.0836
1849 66.0836
1850 66.0836
1851 66.0836
1852 66.0836
1853 66.0836
1854 66.0836
1855 66.0836
1856 66.0836
1857 66.0836
1858 66.0836
1859 66.0836
1860 66.0836
1861 66.0836
1862 66.0836
1863 66.0836
1864 66.0836
1865 66.0836
1866 66.0836
1867 66.0836
1868 66.0836
1869 66.0836
1870 66.0836
1871 66.0836
1872 66.0836
1873 66.0836
1874 66.0836
1875 66.0836
1876 66.0836
1877 66.0836
1878 66.0836
1879 66.0836
1880 66.0836
1881 66.0836
1882 66.0836
1883 66.0836
1884 66.0836
1885 66.0836
1886 66.0836
1887 66.0836
1888 66.0836
1889 66.0836
1890 66.0836
1891 66.0836
1892 66.0836
1893 66.0836
1894 66.0836
1895 66.0836
1896 66.0836
1897 66.0836
1898 66.0836
1899 66.0836
1900 66.0836
1901 66.0836
1902 66.0836
1903 66.0836
1904 66.0836
1905 66.0836
1906 66.0836
1907 66.0836
1908 66.0836
1909 66.0836
1910 66.0836
1911 66.0836
1912 66.0836
1913 66.0836
1914 66.0836
1915 66.0836
1916 66.0836
1917 66.0836
1918 66.0836
1919 66.0836
1920 66.0836
1921 66.0836
1922 66.0836
1923 66.0836
1924 66.0836
1925 66.0836
1926 66.0836
1927 66.0836
1928 66.0836
1929 66.0836
1930 66.0836
1931 66.0836
1932 66.0836
1933 66.0836
1934 66.0836
1935 66.0836
1936 66.0836
1937 66.0836
1938 66.0836
1939 66.0836
1940 66.0836
1941 66.0836
1942 66.0836
1943 66.0836
1944 66.0836
1945 66.0836
1946 66.0836
1947 66.0836
1948 66.0836
1949 66.0836
1950 66.0836
1951 66.0836
1952 66.0836
1953 66.0836
1954 66.0836
1955 66.0836
1956 66.0836
1957 66.0836
1958 66.0836
1959 66.0836
1960 66.0836
1961 66.0836
1962 66.0836
1963 66.0836
1964 66.0836
1965 66.0836
1966 66.0836
1967 66.0836
1968 66.0836
1969 66.0836
1970 66.0836
1971 66.0836
1972 66.0836
1973 66.0836
1974 66.0836
1975 66.0836
1976 66.0836
1977 66.0836
1978 66.0836
1979 66.0836
1980 66.0836
1981 66.0836
1982 66.0836
1983 66.0836
1984 66.0836
1985 66.0836
1986 66.0836
1987 66.0836
1988 66.0836
1989 66.0836
1990 66.0836
1991 66.0836
1992 66.0836
1993 66.0836
1994 66.0836
1995 66.0836
1996 66.0836
1997 66.0836
1998 66.0836
1999 66.0836
2000 66.0836
