0 1
1 0.999999
2 0.999997
3 0.999994
4 0.99999
5 0.999985
6 0.999979
7 0.999972
8 0.999964
9 0.999955
10 0.999945
11 0.999934
12 0.999922
13 0.999909
14 0.999895
15 0.99988
16 0.999864
17 0.999847
18 0.999829
19 0.99981
20 0.99979
21 0.999769
22 0.999747
23 0.999724
24 0.9997
25 0.999675
26 0.999649
27 0.999622
28 0.999594
29 0.999565
30 0.999535
31 0.999504
32 0.999472
33 0.999439
34 0.999405
35 0.99937
36 0.999334
37 0.999297
38 0.999259
39 0.99922
40 0.99918
41 0.999139
42 0.999097
43 0.999054
44 0.99901
45 0.998965
46 0.998919
47 0.998872
48 0.998824
49 0.998775
50 0.998725
51 0.998674
52 0.998622
53 0.998569
54 0.998515
55 0.99846
56 0.998404
57 0.998347
58 0.998289
59 0.99823
60 0.99817
61 0.998109
62 0.998047
63 0.997984
64 0.99792
65 0.997855
66 0.997789
67 0.997722
68 0.997654
69 0.997585
70 0.997515
71 0.997444
72 0.997372
73 0.997299
74 0.997225
75 0.99715
76 0.997074
77 0.996997
78 0.996919
79 0.99684
80 0.99676
81 0.996679
82 0.996597
83 0.996514
84 0.99643
85 0.996345
86 0.996259
87 0.996172
88 0.996084
89 0.995995
90 0.995905
91 0.995814
92 0.995722
93 0.995629
94 0.995535
95 0.99544
96 0.995344
97 0.995247
98 0.995149
99 0.99505
100 0.99495
101 0.994849
102 0.994747
103 0.994644
104 0.99454
105 0.994435
106 0.994329
107 0.994222
108 0.994114
109 0.994005
110 0.993895
111 0.993784
112 0.993672
113 0.993559
114 0.993445
115 0.99333
116 0.993214
117 0.993097
118 0.992979
119 0.99286
120 0.99274
121 0.992619
122 0.992497
123 0.992374
124 0.99225
125 0.992125
126 0.991999
127 0.991872
128 0.991744
129 0.991615
130 0.991485
131 0.991354
132 0.991222
133 0.991089
134 0.990955
135 0.99082
136 0.990684
137 0.990547
138 0.990409
139 0.99027
140 0.99013
141 0.989989
142 0.989847
143 0.989704
144 0.98956
145 0.989415
146 0.989269
147 0.989122
148 0.988974
149 0.988825
150 0.988675
151 0.988524
152 0.988372
153 0.988219
154 0.988065
155 0.98791
156 0.987754
157 0.987597
158 0.987439
159 0.98728
160 0.98712
161 0.986959
162 0.986797
163 0.986634
164 0.98647
165 0.986305
166 0.986139
167 0.985972
168 0.985804
169 0.985635
170 0.985465
171 0.985294
172 0.985122
173 0.984949
174 0.984775
175 0.9846
176 0.984424
177 0.984247
178 0.984069
179 0.98389
180 0.98371
181 0.983529
182 0.983347
183 0.983164
184 0.98298
185 0.982795
186 0.982609
187 0.982422
188 0.982234
189 0.982045
190 0.981855
191 0.981664
192 0.981472
193 0.981279
194 0.981085
195 0.98089
196 0.980694
197 0.980497
198 0.980299
199 0.9801
200 0.9799
201 0.979699
202 0.979497
203 0.979294
204 0.97909
205 0.978885
206 0.978679
207 0.978472
208 0.978264
209 0.978055
210 0.977845
211 0.977634
212 0.977422
213 0.977209
214 0.976995
215 0.97678
216 0.976564
217 0.976347
218 0.976129
219 0.97591
220 0.97569
221 0.975469
222 0.975247
223 0.975024
224 0.9748
225 0.974575
226 0.974349
227 0.974122
228 0.973894
229 0.973665
230 0.973435
231 0.973204
232 0.972972
233 0.972739
234 0.972505
235 0.97227
236 0.972034
237 0.971797
238 0.971559
239 0.97132
240 0.97108
241 0.970839
242 0.970597
243 0.970354
244 0.97011
245 0.969865
246 0.969619
247 0.969372
248 0.969124
249 0.968875
250 0.968625
251 0.968374
252 0.968122
253 0.967869
254 0.967615
255 0.96736
256 0.967104
257 0.966847
258 0.966589
259 0.96633
260 0.96607
261 0.965809
262 0.965547
263 0.965284
264 0.96502
265 0.964755
266 0.964489
267 0.964222
268 0.963954
269 0.963685
270 0.963415
271 0.963144
272 0.962872
273 0.962599
274 0.962325
275 0.96205
276 0.961774
277 0.961497
278 0.961219
279 0.96094
280 0.96066
281 0.960379
282 0.960097
283 0.959814
284 0.95953
285 0.959245
286 0.958959
287 0.958672
288 0.958384
289 0.958095
290 0.957805
291 0.957514
292 0.957222
293 0.956929
294 0.956635
295 0.95634
296 0.956044
297 0.955747
298 0.955449
299 0.95515
300 0.95485
301 0.954549
302 0.954247
303 0.953944
304 0.95364
305 0.953335
306 0.953029
307 0.952722
308 0.952414
309 0.952105
310 0.951795
311 0.951484
312 0.951172
313 0.950859
314 0.950545
315 0.95023
316 0.949914
317 0.949597
318 0.949279
319 0.94896
320 0.94864
321 0.948319
322 0.947997
323 0.947674
324 0.94735
325 0.947025
326 0.946699
327 0.946372
328 0.946044
329 0.945715
330 0.945385
331 0.945054
332 0.944722
333 0.944389
334 0.944055
335 0.94372
336 0.943384
337 0.943047
338 0.942709
339 0.94237
340 0.94203
341 0.941689
342 0.941347
343 0.941004
344 0.94066
345 0.940315
346 0.939969
347 0.939622
348 0.939274
349 0.938925
350 0.938575
351 0.938224
352 0.937872
353 0.937519
354 0.937165
355 0.93681
356 0.936454
357 0.936097
358 0.935739
359 0.93538
360 0.93502
361 0.934659
362 0.934297
363 0.933934
364 0.93357
365 0.933205
366 0.932839
367 0.932472
368 0.932104
369 0.931735
370 0.931365
371 0.930994
372 0.930622
373 0.930249
374 0.929875
375 0.9295
376 0.929124
377 0.928747
378 0.928369
379 0.92799
380 0.92761
381 0.927229
382 0.926847
383 0.926464
384 0.92608
385 0.925695
386 0.925309
387 0.924922
388 0.924534
389 0.924145
390 0.923755
391 0.923364
392 0.922972
393 0.922579
394 0.922185
395 0.92179
396 0.921394
397 0.920997
398 0.920599
399 0.9202
400 0.9198
401 0.919399
402 0.918997
403 0.918594
404 0.91819
405 0.917785
406 0.917379
407 0.916972
408 0.916564
409 0.916155
410 0.915745
411 0.915334
412 0.914922
413 0.914509
414 0.914095
415 0.91368
416 0.913264
417 0.912847
418 0.912429
419 0.91201
420 0.91159
421 0.911169
422 0.910747
423 0.910324
424 0.9099
425 0.909475
426 0.909049
427 0.908622
428 0.908194
429 0.907765
430 0.907335
431 0.906904
432 0.906472
433 0.906039
434 0.905605
435 0.90517
436 0.904734
437 0.904297
438 0.903859
439 0.90342
440 0.90298
441 0.902539
442 0.902097
443 0.901654
444 0.90121
445 0.900765
446 0.900319
447 0.899872
448 0.899424
449 0.898975
450 0.898525
451 0.898074
452 0.897622
453 0.897169
454 0.896715
455 0.89626
456 0.895804
457 0.895347
458 0.894889
459 0.89443
460 0.89397
461 0.893509
462 0.893047
463 0.892584
464 0.89212
465 0.891655
466 0.891189
467 0.890722
468 0.890254
469 0.889785
470 0.889315
471 0.888844
472 0.888372
473 0.887899
474 0.887425
475 0.88695
476 0.886474
477 0.885997
478 0.885519
479 0.88504
480 0.88456
481 0.884079
482 0.883597
483 0.883114
484 0.88263
485 0.882145
486 0.881659
487 0.881172
488 0.880684
489 0.880195
490 0.879705
491 0.879214
492 0.878722
493 0.878229
494 0.877735
495 0.87724
496 0.876744
497 0.876247
498 0.875749
499 0.87525
500 0.87475
501 0.874249
502 0.873747
503 0.873244
504 0.87274
505 0.872235
506 0.871729
507 0.871222
508 0.870714
509 0.870205
510 0.869695
511 0.869184
512 0.868672
513 0.868159
514 0.867645
515 0.86713
516 0.866614
517 0.866097
518 0.865579
519 0.86506
520 0.86454
521 0.864019
522 0.863497
523 0.862974
524 0.86245
525 0.861925
526 0.861399
527 0.860872
528 0.860344
529 0.859815
530 0.859285
531 0.858754
532 0.858222
533 0.857689
534 0.857155
535 0.85662
536 0.856084
537 0.855547
538 0.855009
539 0.85447
540 0.85393
541 0.853389
542 0.852847
543 0.852304
544 0.85176
545 0.851215
546 0.850669
547 0.850122
548 0.849574
549 0.849025
550 0.848475
551 0.847924
552 0.847372
553 0.846819
554 0.846265
555 0.84571
556 0.845154
557 0.844597
558 0.844039
559 0.84348
560 0.84292
561 0.842359
562 0.841797
563 0.841234
564 0.84067
565 0.840105
566 0.839539
567 0.838972
568 0.838404
569 0.837835
570 0.837265
571 0.836694
572 0.836122
573 0.835549
574 0.834975
575 0.8344
576 0.833824
577 0.833247
578 0.832669
579 0.83209
580 0.83151
581 0.830929
582 0.830347
583 0.829764
584 0.82918
585 0.828595
586 0.828009
587 0.827422
588 0.826834
589 0.826245
590 0.825655
591 0.825064
592 0.824472
593 0.823879
594 0.823285
595 0.82269
596 0.822094
597 0.821497
598 0.820899
599 0.8203
600 0.8197
601 0.819099
602 0.818497
603 0.817894
604 0.81729
605 0.816685
606 0.816079
607 0.815472
608 0.814864
609 0.814255
610 0.813645
611 0.813034
612 0.812422
613 0.811809
614 0.811195
615 0.81058
616 0.809964
617 0.809347
618 0.808729
619 0.80811
620 0.80749
621 0.806869
622 0.806247
623 0.805624
624 0.805
625 0.804375
626 0.803749
627 0.803122
628 0.802494
629 0.801865
630 0.801235
631 0.800604
632 0.799972
633 0.799339
634 0.798705
635 0.79807
636 0.797434
637 0.796797
638 0.796159
639 0.79552
640 0.79488
641 0.794239
642 0.793597
643 0.792954
644 0.79231
645 0.791665
646 0.791019
647 0.790372
648 0.789724
649 0.789075
650 0.788425
651 0.787774
652 0.787122
653 0.786469
654 0.785815
655 0.78516
656 0.784504
657 0.783847
658 0.783189
659 0.78253
660 0.78187
661 0.781209
662 0.780547
663 0.779884
664 0.77922
665 0.778555
666 0.777889
667 0.777222
668 0.776554
669 0.775885
670 0.775215
671 0.774544
672 0.773872
673 0.773199
674 0.772525
675 0.77185
676 0.771174
677 0.770497
678 0.769819
679 0.76914
680 0.76846
681 0.767779
682 0.767097
683 0.766414
684 0.76573
685 0.765045
686 0.764359
687 0.763672
688 0.762984
689 0.762295
690 0.761605
691 0.760914
692 0.760222
693 0.759529
694 0.758835
695 0.75814
696 0.757444
697 0.756747
698 0.756049
699 0.75535
700 0.75465
701 0.753949
702 0.753247
703 0.752544
704 0.75184
705 0.751135
706 0.750429
707 0.749722
708 0.749014
709 0.748305
710 0.747595
711 0.746884
712 0.746172
713 0.745459
714 0.744745
715 0.74403
716 0.743314
717 0.742597
718 0.741879
719 0.74116
720 0.74044
721 0.739719
722 0.738997
723 0.738274
724 0.73755
725 0.736825
726 0.736099
727 0.735372
728 0.734644
729 0.733915
730 0.733185
731 0.732454
732 0.731722
733 0.730989
734 0.730255
735 0.72952
736 0.728784
737 0.728047
738 0.727309
739 0.72657
740 0.72583
741 0.725089
742 0.724347
743 0.723604
744 0.72286
745 0.722115
746 0.721369
747 0.720622
748 0.719874
749 0.719125
750 0.718375
751 0.717624
752 0.716872
753 0.716119
754 0.715365
755 0.71461
756 0.713854
757 0.713097
758 0.712339
759 0.71158
760 0.71082
761 0.710059
762 0.709297
763 0.708534
764 0.70777
765 0.707005
766 0.706239
767 0.705472
768 0.704704
769 0.703935
770 0.703165
771 0.702394
772 0.701622
773 0.700849
774 0.700075
775 0.6993
776 0.698524
777 0.697747
778 0.696969
779 0.69619
780 0.69541
781 0.694629
782 0.693847
783 0.693064
784 0.69228
785 0.691495
786 0.690709
787 0.689922
788 0.689134
789 0.688345
790 0.687555
791 0.686764
792 0.685972
793 0.685179
794 0.684385
795 0.68359
796 0.682794
797 0.681997
798 0.681199
799 0.6804
800 0.6796
801 0.678799
802 0.677997
803 0.677194
804 0.67639
805 0.675585
806 0.674779
807 0.673972
808 0.673164
809 0.672355
810 0.671545
811 0.670734
812 0.669922
813 0.669109
814 0.668295
815 0.66748
816 0.666664
817 0.665847
818 0.665029
819 0.66421
820 0.66339
821 0.662569
822 0.661747
823 0.660924
824 0.6601
825 0.659275
826 0.658449
827 0.657622
828 0.656794
829 0.655965
830 0.655135
831 0.654304
832 0.653472
833 0.652639
834 0.651805
835 0.65097
836 0.650134
837 0.649297
838 0.648459
839 0.64762
840 0.64678
841 0.645939
842 0.645097
843 0.644254
844 0.64341
845 0.642565
846 0.641719
847 0.640872
848 0.640024
849 0.639175
850 0.638325
851 0.637474
852 0.636622
853 0.635769
854 0.634915
855 0.63406
856 0.633204
857 0.632347
858 0.631489
859 0.63063
860 0.62977
861 0.628909
862 0.628047
863 0.627184
864 0.62632
865 0.625455
866 0.624589
867 0.623722
868 0.622854
869 0.621985
870 0.621115
871 0.620244
872 0.619372
873 0.618499
874 0.617625
875 0.61675
876 0.615874
877 0.614997
878 0.614119
879 0.61324
880 0.61236
881 0.611479
882 0.610597
883 0.609714
884 0.60883
885 0.607945
886 0.607059
887 0.606172
888 0.605284
889 0.604395
890 0.603505
891 0.602614
892 0.601722
893 0.600829
894 0.599935
895 0.59904
896 0.598144
897 0.597247
898 0.596349
899 0.59545
900 0.59455
901 0.593649
902 0.592747
903 0.591844
904 0.59094
905 0.590035
906 0.589129
907 0.588222
908 0.587314
909 0.586405
910 0.585495
911 0.584584
912 0.583672
913 0.582759
914 0.581845
915 0.58093
916 0.580014
917 0.579097
918 0.578179
919 0.57726
920 0.57634
921 0.575419
922 0.574497
923 0.573574
924 0.57265
925 0.571725
926 0.570799
927 0.569872
928 0.568944
929 0.568015
930 0.567085
931 0.566154
932 0.565222
933 0.564289
934 0.563355
935 0.56242
936 0.561484
937 0.560547
938 0.559609
939 0.55867
940 0.55773
941 0.556789
942 0.555847
943 0.554904
944 0.55396
945 0.553015
946 0.552069
947 0.551122
948 0.550174
949 0.549225
950 0.548275
951 0.547324
952 0.546372
953 0.545419
954 0.544465
955 0.54351
956 0.542554
957 0.541597
958 0.540639
959 0.53968
960 0.53872
961 0.537759
962 0.536797
963 0.535834
964 0.53487
965 0.533905
966 0.532939
967 0.531972
968 0.531004
969 0.530035
970 0.529065
971 0.528094
972 0.527122
973 0.526149
974 0.525175
975 0.5242
976 0.523224
977 0.522247
978 0.521269
979 0.52029
980 0.51931
981 0.518329
982 0.517347
983 0.516364
984 0.51538
985 0.514395
986 0.513409
987 0.512422
988 0.511434
989 0.510445
990 0.509455
991 0.508464
992 0.507472
993 0.506479
994 0.505485
995 0.50449
996 0.503494
997 0.502497
998 0.501499
999 0.5005
1000 0.4995
1001 0.498499
1002 0.497497
1003 0.496494
1004 0.49549
1005 0.494485
1006 0.493479
1007 0.492472
1008 0.491464
1009 0.490455
1010 0.489445
1011 0.488434
1012 0.487422
1013 0.486409
1014 0.485395
1015 0.48438
1016 0.483364
1017 0.482347
1018 0.481329
1019 0.48031
1020 0.47929
1021 0.478269
1022 0.477247
1023 0.476224
1024 0.4752
1025 0.474175
1026 0.473149
1027 0.472122
1028 0.471094
1029 0.470065
1030 0.469035
1031 0.468004
1032 0.466972
1033 0.465939
1034 0.464905
1035 0.46387
1036 0.462834
1037 0.461797
1038 0.460759
1039 0.45972
1040 0.45868
1041 0.457639
1042 0.456597
1043 0.455554
1044 0.45451
1045 0.453465
1046 0.452419
1047 0.451372
1048 0.450324
1049 0.449275
1050 0.448225
1051 0.447174
1052 0.446122
1053 0.445069
1054 0.444015
1055 0.44296
1056 0.441904
1057 0.440847
1058 0.439789
1059 0.43873
1060 0.43767
1061 0.436609
1062 0.435547
1063 0.434484
1064 0.43342
1065 0.432355
1066 0.431289
1067 0.430222
1068 0.429154
1069 0.428085
1070 0.427015
1071 0.425944
1072 0.424872
1073 0.423799
1074 0.422725
1075 0.42165
1076 0.420574
1077 0.419497
1078 0.418419
1079 0.41734
1080 0.41626
1081 0.415179
1082 0.414097
1083 0.413014
1084 0.41193
1085 0.410845
1086 0.409759
1087 0.408672
1088 0.407584
1089 0.406495
1090 0.405405
1091 0.404314
1092 0.403222
1093 0.402129
1094 0.401035
1095 0.39994
1096 0.398844
1097 0.397747
1098 0.396649
1099 0.39555
1100 0.39445
1101 0.393349
1102 0.392247
1103 0.391144
1104 0.39004
1105 0.388935
1106 0.387829
1107 0.386722
1108 0.385614
1109 0.384505
1110 0.383395
1111 0.382284
1112 0.381172
1113 0.380059
1114 0.378945
1115 0.37783
1116 0.376714
1117 0.375597
1118 0.374479
1119 0.37336
1120 0.37224
1121 0.371119
1122 0.369997
1123 0.368874
1124 0.36775
1125 0.366625
1126 0.365499
1127 0.364372
1128 0.363244
1129 0.362115
1130 0.360985
1131 0.359854
1132 0.358722
1133 0.357589
1134 0.356455
1135 0.35532
1136 0.354184
1137 0.353047
1138 0.351909
1139 0.35077
1140 0.34963
1141 0.348489
1142 0.347347
1143 0.346204
1144 0.34506
1145 0.343915
1146 0.342769
1147 0.341622
1148 0.340474
1149 0.339325
1150 0.338175
1151 0.337024
1152 0.335872
1153 0.334719
1154 0.333565
1155 0.33241
1156 0.331254
1157 0.330097
1158 0.328939
1159 0.32778
1160 0.32662
1161 0.325459
1162 0.324297
1163 0.323134
1164 0.32197
1165 0.320805
1166 0.319639
1167 0.318472
1168 0.317304
1169 0.316135
1170 0.314965
1171 0.313794
1172 0.312622
1173 0.311449
1174 0.310275
1175 0.3091
1176 0.307924
1177 0.306747
1178 0.305569
1179 0.30439
1180 0.30321
1181 0.302029
1182 0.300847
1183 0.299664
1184 0.29848
1185 0.297295
1186 0.296109
1187 0.294922
1188 0.293734
1189 0.292545
1190 0.291355
1191 0.290164
1192 0.288972
1193 0.287779
1194 0.286585
1195 0.28539
1196 0.284194
1197 0.282997
1198 0.281799
1199 0.2806
1200 0.2794
1201 0.278199
1202 0.276997
1203 0.275794
1204 0.27459
1205 0.273385
1206 0.272179
1207 0.270972
1208 0.269764
1209 0.268555
1210 0.267345
1211 0.266134
1212 0.264922
1213 0.263709
1214 0.262495
1215 0.26128
1216 0.260064
1217 0.258847
1218 0.257629
1219 0.25641
1220 0.25519
1221 0.253969
1222 0.252747
1223 0.251524
1224 0.2503
1225 0.249075
1226 0.247849
1227 0.246622
1228 0.245394
1229 0.244165
1230 0.242935
1231 0.241704
1232 0.240472
1233 0.239239
1234 0.238005
1235 0.23677
1236 0.235534
1237 0.234297
1238 0.233059
1239 0.23182
1240 0.23058
1241 0.229339
1242 0.228097
1243 0.226854
1244 0.22561
1245 0.224365
1246 0.223119
1247 0.221872
1248 0.220624
1249 0.219375
1250 0.218125
1251 0.216874
1252 0.215622
1253 0.214369
1254 0.213115
1255 0.21186
1256 0.210604
1257 0.209347
1258 0.208089
1259 0.20683
1260 0.20557
1261 0.204309
1262 0.203047
1263 0.201784
1264 0.20052
1265 0.199255
1266 0.197989
1267 0.196722
1268 0.195454
1269 0.194185
1270 0.192915
1271 0.191644
1272 0.190372
1273 0.189099
1274 0.187825
1275 0.18655
1276 0.185274
1277 0.183997
1278 0.182719
1279 0.18144
1280 0.18016
1281 0.178879
1282 0.177597
1283 0.176314
1284 0.17503
1285 0.173745
1286 0.172459
1287 0.171172
1288 0.169884
1289 0.168595
1290 0.167305
1291 0.166014
1292 0.164722
1293 0.163429
1294 0.162135
1295 0.16084
1296 0.159544
1297 0.158247
1298 0.156949
1299 0.15565
1300 0.15435
1301 0.153049
1302 0.151747
1303 0.150444
1304 0.14914
1305 0.147835
1306 0.146529
1307 0.145222
1308 0.143914
1309 0.142605
1310 0.141295
1311 0.139984
1312 0.138672
1313 0.137359
1314 0.136045
1315 0.13473
1316 0.133414
1317 0.132097
1318 0.130779
1319 0.12946
1320 0.12814
1321 0.126819
1322 0.125497
1323 0.124174
1324 0.12285
1325 0.121525
1326 0.120199
1327 0.118872
1328 0.117544
1329 0.116215
1330 0.114885
1331 0.113554
1332 0.112222
1333 0.110889
1334 0.109555
1335 0.10822
1336 0.106884
1337 0.105547
1338 0.104209
1339 0.10287
1340 0.10153
1341 0.100189
1342 0.098847
1343 0.097504
1344 0.09616
1345 0.094815
1346 0.093469
1347 0.092122
1348 0.090774
1349 0.089425
1350 0.088075
1351 0.086724
1352 0.085372
1353 0.084019
1354 0.082665
1355 0.08131
1356 0.079954
1357 0.078597
1358 0.077239
1359 0.07588
1360 0.07452
1361 0.073159
1362 0.071797
1363 0.070434
1364 0.06907
1365 0.067705
1366 0.066339
1367 0.064972
1368 0.063604
1369 0.062235
1370 0.060865
1371 0.059494
1372 0.058122
1373 0.056749
1374 0.055375
1375 0.054
1376 0.052624
1377 0.051247
1378 0.049869
1379 0.04849
1380 0.04711
1381 0.045729
1382 0.044347
1383 0.042964
1384 0.04158
1385 0.040195
1386 0.038809
1387 0.037422
1388 0.036034
1389 0.034645
1390 0.033255
1391 0.031864
1392 0.030472
1393 0.029079
1394 0.027685
1395 0.02629
1396 0.024894
1397 0.023497
1398 0.022099
1399 0.0207
1400 0.0193
1401 0.017899
1402 0.016497
1403 0.015094
1404 0.01369
1405 0.012285
1406 0.010879
1407 0.009472
1408 0.008064
1409 0.006655
1410 0.005245
1411 0.003834
1412 0.002422
1413 0.001009
1414 -0.000405
