0 510.627
1 455.6
2 421.254
3 398.394
4 381.708
5 363.9
6 348.041
7 334.911
8 323.512
9 314.254
10 305.335
11 297.245
12 287.794
13 278.956
14 271.021
15 263.893
16 258.08
17 253.083
18 248.722
19 244.849
20 240.091
21 232.979
22 226.095
23 219.811
24 214.787
25 210.875
26 207.036
27 204.403
28 202.552
29 199.464
30 195.832
31 192.273
32 187.725
33 185.47
34 183.786
35 181.964
36 179.139
37 175.763
38 172.107
39 168.975
40 167.116
41 165.742
42 163.925
43 161.738
44 159.156
45 155.487
46 151.037
47 147.507
48 145.073
49 142.988
50 141.457
51 140.498
52 139.909
53 138.706
54 137.071
55 135.986
56 134.872
57 132.86
58 130.859
59 129.526
60 129.496
61 129.029
62 128.038
63 127.046
64 125.077
65 122.486
66 120.533
67 119.446
68 118.558
69 117.386
70 116.356
71 115.591
72 114.853
73 113.371
74 112.801
75 111.764
76 110.409
77 109.093
78 108.358
79 107.335
80 108.067
81 109.615
82 108.163
83 106.619
84 105.071
85 104.273
86 102.622
87 100.998
88 99.9425
89 98.7938
90 97.1282
91 95.9346
92 94.9131
93 94.5116
94 93.7071
95 93.2053
96 92.3948
97 92.2034
98 91.6555
99 91.0917
100 90.7571
101 89.908
102 89.583
103 89.5045
104 88.6443
105 88.4049
106 88.4989
107 88.7039
108 88.4565
109 88.2221
110 87.1552
111 86.4468
112 85.6389
113 84.409
114 83.0457
115 82.1302
116 81.3807
117 80.9804
118 79.9818
119 79.6843
120 79.525
121 78.7241
122 78.451
123 77.9225
124 77.8778
125 77.3601
126 76.9419
127 76.5005
128 76.1016
129 75.279
130 75.1409
131 74.8073
132 74.7743
133 74.7615
134 74.5857
135 73.6085
136 73.6809
137 73.5664
138 73.2079
139 73.2162
140 72.8427
141 72.6889
142 72.1819
143 72.4083
144 72.8213
145 72.3293
146 72.3684
147 72.0035
148 71.4511
149 72.0312
150 71.8238
151 71.256
152 71.3424
153 71
154 71.5217
155 71.6383
156 71.2171
157 71.0668
158 71.3663
159 70.9638
160 70.5821
161 70.6023
162 70.4242
163 70.6935
164 70.6182
165 70.0718
166 70.1331
167 70.1593
168 70.1654
169 69.9211
170 69.7117
171 69.7163
172 70.2155
173 70.2987
174 69.9529
175 69.4709
176 69.6142
177 69.4776
178 69.4411
179 69.6181
180 69.3297
181 69.6648
182 69.398
183 69.7268
184 69.9408
185 69.5534
186 69.5567
187 69.7778
188 69.6727
189 69.7494
190 69.6425
191 69.6137
192 69.2612
193 69.4541
194 69.2179
195 69.3918
196 68.9047
197 68.9405
198 69.1395
199 69.2795
200 69.0391
201 69.207
202 68.8452
203 69.2372
204 69.3497
205 69.1371
206 69.2632
207 69.5239
208 69.005
209 69.2805
210 69.5716
211 69.3119
212 68.9899
213 68.9655
214 68.9959
215 69.3979
216 69.4913
217 69.0535
218 69.2145
219 69.1755
220 68.9455
221 68.7658
222 69.1656
223 68.9444
224 69.0816
225 69.0993
226 69.1017
227 68.8175
228 69.0673
229 69.2105
230 69.2377
231 69.341
232 69.3126
233 69.3675
234 69.2424
235 69.0644
236 69.1688
237 69.1857
238 69.2766
239 69.1426
240 69.3702
241 69.1676
242 69.0402
243 68.6935
244 68.9334
245 69.1353
246 69.2094
247 69.449
248 69.0852
249 69.5304
250 69.1339
251 69.1669
252 69.0347
253 69.0994
254 68.8767
255 68.7987
256 69.2299
257 69.089
258 68.9683
259 68.6741
260 68.9269
261 68.932
262 68.678
263 68.8088
264 69.0509
265 68.9421
266 68.8747
267 68.7827
268 68.9477
269 69.2655
270 69.1555
271 69.0175
272 69.7271
273 69.0131
274 69.0642
275 68.7736
276 68.7495
277 69.2439
278 69.2844
279 69.1544
280 69.253
281 69.3482
282 69.4856
283 69.1858
284 69.2452
285 68.9507
286 69.2902
287 68.987
288 69.3967
289 69.6532
290 69.4655
291 69.4018
292 69.2472
293 69.5776
294 69.4606
295 69.4131
296 69.1631
297 69.3807
298 69.4087
299 69.2409
300 69.4402
301 69.1026
302 68.8756
303 68.8783
304 68.7429
305 68.7454
306 68.689
307 69.0604
308 68.8737
309 68.9181
310 69.4404
311 69.2795
312 69.4144
313 69.2704
314 69.1082
315 68.7531
316 68.9681
317 68.6376
318 69.0174
319 68.9355
320 68.6911
321 69.2803
322 68.919
323 68.6068
324 68.8375
325 69.2011
326 68.8458
327 68.6614
328 68.7305
329 69.2823
330 69.2949
331 69.0143
332 69.0443
333 68.7268
334 68.6216
335 69.0157
336 68.979
337 68.7624
338 68.6153
339 68.9188
340 69.1463
341 69.2552
342 68.7131
343 69.0295
344 68.8058
345 69.034
346 68.9294
347 68.8408
348 68.8475
349 68.7533
350 69.1619
351 69.4631
352 69.0766
353 68.9535
354 69.0321
355 68.9399
356 69.5247
357 69.0539
358 68.909
359 68.6906
360 69.3152
361 69.1317
362 69.3211
363 69.2031
364 69.1255
365 69.1163
366 68.9865
367 69.2299
368 69.2421
369 68.9548
370 68.8557
371 69.4735
372 69.1622
373 69.0706
374 68.8774
375 68.9756
376 69.1848
377 69.0983
378 68.7795
379 68.8279
380 69.3818
381 68.9855
382 69.1271
383 69.0153
384 68.7921
385 68.6407
386 69.0108
387 69.1058
388 69.9521
389 69.3812
390 69.0299
391 68.7649
392 68.734
393 68.592
394 69.1432
395 69.1682
396 69.3643
397 69.2876
398 68.6394
399 69.0521
400 69.0206
401 68.7056
402 68.6718
403 68.6369
404 68.9448
405 69.3613
406 69.107
407 69.0804
408 69.0861
409 69.0578
410 69.0308
411 68.8785
412 68.9544
413 68.9206
414 68.8567
415 69.1315
416 68.9196
417 68.5827
418 69.1269
419 69.2791
420 68.9071
421 68.9315
422 69.0721
423 68.9287
424 68.6092
425 68.7841
426 68.8981
427 68.9609
428 69.1984
429 69.2143
430 68.6582
431 68.5491
432 69.3519
433 68.9222
434 68.6925
435 69.0104
436 69.0689
437 69.3632
438 69.2682
439 69.2774
440 68.7898
441 69.075
442 69.2307
443 69.2889
444 69.3034
445 69.1548
446 69.0578
447 69.2271
448 69.066
449 68.9172
450 68.8421
451 69.1014
452 68.8361
453 68.9115
454 68.8211
455 69.181
456 69.01
457 69.02
458 69.0795
459 68.7198
460 69.3196
461 69.3079
462 69.1375
463 69.2039
464 68.8977
465 68.6922
466 68.9429
467 68.8851
468 69.4924
469 68.8769
470 68.5383
471 69.0242
472 68.9958
473 69.0594
474 69.103
475 69.0689
476 68.7859
477 68.971
478 69.4957
479 69.453
480 68.8552
481 68.7938
482 68.8067
483 68.9461
484 68.9961
485 69.3744
486 68.8965
487 68.6954
488 68.7155
489 69.1106
490 68.8807
491 68.6904
492 68.9709
493 69.0812
494 69.1025
495 69.1591
496 69.0589
497 68.9344
498 68.979
499 68.5757
500 68.9453
501 69.0084
502 69.201
503 68.9254
504 68.8717
505 68.95
506 68.962
507 68.7675
508 68.7117
509 68.9005
510 69.0361
511 68.9643
512 69.0296
513 68.9166
514 68.7572
515 69.1043
516 69.1025
517 68.8003
518 69.2124
519 68.8438
520 68.7252
521 69.0142
522 68.8391
523 69.1196
524 69.1942
525 68.7945
526 68.8696
527 69.0456
528 68.9187
529 69.0628
530 68.8879
531 69.1431
532 69.0437
533 69.0164
534 69.5112
535 69.2126
536 68.9837
537 68.9046
538 69.4149
539 69.691
540 69.2901
541 69.1626
542 69.2272
543 69.0975
544 68.8973
545 68.9219
546 68.7588
547 68.7346
548 69.2661
549 69.1442
550 69.0176
551 69.2004
552 68.9862
553 68.9276
554 68.8557
555 69.1176
556 69.1045
557 68.9089
558 69.0329
559 69.235
560 69.4306
561 68.8552
562 68.8803
563 68.9321
564 69.102
565 69.3894
566 69.1708
567 69.0095
568 69.5313
569 68.8401
570 68.5286
571 68.7596
572 68.6066
573 68.6767
574 68.6647
575 68.9643
576 69.2059
577 69.1807
578 68.796
579 69.2721
580 69.3453
581 69.5155
582 69.1428
583 68.6397
584 68.8395
585 69.2585
586 68.963
587 68.952
588 68.9031
589 69.0066
590 68.8967
591 69.0312
592 68.8449
593 68.8999
594 69.0279
595 69.2402
596 69.4175
597 69.174
598 69.2974
599 69.3111
600 69.2447
601 69.1931
602 68.518
603 68.6396
604 68.5838
605 68.6629
606 68.8914
607 69.1491
608 69.0618
609 68.9022
610 68.6608
611 69.1504
612 69.3997
613 69.0122
614 69.0769
615 68.9994
616 68.8827
617 68.9438
618 69.0132
619 68.859
620 69.1144
621 68.6993
622 68.8375
623 69.1397
624 68.95
625 68.8428
626 68.9984
627 68.9604
628 68.9323
629 68.6748
630 68.8667
631 68.6861
632 68.7045
633 68.9894
634 69.1496
635 69.0757
636 69.1616
637 69.0781
638 68.9837
639 68.8818
640 68.8984
641 69.0231
642 69.2456
643 68.6776
644 69.204
645 68.8657
646 69.2599
647 69.7789
648 69.3766
649 68.9577
650 68.6774
651 68.8142
652 68.9569
653 68.9458
654 69.149
655 68.685
656 68.9952
657 68.7775
658 69.1374
659 69.0923
660 69.1045
661 69.3967
662 69.2989
663 68.9087
664 69.2983
665 69.0804
666 69.0067
667 68.9088
668 69.0909
669 68.938
670 68.7929
671 68.6509
672 68.7441
673 68.8705
674 68.8866
675 68.8594
676 69.021
677 69.0951
678 69.0653
679 69.498
680 69.2153
681 69.1772
682 68.9262
683 68.9703
684 69.2348
685 69.3013
686 68.7879
687 68.9343
688 68.8203
689 68.7677
690 68.9142
691 68.9667
692 69.1397
693 69.4123
694 69.1945
695 69.0103
696 68.9401
697 69.2306
698 68.8386
699 68.7425
700 68.8017
701 69.0032
702 68.7516
703 68.5231
704 69.0409
705 69.3282
706 68.6203
707 68.814
708 68.8746
709 68.851
710 69.1317
711 69.121
712 69.4184
713 69.8324
714 69.0141
715 68.6957
716 69.2353
717 69.171
718 69.1801
719 69.0051
720 68.857
721 68.9093
722 69.0151
723 69.0294
724 69.1996
725 69.11
726 68.7366
727 68.8792
728 68.9087
729 68.6318
730 68.8145
731 69.2529
732 69.4705
733 69.2248
734 69.2681
735 68.9941
736 68.9718
737 69.2201
738 69.3808
739 69.3026
740 68.9394
741 69.1769
742 68.9708
743 68.7936
744 68.7831
745 69.0242
746 69.2251
747 69.0186
748 69.0009
749 68.8372
750 68.8103
751 68.9881
752 69.1905
753 69.3963
754 68.6772
755 68.8399
756 69.1339
757 69.1009
758 69.0133
759 68.9823
760 68.9775
761 68.7629
762 68.5881
763 68.5237
764 68.8152
765 68.9088
766 68.8907
767 68.6547
768 68.6909
769 68.6513
770 68.793
771 68.7652
772 68.8683
773 68.2827
774 68.4734
775 68.4913
776 68.4276
777 68.5605
778 68.8306
779 68.5245
780 68.6272
781 68.5505
782 68.6358
783 68.4376
784 68.4859
785 68.2231
786 68.2622
787 68.5751
788 68.8437
789 68.7636
790 68.6703
791 68.4913
792 68.6995
793 68.5323
794 68.9661
795 68.5524
796 68.3216
797 68.572
798 68.3741
799 68.4587
800 68.877
801 68.9173
802 68.5171
803 68.3541
804 68.5961
805 68.8678
806 68.8066
807 69.0925
808 68.6747
809 68.3531
810 68.5651
811 68.6345
812 68.4153
813 68.727
814 68.3129
815 68.3983
816 68.3718
817 68.6126
818 68.8582
819 68.853
820 68.7339
821 68.5715
822 68.7296
823 68.7489
824 68.9034
825 68.5008
826 68.3307
827 68.5956
828 68.731
829 68.3003
830 68.632
831 68.4735
832 68.3732
833 68.3439
834 68.5929
835 68.3343
836 68.8152
837 68.9367
838 68.5894
839 68.6969
840 68.4309
841 68.6801
842 68.6808
843 68.5306
844 68.4373
845 68.7841
846 69.0871
847 68.6474
848 68.7186
849 68.7191
850 68.6459
851 68.3107
852 68.1041
853 68.2451
854 68.3268
855 68.7508
856 68.9263
857 68.6847
858 68.7764
859 68.5793
860 68.6275
861 68.8373
862 68.47
863 68.7641
864 68.8873
865 68.3104
866 68.517
867 68.4375
868 68.7873
869 68.7873
870 68.5474
871 68.4855
872 68.42
873 68.6757
874 68.648
875 68.5723
876 68.875
877 69.2125
878 68.7916
879 68.4034
880 68.197
881 68.3505
882 68.4529
883 68.3414
884 68.3149
885 68.4511
886 68.3388
887 68.6583
888 68.8433
889 69.1586
890 69.1246
891 68.8091
892 68.9097
893 68.7781
894 68.771
895 68.4973
896 68.537
897 68.9004
898 68.7023
899 68.2506
900 68.5346
901 68.3534
902 68.5959
903 68.4136
904 68.4329
905 68.3001
906 68.4127
907 68.1312
908 68.4752
909 68.6673
910 68.468
911 68.8674
912 68.9457
913 68.7448
914 68.8572
915 68.5384
916 68.8034
917 68.705
918 68.6364
919 68.4556
920 68.6701
921 68.7943
922 68.9374
923 68.4592
924 68.456
925 68.2606
926 68.775
927 68.5112
928 69.0781
929 68.8911
930 68.6298
931 68.7466
932 68.7325
933 68.554
934 68.6053
935 68.4102
936 68.5739
937 68.3469
938 68.6862
939 68.9301
940 68.6539
941 69.066
942 69.0902
943 68.8094
944 68.7737
945 68.5985
946 68.527
947 68.3196
948 68.8073
949 68.5125
950 68.6566
951 68.3688
952 68.5308
953 68.7149
954 68.7987
955 68.4689
956 68.5782
957 68.8003
958 68.5786
959 68.7418
960 68.6533
961 68.5346
962 68.4979
963 68.6944
964 68.5772
965 68.5697
966 68.4147
967 68.4444
968 68.5603
969 68.7098
970 68.9132
971 69.0405
972 68.6932
973 68.523
974 68.7839
975 68.5701
976 68.8244
977 68.5556
978 68.7123
979 68.8119
980 68.6416
981 68.7359
982 68.8175
983 68.5302
984 68.8152
985 68.6453
986 68.7296
987 68.3617
988 68.6001
989 68.3305
990 68.8462
991 68.4518
992 68.4506
993 68.676
994 68.5562
995 68.8032
996 69.0016
997 68.6441
998 68.4719
999 68.5124
1000 69.0926
1001 68.5295
1002 68.7525
1003 68.496
1004 68.7408
1005 68.8137
1006 68.6361
1007 68.9144
1008 68.8479
1009 68.5241
1010 68.9198
1011 68.7577
1012 68.6692
1013 68.9549
1014 68.5212
1015 68.5861
1016 68.8634
1017 68.4844
1018 68.7083
1019 68.7947
1020 68.1654
1021 68.4042
1022 68.652
1023 68.2789
1024 68.5463
1025 68.5654
1026 68.8696
1027 68.5936
1028 68.1607
1029 68.5149
1030 68.7175
1031 68.3937
1032 68.7033
1033 68.4761
1034 68.2646
1035 68.4914
1036 68.5413
1037 68.6221
1038 68.45
1039 68.8148
1040 69.2126
1041 69.0131
1042 68.686
1043 68.6035
1044 68.916
1045 68.6792
1046 68.8151
1047 68.7429
1048 68.6723
1049 68.8381
1050 68.8617
1051 68.6933
1052 68.6768
1053 68.437
1054 68.3477
1055 68.4462
1056 68.5629
1057 68.587
1058 68.6161
1059 68.7104
1060 68.6047
1061 68.4849
1062 68.4198
1063 68.9835
1064 68.8822
1065 68.9653
1066 68.875
1067 68.6717
1068 68.5991
1069 68.707
1070 68.8047
1071 68.7621
1072 68.7606
1073 68.2834
1074 68.752
1075 68.7505
1076 68.3883
1077 68.8583
1078 68.3993
1079 68.248
1080 68.348
1081 68.7092
1082 68.4531
1083 68.4349
1084 68.2556
1085 68.4372
1086 68.6541
1087 68.4434
1088 68.3468
1089 68.534
1090 68.5964
1091 68.947
1092 68.7127
1093 68.4403
1094 68.2145
1095 68.3553
1096 68.3241
1097 68.4792
1098 68.6053
1099 68.1782
1100 68.2688
1101 68.5909
1102 69.0115
1103 68.4819
1104 68.3606
1105 68.7068
1106 68.7826
1107 68.4061
1108 68.681
1109 68.8308
1110 68.6251
1111 68.5627
1112 68.6349
1113 68.7399
1114 68.4406
1115 68.3818
1116 68.5348
1117 68.3813
1118 68.6312
1119 68.8234
1120 68.9406
1121 68.7082
1122 68.4582
1123 68.3574
1124 68.3497
1125 68.5791
1126 68.426
1127 68.2688
1128 68.5927
1129 68.1941
1130 68.5209
1131 68.4159
1132 68.5244
1133 68.4828
1134 68.5754
1135 68.9317
1136 69.0769
1137 68.6081
1138 68.6245
1139 68.9441
1140 68.5948
1141 68.6393
1142 68.4643
1143 68.4674
1144 68.3329
1145 68.0143
1146 68.046
1147 68.2845
1148 68.1387
1149 67.8649
1150 68.3964
1151 68.4686
1152 68.2353
1153 68.0771
1154 68.0761
1155 68.3228
1156 68.2193
1157 68.5087
1158 68.2896
1159 68.3803
1160 68.2411
1161 68.1631
1162 68.3691
1163 68.1393
1164 68.4138
1165 68.6816
1166 68.5052
1167 68.3604
1168 68.46
1169 68.6199
1170 68.8089
1171 68.3746
1172 68.7234
1173 68.3879
1174 68.6085
1175 68.4481
1176 68.5081
1177 68.118
1178 68.3463
1179 68.1817
1180 68.3323
1181 68.5902
1182 68.252
1183 68.4724
1184 68.6835
1185 68.4047
1186 68.5351
1187 68.2878
1188 68.0731
1189 68.439
1190 68.6054
1191 68.5358
1192 68.292
1193 68.385
1194 68.5675
1195 68.4795
1196 68.4426
1197 68.6554
1198 68.3517
1199 68.4412
1200 68.3795
1201 68.2411
1202 68.528
1203 68.2719
1204 68.2532
1205 67.9891
1206 68.3225
1207 68.4683
1208 68.4409
1209 68.5312
1210 68.4718
1211 68.0428
1212 68.2342
1213 68.2997
1214 68.2368
1215 68.3543
1216 68.4159
1217 68.6353
1218 68.3858
1219 68.4127
1220 68.5744
1221 68.8224
1222 68.5566
1223 68.3307
1224 68.3891
1225 68.4539
1226 68.3953
1227 68.5082
1228 68.6722
1229 68.4004
1230 68.4408
1231 68.6719
1232 68.7222
1233 68.5783
1234 68.201
1235 68.2321
1236 68.4359
1237 68.4505
1238 68.3874
1239 68.5586
1240 68.2522
1241 68.4553
1242 68.5775
1243 68.1581
1244 68.3151
1245 68.2762
1246 68.5979
1247 68.7208
1248 68.4867
1249 68.2909
1250 68.2052
1251 68.5024
1252 68.5401
1253 68.513
1254 68.3655
1255 68.6126
1256 68.4299
1257 68.8461
1258 68.4989
1259 68.3919
1260 68.5547
1261 68.668
1262 68.5914
1263 68.1657
1264 68.361
1265 68.3581
1266 67.9911
1267 68.2362
1268 68.4197
1269 68.4535
1270 68.4998
1271 68.5662
1272 68.266
1273 68.6463
1274 68.498
1275 68.6094
1276 68.5179
1277 68.4672
1278 68.6047
1279 68.1625
1280 68.0529
1281 68.2298
1282 68.1614
1283 68.2648
1284 68.2098
1285 68.245
1286 68.6852
1287 68.8685
1288 68.575
1289 68.1661
1290 68.3878
1291 68.4472
1292 68.3238
1293 68.3618
1294 68.6486
1295 68.1202
1296 68.294
1297 68.1594
1298 68.3868
1299 68.3473
1300 68.3604
1301 68.1317
1302 68.2389
1303 68.7263
1304 68.3675
1305 68.1537
1306 68.3305
1307 68.6781
1308 68.606
1309 68.1428
1310 68.3652
1311 68.2307
1312 68.6422
1313 68.3497
1314 68.3725
1315 68.5837
1316 68.3785
1317 68.4896
1318 68.6634
1319 68.5598
1320 68.568
1321 68.2788
1322 68.2224
1323 68.2954
1324 68.5399
1325 68.2496
1326 68.0694
1327 68.1578
1328 68.2524
1329 68.416
1330 68.6779
1331 68.8476
1332 68.7484
1333 68.8809
1334 68.4187
1335 68.0519
1336 68.1242
1337 68.289
1338 68.6584
1339 68.2342
1340 68.5543
1341 68.4061
1342 68.6986
1343 68.6219
1344 68.8699
1345 68.3591
1346 68.2976
1347 68.5357
1348 68.472
1349 68.6668
1350 68.3721
1351 68.1254
1352 68.1484
1353 68.5458
1354 68.2843
1355 68.5879
1356 68.6546
1357 68.9458
1358 68.6683
1359 68.5268
1360 68.2901
1361 68.5652
1362 68.3965
1363 68.1928
1364 68.0662
1365 68.2433
1366 68.2581
1367 68.3902
1368 68.6122
1369 68.2182
1370 68.4439
1371 68.2893
1372 68.1939
1373 68.7321
1374 68.2791
1375 68.2698
1376 68.3915
1377 68.2787
1378 68.2792
1379 68.1121
1380 68.2976
1381 68.374
1382 68.8254
1383 68.4227
1384 68.5771
1385 68.2382
1386 68.2874
1387 68.4444
1388 68.3946
1389 68.5243
1390 68.3153
1391 68.0877
1392 68.6771
1393 68.4981
1394 68.444
1395 68.472
1396 68.0473
1397 68.4322
1398 68.604
1399 68.6536
1400 68.5849
1401 68.4673
1402 68.4753
1403 68.5755
1404 68.4159
1405 68.7079
1406 68.4801
1407 68.5618
1408 68.5702
1409 68.5125
1410 68.3235
1411 68.3409
1412 68.6273
1413 68.4597
1414 68.2111
1415 68.3931
1416 68.2583
1417 68.2314
1418 68.2649
1419 68.0653
1420 68.4613
1421 68.2871
1422 68.2562
1423 68.4999
1424 68.3314
1425 68.301
1426 68.3639
1427 68.0433
1428 67.8687
1429 68.3732
1430 68.5087
1431 68.3935
1432 68.2785
1433 68.5071
1434 68.7339
1435 68.9566
1436 68.7278
1437 68.4194
1438 68.803
1439 68.4274
1440 68.5468
1441 68.243
1442 68.5447
1443 68.5283
1444 68.6086
1445 68.5043
1446 68.5666
1447 68.7354
1448 68.9535
1449 68.6258
1450 68.3675
1451 68.3719
1452 68.4172
1453 68.3453
1454 68.3344
1455 68.1866
1456 68.3144
1457 68.1615
1458 68.7335
1459 68.5457
1460 68.4153
1461 68.4036
1462 68.2907
1463 68.5308
1464 68.5885
1465 68.1897
1466 68.2206
1467 68.1365
1468 68.9699
1469 68.4996
1470 68.6394
1471 68.5946
1472 68.587
1473 68.6041
1474 68.452
1475 68.4726
1476 68.1431
1477 68.2818
1478 68.0486
1479 68.5556
1480 68.1864
1481 68.5355
1482 68.2474
1483 68.3171
1484 68.4064
1485 68.8032
1486 68.361
1487 68.3121
1488 68.448
1489 68.4853
1490 68.1991
1491 68.5681
1492 68.4434
1493 68.6273
1494 68.4623
1495 68.4747
1496 68.8121
1497 68.9706
1498 68.4488
1499 68.624
1500 68.5369
1501 68.3233
1502 68.2237
1503 68.5262
1504 68.8014
1505 68.4862
1506 68.4173
1507 68.1103
1508 68.356
1509 68.3831
1510 68.5158
1511 68.0886
1512 68.5594
1513 68.5564
1514 67.8857
1515 68.2927
1516 68.3526
1517 68.2096
1518 68.5121
1519 68.6475
1520 68.5589
1521 68.658
1522 68.4747
1523 68.5301
1524 68.411
1525 68.5896
1526 68.7147
1527 68.4252
1528 68.6677
1529 68.6658
1530 68.4794
1531 68.2244
1532 68.0172
1533 68.0554
1534 67.9727
1535 68.1948
1536 68.0429
1537 68.1248
1538 68.1746
1539 68.5263
1540 68.5935
1541 68.2967
1542 68.1849
1543 68.4656
1544 68.4568
1545 68.2887
1546 68.4903
1547 68.2561
1548 68.4288
1549 68.4689
1550 68.4551
1551 68.8581
1552 68.472
1553 68.3364
1554 68.4246
1555 68.2905
1556 68.4507
1557 68.1307
1558 68.4314
1559 68.8381
1560 68.3808
1561 68.5814
1562 68.3969
1563 68.0197
1564 68.5531
1565 68.5119
1566 68.5703
1567 68.36
1568 68.9845
1569 68.574
1570 68.5726
1571 68.4797
1572 68.3284
1573 68.5965
1574 68.4826
1575 68.2039
1576 68.2396
1577 68.2374
1578 67.9973
1579 68.4855
1580 68.417
1581 68.2117
1582 68.5094
1583 68.5527
1584 68.5516
1585 68.4483
1586 68.203
1587 68.1377
1588 68.2089
1589 68.332
1590 68.6088
1591 68.5628
1592 68.5836
1593 68.5167
1594 68.0643
1595 68.2835
1596 68.5273
1597 68.144
1598 68.5621
1599 68.5154
1600 68.2529
1601 68.4562
1602 68.2795
1603 68.3357
1604 68.4415
1605 68.6725
1606 68.648
1607 68.4478
1608 68.4765
1609 68.4455
1610 68.0195
1611 68.0795
1612 68.3562
1613 68.1011
1614 68.4295
1615 68.2896
1616 68.2694
1617 68.4491
1618 68.8532
1619 68.3207
1620 68.2781
1621 68.0994
1622 68.7816
1623 68.6891
1624 68.587
1625 68.2987
1626 68.4579
1627 68.4051
1628 68.6335
1629 68.5761
1630 68.6699
1631 68.779
1632 68.6326
1633 68.3502
1634 68.0444
1635 67.9964
1636 68.2713
1637 68.2173
1638 68.1061
1639 68.613
1640 68.357
1641 68.445
1642 68.3819
1643 68.2528
1644 68.3352
1645 68.4175
1646 68.6715
1647 68.5525
1648 68.5723
1649 68.5121
1650 68.3045
1651 68.4419
1652 68.63
1653 68.6235
1654 68.3781
1655 68.0768
1656 68.5434
1657 68.0146
1658 67.9023
1659 68.3005
1660 68.5417
1661 68.3201
1662 68.4343
1663 68.5712
1664 68.4139
1665 68.5291
1666 68.4553
1667 68.1369
1668 68.3083
1669 68.5018
1670 68.2383
1671 68.6264
1672 68.4915
1673 68.5896
1674 68.5976
1675 68.2376
1676 68.151
1677 68.2048
1678 68.2914
1679 68.336
1680 68.4626
1681 68.5789
1682 68.4468
1683 68.3137
1684 68.3713
1685 68.3705
1686 68.2842
1687 68.1362
1688 68.4112
1689 68.6262
1690 68.4368
1691 68.1862
1692 68.1187
1693 68.1073
1694 68.4051
1695 68.4463
1696 68.2106
1697 68.2166
1698 68.1857
1699 68.1699
1700 68.1565
1701 68.3045
1702 68.5336
1703 68.1705
1704 68.2709
1705 68.2033
1706 68.0616
1707 68.3322
1708 68.7205
1709 68.2259
1710 68.2484
1711 68.5978
1712 68.2493
1713 68.3441
1714 68.5193
1715 68.6063
1716 68.8931
1717 68.6726
1718 68.246
1719 68.4567
1720 68.5264
1721 68.2948
1722 67.9605
1723 67.8522
1724 68.3303
1725 68.3631
1726 68.3974
1727 68.6575
1728 68.4314
1729 68.5391
1730 68.5575
1731 68.7912
1732 68.5012
1733 68.5265
1734 68.3811
1735 68.4519
1736 68.2901
1737 68.6416
1738 68.182
1739 68.2382
1740 68.3589
1741 68.2588
1742 68.5797
1743 68.2027
1744 68.766
1745 68.795
1746 68.5139
1747 68.6299
1748 68.2088
1749 68.1988
1750 68.4082
1751 68.3407
1752 68.3893
1753 68.4693
1754 68.0811
1755 68.1791
1756 68.1217
1757 68.0061
1758 68.1497
1759 68.2369
1760 68.335
1761 68.4466
1762 68.1947
1763 68.4367
1764 68.6206
1765 68.2446
1766 68.529
1767 68.3095
1768 68.2136
1769 68.1291
1770 68.4769
1771 68.6318
1772 68.3398
1773 68.4765
1774 68.7174
1775 68.6705
1776 68.6231
1777 68.3949
1778 68.4085
1779 67.971
1780 68.4407
1781 68.2353
1782 68.1399
1783 68.2971
1784 68.2581
1785 68.4839
1786 68.2344
1787 68.1313
1788 68.0258
1789 68.789
1790 68.6497
1791 68.4167
1792 68.3459
1793 68.8149
1794 68.658
1795 68.6281
1796 68.5488
1797 68.3676
1798 68.3293
1799 68.5897
1800 68.5621
1801 68.2016
1802 68.1318
1803 68.5397
1804 68.3099
1805 68.3049
1806 68.1967
1807 68.6448
1808 68.3576
1809 68.481
1810 68.647
1811 68.4513
1812 68.5612
1813 68.4526
1814 68.3999
1815 68.6352
1816 68.3323
1817 68.287
1818 68.0264
1819 68.2282
1820 68.3091
1821 68.2168
1822 67.9983
1823 68.2367
1824 68.2856
1825 68.4943
1826 68.2666
1827 68.1463
1828 68.2287
1829 68.5268
1830 68.3757
1831 68.5803
1832 68.8459
1833 68.5798
1834 68.5163
1835 68.361
1836 68.1347
1837 68.776
1838 68.729
1839 68.6463
1840 68.2046
1841 68.4874
1842 68.195
1843 68.0324
1844 68.3171
1845 68.4693
1846 68.5676
1847 68.4183
1848 68.3735
1849 68.1576
1850 68.5275
1851 68.3783
1852 68.431
1853 68.8329
1854 68.5029
1855 68.345
1856 68.272
1857 68.4816
1858 68.5227
1859 68.1947
1860 68.2684
1861 68.6867
1862 68.5162
1863 68.5644
1864 68.47
1865 68.3472
1866 68.5694
1867 68.3555
1868 68.3071
1869 68.663
1870 68.3983
1871 68.5069
1872 68.1035
1873 68.4479
1874 68.4592
1875 68.2563
1876 68.0791
1877 68.229
1878 68.3531
1879 68.5508
1880 68.3338
1881 68.4601
1882 68.3654
1883 68.3669
1884 68.0968
1885 68.3508
1886 68.3062
1887 68.4691
1888 68.4958
1889 68.6071
1890 68.5054
1891 68.4088
1892 68.1806
1893 68.4739
1894 68.4849
1895 68.4216
1896 68.1547
1897 68.4737
1898 68.6001
1899 68.6805
1900 68.4741
1901 68.5072
1902 68.4221
1903 68.4203
1904 68.4038
1905 68.5074
1906 68.1167
1907 68.5841
1908 68.553
1909 68.387
1910 68.2993
1911 68.3052
1912 68.4176
1913 68.1944
1914 68.4887
1915 68.417
1916 68.3718
1917 68.3943
1918 68.3047
1919 68.4251
1920 68.4543
1921 68.4442
1922 68.7466
1923 68.4839
1924 68.457
1925 68.355
1926 68.3475
1927 68.5008
1928 68.2795
1929 68.5456
1930 68.3118
1931 68.437
1932 68.4999
1933 68.4706
1934 68.3765
1935 68.1503
1936 67.9645
1937 67.9974
1938 68.2185
1939 68.3828
1940 68.7564
1941 68.4386
1942 68.5976
1943 68.2612
1944 68.3044
1945 68.4615
1946 68.119
1947 68.24
1948 68.2866
1949 68.2186
1950 68.3147
1951 68.0303
1952 68.1069
1953 68.0508
1954 68.3021
1955 68.1791
1956 67.5607
1957 68.0776
1958 68.2413
1959 68.1715
1960 68.101
1961 68.103
1962 68.0513
1963 68.0356
1964 68.0448
1965 68.2809
1966 68.0157
1967 68.2686
1968 68.0731
1969 68.0208
1970 67.9666
1971 68.0756
1972 67.8252
1973 68.2191
1974 68.3005
1975 68.1017
1976 68.111
1977 68.2732
1978 68.1067
1979 67.9799
1980 68.0694
1981 68.3002
1982 68.1797
1983 67.9294
1984 67.9521
1985 67.9884
1986 68.2562
1987 68.2705
1988 68.4284
1989 68.2911
1990 67.9965
1991 68.0124
1992 68.0462
1993 68.1799
1994 68.3612
1995 68.4098
1996 67.9707
1997 67.8708
1998 68.0266
1999 68.0719
2000 68.1413
