1 398.305
2 377.454
3 362.542
4 344.849
5 330.123
6 321.714
7 307.792
8 296.422
9 289.159
10 279.645
11 271.61
12 263.943
13 257.198
14 239.178
15 235.073
16 231.835
17 225.014
18 219.078
19 213.213
20 209.5
21 206.995
22 200.373
23 197.766
24 192.636
25 188.709
26 183.741
27 180.483
28 176.364
29 173.243
30 169.233
31 166.631
32 162.764
33 160.782
34 158.485
35 157.108
36 155.179
37 151.824
38 150.11
39 146.652
40 143.188
41 139.064
42 136.85
43 135.642
44 133.473
45 131.332
46 129.213
47 128.471
48 126.55
49 125.283
50 124.086
51 123.055
52 121.558
53 120.152
54 119.262
55 118.261
56 117.066
57 116.043
58 114.998
59 114.43
60 113.955
61 113.709
62 112.167
63 111.024
64 109.272
65 109.221
66 108.751
67 107.807
68 107.002
69 105.645
70 105.25
71 104.062
72 103.226
73 102.398
74 100.237
75 99.4531
76 98.8198
77 97.9067
78 96.6876
79 94.8391
80 94.4546
81 94.0472
82 93.4691
83 92.3451
84 92.3451
85 92.296
86 91.868
87 89.9326
88 88.3069
89 88.0989
90 87.5365
91 86.5474
92 86.0876
93 85.8841
94 84.6323
95 84.07
96 83.5711
97 83.0344
98 82.4941
99 82.1329
100 81.8985
101 81.8609
102 81.4546
103 81.3654
104 81.1978
105 81.1201
106 81.0956
107 80.875
108 80.2405
109 79.8117
110 79.7592
111 79.7592
112 79.7592
113 78.5716
114 78.2918
115 77.4173
116 77.298
117 77.298
118 76.8321
119 76.6226
120 76.6226
121 75.901
122 75.7946
123 75.7946
124 75.6763
125 75.6353
126 75.2186
127 75.0593
128 74.545
129 74.545
130 74.3847
131 73.9505
132 73.9505
133 73.9505
134 73.9505
135 73.9505
136 73.4198
137 73.4198
138 73.4198
139 73.4112
140 72.1459
141 72.1459
142 71.1777
143 71.1777
144 71.1777
145 71.1777
146 71.1777
147 71.1777
148 71.1461
149 71.1461
150 71.1461
151 71.1461
152 71.1461
153 71.1461
154 71.1461
155 71.1461
156 71.1461
157 71.1461
158 71.1461
159 71.1461
160 71.1461
161 70.5788
162 70.5788
163 70.5788
164 70.5788
165 70.5788
166 70.5788
167 70.5788
168 70.5788
169 70.5788
170 70.5788
171 70.5788
172 70.5788
173 70.5788
174 70.5788
175 70.5788
176 70.5788
177 70.5788
178 70.5788
179 70.5788
180 70.5788
181 70.5788
182 70.5788
183 70.5788
184 70.5788
185 70.5788
186 70.5788
187 70.5788
188 70.5788
189 70.5788
190 70.5788
191 70.5788
192 70.5788
193 70.5788
194 70.5788
195 70.5788
196 70.5788
197 70.5788
198 70.5788
199 70.5788
200 70.5788
201 70.5788
202 70.5788
203 70.5788
204 70.5788
205 70.5788
206 70.5788
207 70.5788
208 70.441
209 70.441
210 70.441
211 70.441
212 70.441
213 70.441
214 70.0457
215 70.0457
216 70.0457
217 70.0457
218 70.0457
219 70.0457
220 70.0457
221 70.0457
222 70.0457
223 70.0457
224 70.0457
225 70.0457
226 70.0457
227 70.0457
228 70.0457
229 70.0457
230 70.0457
231 70.0457
232 70.0457
233 70.0457
234 70.0457
235 70.0457
236 70.0457
237 70.0457
238 70.0457
239 70.0457
240 70.0457
241 70.0457
242 69.8269
243 69.8269
244 69.8269
245 69.8269
246 69.8269
247 69.8269
248 69.8269
249 69.8269
250 69.8269
251 69.8269
252 69.8269
253 69.8269
254 69.8269
255 69.8269
256 69.8269
257 69.8269
258 69.8269
259 69.8269
260 69.8269
261 69.8269
262 69.8269
263 69.8269
264 69.8269
265 69.8269
266 69.8269
267 69.8269
268 69.8269
269 69.8269
270 69.8269
271 69.8269
272 69.8269
273 69.8269
274 69.8269
275 69.8269
276 69.8269
277 69.8269
278 69.8269
279 69.8269
280 69.8269
281 69.8269
282 69.8269
283 69.8269
284 69.8269
285 69.8269
286 69.8269
287 69.8269
288 69.8269
289 69.8269
290 69.662
291 69.662
292 69.662
293 69.662
294 69.662
295 69.662
296 69.662
297 69.662
298 69.662
299 69.662
300 69.662
301 69.662
302 69.662
303 69.662
304 69.662
305 69.662
306 69.662
307 69.662
308 69.662
309 69.662
310 69.662
311 69.662
312 69.662
313 69.662
314 69.662
315 69.662
316 69.662
317 69.662
318 69.662
319 69.662
320 69.3393
321 69.3393
322 69.3393
323 69.3393
324 69.3393
325 69.3393
326 69.3393
327 69.3393
328 69.3393
329 69.3393
330 69.3393
331 69.3393
332 69.3393
333 69.3393
334 69.3393
335 69.3393
336 69.3393
337 69.3393
338 69.3393
339 69.3393
340 69.3393
341 69.3393
342 69.3393
343 69.3393
344 69.3393
345 69.3393
346 69.3393
347 69.3393
348 69.3393
349 69.3393
350 69.3393
351 69.3393
352 69.3393
353 69.3393
354 69.3393
355 69.3393
356 69.3393
357 69.3393
358 69.3393
359 69.3393
360 69.3393
361 69.3393
362 69.3393
363 69.3393
364 69.3393
365 69.3393
366 69.3393
367 69.3393
368 69.3393
369 69.3393
370 69.3393
371 69.3393
372 69.3393
373 69.3393
374 69.3393
375 69.3393
376 69.3393
377 69.3393
378 69.3393
379 69.3393
380 69.3393
381 69.3393
382 69.3393
383 69.3393
384 69.3393
385 69.3393
386 69.3393
387 69.3393
388 69.3393
389 69.3393
390 69.3393
391 69.3393
392 69.3393
393 69.3393
394 69.3393
395 69.3393
396 69.3393
397 69.3393
398 69.3393
399 69.3393
400 69.3393
401 69.3393
402 69.3393
403 69.3393
404 69.3393
405 69.3393
406 69.3393
407 69.3393
408 69.3393
409 69.3393
410 69.3393
411 69.3393
412 69.3393
413 69.3393
414 69.3393
415 69.3393
416 69.3393
417 69.3393
418 69.3393
419 69.3393
420 69.3393
421 69.3393
422 69.3393
423 69.3393
424 69.3393
425 69.3393
426 69.3393
427 69.3393
428 69.3393
429 69.3393
430 69.3393
431 69.3393
432 69.3393
433 69.3393
434 69.3393
435 69.3393
436 69.3393
437 69.3393
438 69.3393
439 69.3393
440 69.3393
441 69.3393
442 69.3393
443 69.3393
444 69.3393
445 69.3393
446 69.3393
447 69.3393
448 69.3393
449 69.3393
450 69.3393
451 69.3393
452 69.3393
453 69.3393
454 69.3393
455 69.3393
456 69.3393
457 69.3393
458 69.3393
459 69.3393
460 69.3393
461 69.3393
462 69.3393
463 69.3393
464 69.3393
465 69.3393
466 69.3393
467 69.3393
468 69.3393
469 69.3393
470 69.3393
471 69.3393
472 69.3393
473 69.3393
474 69.3393
475 69.3393
476 69.3393
477 69.3393
478 69.3393
479 69.3393
480 69.3393
481 69.3393
482 69.3393
483 69.3393
484 69.3393
485 69.3393
486 69.3393
487 69.3393
488 69.3393
489 69.3393
490 69.3393
491 69.3393
492 69.3393
493 69.3393
494 69.3393
495 69.3393
496 69.3393
497 69.3393
498 69.3393
499 69.3393
500 69.3393
501 69.3393
502 69.3393
503 69.3393
504 69.3393
505 69.3393
506 69.3393
507 69.3393
508 69.3393
509 69.3393
510 69.3393
511 69.3393
512 69.3393
513 69.3393
514 69.3393
515 69.3393
516 69.3393
517 69.3393
518 69.3393
519 69.3393
520 69.3393
521 69.3393
522 69.3393
523 69.3393
524 69.3393
525 69.3393
526 69.3393
527 69.3393
528 69.3393
529 69.3393
530 69.3393
531 69.3393
532 69.3393
533 69.3393
534 69.3393
535 69.3393
536 69.3393
537 69.3393
538 69.3393
539 69.3393
540 69.3393
541 69.3393
542 69.3393
543 69.3393
544 69.3393
545 69.3393
546 69.3393
547 69.3393
548 69.3393
549 69.3393
550 69.3393
551 69.3393
552 69.3393
553 69.3393
554 69.3393
555 69.3393
556 69.3393
557 69.3393
558 69.3393
559 69.3393
560 69.3393
561 69.3393
562 69.3393
563 69.3393
564 69.3393
565 69.3393
566 69.3393
567 69.3393
568 69.3393
569 69.3393
570 69.3393
571 69.3393
572 69.3393
573 69.3393
574 69.3393
575 69.3393
576 69.3393
577 69.3393
578 69.3393
579 69.3393
580 69.3393
581 69.3393
582 69.3393
583 69.3393
584 69.3393
585 69.3393
586 69.3393
587 69.3393
588 69.3393
589 69.2391
590 69.2391
591 69.2391
592 69.2391
593 69.2391
594 69.2391
595 69.2391
596 69.2391
597 69.0736
598 69.0736
599 69.0736
600 69.0736
601 69.0736
602 69.0736
603 69.0736
604 69.0736
605 69.0736
606 69.0736
607 69.0736
608 69.0736
609 69.0736
610 69.0736
611 69.0736
612 69.0736
613 69.0736
614 69.0736
615 69.0736
616 69.0736
617 69.0736
618 69.0736
619 69.0736
620 69.0736
621 69.0736
622 69.0736
623 69.0736
624 69.0736
625 69.0736
626 69.0736
627 69.0736
628 69.0736
629 69.0736
630 69.0736
631 69.0736
632 69.0736
633 69.0736
634 69.0736
635 69.0736
636 69.0736
637 69.0736
638 69.0736
639 69.0736
640 69.0736
641 69.0736
642 69.0736
643 69.0736
644 69.0736
645 69.0736
646 69.0736
647 69.0736
648 69.0736
649 69.0736
650 69.0736
651 69.0736
652 69.0736
653 69.0736
654 69.0736
655 69.0736
656 69.0736
657 69.0736
658 69.0736
659 69.0736
660 69.0736
661 69.0736
662 69.0736
663 69.0736
664 69.0736
665 69.0736
666 69.0736
667 69.0736
668 69.0736
669 69.0736
670 69.0736
671 69.0736
672 69.0736
673 69.0736
674 69.0736
675 69.0736
676 69.0736
677 69.0736
678 69.0736
679 69.0736
680 69.0736
681 69.0736
682 69.0736
683 69.0736
684 69.0736
685 69.0736
686 69.0736
687 69.0736
688 69.0736
689 69.0736
690 69.0736
691 69.0736
692 69.0736
693 69.0736
694 69.0736
695 69.0736
696 69.0736
697 69.0736
698 69.0736
699 69.0736
700 69.0736
701 69.0736
702 69.0736
703 69.0736
704 69.0736
705 69.0736
706 69.0736
707 69.0736
708 69.0736
709 69.0736
710 69.0736
711 68.8853
712 68.8853
713 68.8853
714 68.8853
715 68.8853
716 68.8853
717 68.8853
718 68.8853
719 68.8853
720 68.8853
721 68.8853
722 68.8853
723 68.8853
724 68.8853
725 68.8853
726 68.8853
727 68.8853
728 68.8853
729 68.8853
730 68.8853
731 68.8853
732 68.8853
733 68.8853
734 68.8853
735 68.8853
736 68.8853
737 68.8853
738 68.8853
739 68.8853
740 68.8853
741 68.8853
742 68.8853
743 68.8853
744 68.8853
745 68.8853
746 68.8853
747 68.8853
748 68.8853
749 68.8853
750 68.8853
751 68.8853
752 68.8853
753 68.8853
754 68.8853
755 68.8853
756 68.8853
757 68.8853
758 68.8853
759 68.8853
760 68.8853
761 68.8853
762 68.8853
763 68.8853
764 68.8853
765 68.8853
766 68.8853
767 68.8853
768 68.8853
769 68.8853
770 68.8853
771 68.8853
772 68.8853
773 68.8853
774 68.8853
775 68.8853
776 68.8853
777 68.8853
778 68.8853
779 68.8853
780 68.8853
781 68.8853
782 68.8853
783 68.8853
784 68.8853
785 68.8853
786 68.8853
787 68.8853
788 68.8853
789 68.8853
790 68.8853
791 68.8853
792 68.8853
793 68.8853
794 68.8853
795 68.8853
796 68.8853
797 68.8853
798 68.8853
799 68.8853
800 68.8853
801 68.8853
802 68.8853
803 68.8853
804 68.8853
805 68.8853
806 68.8853
807 68.8853
808 68.8853
809 68.8853
810 68.8853
811 68.8853
812 68.8853
813 68.8853
814 68.8853
815 68.8853
816 68.8853
817 68.8853
818 68.8853
819 68.8853
820 68.8853
821 68.8853
822 68.8853
823 68.8853
824 68.8853
825 68.8853
826 68.8853
827 68.8853
828 68.8853
829 68.8853
830 68.8853
831 68.8853
832 68.8853
833 68.8853
834 68.8853
835 68.8853
836 68.8853
837 68.8853
838 68.8853
839 68.8853
840 68.8853
841 68.8853
842 68.8853
843 68.8853
844 68.8853
845 68.8853
846 68.8853
847 68.8853
848 68.8853
849 68.8853
850 68.8853
851 68.8853
852 68.8853
853 68.8853
854 68.8853
855 68.8853
856 68.8853
857 68.8853
858 68.8853
859 68.8853
860 68.8853
861 68.8853
862 68.8853
863 68.8853
864 68.8853
865 68.8853
866 68.8853
867 68.8853
868 68.8853
869 68.8853
870 68.8853
871 68.8853
872 68.8853
873 68.8853
874 68.8853
875 68.8853
876 68.8853
877 68.8853
878 68.8853
879 68.8853
880 68.8853
881 68.8853
882 68.8853
883 68.8853
884 68.8853
885 68.8853
886 68.8853
887 68.8853
888 68.8853
889 68.8853
890 68.8853
891 68.8853
892 68.8853
893 68.8853
894 68.8853
895 68.8853
896 68.8853
897 68.8853
898 68.8853
899 68.8853
900 68.8853
901 68.8853
902 68.8853
903 68.8853
904 68.8853
905 68.8853
906 68.8853
907 68.8853
908 68.8853
909 68.8853
910 68.8853
911 68.8853
912 68.8853
913 68.8853
914 68.8853
915 68.8853
916 68.8853
917 68.8853
918 68.8853
919 68.8853
920 68.8853
921 68.8853
922 68.8853
923 68.8853
924 68.8853
925 68.8853
926 68.8853
927 68.8853
928 68.8853
929 68.8853
930 68.8853
931 68.8853
932 68.8853
933 68.8853
934 68.8853
935 68.8853
936 68.8853
937 68.8853
938 68.8853
939 68.8853
940 68.8853
941 68.8853
942 68.8853
943 68.8853
944 68.8853
945 68.8853
946 68.8853
947 68.8853
948 68.8853
949 68.8853
950 68.8853
951 68.8853
952 68.8853
953 68.8853
954 68.8853
955 68.8853
956 68.8853
957 68.8853
958 68.8853
959 68.8853
960 68.8853
961 68.8853
962 68.8853
963 68.8853
964 68.8853
965 68.8853
966 68.8853
967 68.8853
968 68.8853
969 68.8853
970 68.8853
971 68.8853
972 68.8853
973 68.8853
974 68.8853
975 68.8853
976 68.8853
977 68.8853
978 68.8853
979 68.8853
980 68.8853
981 68.8853
982 68.8853
983 68.8853
984 68.8853
985 68.8853
986 68.8853
987 68.8853
988 68.8853
989 68.8853
990 68.8853
991 68.8853
992 68.8853
993 68.8853
994 68.8853
995 68.8853
996 68.8853
997 68.8853
998 68.8853
999 68.8853
1000 68.8853
1001 68.8853
1002 68.8853
1003 68.8853
1004 68.8853
1005 68.8853
1006 68.8853
1007 68.8853
1008 68.8853
1009 68.8853
1010 68.8853
1011 68.8853
1012 68.8853
1013 68.8853
1014 68.8853
1015 68.8853
1016 68.8853
1017 68.8853
1018 68.8853
1019 68.8853
1020 68.8853
1021 68.8853
1022 68.8853
1023 68.8853
1024 68.8853
1025 68.8853
1026 68.8853
1027 68.8853
1028 68.8853
1029 68.8853
1030 68.8853
1031 68.8853
1032 68.8853
1033 68.8853
1034 68.8853
1035 68.8853
1036 68.8853
1037 68.8853
1038 68.8853
1039 68.8853
1040 68.8853
1041 68.8853
1042 68.8853
1043 68.8853
1044 68.8853
1045 68.8853
1046 68.8853
1047 68.8853
1048 68.8853
1049 68.8853
1050 68.8853
1051 68.8853
1052 68.8853
1053 68.8853
1054 68.8853
1055 68.8853
1056 68.8853
1057 68.8853
1058 68.8853
1059 68.8853
1060 68.8853
1061 68.8853
1062 68.8853
1063 68.8853
1064 68.8853
1065 68.8853
1066 68.8853
1067 68.8853
1068 68.8853
1069 68.8853
1070 68.8853
1071 68.8853
1072 68.8853
1073 68.8853
1074 68.8853
1075 68.8853
1076 68.8853
1077 68.8853
1078 68.8853
1079 68.8853
1080 68.8853
1081 68.8853
1082 68.8853
1083 68.8853
1084 68.8853
1085 68.8853
1086 68.8853
1087 68.8853
1088 68.8853
1089 68.8853
1090 68.8853
1091 68.8853
1092 68.8853
1093 68.8853
1094 68.8853
1095 68.8853
1096 68.8853
1097 68.8853
1098 68.8853
1099 68.8853
1100 68.8853
1101 68.8853
1102 68.8853
1103 68.8853
1104 68.8853
1105 68.8853
1106 68.8853
1107 68.8853
1108 68.8853
1109 68.8853
1110 68.8853
1111 68.8853
1112 68.8853
1113 68.8853
1114 68.8853
1115 68.8853
1116 68.8853
1117 68.8853
1118 68.8853
1119 68.8853
1120 68.8853
1121 68.8853
1122 68.8853
1123 68.8853
1124 68.8853
1125 68.8853
1126 68.8853
1127 68.8853
1128 68.8853
1129 68.8853
1130 68.8853
1131 68.8853
1132 68.8853
1133 68.8853
1134 68.8853
1135 68.8853
1136 68.8853
1137 68.8853
1138 68.8853
1139 68.8853
1140 68.8853
1141 68.8853
1142 68.8853
1143 68.8853
1144 68.8853
1145 68.8853
1146 68.8853
1147 68.8853
1148 68.8853
1149 68.8853
1150 68.8853
1151 68.8853
1152 68.8853
1153 68.8853
1154 68.8853
1155 68.8853
1156 68.8853
1157 68.8853
1158 68.8853
1159 68.8853
1160 68.8853
1161 68.8853
1162 68.8853
1163 68.8853
1164 68.8853
1165 68.8853
1166 68.8853
1167 68.8853
1168 68.8853
1169 68.8853
1170 68.8853
1171 68.8853
1172 68.8853
1173 68.8853
1174 68.8853
1175 68.8853
1176 68.8853
1177 68.8853
1178 68.8853
1179 68.8853
1180 68.8853
1181 68.8853
1182 68.8853
1183 68.8853
1184 68.8853
1185 68.8853
1186 68.8853
1187 68.8853
1188 68.8853
1189 68.8853
1190 68.8853
1191 68.8853
1192 68.8853
1193 68.8853
1194 68.8853
1195 68.8853
1196 68.8853
1197 68.8853
1198 68.8853
1199 68.8853
1200 68.8853
1201 68.8853
1202 68.8853
1203 68.8853
1204 68.8853
1205 68.8853
1206 68.8853
1207 68.8853
1208 68.8853
1209 68.8853
1210 68.8853
1211 68.8853
1212 68.8853
1213 68.8853
1214 68.8853
1215 68.8853
1216 68.8853
1217 68.8853
1218 68.8853
1219 68.8853
1220 68.8853
1221 68.8853
1222 68.8853
1223 68.8853
1224 68.8853
1225 68.8853
1226 68.8853
1227 68.8853
1228 68.8853
1229 68.8853
1230 68.8853
1231 68.8853
1232 68.8853
1233 68.8853
1234 68.8853
1235 68.8853
1236 68.8853
1237 68.8853
1238 68.8853
1239 68.8853
1240 68.8853
1241 68.8853
1242 68.8853
1243 68.8853
1244 68.8853
1245 68.8853
1246 68.8853
1247 68.8853
1248 68.8853
1249 68.8853
1250 68.8853
1251 68.8853
1252 68.8853
1253 68.8853
1254 68.8853
1255 68.8853
1256 68.8853
1257 68.8853
1258 68.8853
1259 68.8853
1260 68.8853
1261 68.8853
1262 68.8853
1263 68.8853
1264 68.8853
1265 68.8853
1266 68.8853
1267 68.8853
1268 68.8853
1269 68.8853
1270 68.8853
1271 68.8853
1272 68.8853
1273 68.8853
1274 68.8853
1275 68.8853
1276 68.8853
1277 68.8853
1278 68.8853
1279 68.8853
1280 68.8853
1281 68.8853
1282 68.8853
1283 68.8853
1284 68.8853
1285 68.8853
1286 68.8853
1287 68.8853
1288 68.8853
1289 68.8853
1290 68.8853
1291 68.8853
1292 68.8853
1293 68.8853
1294 68.8853
1295 68.8853
1296 68.8853
1297 68.8853
1298 68.8853
1299 68.8853
1300 68.8853
1301 68.8853
1302 68.8853
1303 68.8853
1304 68.8853
1305 68.8853
1306 68.8853
1307 68.8853
1308 68.8853
1309 68.8853
1310 68.8853
1311 68.8853
1312 68.8853
1313 68.8853
1314 68.8853
1315 68.8853
1316 68.8853
1317 68.8853
1318 68.8853
1319 68.8853
1320 68.8853
1321 68.8853
1322 68.8853
1323 68.8853
1324 68.8853
1325 68.8853
1326 68.8853
1327 68.8853
1328 68.8853
1329 68.8853
1330 68.8853
1331 68.8853
1332 68.8853
1333 68.8853
1334 68.8853
1335 68.8853
1336 68.8853
1337 68.8853
1338 68.8853
1339 68.8853
1340 68.8853
1341 68.8853
1342 68.8853
1343 68.8853
1344 68.8853
1345 68.8853
1346 68.8853
1347 68.8853
1348 68.8853
1349 68.8853
1350 68.8853
1351 68.8853
1352 68.8853
1353 68.8853
1354 68.8853
1355 68.8853
1356 68.8853
1357 68.8853
1358 68.8853
1359 68.8853
1360 68.8853
1361 68.8853
1362 68.8853
1363 68.8853
1364 68.8853
1365 68.8853
1366 68.8853
1367 68.8853
1368 68.8853
1369 68.8853
1370 68.8853
1371 68.8853
1372 68.8853
1373 68.8853
1374 68.8853
1375 68.8853
1376 68.8853
1377 68.8853
1378 68.8853
1379 68.8853
1380 68.8853
1381 68.8853
1382 68.8853
1383 68.8853
1384 68.8853
1385 68.8853
1386 68.8853
1387 68.8853
1388 68.8853
1389 68.8853
1390 68.8853
1391 68.8853
1392 68.8853
1393 68.8853
1394 68.8853
1395 68.8853
1396 68.8853
1397 68.8853
1398 68.8853
1399 68.8853
1400 68.8853
1401 68.8853
1402 68.8853
1403 68.8853
1404 68.8853
1405 68.8853
1406 68.8853
1407 68.8853
1408 68.8853
1409 68.8853
1410 68.8853
1411 68.8853
1412 68.8853
1413 68.8853
1414 68.8853
1415 68.8853
1416 68.8853
1417 68.8853
1418 68.8853
1419 68.8853
1420 68.8853
1421 68.8853
1422 68.8853
1423 68.8853
1424 68.8853
1425 68.8853
1426 68.8853
1427 68.8853
1428 68.8853
1429 68.8853
1430 68.8853
1431 68.8853
1432 68.8853
1433 68.8853
1434 68.8853
1435 68.8853
1436 68.8853
1437 68.8853
1438 68.8853
1439 68.8853
1440 68.8853
1441 68.8853
1442 68.8853
1443 68.8853
1444 68.8853
1445 68.8853
1446 68.8853
1447 68.8853
1448 68.8853
1449 68.8853
1450 68.8853
1451 68.8853
1452 68.8853
1453 68.8853
1454 68.8853
1455 68.8853
1456 68.8853
1457 68.8853
1458 68.8853
1459 68.8853
1460 68.8853
1461 68.8853
1462 68.8853
1463 68.8853
1464 68.8853
1465 68.8853
1466 68.8853
1467 68.8853
1468 68.8853
1469 68.8853
1470 68.8853
1471 68.8853
1472 68.8853
1473 68.8853
1474 68.8853
1475 68.8853
1476 68.8853
1477 68.8853
1478 68.8853
1479 68.8853
1480 68.8853
1481 68.8853
1482 68.8853
1483 68.8853
1484 68.8853
1485 68.8853
1486 68.8853
1487 68.8853
1488 68.8853
1489 68.8853
1490 68.8853
1491 68.8853
1492 68.8853
1493 68.8853
1494 68.8853
1495 68.8853
1496 68.8853
1497 68.8853
1498 68.8853
1499 68.8853
1500 68.8853
1501 68.8853
1502 68.8853
1503 68.8853
1504 68.8853
1505 68.8853
1506 68.8853
1507 68.8853
1508 68.8853
1509 68.8853
1510 68.8853
1511 68.8853
1512 68.8853
1513 68.8853
1514 68.8853
1515 68.8853
1516 68.8853
1517 68.8853
1518 68.8853
1519 68.8853
1520 68.8853
1521 68.8853
1522 68.8853
1523 68.8853
1524 68.8853
1525 68.8853
1526 68.8853
1527 68.8853
1528 68.8853
1529 68.8853
1530 68.8853
1531 68.8853
1532 68.8853
1533 68.8853
1534 68.8853
1535 68.8853
1536 68.8853
1537 68.8853
1538 68.8853
1539 68.8853
1540 68.8853
1541 68.8853
1542 68.8853
1543 68.8853
1544 68.8853
1545 68.8853
1546 68.8853
1547 68.8853
1548 68.8853
1549 68.8853
1550 68.8853
1551 68.8853
1552 68.8853
1553 68.8853
1554 68.8853
1555 68.8853
1556 68.8853
1557 68.8853
1558 68.8853
1559 68.8853
1560 68.8853
1561 68.8853
1562 68.8853
1563 68.8853
1564 68.8853
1565 68.8853
1566 68.8853
1567 68.8853
1568 68.8853
1569 68.8853
1570 68.8853
1571 68.8853
1572 68.8853
1573 68.8853
1574 68.8853
1575 68.8853
1576 68.8853
1577 68.8853
1578 68.8853
1579 68.8853
1580 68.8853
1581 68.8853
1582 68.8853
1583 68.8853
1584 68.8853
1585 68.8853
1586 68.8853
1587 68.8853
1588 68.8853
1589 68.8853
1590 68.8853
1591 68.8853
1592 68.8853
1593 68.8853
1594 68.8853
1595 68.8853
1596 68.8853
1597 68.8853
1598 68.8853
1599 68.8853
1600 68.8853
1601 68.8853
1602 68.8853
1603 68.8853
1604 68.8853
1605 68.8853
1606 68.8853
1607 68.8853
1608 68.8853
1609 68.8853
1610 68.8853
1611 68.8853
1612 68.8853
1613 68.8853
1614 68.8853
1615 68.8853
1616 68.8853
1617 68.8853
1618 68.8853
1619 68.8853
1620 68.8853
1621 68.8853
1622 68.8853
1623 68.8853
1624 68.8853
1625 68.8853
1626 68.8853
1627 68.8853
1628 68.8853
1629 68.8853
1630 68.8853
1631 68.8853
1632 68.8853
1633 68.8853
1634 68.8853
1635 68.8853
1636 68.8853
1637 68.8853
1638 68.8853
1639 68.8853
1640 68.8853
1641 68.8853
1642 68.8853
1643 68.8853
1644 68.8853
1645 68.8853
1646 68.8853
1647 68.8853
1648 68.8853
1649 68.8853
1650 68.8853
1651 68.8853
1652 68.8853
1653 68.8853
1654 68.8853
1655 68.8853
1656 68.8853
1657 68.8853
1658 68.8853
1659 68.8853
1660 68.8853
1661 68.8853
1662 68.8853
1663 68.8853
1664 68.8853
1665 68.8853
1666 68.8853
1667 68.8853
1668 68.8853
1669 68.8853
1670 68.8853
1671 68.8853
1672 68.8853
1673 68.8853
1674 68.8853
1675 68.8853
1676 68.8853
1677 68.8853
1678 68.8853
1679 68.8853
1680 68.8853
1681 68.8853
1682 68.8853
1683 68.8853
1684 68.8853
1685 68.8853
1686 68.8853
1687 68.8853
1688 68.8853
1689 68.8853
1690 68.8853
1691 68.8853
1692 68.8853
1693 68.8853
1694 68.8853
1695 68.8853
1696 68.8853
1697 68.8853
1698 68.8853
1699 68.8853
1700 68.8853
1701 68.8853
1702 68.8853
1703 68.8853
1704 68.8853
1705 68.8853
1706 68.8853
1707 68.8853
1708 68.8853
1709 68.8853
1710 68.8853
1711 68.8853
1712 68.8853
1713 68.8853
1714 68.8853
1715 68.8853
1716 68.8853
1717 68.8853
1718 68.8853
1719 68.8853
1720 68.8853
1721 68.8853
1722 68.8853
1723 68.8853
1724 68.8853
1725 68.8853
1726 68.8853
1727 68.8853
1728 68.8853
1729 68.8853
1730 68.8853
1731 68.8853
1732 68.8853
1733 68.8853
1734 68.8853
1735 68.8853
1736 68.8853
1737 68.8853
1738 68.8853
1739 68.8853
1740 68.8853
1741 68.8853
1742 68.8853
1743 68.8853
1744 68.8853
1745 68.8853
1746 68.8853
1747 68.8853
1748 68.8853
1749 68.8853
1750 68.8853
1751 68.8853
1752 68.8853
1753 68.8853
1754 68.8853
1755 68.8853
1756 68.8853
1757 68.8853
1758 68.8853
1759 68.8853
1760 68.8853
1761 68.8853
1762 68.8853
1763 68.8853
1764 68.8853
1765 68.8853
1766 68.8853
1767 68.8853
1768 68.8853
1769 68.8853
1770 68.8853
1771 68.8853
1772 68.8853
1773 68.8853
1774 68.8853
1775 68.8853
1776 68.8853
1777 68.8853
1778 68.8853
1779 68.8853
1780 68.8853
1781 68.8853
1782 68.8853
1783 68.8853
1784 68.8853
1785 68.8853
1786 68.8853
1787 68.8853
1788 68.8853
1789 68.8853
1790 68.8853
1791 68.8853
1792 68.8853
1793 68.8853
1794 68.8853
1795 68.8853
1796 68.8853
1797 68.8853
1798 68.8853
1799 68.8853
1800 68.8853
1801 68.8853
1802 68.8853
1803 68.8853
1804 68.8853
1805 68.8853
1806 68.8853
1807 68.8853
1808 68.8853
1809 68.8853
1810 68.8853
1811 68.8853
1812 68.8853
1813 68.8853
1814 68.8853
1815 68.8853
1816 68.8853
1817 68.8853
1818 68.8853
1819 68.8853
1820 68.8853
1821 68.8853
1822 68.8853
1823 68.8853
1824 68.8853
1825 68.8853
1826 68.8853
1827 68.8853
1828 68.8853
1829 68.8853
1830 68.8853
1831 68.8853
1832 68.8853
1833 68.8853
1834 68.8853
1835 68.8853
1836 68.8853
1837 68.8853
1838 68.8853
1839 68.8853
1840 68.8853
1841 68.8853
1842 68.8853
1843 68.8853
1844 68.8853
1845 68.8853
1846 68.8853
1847 68.8853
1848 68.8853
1849 68.8853
1850 68.8853
1851 68.8853
1852 68.8853
1853 68.8853
1854 68.8853
1855 68.8853
1856 68.8853
1857 68.8853
1858 68.8853
1859 68.8853
1860 68.8853
1861 68.8853
1862 68.8853
1863 68.8853
1864 68.8853
1865 68.8853
1866 68.8853
1867 68.8853
1868 68.8853
1869 68.8853
1870 68.8853
1871 68.8853
1872 68.8853
1873 68.8853
1874 68.8853
1875 68.8853
1876 68.8853
1877 68.8853
1878 68.8853
1879 68.8853
1880 68.8853
1881 68.8853
1882 68.8853
1883 68.8853
1884 68.8853
1885 68.8853
1886 68.8853
1887 68.8853
1888 68.8853
1889 68.8853
1890 68.8853
1891 68.8853
1892 68.8853
1893 68.8853
1894 68.8853
1895 68.8853
1896 68.8853
1897 68.8853
1898 68.8853
1899 68.8853
1900 68.8853
1901 68.8853
1902 68.8853
1903 68.8853
1904 68.8853
1905 68.8853
1906 68.8853
1907 68.8853
1908 68.8853
1909 68.8853
1910 68.8853
1911 68.8853
1912 68.8853
1913 68.8853
1914 68.8853
1915 68.8853
1916 68.8853
1917 68.8853
1918 68.8853
1919 68.8853
1920 68.8853
1921 68.8853
1922 68.8853
1923 68.8853
1924 68.8853
1925 68.8853
1926 68.8853
1927 68.8853
1928 68.8853
1929 68.8853
1930 68.8853
1931 68.8853
1932 68.8853
1933 68.8853
1934 68.8853
1935 68.8853
1936 68.8853
1937 68.8853
1938 68.8853
1939 68.8853
1940 68.8853
1941 68.8853
1942 68.8853
1943 68.8853
1944 68.8853
1945 68.8853
1946 68.8853
1947 68.8853
1948 68.8853
1949 68.8853
1950 68.8853
1951 68.8853
1952 68.8853
1953 68.8853
1954 68.8853
1955 68.8853
1956 68.8853
1957 68.8853
1958 68.8853
1959 68.8853
1960 68.8853
1961 68.8853
1962 68.8853
1963 68.8853
1964 68.8853
1965 68.8853
1966 68.8853
1967 68.8853
1968 68.8853
1969 68.8853
1970 68.8853
1971 68.8853
1972 68.8853
1973 68.8853
1974 68.8853
1975 68.8853
1976 68.8853
1977 68.8853
1978 68.8853
1979 68.8853
1980 68.8853
1981 68.8853
1982 68.8853
1983 68.8853
1984 68.8853
1985 68.8853
1986 68.8853
1987 68.8853
1988 68.8853
1989 68.8853
1990 68.8853
1991 68.8853
1992 68.8853
1993 68.8853
1994 68.8853
1995 68.8853
1996 68.8853
1997 68.8853
1998 68.8853
1999 68.8853
2000 68.8853
2001 68.8853
2002 68.8853
2003 68.8853
2004 68.8853
2005 68.8853
2006 68.8853
2007 68.8853
2008 68.8853
2009 68.8853
2010 68.8853
2011 68.8853
2012 68.8853
2013 68.8853
2014 68.8853
2015 68.8853
2016 68.8853
2017 68.8853
2018 68.8853
2019 68.8853
2020 68.8853
2021 68.8853
2022 68.8853
2023 68.8853
2024 68.8853
2025 68.8853
2026 68.8853
2027 68.8853
2028 68.8853
2029 68.8853
2030 68.8853
2031 68.8853
2032 68.8853
2033 68.8853
2034 68.8853
2035 68.8853
2036 68.8853
2037 68.8853
2038 68.8853
2039 68.8853
2040 68.8853
2041 68.8853
2042 68.8853
2043 68.8853
2044 68.8853
2045 68.8853
2046 68.8853
2047 68.8853
2048 68.8853
2049 68.8853
2050 68.8853
2051 68.8853
2052 68.8853
2053 68.8853
2054 68.8853
2055 68.8853
2056 68.8853
2057 68.8853
2058 68.8853
2059 68.8853
2060 68.8853
2061 68.8853
2062 68.8853
2063 68.8853
2064 68.8853
2065 68.8853
2066 68.8853
2067 68.8853
2068 68.8853
2069 68.8853
2070 68.8853
2071 68.8853
2072 68.8853
2073 68.8853
2074 68.8853
2075 68.8853
2076 68.8853
2077 68.8853
2078 68.8853
2079 68.8853
2080 68.8853
2081 68.8853
2082 68.8853
2083 68.8853
2084 68.8853
2085 68.8853
2086 68.8853
2087 68.8853
2088 68.8853
2089 68.8853
2090 68.8853
2091 68.8853
2092 68.8853
2093 68.8853
2094 68.8853
2095 68.8853
2096 68.8853
2097 68.8853
2098 68.8853
2099 68.8853
2100 68.8853
2101 68.8853
2102 68.8853
2103 68.8853
2104 68.8853
2105 68.8853
2106 68.8853
2107 68.8853
2108 68.7778
2109 68.7778
2110 68.7778
2111 68.7778
2112 68.7778
2113 68.7778
2114 68.7778
2115 68.7778
2116 68.7778
2117 68.7778
2118 68.7778
2119 68.7778
2120 68.7778
2121 68.7778
2122 68.7778
2123 68.7778
2124 68.7778
2125 68.7778
2126 68.7778
2127 68.7778
2128 68.7778
2129 68.7778
2130 68.7778
2131 68.6233
2132 68.6233
2133 68.6233
2134 68.6233
2135 68.6233
2136 68.6233
2137 68.6233
2138 68.6233
2139 68.5406
2140 68.5406
2141 68.5406
2142 68.5406
2143 68.5406
2144 68.5406
2145 68.5406
2146 68.5406
2147 68.5406
2148 68.5406
2149 68.5406
2150 68.5406
2151 68.5406
2152 68.5406
2153 68.5406
2154 68.5406
2155 68.5406
2156 68.5406
2157 68.5406
2158 68.5406
2159 68.5406
2160 68.5406
2161 68.5406
2162 68.5406
2163 68.5406
2164 68.5406
2165 68.5406
2166 68.5406
2167 68.5406
2168 68.5406
2169 68.5406
2170 68.5406
2171 68.5406
2172 68.5406
2173 68.5406
2174 68.5406
2175 68.5406
2176 68.5406
2177 68.5406
2178 68.5406
2179 68.5406
2180 68.5406
2181 68.5406
2182 68.5406
2183 68.5406
2184 68.5406
2185 68.5406
2186 68.5406
2187 68.5406
2188 68.5406
2189 68.5406
2190 68.5406
2191 68.5406
2192 68.5406
2193 68.5406
2194 68.5406
2195 68.5406
2196 68.5406
2197 68.5406
2198 68.5406
2199 68.5406
2200 68.5406
2201 68.5406
2202 68.5406
2203 68.5406
2204 68.5406
2205 68.5406
2206 68.5406
2207 68.5406
2208 68.5406
2209 68.5406
2210 68.5406
2211 68.5406
2212 68.5406
2213 68.5406
2214 68.5406
2215 68.5406
2216 68.5406
2217 68.5406
2218 68.5406
2219 68.5406
2220 68.5406
2221 68.5406
2222 68.5406
2223 68.5406
2224 68.5406
2225 68.5406
2226 68.5406
2227 68.5406
2228 68.5406
2229 68.5406
2230 68.5406
2231 68.5406
2232 68.5406
2233 68.5406
2234 68.5406
2235 68.5406
2236 68.5406
2237 68.5406
2238 68.5406
2239 68.5406
2240 68.5406
2241 68.5406
2242 68.5406
2243 68.5406
2244 68.5406
2245 68.5406
2246 68.5406
2247 68.5406
2248 68.5406
2249 68.5406
2250 68.5406
2251 68.5406
2252 68.5406
2253 68.5406
2254 68.5406
2255 68.5406
2256 68.5406
2257 68.5406
2258 68.5406
2259 68.5406
2260 68.5406
2261 68.5406
2262 68.5406
2263 68.5406
2264 68.5406
2265 68.5406
2266 68.5406
2267 68.5406
2268 68.5406
2269 68.5406
2270 68.5406
2271 68.5406
2272 68.5406
2273 68.5406
2274 68.5406
2275 68.5406
2276 68.5406
2277 68.5406
2278 68.5406
2279 68.5406
2280 68.5406
2281 68.5406
2282 68.5406
2283 68.5406
2284 68.5406
2285 68.5406
2286 68.5406
2287 68.5406
2288 68.5406
2289 68.5406
2290 68.5406
2291 68.5406
2292 68.5406
2293 68.5406
2294 68.5406
2295 68.5406
2296 68.5406
2297 68.5406
2298 68.5406
2299 68.5406
2300 68.5406
2301 68.5406
2302 68.5406
2303 68.5406
2304 68.5406
2305 68.5406
2306 68.5406
2307 68.5406
2308 68.5406
2309 68.5406
2310 68.5406
2311 68.5406
2312 68.5406
2313 68.5406
2314 68.5406
2315 68.5406
2316 68.5406
2317 68.5406
2318 68.5406
2319 68.5406
2320 68.5406
2321 68.5406
2322 68.5406
2323 68.5406
2324 68.5406
2325 68.5406
2326 68.5406
2327 68.5406
2328 68.5406
2329 68.5406
2330 68.5406
2331 68.5406
2332 68.5406
2333 68.5406
2334 68.5406
2335 68.5406
2336 68.5406
2337 68.5406
2338 68.5406
2339 68.5406
2340 68.5406
2341 68.5406
2342 68.5406
2343 68.5406
2344 68.5406
2345 68.5406
2346 68.5406
2347 68.5406
2348 68.5406
2349 68.5406
2350 68.5406
2351 68.5406
2352 68.5406
2353 68.5406
2354 68.5406
2355 68.5406
2356 68.5406
2357 68.5406
2358 68.5406
2359 68.5406
2360 68.5406
2361 68.5406
2362 68.5406
2363 68.5406
2364 68.5406
2365 68.5406
2366 68.5406
2367 68.5406
2368 68.5406
2369 68.5406
2370 68.5406
2371 68.5406
2372 68.5406
2373 68.5406
2374 68.5406
2375 68.5406
2376 68.5406
2377 68.5406
2378 68.5406
2379 68.5406
2380 68.5406
2381 68.5406
2382 68.5406
2383 68.5406
2384 68.5406
2385 68.5406
2386 68.5406
2387 68.5406
2388 68.5406
2389 68.5406
2390 68.5406
2391 68.5406
2392 68.5406
2393 68.5406
2394 68.5406
2395 68.5406
2396 68.5406
2397 68.5406
2398 68.5406
2399 68.5406
2400 68.5406
2401 68.5406
2402 68.5406
2403 68.5406
2404 68.5406
2405 68.5406
2406 68.5406
2407 68.5406
2408 68.5406
2409 68.5406
2410 68.5406
2411 68.5406
2412 68.5406
2413 68.5406
2414 68.5406
2415 68.5406
2416 68.5406
2417 68.5406
2418 68.5406
2419 68.5406
2420 68.5406
2421 68.5406
2422 68.5406
2423 68.5406
2424 68.5406
2425 68.5406
2426 68.5406
2427 68.5406
2428 68.5406
2429 68.5406
2430 68.5406
2431 68.5406
2432 68.5406
2433 68.5406
2434 68.5406
2435 68.5406
2436 68.5406
2437 68.5406
2438 68.5406
2439 68.5406
2440 68.5406
2441 68.5406
2442 68.5406
2443 68.5406
2444 68.5406
2445 68.5406
2446 68.5406
2447 68.5406
2448 68.5406
2449 68.5406
2450 68.5406
2451 68.5406
2452 68.5406
2453 68.5406
2454 68.5406
2455 68.5406
2456 68.5406
2457 68.5406
2458 68.5406
2459 68.5406
2460 68.5406
2461 68.5406
2462 68.5406
2463 68.5406
2464 68.5406
2465 68.5406
2466 68.5406
2467 68.5406
2468 68.5406
2469 68.5406
2470 68.5406
2471 68.5406
2472 68.5406
2473 68.5406
2474 68.5406
2475 68.5406
2476 68.5406
2477 68.5406
2478 68.5406
2479 68.5406
2480 68.5406
2481 68.5406
2482 68.5406
2483 68.5406
2484 68.5406
2485 68.5406
2486 68.5406
2487 68.5406
2488 68.5406
2489 68.5406
2490 68.5406
2491 68.5406
2492 68.5406
2493 68.5406
2494 68.5406
2495 68.5406
2496 68.5406
2497 68.5406
2498 68.5406
2499 68.5406
2500 68.5406
2501 68.5406
2502 68.5406
2503 68.5406
2504 68.5406
2505 68.5406
2506 68.5406
2507 68.5406
2508 68.5406
2509 68.5406
2510 68.5406
2511 68.5406
2512 68.5406
2513 68.5406
2514 68.5406
2515 68.5406
2516 68.5406
2517 68.5406
2518 68.5406
2519 68.5406
2520 68.5406
2521 68.5406
2522 68.5406
2523 68.5406
2524 68.5406
2525 68.5406
2526 68.5406
2527 68.5406
2528 68.5406
2529 68.5406
2530 68.5406
2531 68.5406
2532 68.5406
2533 68.5406
2534 68.5406
2535 68.5406
2536 68.5406
2537 68.5406
2538 68.5406
2539 68.5406
2540 68.5406
2541 68.5406
2542 68.5406
2543 68.5406
2544 68.5406
2545 68.5406
2546 68.5406
2547 68.5406
2548 68.5406
2549 68.5406
2550 68.5406
2551 68.5406
2552 68.5406
2553 68.5406
2554 68.5406
2555 68.5406
2556 68.5406
2557 68.5406
2558 68.5406
2559 68.5406
2560 68.5406
2561 68.5406
2562 68.5406
2563 68.5406
2564 68.5406
2565 68.5406
2566 68.5406
2567 68.5406
2568 68.5406
2569 68.5406
2570 68.5406
2571 68.5406
2572 68.5406
2573 68.5406
2574 68.5406
2575 68.5406
2576 68.5406
2577 68.5406
2578 68.5406
2579 68.5406
2580 68.5406
2581 68.5406
2582 68.5406
2583 68.5406
2584 68.5406
2585 68.5406
2586 68.5406
2587 68.5406
2588 68.5406
2589 68.5406
2590 68.5406
2591 68.5406
2592 68.5406
2593 68.5406
2594 68.5406
2595 68.5406
2596 68.5406
2597 68.5406
2598 68.5406
2599 68.5406
2600 68.5406
2601 68.5406
2602 68.5406
2603 68.5406
2604 68.5406
2605 68.5406
2606 68.5406
2607 68.5406
2608 68.5406
2609 68.5406
2610 68.5406
2611 68.5406
2612 68.5406
2613 68.5406
2614 68.5406
2615 68.5406
2616 68.5406
2617 68.5406
2618 68.5406
2619 68.5406
2620 68.5406
2621 68.5406
2622 68.5406
2623 68.5406
2624 68.5406
2625 68.5406
2626 68.5406
2627 68.5406
2628 68.5406
2629 68.5406
2630 68.5406
2631 68.5406
2632 68.5406
2633 68.5406
2634 68.5406
2635 68.5406
2636 68.5406
2637 68.5406
2638 68.5406
2639 68.5406
2640 68.5406
2641 68.5406
2642 68.5406
2643 68.5406
2644 68.5406
2645 68.5406
2646 68.5406
2647 68.5406
2648 68.5406
2649 68.5406
2650 68.5406
2651 68.5406
2652 68.5406
2653 68.5406
2654 68.5406
2655 68.5406
2656 68.5406
2657 68.5406
2658 68.5406
2659 68.5406
2660 68.5406
2661 68.5406
2662 68.5406
2663 68.5406
2664 68.5406
2665 68.5406
2666 68.5406
2667 68.5406
2668 68.5406
2669 68.5406
2670 68.5406
2671 68.5406
2672 68.5406
2673 68.5406
2674 68.5406
2675 68.5406
2676 68.5406
2677 68.5406
2678 68.5406
2679 68.5406
2680 68.5406
2681 68.5406
2682 68.5406
2683 68.5406
2684 68.5406
2685 68.5406
2686 68.5406
2687 68.5406
2688 68.5406
2689 68.5406
2690 68.5406
2691 68.5406
2692 68.5406
2693 68.5406
2694 68.5406
2695 68.5406
2696 68.5406
2697 68.5406
2698 68.5406
2699 68.5406
2700 68.5406
2701 68.5406
2702 68.5406
2703 68.5406
2704 68.5406
2705 68.5406
2706 68.5406
2707 68.5406
2708 68.5406
2709 68.5406
2710 68.5406
2711 68.5406
2712 68.5406
2713 68.5406
2714 68.5406
2715 68.5406
2716 68.5406
2717 68.5406
2718 68.5406
2719 68.5406
2720 68.5406
2721 68.5406
2722 68.5406
2723 68.5406
2724 68.5406
2725 68.5406
2726 68.5406
2727 68.5406
2728 68.5406
2729 68.5406
2730 68.5406
2731 68.5406
2732 68.5406
2733 68.5406
2734 68.5406
2735 68.5406
2736 68.5406
2737 68.5406
2738 68.5406
2739 68.5406
2740 68.5406
2741 68.5406
2742 68.5406
2743 68.5406
2744 68.5406
2745 68.5406
2746 68.5406
2747 68.5406
2748 68.5406
2749 68.5406
2750 68.5406
2751 68.5406
2752 68.5406
2753 68.5406
2754 68.5406
2755 68.5406
2756 68.5406
2757 68.5406
2758 68.5406
2759 68.5406
2760 68.5406
2761 68.5406
2762 68.5406
2763 68.5406
2764 68.5406
2765 68.5406
2766 68.5406
2767 68.5406
2768 68.5406
2769 68.5406
2770 68.5406
2771 68.5406
2772 68.5406
2773 68.5406
2774 68.5406
2775 68.5406
2776 68.5406
2777 68.5406
2778 68.5406
2779 68.5406
2780 68.5406
2781 68.5406
2782 68.5406
2783 68.5406
2784 68.5406
2785 68.5406
2786 68.5406
2787 68.5406
2788 68.5406
2789 68.5406
2790 68.5406
2791 68.5406
2792 68.5406
2793 68.5406
2794 68.5406
2795 68.5406
2796 68.5406
2797 68.5406
2798 68.5406
2799 68.5406
2800 68.5406
2801 68.5406
2802 68.5406
2803 68.5406
2804 68.5406
2805 68.5406
2806 68.5406
2807 68.5406
2808 68.5406
2809 68.5406
2810 68.5406
2811 68.5406
2812 68.5406
2813 68.5406
2814 68.5406
2815 68.5406
2816 68.5406
2817 68.5406
2818 68.5406
2819 68.5406
2820 68.5406
2821 68.5406
2822 68.5406
2823 68.5406
2824 68.5406
2825 68.5406
2826 68.5406
2827 68.5406
2828 68.5406
2829 68.5406
2830 68.5406
2831 68.5406
2832 68.5406
2833 68.5406
2834 68.5406
2835 68.5406
2836 68.5406
2837 68.5406
2838 68.5406
2839 68.5406
2840 68.5406
2841 68.5406
2842 68.5406
2843 68.5406
2844 68.5406
2845 68.5406
2846 68.5406
2847 68.5406
2848 68.5406
2849 68.5406
2850 68.5406
2851 68.5406
2852 68.5406
2853 68.5406
2854 68.5406
2855 68.5406
2856 68.5406
2857 68.5406
2858 68.5406
2859 68.5406
2860 68.5406
2861 68.5406
2862 68.5406
2863 68.5406
2864 68.5406
2865 68.5406
2866 68.5406
2867 68.5406
2868 68.5406
2869 68.5406
2870 68.5406
2871 68.5406
2872 68.5406
2873 68.5406
2874 68.5406
2875 68.5406
2876 68.5406
2877 68.5406
2878 68.5406
2879 68.5406
2880 68.5406
2881 68.5406
2882 68.5406
2883 68.5406
2884 68.5406
2885 68.5406
2886 68.5406
2887 68.5406
2888 68.5406
2889 68.5406
2890 68.5406
2891 68.5406
2892 68.5406
2893 68.5406
2894 68.5406
2895 68.5406
2896 68.5406
2897 68.5406
2898 68.5406
2899 68.5406
2900 68.5406
2901 68.5406
2902 68.5406
2903 68.5406
2904 68.5406
2905 68.5406
2906 68.5406
2907 68.5406
2908 68.5406
2909 68.5406
2910 68.5406
2911 68.5406
2912 68.5406
2913 68.5406
2914 68.5406
2915 68.5406
2916 68.5406
2917 68.5406
2918 68.5406
2919 68.5406
2920 68.5406
2921 68.5406
2922 68.5406
2923 68.5406
2924 68.5406
2925 68.5406
2926 68.5406
2927 68.5406
2928 68.5406
2929 68.5406
2930 68.5406
2931 68.5406
2932 68.5406
2933 68.5406
2934 68.5406
2935 68.5406
2936 68.5406
2937 68.5406
2938 68.5406
2939 68.5406
2940 68.5406
2941 68.5406
2942 68.5406
2943 68.5406
2944 68.5406
2945 68.5406
2946 68.5406
2947 68.5406
2948 68.5406
2949 68.5406
2950 68.5406
2951 68.5406
2952 68.5406
2953 68.5406
2954 68.5406
2955 68.5406
2956 68.5406
2957 68.5406
2958 68.5406
2959 68.5406
2960 68.5406
2961 68.5406
2962 68.5406
2963 68.5406
2964 68.5406
2965 68.5406
2966 68.5406
2967 68.5406
2968 68.5406
2969 68.5406
2970 68.5406
2971 68.5406
2972 68.5406
2973 68.5406
2974 68.5406
2975 68.5406
2976 68.5406
2977 68.5406
2978 68.5406
2979 68.5406
2980 68.5406
2981 68.5406
2982 68.5406
2983 68.5406
2984 68.5406
2985 68.5406
2986 68.5406
2987 68.5406
2988 68.5406
2989 68.5406
2990 68.5406
2991 68.5406
2992 68.5406
2993 68.5406
2994 68.5406
2995 68.5406
2996 68.5406
2997 68.5406
2998 68.5406
2999 68.5406
3000 68.5406
3001 68.5406
3002 68.5406
3003 68.5406
3004 68.5406
3005 68.5406
3006 68.5406
3007 68.5406
3008 68.5406
3009 68.5406
3010 68.5406
3011 68.5406
3012 68.5406
3013 68.5406
3014 68.5406
3015 68.5406
3016 68.5406
3017 68.5406
3018 68.5406
3019 68.5406
3020 68.5406
3021 68.5406
3022 68.5406
3023 68.5406
3024 68.5406
3025 68.5406
3026 68.5406
3027 68.5406
3028 68.5406
3029 68.5406
3030 68.5406
3031 68.5406
3032 68.5406
3033 68.5406
3034 68.5406
3035 68.5406
3036 68.5406
3037 68.5406
3038 68.5406
3039 68.5406
3040 68.5406
3041 68.5406
3042 68.5406
3043 68.5406
3044 68.5406
3045 68.5406
3046 68.5406
3047 68.5406
3048 68.5406
3049 68.5406
3050 68.5406
3051 68.5406
3052 68.5406
3053 68.5406
3054 68.5406
3055 68.5406
3056 68.5406
3057 68.5406
3058 68.5406
3059 68.5406
3060 68.5406
3061 68.5406
3062 68.5406
3063 68.5406
3064 68.5406
3065 68.5406
3066 68.5406
3067 68.5406
3068 68.5406
3069 68.5406
3070 68.5406
3071 68.5406
3072 68.5406
3073 68.5406
3074 68.5406
3075 68.5406
3076 68.5406
3077 68.5406
3078 68.5406
3079 68.5406
3080 68.5406
3081 68.5406
3082 68.5406
3083 68.5406
3084 68.5406
3085 68.5406
3086 68.5406
3087 68.5406
3088 68.5406
3089 68.5406
3090 68.5406
3091 68.5406
3092 68.5406
3093 68.5406
3094 68.5406
3095 68.5406
3096 68.5406
3097 68.5406
3098 68.5406
3099 68.5406
3100 68.5406
3101 68.5406
3102 68.5406
3103 68.5406
3104 68.5406
3105 68.5406
3106 68.5406
3107 68.5406
3108 68.5406
3109 68.5406
3110 68.5406
3111 68.5406
3112 68.5406
3113 68.5406
3114 68.5406
3115 68.5406
3116 68.5406
3117 68.5406
3118 68.5406
3119 68.5406
3120 68.5406
3121 68.5406
3122 68.5406
3123 68.5406
3124 68.5406
3125 68.5406
3126 68.5406
3127 68.5406
3128 68.5406
3129 68.5406
3130 68.5406
3131 68.5406
3132 68.5406
3133 68.5406
3134 68.5406
3135 68.5406
3136 68.5406
3137 68.5406
3138 68.5406
3139 68.5406
3140 68.5406
3141 68.5406
3142 68.5406
3143 68.5406
3144 68.5406
3145 68.5406
3146 68.5406
3147 68.5406
3148 68.5406
3149 68.5406
3150 68.5406
3151 68.5406
3152 68.5406
3153 68.5406
3154 68.5406
3155 68.5406
3156 68.5406
3157 68.5406
3158 68.5406
3159 68.5406
3160 68.5406
3161 68.5406
3162 68.5406
3163 68.5406
3164 68.5406
3165 68.5406
3166 68.5406
3167 68.5406
3168 68.5406
3169 68.5406
3170 68.5406
3171 68.5406
3172 68.5406
3173 68.5406
3174 68.5406
3175 68.5406
3176 68.5406
3177 68.5406
3178 68.5406
3179 68.5406
3180 68.5406
3181 68.5406
3182 68.5406
3183 68.5406
3184 68.5406
3185 68.5406
3186 68.5406
3187 68.5406
3188 68.5406
3189 68.5406
3190 68.5406
3191 68.5406
3192 68.5406
3193 68.5406
3194 68.5406
3195 68.5406
3196 68.5406
3197 68.5406
3198 68.5406
3199 68.5406
3200 68.5406
3201 68.5406
3202 68.5406
3203 68.5406
3204 68.5406
3205 68.5406
3206 68.5406
3207 68.5406
3208 68.5406
3209 68.5406
3210 68.5406
3211 68.5406
3212 68.5406
3213 68.5406
3214 68.5406
3215 68.5406
3216 68.5406
3217 68.5406
3218 68.5406
3219 68.5406
3220 68.5406
3221 68.5406
3222 68.5406
3223 68.5406
3224 68.5406
3225 68.5406
3226 68.5406
3227 68.5406
3228 68.5406
3229 68.5406
3230 68.5406
3231 68.5406
3232 68.5406
3233 68.5406
3234 68.5406
3235 68.5406
3236 68.5406
3237 68.5406
3238 68.5406
3239 68.5406
3240 68.5406
3241 68.5406
3242 68.5406
3243 68.5406
3244 68.5406
3245 68.5406
3246 68.5406
3247 68.5406
3248 68.5406
3249 68.5406
3250 68.5406
3251 68.5406
3252 68.5406
3253 68.5406
3254 68.5406
3255 68.5406
3256 68.5406
3257 68.5406
3258 68.5406
3259 68.5406
3260 68.5406
3261 68.5406
3262 68.5406
3263 68.5406
3264 68.5406
3265 68.5406
3266 68.5406
3267 68.5406
3268 68.5406
3269 68.5406
3270 68.5406
3271 68.5406
3272 68.5406
3273 68.5406
3274 68.5406
3275 68.5406
3276 68.5406
3277 68.5406
3278 68.5406
3279 68.5406
3280 68.5406
3281 68.5406
3282 68.5406
3283 68.5406
3284 68.5406
3285 68.5406
3286 68.5406
3287 68.5406
3288 68.5406
3289 68.5406
3290 68.5406
3291 68.5406
3292 68.5406
3293 68.5406
3294 68.5406
3295 68.5406
3296 68.5406
3297 68.5406
3298 68.5406
3299 68.5406
3300 68.5406
3301 68.5406
3302 68.5406
3303 68.5406
3304 68.5406
3305 68.5406
3306 68.5406
3307 68.5406
3308 68.5406
3309 68.5406
3310 68.5406
3311 68.5406
3312 68.5406
3313 68.5406
3314 68.5406
3315 68.5406
3316 68.5406
3317 68.5406
3318 68.5406
3319 68.5406
3320 68.5406
3321 68.5406
3322 68.5406
3323 68.5406
3324 68.5406
3325 68.5406
3326 68.5406
3327 68.5406
3328 68.5406
3329 68.5406
3330 68.5406
3331 68.5406
3332 68.5406
3333 68.5406
3334 68.5406
3335 68.5406
3336 68.5406
3337 68.5406
3338 68.5406
3339 68.5406
3340 68.5406
3341 68.5406
3342 68.5406
3343 68.5406
3344 68.5406
3345 68.5406
3346 68.5406
3347 68.5406
3348 68.5406
3349 68.5406
3350 68.5406
3351 68.5406
3352 68.5406
3353 68.5406
3354 68.5406
3355 68.5406
3356 68.5406
3357 68.5406
3358 68.5406
3359 68.5406
3360 68.5406
3361 68.5406
3362 68.5406
3363 68.5406
3364 68.5406
3365 68.5406
3366 68.5406
3367 68.5406
3368 68.5406
3369 68.5406
3370 68.5406
3371 68.5406
3372 68.5406
3373 68.5406
3374 68.5406
3375 68.5406
3376 68.5406
3377 68.5406
3378 68.5406
3379 68.5406
3380 68.5406
3381 68.5406
3382 68.5406
3383 68.5406
3384 68.5406
3385 68.5406
3386 68.5406
3387 68.5406
3388 68.5406
3389 68.5406
3390 68.5406
3391 68.5406
3392 68.5406
3393 68.5406
3394 68.5406
3395 68.5406
3396 68.5406
3397 68.5406
3398 68.5406
3399 68.5406
3400 68.5406
3401 68.5406
3402 68.5406
3403 68.5406
3404 68.5406
3405 68.5406
3406 68.5406
3407 68.5406
3408 68.5406
3409 68.5406
3410 68.5406
3411 68.5406
3412 68.5406
3413 68.5406
3414 68.5406
3415 68.5406
3416 68.5406
3417 68.5406
3418 68.5406
3419 68.5406
3420 68.5406
3421 68.5406
3422 68.5406
3423 68.5406
3424 68.5406
3425 68.5406
3426 68.5406
3427 68.5406
3428 68.5406
3429 68.5406
3430 68.5406
3431 68.5406
3432 68.5406
3433 68.5406
3434 68.5406
3435 68.5406
3436 68.5406
3437 68.5406
3438 68.5406
3439 68.5406
3440 68.5406
3441 68.5406
3442 68.5406
3443 68.5406
3444 68.5406
3445 68.5406
3446 68.5406
3447 68.5406
3448 68.5406
3449 68.5406
3450 68.5406
3451 68.5406
3452 68.5406
3453 68.5406
3454 68.5406
3455 68.5406
3456 68.5406
3457 68.5406
3458 68.5406
3459 68.5406
3460 68.5406
3461 68.5406
3462 68.5406
3463 68.5406
3464 68.5406
3465 68.5406
3466 68.5406
3467 68.5406
3468 68.5406
3469 68.5406
3470 68.5406
3471 68.5406
3472 68.5406
3473 68.5406
3474 68.5406
3475 68.5406
3476 68.5406
3477 68.5406
3478 68.5406
3479 68.5406
3480 68.5406
3481 68.5406
3482 68.5406
3483 68.5406
3484 68.5406
3485 68.5406
3486 68.5406
3487 68.5406
3488 68.5406
3489 68.5406
3490 68.5406
3491 68.5406
3492 68.5406
3493 68.5406
3494 68.5406
3495 68.5406
3496 68.5406
3497 68.5406
3498 68.5406
3499 68.5406
3500 68.5406
