0 510.334
1 446.998
2 412.523
3 382.583
4 366.75
5 352.413
6 342.402
7 333.371
8 322.213
9 311.076
10 300.74
11 291.361
12 282.31
13 274.401
14 268.015
15 261.504
16 254.216
17 247.874
18 243.505
19 239.89
20 236.305
21 227.767
22 218.043
23 211.444
24 205.725
25 201.578
26 197.271
27 193.128
28 189.877
29 187.126
30 186.322
31 179.922
32 173.572
33 171.072
34 168.568
35 168.844
36 166.655
37 162.339
38 159.197
39 155.892
40 153.77
41 150.444
42 147.031
43 144.952
44 142.933
45 140.33
46 139.009
47 136.629
48 134.631
49 133.313
50 131.254
51 129.8
52 128.329
53 126.887
54 125.859
55 124.945
56 123.125
57 121.203
58 119.676
59 117.549
60 116.211
61 115.726
62 114.478
63 112.969
64 112.5
65 111.129
66 110.866
67 109.039
68 107.365
69 108.659
70 109.012
71 103.683
72 98.5662
73 96.6082
74 95.3927
75 94.4964
76 93.3457
77 92.3112
78 91.3962
79 91.1872
80 90.715
81 90.0632
82 89.4776
83 88.6254
84 87.9059
85 87.3116
86 86.7514
87 85.9128
88 85.9048
89 87.0018
90 86.5711
91 85.3416
92 84.0308
93 83.6763
94 83.184
95 83.104
96 83.2615
97 83.1659
98 81.5832
99 80.9281
100 80.5618
101 79.8137
102 79.3522
103 78.7228
104 78.7612
105 78.0773
106 77.2952
107 76.8832
108 76.3677
109 76.5008
110 76.5188
111 76.575
112 76.3681
113 76.0635
114 75.8396
115 75.4226
116 75.0335
117 74.7656
118 74.4017
119 73.8189
120 73.4748
121 73.1346
122 73.1929
123 73.0312
124 72.7808
125 72.7467
126 72.2942
127 72.6784
128 72.3425
129 72.0778
130 72.133
131 71.7475
132 72.3682
133 72.012
134 71.2552
135 71.1677
136 71.4888
137 71.0357
138 70.6642
139 70.3575
140 70.7634
141 70.6314
142 70.5713
143 70.9278
144 70.6054
145 70.5022
146 70.6815
147 70.6588
148 70.5894
149 70.4802
150 70.9226
151 70.9969
152 71.0991
153 70.7416
154 70.6012
155 70.462
156 70.7329
157 70.6578
158 70.3151
159 70.4008
160 70.4778
161 70.4052
162 70.5732
163 70.3433
164 70.3422
165 70.4577
166 70.5067
167 70.5996
168 70.6034
169 70.6456
170 70.5695
171 70.438
172 70.0991
173 70.1106
174 70.0962
175 70.4214
176 70.1101
177 70.1827
178 70.0689
179 70.2374
180 70.4973
181 70.3942
182 70.1858
183 69.9433
184 69.9104
185 70.1871
186 69.9873
187 70.0583
188 70.4291
189 70.3407
190 69.9321
191 70.0902
192 69.9692
193 69.904
194 69.9053
195 70.0172
196 70.2897
197 70.3044
198 70.4181
199 69.8757
200 70.0236
201 69.8513
202 69.9065
203 69.5995
204 70.1083
205 69.7292
206 69.8186
207 69.8858
208 70.035
209 69.9704
210 73.8245
211 74.5687
212 72.1713
213 70.8216
214 69.9447
215 69.9116
216 70.2449
217 70.2227
218 69.7293
219 69.9193
220 70.0044
221 70.1436
222 70.3374
223 70.0311
224 69.9679
225 69.9769
226 69.9498
227 69.9367
228 70.2735
229 69.9171
230 69.9722
231 69.9943
232 69.7601
233 69.9527
234 70.0739
235 70.1855
236 69.6418
237 69.8391
238 69.9146
239 70.0626
240 70.0016
241 69.7852
242 69.8755
243 70.1822
244 69.8882
245 69.8079
246 69.8225
247 70.3648
248 69.5473
249 69.7046
250 69.8439
251 69.8379
252 69.8679
253 69.7328
254 70.0744
255 69.8767
256 70.1416
257 70.0816
258 69.8793
259 70.0237
260 70.1194
261 70.1414
262 69.822
263 69.8032
264 69.7274
265 69.8222
266 70.4395
267 69.875
268 69.7593
269 70.0341
270 69.9062
271 69.7329
272 69.8129
273 69.6466
274 70.1313
275 70.3703
276 70.1335
277 70.1188
278 70.2146
279 70.1473
280 70.2494
281 69.8929
282 69.8153
283 69.9315
284 69.5362
285 69.7257
286 69.7738
287 69.7204
288 69.6753
289 69.8378
290 69.8432
291 70.2526
292 70.0151
293 70.0631
294 69.5999
295 69.7154
296 69.8892
297 69.8627
298 69.7598
299 69.6964
300 69.7496
301 69.8756
302 70.3203
303 69.7309
304 69.895
305 69.7924
306 69.5285
307 69.631
308 69.9074
309 69.5224
310 69.6029
311 69.7866
312 69.6157
313 70.0232
314 69.8254
315 69.7105
316 70.0888
317 70.0194
318 69.7963
319 69.592
320 70.0762
321 69.8296
322 69.7324
323 69.9332
324 69.9128
325 69.8693
326 69.6909
327 69.6598
328 69.5596
329 69.6079
330 69.5923
331 69.5165
332 69.7369
333 69.7653
334 69.8617
335 69.9777
336 69.9139
337 69.6856
338 69.7832
339 69.7238
340 69.97
341 69.9095
342 69.537
343 69.9679
344 69.821
345 69.6064
346 70.117
347 69.9014
348 69.6483
349 69.6567
350 69.6183
351 69.3188
352 69.7836
353 69.7332
354 69.9772
355 69.8381
356 70.1146
357 69.667
358 69.6662
359 69.6537
360 69.5333
361 69.5907
362 69.7583
363 69.6359
364 69.8238
365 69.7352
366 69.5427
367 69.656
368 69.5965
369 69.9422
370 69.7173
371 69.7031
372 69.5993
373 69.7819
374 69.5079
375 69.8394
376 69.6627
377 69.558
378 69.7761
379 69.7463
380 69.5444
381 69.7665
382 69.5058
383 69.7431
384 69.915
385 69.8798
386 69.632
387 69.61
388 69.6411
389 69.5459
390 69.9784
391 69.6769
392 69.7552
393 69.7738
394 69.9059
395 69.6209
396 69.7775
397 69.961
398 70.2337
399 69.775
400 70.0819
401 69.7804
402 69.9834
403 69.8347
404 69.5931
405 69.7444
406 69.6661
407 69.8019
408 69.7491
409 69.7931
410 70.065
411 69.6548
412 69.9286
413 69.6859
414 69.6138
415 69.4654
416 69.6373
417 69.7733
418 69.6384
419 69.7202
420 69.4166
421 69.5595
422 69.6814
423 69.9966
424 69.7938
425 69.8686
426 69.6529
427 69.6427
428 69.7043
429 69.5928
430 69.512
431 69.4028
432 69.6267
433 69.8716
434 69.5011
435 69.6916
436 69.3582
437 69.4505
438 69.7784
439 69.8025
440 69.4447
441 69.4856
442 69.5233
443 69.5636
444 69.7533
445 69.6146
446 69.8369
447 69.6882
448 69.5859
449 69.5308
450 69.6386
451 69.5786
452 69.6961
453 69.7417
454 69.8379
455 69.7049
456 69.7326
457 69.7779
458 69.6285
459 69.8581
460 69.8577
461 69.5754
462 69.3407
463 69.5082
464 69.6007
465 69.6394
466 69.3434
467 69.4568
468 69.4061
469 69.6438
470 69.4456
471 69.3934
472 69.5341
473 69.5103
474 69.6275
475 69.5717
476 69.7539
477 69.6564
478 69.6962
479 69.5385
480 69.5054
481 69.8125
482 69.6218
483 69.8092
484 69.6241
485 69.5133
486 69.5741
487 70.0557
488 69.9672
489 69.6672
490 69.4461
491 69.4991
492 69.4925
493 69.8221
494 69.7004
495 69.4962
496 69.6837
497 69.3874
498 69.5781
499 69.5985
500 69.8351
501 69.672
502 69.9201
503 69.6991
504 69.8106
505 69.6894
506 69.3185
507 69.4742
508 69.7246
509 69.4503
510 69.4119
511 69.4704
512 69.6735
513 69.7889
514 69.5833
515 69.8804
516 70.0594
517 69.6499
518 69.6822
519 69.5518
520 69.3275
521 69.5107
522 69.4085
523 69.5448
524 69.7266
525 69.5309
526 69.8698
527 69.5175
528 69.6244
529 69.7001
530 69.767
531 69.7734
532 69.5623
533 69.3869
534 69.3866
535 69.5072
536 69.6446
537 69.5783
538 69.8495
539 69.5152
540 69.5718
541 69.5197
542 69.4219
543 69.7451
544 69.8279
545 69.6497
546 69.4839
547 69.7826
548 69.5738
549 69.6487
550 69.6104
551 69.4566
552 69.6814
553 69.8388
554 70.056
555 69.7662
556 69.3418
557 69.439
558 69.4694
559 69.3478
560 69.6895
561 69.623
562 69.6624
563 69.6539
564 69.8557
565 69.4245
566 69.6444
567 69.3874
568 69.6695
569 69.8218
570 69.8615
571 69.827
572 69.7786
573 69.7699
574 69.8284
575 69.5862
576 69.7633
577 70.0698
578 69.713
579 69.6148
580 69.6939
581 70.081
582 70.0295
583 69.8895
584 69.7789
585 69.4608
586 69.4496
587 69.5937
588 69.4115
589 69.5606
590 69.8287
591 69.4689
592 69.6181
593 69.5874
594 69.6688
595 69.6192
596 69.9334
597 69.911
598 69.6311
599 69.9287
600 69.8629
601 69.6507
602 69.5747
603 69.5149
604 69.4111
605 69.5571
606 69.855
607 69.474
608 69.6197
609 69.6246
610 69.555
611 69.7702
612 69.5131
613 69.7271
614 69.6487
615 69.4591
616 69.8051
617 69.6128
618 69.7356
619 69.6995
620 69.8359
621 69.7777
622 69.9785
623 69.5187
624 69.3611
625 69.3907
626 69.4153
627 69.7762
628 69.7025
629 69.6419
630 69.5887
631 69.7555
632 69.8918
633 69.689
634 69.6136
635 69.3335
636 69.4977
637 69.4324
638 69.6593
639 69.4516
640 69.368
641 69.7354
642 69.6129
643 69.8922
644 69.6926
645 69.6181
646 69.5825
647 69.7951
648 69.5868
649 69.5773
650 69.7008
651 69.7897
652 69.6286
653 69.7492
654 69.3971
655 69.6551
656 69.6226
657 69.4428
658 69.5257
659 69.6897
660 69.4218
661 69.6536
662 69.7807
663 69.7173
664 69.7248
665 69.8318
666 69.5927
667 69.6149
668 69.4043
669 69.643
670 69.6646
671 69.6915
672 69.5787
673 69.581
674 69.6397
675 69.3759
676 69.6707
677 69.7583
678 69.2967
679 69.5853
680 69.4737
681 69.5762
682 69.7673
683 69.5658
684 69.2642
685 69.2213
686 69.6275
687 69.8191
688 69.5008
689 69.1931
690 69.3691
691 69.4028
692 69.4669
693 69.3967
694 68.9572
695 69.2907
696 68.98
697 68.9964
698 68.8073
699 69.219
700 69.0599
701 69.3047
702 69.5566
703 69.495
704 69.1406
705 69.229
706 69.4544
707 69.2671
708 69.236
709 69.3979
710 69.122
711 69.0355
712 69.1
713 69.2229
714 69.2092
715 68.9468
716 68.8334
717 68.9129
718 69.0201
719 69.167
720 69.4605
721 69.255
722 69.3838
723 69.191
724 69.1519
725 69.1514
726 69.0035
727 68.9248
728 69.2114
729 68.9527
730 69.2344
731 69.202
732 69.0503
733 69.184
734 68.9724
735 69.0675
736 69.1212
737 69.3093
738 69.3514
739 69.4288
740 69.1726
741 69.2466
742 69.3821
743 69.1282
744 69.2129
745 69.1205
746 68.8976
747 69.3613
748 69.5076
749 69.3705
750 69.6807
751 69.4747
752 69.2669
753 69.0227
754 69.0756
755 68.8985
756 69.1051
757 69.3728
758 69.1395
759 68.9174
760 68.8858
761 69.1133
762 69.0389
763 69.2929
764 69.1734
765 69.09
766 69.1376
767 69.0989
768 69.628
769 69.2818
770 69.3462
771 69.3876
772 69.5127
773 69.4107
774 69.1357
775 69.1159
776 69.2157
777 69.1178
778 68.97
779 69.2356
780 69.3391
781 69.2821
782 69.3993
783 69.1458
784 69.1023
785 69.0822
786 69.5668
787 69.0344
788 69.1926
789 69.1551
790 69.529
791 69.4886
792 69.1408
793 69.3132
794 69.1973
795 69.2138
796 69.047
797 69.0912
798 69.3959
799 69.5343
800 68.9942
801 69.0715
802 68.9515
803 69.3125
804 69.4117
805 69.1911
806 68.9506
807 68.9315
808 69.2988
809 69.1722
810 68.9918
811 68.9657
812 69.0829
813 68.8059
814 69.0511
815 69.2253
816 69.2618
817 69.2652
818 69.1043
819 69.127
820 69.567
821 69.1522
822 69.3062
823 69.3272
824 69.315
825 69.3756
826 69.0158
827 69.2016
828 69.3013
829 69.2174
830 69.0559
831 68.9871
832 69.1104
833 69.1355
834 69.4379
835 68.906
836 68.793
837 69.1441
838 69.1053
839 69.3053
840 72.6857
841 72.2932
842 69.1376
843 67.2576
844 66.6003
845 66.8039
846 66.4583
847 66.485
848 66.6543
849 66.7944
850 66.6668
851 66.6726
852 66.5237
853 66.4324
854 66.5899
855 66.7487
856 66.8017
857 66.6699
858 66.8535
859 66.9988
860 66.8036
861 66.695
862 66.6873
863 66.7907
864 66.9793
865 66.8835
866 66.89
867 66.5528
868 66.7425
869 66.6703
870 66.7674
871 66.7184
872 66.7104
873 66.8136
874 66.7815
875 66.8304
876 66.9686
877 66.4912
878 66.8119
879 66.7473
880 66.7441
881 66.7854
882 66.603
883 66.5818
884 66.5311
885 66.5662
886 66.8926
887 66.537
888 66.7527
889 66.7243
890 66.728
891 67.1906
892 66.6673
893 66.4978
894 66.711
895 66.9764
896 66.8577
897 66.8046
898 66.9618
899 66.5715
900 66.5382
901 66.64
902 66.6712
903 66.5192
904 66.7729
905 66.6725
906 66.5929
907 66.9881
908 66.8041
909 66.6429
910 66.4214
911 66.5639
912 66.8066
913 66.7102
914 66.9534
915 66.5963
916 66.8246
917 66.8458
918 66.9774
919 66.5195
920 66.4508
921 66.8931
922 66.6387
923 66.5763
924 66.396
925 66.8885
926 66.887
927 66.5627
928 66.9224
929 66.6289
930 66.7077
931 66.7903
932 66.9138
933 66.7162
934 66.6428
935 66.3201
936 66.4354
937 66.6328
938 66.4505
939 66.6839
940 66.8764
941 66.6403
942 66.3128
943 66.5695
944 66.5353
945 66.6039
946 66.6702
947 66.7078
948 66.7183
949 66.5654
950 66.6102
951 66.5533
952 66.7226
953 66.6354
954 66.5599
955 66.8501
956 67.0789
957 66.8974
958 66.8088
959 66.5006
960 66.5383
961 66.6242
962 66.5719
963 66.8136
964 66.6686
965 66.7408
966 66.6958
967 66.5095
968 66.7401
969 66.6229
970 66.5667
971 66.6316
972 66.8935
973 66.6705
974 66.6115
975 66.5837
976 66.3004
977 66.5679
978 67.1889
979 66.6865
980 66.9164
981 66.8595
982 66.9764
983 66.8152
984 66.516
985 66.5111
986 66.8895
987 66.6773
988 66.65
989 66.8664
990 66.7845
991 66.671
992 66.7586
993 66.5339
994 66.6968
995 66.677
996 66.4297
997 66.703
998 66.8019
999 66.628
1000 66.6179
1001 67.0762
1002 66.9634
1003 66.5791
1004 66.8805
1005 66.7901
1006 66.5967
1007 66.7909
1008 66.6573
1009 66.714
1010 66.6582
1011 66.6952
1012 66.5536
1013 66.7674
1014 66.7822
1015 66.7769
1016 66.5044
1017 66.6606
1018 66.5348
1019 66.6222
1020 66.4193
1021 66.5998
1022 66.3109
1023 66.5278
1024 66.5752
1025 66.7478
1026 66.7211
1027 66.6441
1028 66.8017
1029 66.7439
1030 66.4787
1031 66.4508
1032 66.6635
1033 66.4752
1034 66.6697
1035 66.6396
1036 66.7204
1037 66.5657
1038 66.9709
1039 66.8607
1040 66.7832
1041 66.7823
1042 66.8679
1043 66.6209
1044 66.6717
1045 66.4909
1046 66.6094
1047 66.848
1048 66.5546
1049 66.6633
1050 66.7184
1051 66.848
1052 66.5834
1053 66.8521
1054 66.7356
1055 66.6301
1056 66.6907
1057 66.5694
1058 66.7761
1059 66.8622
1060 66.7402
1061 66.886
1062 66.6538
1063 66.5543
1064 66.8807
1065 66.5805
1066 66.7498
1067 66.6047
1068 67.044
1069 66.7751
1070 66.7212
1071 66.975
1072 66.8236
1073 66.9914
1074 66.9261
1075 66.7395
1076 66.8845
1077 66.8527
1078 66.6989
1079 66.8557
1080 66.6565
1081 66.8959
1082 66.9195
1083 66.9176
1084 66.7212
1085 66.8467
1086 66.819
1087 66.6889
1088 66.5199
1089 66.8721
1090 66.7331
1091 66.891
1092 66.3596
1093 66.5726
1094 66.3955
1095 66.6642
1096 66.7369
1097 66.2897
1098 66.5232
1099 66.9394
1100 66.798
1101 66.9755
1102 66.9927
1103 66.6446
1104 66.7839
1105 66.4407
1106 66.7701
1107 66.6524
1108 66.7453
1109 66.6209
1110 66.7585
1111 66.8434
1112 66.5785
1113 66.8828
1114 66.6235
1115 66.8892
1116 66.5258
1117 66.715
1118 66.6499
1119 66.8006
1120 66.6789
1121 66.9741
1122 66.991
1123 66.6152
1124 66.736
1125 66.7973
1126 66.7436
1127 66.6575
1128 67.1299
1129 66.8421
1130 66.4857
1131 66.7132
1132 66.5814
1133 66.5617
1134 66.4035
1135 66.5992
1136 66.6817
1137 66.6313
1138 66.8508
1139 66.6943
1140 66.7971
1141 66.8476
1142 66.8295
1143 66.8424
1144 66.3279
1145 66.2827
1146 66.657
1147 66.4358
1148 66.7066
1149 66.5545
1150 66.5937
1151 66.7953
1152 66.7223
1153 66.8985
1154 67.1653
1155 66.773
1156 66.7988
1157 66.4796
1158 66.437
1159 66.2441
1160 66.5896
1161 67.0128
1162 66.7474
1163 66.4468
1164 66.7523
1165 66.8214
1166 66.9503
1167 67.0084
1168 67.0631
1169 67.2222
1170 66.3126
1171 66.8592
1172 66.5746
1173 66.306
1174 66.5441
1175 66.5731
1176 66.8524
1177 66.4147
1178 66.776
1179 66.8101
1180 66.7653
1181 66.9576
1182 66.6047
1183 67.0419
1184 67.0256
1185 66.8983
1186 66.8517
1187 66.5914
1188 66.5168
1189 66.4996
1190 67.1273
1191 67.0462
1192 67.0885
1193 66.7205
1194 66.6247
1195 66.4154
1196 66.4583
1197 66.4665
1198 66.5624
1199 66.6181
1200 66.6427
1201 66.7465
1202 66.6033
1203 66.6399
1204 66.3334
1205 66.3324
1206 66.8842
1207 66.389
1208 66.5452
1209 66.9027
1210 66.9019
1211 66.8985
1212 66.9371
1213 67.009
1214 66.5368
1215 66.6618
1216 66.7403
1217 66.4846
1218 66.4188
1219 66.6687
1220 66.683
1221 66.669
1222 66.5686
1223 66.9559
1224 67.3739
1225 67.0068
1226 66.8169
1227 66.93
1228 66.8356
1229 66.8236
1230 66.6815
1231 66.8169
1232 67.1169
1233 66.7924
1234 66.4753
1235 66.7441
1236 66.7611
1237 66.4294
1238 66.6257
1239 66.7091
1240 66.6274
1241 66.5239
1242 66.5972
1243 66.462
1244 66.7237
1245 66.5861
1246 66.8205
1247 66.6215
1248 66.9459
1249 66.6188
1250 66.9871
1251 66.6867
1252 66.4115
1253 66.7878
1254 66.8077
1255 66.7795
1256 66.7914
1257 66.8602
1258 66.744
1259 66.4756
1260 66.8861
1261 66.959
1262 66.6477
1263 66.5297
1264 66.7135
1265 66.6772
1266 66.8347
1267 66.7029
1268 67.0231
1269 66.9798
1270 66.5203
1271 66.516
1272 67.0228
1273 66.4322
1274 66.493
1275 66.8815
1276 66.3859
1277 66.5891
1278 66.6898
1279 66.9336
1280 66.6224
1281 66.7402
1282 66.6264
1283 66.6224
1284 66.7759
1285 66.6886
1286 67.0333
1287 66.7105
1288 66.5651
1289 66.52
1290 66.512
1291 66.8163
1292 66.8598
1293 66.6577
1294 66.5926
1295 66.5731
1296 66.4419
1297 66.9935
1298 66.8073
1299 66.6245
1300 66.4906
1301 67.0404
1302 66.8001
1303 66.7726
1304 66.7315
1305 66.6316
1306 66.4754
1307 66.3199
1308 66.7158
1309 66.9008
1310 66.8755
1311 66.8444
1312 66.7119
1313 66.7971
1314 66.6768
1315 66.7332
1316 66.595
1317 66.6339
1318 66.5714
1319 66.5205
1320 66.4167
1321 66.7554
1322 66.5932
1323 66.9448
1324 66.5104
1325 66.561
1326 66.29
1327 66.3273
1328 67.13
1329 66.85
1330 66.8069
1331 66.4532
1332 66.4357
1333 66.6626
1334 66.5988
1335 66.9401
1336 67.0471
1337 66.6767
1338 66.8706
1339 66.8647
1340 66.6847
1341 66.7603
1342 66.7516
1343 66.7322
1344 66.6779
1345 66.6622
1346 66.8614
1347 66.4565
1348 66.6123
1349 66.6834
1350 66.6223
1351 66.6241
1352 66.4978
1353 66.6045
1354 66.615
1355 66.7411
1356 66.535
1357 66.6647
1358 66.5976
1359 67.0187
1360 66.7582
1361 66.6559
1362 66.3395
1363 67.2068
1364 67.0358
1365 66.802
1366 66.9307
1367 66.7693
1368 66.4898
1369 66.509
1370 66.6043
1371 66.612
1372 66.6179
1373 66.3468
1374 66.6192
1375 66.5943
1376 66.9531
1377 67.0816
1378 66.6772
1379 66.9551
1380 66.8856
1381 66.8129
1382 66.6887
1383 66.2397
1384 66.626
1385 66.3919
1386 66.7877
1387 66.7071
1388 67.0593
1389 66.9079
1390 66.766
1391 66.7671
1392 66.5954
1393 66.5661
1394 66.2716
1395 66.56
1396 66.5994
1397 66.3844
1398 66.4128
1399 66.6431
1400 66.9323
1401 67.0265
1402 66.7287
1403 66.9394
1404 66.7574
1405 66.4999
1406 66.9693
1407 66.8419
1408 66.6401
1409 66.398
1410 66.2265
1411 66.5709
1412 66.5825
1413 66.5863
1414 66.6831
1415 67.0417
1416 66.8614
1417 66.8678
1418 66.7186
1419 66.6358
1420 66.568
1421 66.81
1422 66.5975
1423 66.4307
1424 66.6426
1425 66.7349
1426 66.8768
1427 67.0354
1428 66.8009
1429 66.6979
1430 66.7211
1431 66.8603
1432 66.832
1433 66.6966
1434 66.9985
1435 66.675
1436 66.7389
1437 66.7083
1438 66.8213
1439 66.6693
1440 66.7837
1441 66.3599
1442 66.5137
1443 66.4837
1444 66.6798
1445 66.7931
1446 66.9562
1447 66.7393
1448 67.0525
1449 66.7376
1450 66.7464
1451 66.9995
1452 66.7742
1453 66.5308
1454 66.4462
1455 66.5557
1456 66.5785
1457 66.6582
1458 66.9881
1459 66.8065
1460 66.6487
1461 66.7743
1462 66.5996
1463 66.9217
1464 66.6001
1465 66.5791
1466 66.5912
1467 67.1142
1468 66.7161
1469 66.6145
1470 66.8125
1471 66.9053
1472 66.8585
1473 66.8464
1474 66.8451
1475 66.916
1476 66.6051
1477 66.5758
1478 66.8318
1479 66.4917
1480 66.7187
1481 67.0993
1482 66.3814
1483 66.7146
1484 66.7749
1485 67.1513
1486 66.6091
1487 66.6494
1488 66.5774
1489 66.862
1490 66.9581
1491 66.4939
1492 66.5393
1493 66.5412
1494 67.0987
1495 66.8995
1496 66.7998
1497 66.7053
1498 67.0004
1499 66.5916
1500 66.5317
1501 66.3716
1502 66.1552
1503 66.2083
1504 65.8969
1505 65.7386
1506 65.5711
1507 65.6191
1508 65.6925
1509 65.5408
1510 65.929
1511 65.5527
1512 66.0537
1513 65.8647
1514 66.0358
1515 65.8052
1516 65.7961
1517 65.821
1518 65.9089
1519 65.721
1520 65.7804
1521 65.8097
1522 65.9609
1523 65.7191
1524 65.8577
1525 66.4737
1526 65.7372
1527 65.898
1528 66.108
1529 65.8191
1530 66.2172
1531 65.6662
1532 66.0821
1533 65.9291
1534 65.7704
1535 65.9207
1536 65.9138
1537 65.6018
1538 66.2019
1539 65.7964
1540 65.7066
1541 65.9492
1542 65.9036
1543 66.018
1544 65.9305
1545 65.6374
1546 65.8171
1547 65.892
1548 65.7735
1549 66.0247
1550 66.1691
1551 66.0823
1552 65.7249
1553 66.1652
1554 65.794
1555 65.7756
1556 66.0928
1557 66.1593
1558 65.89
1559 65.599
1560 65.689
1561 66.1088
1562 66.1234
1563 65.6464
1564 65.9607
1565 66.2409
1566 65.9985
1567 65.9114
1568 65.8165
1569 65.4098
1570 66.0957
1571 65.8028
1572 65.7818
1573 65.8606
1574 65.7138
1575 65.6923
1576 65.8474
1577 65.5489
1578 66.0744
1579 66.1906
1580 66.1315
1581 66.4321
1582 66.1425
1583 66.033
1584 65.8862
1585 65.7152
1586 66.065
1587 65.7645
1588 65.94
1589 66.1349
1590 65.7528
1591 65.9113
1592 65.8583
1593 65.9757
1594 66.0799
1595 65.972
1596 66.0234
1597 66.1776
1598 65.8459
1599 65.9198
1600 65.7413
1601 65.7704
1602 66.0211
1603 65.8268
1604 65.8503
1605 65.7582
1606 65.9864
1607 66.041
1608 65.774
1609 65.8096
1610 66.1805
1611 66.0143
1612 65.8379
1613 66.4474
1614 66.1508
1615 65.983
1616 66.2531
1617 66.3935
1618 66.142
1619 65.9499
1620 65.9829
1621 66.2056
1622 65.9333
1623 65.8423
1624 65.9145
1625 66.0388
1626 65.7271
1627 66.1061
1628 65.9044
1629 65.8254
1630 66.0185
1631 65.6394
1632 65.8505
1633 66.1021
1634 65.8754
1635 65.9351
1636 66.0159
1637 66.0788
1638 65.8587
1639 65.7943
1640 65.8684
1641 65.9573
1642 66.0377
1643 66.111
1644 65.9817
1645 66.244
1646 65.9252
1647 66.074
1648 66.3377
1649 66.1506
1650 66.1561
1651 66.0205
1652 65.7245
1653 66.0284
1654 65.5993
1655 65.7858
1656 65.9806
1657 65.7608
1658 66.0003
1659 66.0279
1660 65.9674
1661 65.7655
1662 66.2896
1663 65.747
1664 65.9276
1665 65.9457
1666 66.1814
1667 65.9535
1668 65.834
1669 65.913
1670 66.1333
1671 65.9425
1672 65.8835
1673 65.6834
1674 65.8408
1675 65.8193
1676 66.1043
1677 65.8818
1678 66.2509
1679 66.2156
1680 66.2148
1681 66.3175
1682 66.089
1683 65.7378
1684 66.1135
1685 65.7629
1686 65.655
1687 65.9898
1688 65.9689
1689 65.5776
1690 65.5441
1691 66.0227
1692 66.0256
1693 65.8712
1694 65.7792
1695 65.7572
1696 65.8722
1697 66.2684
1698 66.1597
1699 66.088
1700 65.8753
1701 65.93
1702 65.9965
1703 65.7883
1704 65.7005
1705 65.8838
1706 66.237
1707 66.2606
1708 66.0321
1709 65.8757
1710 66.194
1711 65.755
1712 66.0083
1713 65.7283
1714 66.0691
1715 65.8064
1716 66.0814
1717 65.8871
1718 66.1613
1719 65.9164
1720 65.8132
1721 65.7688
1722 65.6731
1723 65.9943
1724 65.7472
1725 65.8282
1726 66.12
1727 65.9191
1728 65.8697
1729 65.8193
1730 65.5672
1731 65.6434
1732 65.8949
1733 65.8183
1734 65.9242
1735 65.8596
1736 65.9116
1737 66.2144
1738 66.0263
1739 65.8382
1740 66.0716
1741 65.9547
1742 66.011
1743 65.8307
1744 66.1079
1745 66.1377
1746 66.0314
1747 65.9567
1748 65.9786
1749 65.6826
1750 65.9959
1751 65.7161
1752 65.8791
1753 65.749
1754 65.8689
1755 65.8646
1756 65.8483
1757 66.0848
1758 66.2005
1759 65.7058
1760 65.8869
1761 66.0413
1762 65.8826
1763 65.9467
1764 66.0067
1765 65.8315
1766 66.183
1767 66.1482
1768 65.4994
1769 65.7246
1770 65.8467
1771 65.8543
1772 65.6113
1773 65.6049
1774 65.8276
1775 65.7879
1776 65.7065
1777 65.9608
1778 66.026
1779 66.2448
1780 66.1445
1781 66.1701
1782 65.8875
1783 65.968
1784 65.9783
1785 65.8195
1786 65.7068
1787 65.9292
1788 65.8418
1789 65.647
1790 65.8016
1791 65.8291
1792 65.7689
1793 66.2014
1794 66.0635
1795 66.1401
1796 65.6464
1797 65.6297
1798 65.7931
1799 66.0857
1800 66.0903
1801 66.1932
1802 66.3238
1803 65.8837
1804 66.058
1805 66.1002
1806 65.9925
1807 65.9234
1808 65.7673
1809 65.9142
1810 65.8125
1811 65.5247
1812 65.8652
1813 65.8332
1814 65.8548
1815 65.6949
1816 66.0436
1817 65.7043
1818 65.7646
1819 65.8029
1820 65.8877
1821 65.9208
1822 66.1897
1823 66.3104
1824 66.0592
1825 65.8636
1826 65.908
1827 65.9066
1828 66.1562
1829 65.6306
1830 66.0276
1831 65.765
1832 66.0485
1833 65.8993
1834 65.797
1835 65.923
1836 66.0591
1837 66.2937
1838 65.8241
1839 65.9438
1840 65.953
1841 66.0133
1842 65.9582
1843 65.9945
1844 66.1557
1845 65.9569
1846 65.9499
1847 66.2411
1848 65.7848
1849 65.9212
1850 66.0634
1851 65.9119
1852 65.7729
1853 65.6286
1854 65.6274
1855 66.0058
1856 65.5716
1857 65.9632
1858 65.8832
1859 65.7716
1860 66.1669
1861 66.1251
1862 65.8402
1863 65.9123
1864 65.5902
1865 65.8953
1866 65.8612
1867 65.4575
1868 65.9723
1869 66.0422
1870 66.0312
1871 65.7418
1872 65.7901
1873 66.0815
1874 65.7949
1875 65.6718
1876 66.2568
1877 66.0726
1878 65.9007
1879 65.8659
1880 65.9647
1881 65.8501
1882 65.8554
1883 65.9894
1884 65.9174
1885 66.2209
1886 65.7645
1887 65.7213
1888 65.9324
1889 65.8003
1890 65.7358
1891 65.6387
1892 65.9934
1893 65.9897
1894 66.0775
1895 65.9802
1896 66.0677
1897 66.0555
1898 65.9954
1899 65.9797
1900 66.2484
1901 66.093
1902 66.0779
1903 66.2832
1904 66.3173
1905 65.8437
1906 65.5563
1907 65.8441
1908 66.1444
1909 65.8533
1910 66.2512
1911 65.9756
1912 66.0521
1913 66.0986
1914 66.1045
1915 66.1347
1916 65.848
1917 65.7916
1918 65.5387
1919 65.8632
1920 65.8799
1921 65.699
1922 65.6621
1923 66.0711
1924 65.9795
1925 65.831
1926 65.6999
1927 66.2156
1928 66.353
1929 66.2055
1930 66.0725
1931 65.8925
1932 65.8869
1933 65.6775
1934 65.9368
1935 66.3211
1936 66.2004
1937 66.0176
1938 66.1798
1939 66.0925
1940 66.0113
1941 65.897
1942 66.0421
1943 65.7893
1944 65.8626
1945 66.5118
1946 65.9747
1947 66.0068
1948 65.9846
1949 65.9429
1950 65.9857
1951 65.896
1952 66.1433
1953 66.0147
1954 65.8258
1955 65.8467
1956 65.9072
1957 66.1942
1958 66.0323
1959 65.9245
1960 65.9557
1961 65.8914
1962 65.7491
1963 65.8392
1964 66.1315
1965 65.9424
1966 65.6536
1967 65.8889
1968 66.2094
1969 65.9492
1970 65.4698
1971 66.3773
1972 65.8816
1973 65.8732
1974 65.9704
1975 66.3355
1976 65.8564
1977 65.8768
1978 65.8735
1979 65.8345
1980 65.7013
1981 65.5905
1982 65.6903
1983 66.1889
1984 66.1594
1985 65.6864
1986 65.8934
1987 65.6854
1988 66.2061
1989 65.9689
1990 65.7775
1991 65.8213
1992 65.5386
1993 66.0053
1994 65.8554
1995 65.7486
1996 65.9978
1997 66.0896
1998 66.0863
1999 65.7808
2000 65.88
2001 66.2753
2002 66.1841
2003 65.9098
2004 65.8126
2005 65.9115
2006 66.1501
2007 65.8531
2008 65.7063
2009 65.8817
2010 66.0572
2011 65.9863
2012 66.1181
2013 66.1536
2014 65.7928
2015 65.7144
2016 65.943
2017 66.3432
2018 66.3055
2019 66.2222
2020 66.4193
2021 65.821
2022 65.5728
2023 65.8314
2024 65.9038
2025 65.8829
2026 65.6574
2027 66.0383
2028 65.8413
2029 65.9962
2030 65.7645
2031 65.6588
2032 65.9164
2033 65.918
2034 65.7363
2035 66.0248
2036 65.7844
2037 66.0826
2038 66.1313
2039 65.8563
2040 66.1322
2041 66.1587
2042 65.8338
2043 66.0228
2044 66.1017
2045 66.0241
2046 65.9542
2047 66.2986
2048 65.863
2049 66.2743
2050 66.2085
2051 65.7706
2052 65.9653
2053 66.236
2054 66.1543
2055 66.0465
2056 66.0332
2057 65.8454
2058 65.8885
2059 66.271
2060 65.8643
2061 65.9195
2062 65.883
2063 65.6648
2064 65.7947
2065 65.6043
2066 66.0648
2067 65.852
2068 65.9678
2069 65.7535
2070 65.8389
2071 65.8103
2072 65.7976
2073 65.9046
2074 65.9717
2075 65.775
2076 65.6106
2077 66.051
2078 65.8831
2079 66.0533
2080 65.9342
2081 65.7019
2082 66.1028
2083 65.884
2084 65.9317
2085 65.9272
2086 65.911
2087 65.9098
2088 65.9286
2089 65.6221
2090 65.7987
2091 66.0324
2092 65.8339
2093 65.6134
2094 65.6847
2095 65.9207
2096 65.8442
2097 66.088
2098 65.8971
2099 65.9422
2100 66.2498
2101 66.3236
2102 65.9745
2103 65.6413
2104 66.0043
2105 66.1666
2106 66.4199
2107 66.067
2108 66.4698
2109 65.8558
2110 65.8085
2111 65.6955
2112 66.0411
2113 65.8445
2114 66.0523
2115 66.0035
2116 66.3822
2117 66.1774
2118 65.9821
2119 66.0056
2120 65.8902
2121 65.993
2122 66.0651
2123 66.0308
2124 65.9942
2125 66.16
2126 65.9018
2127 65.8986
2128 65.8048
2129 65.9246
2130 66.0192
2131 65.8714
2132 65.9322
2133 65.9769
2134 66.0466
2135 66.0514
2136 65.9307
2137 65.9763
2138 65.9166
2139 65.8603
2140 65.7703
2141 65.8866
2142 65.8826
2143 65.897
2144 66.0127
2145 65.9256
2146 65.9041
2147 66.1177
2148 65.8813
2149 66.071
2150 65.6369
2151 65.9343
2152 65.8981
2153 65.7347
2154 66.1019
2155 65.9409
2156 65.9212
2157 65.8919
2158 65.6525
2159 65.9443
2160 65.6505
2161 66.2309
2162 66.0759
2163 66.1457
2164 65.9385
2165 66.0589
2166 66.2241
2167 66.0068
2168 66.1148
2169 65.9982
2170 66.0169
2171 65.7718
2172 65.6298
2173 65.6553
2174 65.9032
2175 66.2284
2176 66.1056
2177 65.9574
2178 65.8866
2179 65.8961
2180 65.7818
2181 65.8551
2182 65.7137
2183 65.4356
2184 65.8924
2185 65.9627
2186 65.9393
2187 66.0186
2188 65.7904
2189 66.2197
2190 66.1522
2191 65.879
2192 65.8264
2193 66.0847
2194 65.8568
2195 65.7011
2196 65.8898
2197 65.7548
2198 65.9049
2199 65.9676
2200 65.9568
2201 65.9938
2202 66.004
2203 66.1019
2204 66.2124
2205 66.0046
2206 66.2265
2207 65.715
2208 65.8463
2209 65.8825
2210 66.052
2211 65.8248
2212 65.9991
2213 65.8102
2214 65.6246
2215 65.8061
2216 65.8769
2217 66.1002
2218 66.1445
2219 66.072
2220 66.094
2221 66.0726
2222 66.2006
2223 66.0964
2224 66.2558
2225 66.0856
2226 65.8682
2227 65.7817
2228 65.5507
2229 65.8031
2230 66.2082
2231 66.0741
2232 65.9757
2233 65.7975
2234 65.9821
2235 65.9842
2236 65.8845
2237 65.823
2238 65.889
2239 65.5548
2240 65.8253
2241 65.974
2242 66.1446
2243 66.0555
2244 66.0207
2245 65.8549
2246 66.0824
2247 66.2562
2248 65.6402
2249 65.6615
2250 65.9966
2251 65.7795
2252 65.8292
2253 65.5629
2254 65.9931
2255 66.0144
2256 66.1491
2257 66.1505
2258 65.7833
2259 66.2898
2260 65.8738
2261 66.1398
2262 66.2711
2263 65.9659
2264 66.0303
2265 66.0279
2266 65.7171
2267 65.879
2268 65.5942
2269 65.6444
2270 65.9588
2271 66.4473
2272 65.9186
2273 65.7613
2274 66.0308
2275 65.9615
2276 66.2064
2277 66.2626
2278 65.9195
2279 66.1048
2280 66.0028
2281 66.2444
2282 65.8547
2283 65.9168
2284 65.8105
2285 65.8259
2286 66.0622
2287 65.8994
2288 66.1814
2289 65.8006
2290 66.2249
2291 66.1066
2292 65.9333
2293 66.0417
2294 66.0305
2295 65.6674
2296 65.8573
2297 65.8289
2298 65.7441
2299 65.6836
2300 65.9217
2301 66.2512
2302 65.9747
2303 66.127
2304 65.9001
2305 66.3686
2306 66.0928
2307 65.8228
2308 65.482
2309 65.9292
2310 65.9787
2311 65.8866
2312 65.6829
2313 65.6807
2314 66.0525
2315 66.0024
2316 65.7002
2317 65.861
2318 65.9931
2319 66.14
2320 65.6582
2321 66.0051
2322 65.7773
2323 65.8022
2324 65.3993
2325 65.5898
2326 65.9826
2327 65.8684
2328 65.5901
2329 65.7954
2330 65.7094
2331 65.891
2332 65.798
2333 66.1058
2334 65.8215
2335 66.0637
2336 66.123
2337 65.9382
2338 66.0048
2339 65.9288
2340 65.5739
2341 65.9016
2342 65.9619
2343 65.7522
2344 65.8526
2345 65.9484
2346 65.9908
2347 66.0199
2348 66.0629
2349 66.1015
2350 65.8327
2351 65.8959
2352 65.9977
2353 65.7401
2354 65.8535
2355 65.946
2356 65.9582
2357 66.0038
2358 65.9283
2359 66.1231
2360 66.1054
2361 65.8401
2362 65.8223
2363 65.9878
2364 65.9686
2365 66.2613
2366 66.0839
2367 65.9513
2368 66.0595
2369 65.9915
2370 65.9468
2371 66.2238
2372 65.8159
2373 65.9542
2374 65.5655
2375 65.6046
2376 65.7044
2377 66.1477
2378 65.6444
2379 65.5536
2380 65.7656
2381 65.7562
2382 65.6933
2383 65.8018
2384 66.184
2385 66.0781
2386 65.7619
2387 65.9921
2388 65.8503
2389 65.8197
2390 66.0373
2391 66.1792
2392 66.147
2393 65.8133
2394 65.9041
2395 65.9813
2396 65.7791
2397 66.1132
2398 66.1619
2399 65.876
2400 65.6725
2401 65.9424
2402 65.5324
2403 65.6684
2404 65.8176
2405 66.1512
2406 66.0078
2407 65.8606
2408 65.8516
2409 66.0021
2410 66.2743
2411 65.8441
2412 66.1024
2413 65.989
2414 66.1718
2415 66.3772
2416 66.0502
2417 65.8259
2418 65.7847
2419 65.7835
2420 66.03
2421 65.9133
2422 66.225
2423 65.8408
2424 66.0642
2425 66.0217
2426 65.5613
2427 66.0369
2428 65.7428
2429 65.4951
2430 65.5393
2431 65.6144
2432 65.8807
2433 65.7363
2434 66.009
2435 65.8483
2436 65.618
2437 65.7961
2438 65.7719
2439 65.9549
2440 65.9428
2441 66.1448
2442 65.8026
2443 65.9449
2444 65.8831
2445 65.7175
2446 65.6442
2447 66.2193
2448 66.1727
2449 65.8697
2450 65.7086
2451 66.1362
2452 65.9977
2453 65.756
2454 65.776
2455 65.8798
2456 66.0205
2457 66.15
2458 65.9853
2459 65.7675
2460 65.6735
2461 65.7478
2462 65.9509
2463 65.898
2464 65.7811
2465 65.9652
2466 65.8818
2467 65.8989
2468 65.8516
2469 66.0629
2470 65.9897
2471 66.1231
2472 65.8415
2473 65.8943
2474 65.9926
2475 65.7903
2476 65.6543
2477 65.9128
2478 65.9795
2479 65.9582
2480 65.7985
2481 65.7875
2482 65.8604
2483 65.8159
2484 65.5637
2485 65.656
2486 65.5594
2487 65.6251
2488 65.7714
2489 66.2556
2490 66.123
2491 65.9385
2492 66.2189
2493 65.7091
2494 65.9694
2495 65.7382
2496 65.7333
2497 66.0102
2498 65.9477
2499 65.7945
2500 65.9313
2501 66.1357
2502 66.01
2503 65.6661
2504 65.8893
2505 65.6712
2506 65.97
2507 65.9498
2508 65.9363
2509 65.8879
2510 65.9807
2511 66.1537
2512 66.2145
2513 65.7809
2514 66.069
2515 65.6973
2516 65.8904
2517 65.9108
2518 65.8254
2519 65.7082
2520 66.0271
2521 65.974
2522 65.8853
2523 65.7072
2524 65.8517
2525 66.0615
2526 66.0532
2527 65.8751
2528 65.8709
2529 66.1304
2530 65.5999
2531 65.7771
2532 65.9087
2533 65.8965
2534 65.7235
2535 65.9099
2536 65.9828
2537 65.6443
2538 66.0006
2539 65.9015
2540 66.0165
2541 66.1888
2542 66.0365
2543 66.1309
2544 65.8778
2545 65.7469
2546 66.1155
2547 65.9398
2548 65.7366
2549 65.9235
2550 66.1487
2551 66.1835
2552 65.8782
2553 66.025
2554 66.0259
2555 65.75
2556 65.9193
2557 65.9421
2558 65.9485
2559 65.9474
2560 66.2692
2561 65.9426
2562 65.957
2563 65.7348
2564 65.8528
2565 66.0681
2566 65.9912
2567 65.9661
2568 66.2335
2569 66.2726
2570 65.9614
2571 65.6279
2572 65.9059
2573 65.8821
2574 65.7843
2575 66.0272
2576 65.8019
2577 65.808
2578 65.9493
2579 65.8291
2580 66.1915
2581 65.8256
2582 65.8293
2583 65.8923
2584 66.1988
2585 66.2275
2586 66.0985
2587 65.9407
2588 65.9342
2589 65.8262
2590 65.8077
2591 65.6044
2592 65.8322
2593 65.8504
2594 66.1999
2595 65.6217
2596 65.6479
2597 65.822
2598 65.9787
2599 66.0075
2600 65.742
2601 65.935
2602 65.8966
2603 65.7698
2604 65.6486
2605 65.8581
2606 65.9271
2607 66.1025
2608 65.9766
2609 65.6805
2610 66.0832
2611 65.8502
2612 65.8558
2613 65.8115
2614 65.6072
2615 65.8436
2616 65.7328
2617 65.589
2618 65.64
2619 65.6874
2620 66.0721
2621 66.1335
2622 65.7208
2623 65.6871
2624 66.0997
2625 66.0014
2626 65.8522
2627 66.0451
2628 66.1167
2629 65.8054
2630 66.0301
2631 65.7841
2632 66.1143
2633 66.257
2634 66.0296
2635 66.0758
2636 66.4386
2637 66.153
2638 66.4988
2639 65.7948
2640 66.1612
2641 65.7937
2642 65.8276
2643 66.0447
2644 65.8054
2645 66.1058
2646 65.8692
2647 65.6715
2648 65.8482
2649 65.6261
2650 66.0673
2651 65.5465
2652 65.5861
2653 65.8379
2654 66.0566
2655 65.9314
2656 65.8746
2657 65.6588
2658 65.7852
2659 65.7728
2660 65.9996
2661 65.7933
2662 65.9826
2663 65.8098
2664 65.5306
2665 65.7606
2666 65.7728
2667 65.6918
2668 65.5644
2669 65.8929
2670 66.0468
2671 65.8178
2672 65.9381
2673 65.7043
2674 65.6618
2675 65.7057
2676 65.7718
2677 66.0303
2678 65.6692
2679 65.8964
2680 65.995
2681 65.7884
2682 65.741
2683 65.7586
2684 65.9685
2685 65.9528
2686 65.8326
2687 65.9304
2688 65.8411
2689 66.1958
2690 65.9314
2691 65.9978
2692 65.891
2693 66.0096
2694 65.8119
2695 65.7867
2696 65.8754
2697 65.7687
2698 65.8662
2699 65.9672
2700 65.592
2701 66.0735
2702 66.1008
2703 66.012
2704 65.5238
2705 65.6643
2706 65.4988
2707 65.4103
2708 65.6453
2709 65.7208
2710 66.303
2711 66.0809
2712 65.743
2713 65.7202
2714 65.8063
2715 65.9702
2716 65.84
2717 66.0021
2718 65.917
2719 65.8026
2720 65.9076
2721 65.8717
2722 66.1609
2723 65.7705
2724 65.8654
2725 65.7557
2726 65.6256
2727 65.973
2728 65.8152
2729 65.7534
2730 66.0109
2731 65.755
2732 65.8412
2733 65.8427
2734 65.9699
2735 65.8675
2736 65.7055
2737 66.1077
2738 65.9886
2739 65.812
2740 65.8427
2741 65.872
2742 66.1506
2743 66.3715
2744 66.2403
2745 66.0081
2746 65.7684
2747 65.9731
2748 65.9206
2749 66.0705
2750 66.1634
2751 65.7117
2752 65.6551
2753 65.6925
2754 65.8957
2755 65.9581
2756 65.8164
2757 65.8001
2758 65.8009
2759 65.7787
2760 65.9967
2761 66.0062
2762 65.7116
2763 65.7841
2764 65.7298
2765 66.0592
2766 66.0061
2767 66.2579
2768 66.1979
2769 65.7701
2770 65.623
2771 65.7825
2772 65.9608
2773 65.9472
2774 66.0392
2775 65.9645
2776 66.1895
2777 65.8215
2778 65.8458
2779 65.6379
2780 65.9787
2781 66.1178
2782 65.9577
2783 66.0029
2784 66.0637
2785 65.9054
2786 65.9389
2787 66.0857
2788 65.88
2789 66.3509
2790 65.9563
2791 65.8349
2792 66.2466
2793 66.2833
2794 65.8437
2795 65.7623
2796 66.0291
2797 65.6395
2798 65.8023
2799 65.773
2800 65.8104
2801 65.7473
2802 65.671
2803 65.9454
2804 66.3614
2805 65.7519
2806 66.1567
2807 65.7905
2808 65.8236
2809 65.8956
2810 66.0969
2811 66.1985
2812 66.0414
2813 65.7561
2814 65.8902
2815 65.8626
2816 66.1091
2817 66.0906
2818 66.1515
2819 66.1986
2820 66.0939
2821 66.0251
2822 66.1553
2823 65.7267
2824 65.5611
2825 65.9241
2826 65.9527
2827 65.9392
2828 65.7457
2829 66.0261
2830 65.906
2831 65.6911
2832 65.9165
2833 65.7553
2834 65.984
2835 65.7726
2836 65.8118
2837 65.5543
2838 65.6177
2839 65.8858
2840 65.7118
2841 65.9417
2842 65.8913
2843 65.4292
2844 65.7986
2845 65.6867
2846 65.9248
2847 65.8586
2848 65.9357
2849 65.6319
2850 65.8513
2851 66.1333
2852 66.2007
2853 65.972
2854 66.2215
2855 66.0782
2856 66.0279
2857 66.2705
2858 65.9896
2859 65.9858
2860 66.3155
2861 65.8509
2862 65.8177
2863 66.1012
2864 66.2207
2865 66.0088
2866 66.0601
2867 65.9143
2868 65.9429
2869 66.0655
2870 66.1012
2871 66.135
2872 66.0542
2873 65.6787
2874 65.8445
2875 65.978
2876 65.5732
2877 66.0288
2878 65.7047
2879 65.8821
2880 65.691
2881 65.7802
2882 66.0549
2883 66.1296
2884 65.9385
2885 66.1084
2886 65.9027
2887 65.8397
2888 65.9658
2889 66.3238
2890 65.7568
2891 65.5373
2892 65.5858
2893 66.0085
2894 66.0734
2895 66.0585
2896 65.6296
2897 65.739
2898 65.8149
2899 65.9514
2900 65.8333
2901 65.8616
2902 65.8837
2903 65.6204
2904 65.992
2905 66.2427
2906 66.1226
2907 66.0918
2908 66.2547
2909 66.5997
2910 65.7465
2911 65.6495
2912 66.0984
2913 66.2626
2914 66.4686
2915 65.9733
2916 65.8333
2917 65.4975
2918 65.7727
2919 66.1707
2920 66.2049
2921 65.9723
2922 65.7888
2923 65.9471
2924 65.9285
2925 65.8856
2926 66.0854
2927 66.0121
2928 65.9136
2929 65.7845
2930 66.1615
2931 65.9106
2932 66.1258
2933 65.9241
2934 66.091
2935 65.7083
2936 65.8926
2937 65.9671
2938 65.8838
2939 65.955
2940 66.1709
2941 65.9646
2942 65.5993
2943 66.1513
2944 66.2434
2945 66.0118
2946 66.0175
2947 65.8976
2948 65.6572
2949 66.0929
2950 65.8215
2951 65.6884
2952 65.6876
2953 65.989
2954 65.8433
2955 65.9786
2956 65.7889
2957 65.8159
2958 65.9863
2959 66.2235
2960 66.0104
2961 66.0071
2962 65.9891
2963 66.0177
2964 66.1157
2965 65.8965
2966 66.4832
2967 66.3273
2968 66.0065
2969 65.64
2970 65.8261
2971 65.8237
2972 65.6641
2973 65.845
2974 66.4272
2975 66.3169
2976 65.7539
2977 66.0327
2978 65.8916
2979 66.0884
2980 66.179
2981 65.7399
2982 66.0848
2983 65.9052
2984 65.878
2985 66.1683
2986 66.0132
2987 66.1893
2988 65.779
2989 65.768
2990 65.9869
2991 65.8365
2992 65.8723
2993 65.8133
2994 66.0339
2995 65.7977
2996 65.7745
2997 65.8496
2998 65.6831
2999 66.0756
3000 65.8246
3001 66.0426
3002 65.8366
3003 65.3854
3004 65.8469
3005 65.8737
3006 65.8356
3007 65.678
3008 66.0744
3009 66.0185
3010 65.994
3011 66.1516
3012 66.1833
3013 66.082
3014 66.0857
3015 65.9173
3016 65.7904
3017 65.9243
3018 66.2172
3019 66.0605
3020 65.9877
3021 66.1926
3022 66.2623
3023 65.7969
3024 65.5834
3025 65.8446
3026 65.7785
3027 66.1409
3028 66.0371
3029 66.1318
3030 65.8358
3031 65.6278
3032 66.018
3033 66.1341
3034 66.0667
3035 65.9027
3036 65.7145
3037 65.9082
3038 65.6489
3039 65.6802
3040 66.2538
3041 65.8533
3042 65.7914
3043 65.8062
3044 65.7804
3045 66.2041
3046 65.953
3047 65.6992
3048 66.2654
3049 65.5883
3050 65.8382
3051 66.0856
3052 66.2461
3053 65.8002
3054 65.8131
3055 65.788
3056 66.0701
3057 65.5692
3058 65.6634
3059 65.5956
3060 65.978
3061 65.5391
3062 66.0022
3063 65.6912
3064 65.8105
3065 66.0745
3066 66.0753
3067 66.1476
3068 65.9132
3069 65.7666
3070 65.7245
3071 66.3768
3072 66.0863
3073 66.0481
3074 65.5657
3075 66.1468
3076 66.0467
3077 65.8337
3078 65.838
3079 66.0124
3080 66.0989
3081 65.7807
3082 65.7364
3083 65.9807
3084 65.8731
3085 66.0826
3086 65.6322
3087 65.8397
3088 65.9934
3089 66.0919
3090 66.4829
3091 65.932
3092 65.7073
3093 66.0143
3094 66.0928
3095 65.7196
3096 65.7194
3097 66.1287
3098 66.1347
3099 65.8994
3100 65.9401
3101 65.6842
3102 66.0437
3103 66.2963
3104 66.101
3105 66.1034
3106 66.1969
3107 66.0413
3108 66.1297
3109 65.6637
3110 65.8694
3111 66.2216
3112 65.9327
3113 65.9054
3114 66.0888
3115 65.9864
3116 65.6692
3117 66.0027
3118 65.9512
3119 66.0264
3120 65.9328
3121 66.1633
3122 65.9581
3123 66.0476
3124 66.0636
3125 65.7979
3126 66.091
3127 66.286
3128 65.8127
3129 65.6342
3130 65.9475
3131 66.1483
3132 65.6754
3133 65.7973
3134 65.6562
3135 66.0089
3136 66.1596
3137 66.0786
3138 65.8251
3139 65.7455
3140 66.1252
3141 66.2427
3142 65.965
3143 65.9721
3144 66.27
3145 65.7598
3146 65.6904
3147 65.9904
3148 66.2247
3149 65.9721
3150 65.7172
3151 65.5959
3152 65.6916
3153 66.0475
3154 65.9751
3155 66.1215
3156 65.759
3157 65.8079
3158 66.0176
3159 65.5798
3160 65.7483
3161 65.9047
3162 65.7128
3163 65.8198
3164 66.099
3165 66.0679
3166 65.8642
3167 66.0995
3168 66.2155
3169 65.7436
3170 65.9838
3171 65.7102
3172 65.8406
3173 65.8958
3174 65.9659
3175 66.1273
3176 66.2098
3177 65.597
3178 65.5917
3179 65.8213
3180 65.7015
3181 65.8138
3182 65.5573
3183 66.0349
3184 65.8997
3185 66.1583
3186 66.0276
3187 66.068
3188 65.9961
3189 65.8965
3190 65.9013
3191 66.0396
3192 66.1504
3193 66.1136
3194 65.7613
3195 65.9909
3196 65.9566
3197 66.0564
3198 65.9217
3199 66.2582
3200 66.0086
3201 65.6378
3202 66.1932
3203 65.6629
3204 65.7366
3205 65.9512
3206 65.7791
3207 65.9902
3208 65.7755
3209 65.7705
3210 65.5241
3211 65.6795
3212 65.8808
3213 65.9504
3214 65.9359
3215 65.7853
3216 66.3045
3217 65.7061
3218 66.0596
3219 65.8321
3220 66.0519
3221 65.8103
3222 66.1101
3223 65.9791
3224 65.9899
3225 65.9706
3226 65.9603
3227 65.9408
3228 65.9215
3229 66.012
3230 65.7818
3231 66.0254
3232 65.5575
3233 65.9404
3234 65.9986
3235 66.23
3236 66.0509
3237 65.8067
3238 66.0691
3239 65.6321
3240 65.9406
3241 66.0749
3242 65.9909
3243 65.8481
3244 65.8238
3245 66.0704
3246 65.7118
3247 65.7286
3248 65.6366
3249 66.0956
3250 66.0994
3251 66.1586
3252 66.136
3253 66.0746
3254 65.9886
3255 65.9222
3256 65.8819
3257 65.7024
3258 65.626
3259 65.6845
3260 65.6123
3261 66.053
3262 65.7865
3263 65.7986
3264 65.8211
3265 65.9123
3266 65.8362
3267 65.3492
3268 65.6373
3269 66.003
3270 65.9615
3271 65.8735
3272 65.8185
3273 65.7235
3274 65.4574
3275 65.7928
3276 65.9705
3277 66.0139
3278 66.0408
3279 65.5399
3280 66.099
3281 66.2082
3282 66.2243
3283 66.0089
3284 66.1467
3285 65.9748
3286 65.932
3287 65.7432
3288 66.0797
3289 65.8948
3290 66.4054
3291 65.9505
3292 65.8502
3293 65.9175
3294 66.2719
3295 66.1977
3296 66.0254
3297 65.9027
3298 65.8197
3299 66.0803
3300 65.9478
3301 65.8734
3302 66.0439
3303 65.9698
3304 66.0618
3305 66.3063
3306 65.879
3307 65.966
3308 66.1728
3309 65.8536
3310 65.9442
3311 65.8332
3312 65.9354
3313 65.8815
3314 65.8174
3315 65.7986
3316 65.8378
3317 65.9214
3318 66.3202
3319 65.9222
3320 66.0327
3321 65.7376
3322 66.1386
3323 66.1001
3324 66.1075
3325 66.1937
3326 66.3087
3327 66.0571
3328 65.6075
3329 66.1625
3330 65.9643
3331 65.823
3332 66.3131
3333 66.0541
3334 66.1835
3335 65.9084
3336 65.8363
3337 66.0634
3338 66.2112
3339 66.2554
3340 65.8724
3341 66.1213
3342 66.1499
3343 65.8463
3344 65.5328
3345 65.8581
3346 65.8626
3347 65.8266
3348 65.9887
3349 66.0021
3350 65.7466
3351 66.1062
3352 66.0706
3353 65.9961
3354 65.913
3355 65.72
3356 65.6728
3357 65.9033
3358 65.6765
3359 65.9198
3360 65.7522
3361 66.0542
3362 66.0205
3363 66.1208
3364 66.3655
3365 65.8853
3366 65.9001
3367 65.9223
3368 65.873
3369 66.2387
3370 66.0083
3371 66.0719
3372 65.8845
3373 66.2188
3374 66.0791
3375 65.7004
3376 66.0412
3377 66.0891
3378 66.0991
3379 66.2049
3380 65.9687
3381 65.6503
3382 65.8765
3383 65.9285
3384 66.035
3385 66.1686
3386 66.1376
3387 65.8609
3388 65.7922
3389 66.0704
3390 65.9658
3391 66.4504
3392 65.9183
3393 66.0808
3394 66.4315
3395 65.9855
3396 66.1464
3397 65.8915
3398 66.0399
3399 66.1789
3400 65.9898
3401 65.9536
3402 65.8677
3403 65.6869
3404 65.939
3405 65.7779
3406 65.8893
3407 65.6718
3408 65.8203
3409 66.1445
3410 65.9049
3411 65.9648
3412 65.9413
3413 65.843
3414 65.8423
3415 65.8345
3416 65.7437
3417 65.8016
3418 65.8205
3419 66.0359
3420 65.8232
3421 66.0484
3422 65.9104
3423 65.9969
3424 65.5418
3425 65.8013
3426 65.8693
3427 65.8805
3428 65.6522
3429 65.7698
3430 65.8357
3431 65.7837
3432 65.8543
3433 65.9066
3434 66.0379
3435 65.698
3436 65.8745
3437 66.0418
3438 66.1426
3439 65.9059
3440 65.7824
3441 66.109
3442 65.8318
3443 65.9733
3444 65.9795
3445 65.6754
3446 65.7569
3447 66.0037
3448 66.0378
3449 65.7079
3450 66.2387
3451 65.8094
3452 65.7545
3453 65.8654
3454 65.9511
3455 65.7852
3456 65.5925
3457 65.8778
3458 65.7962
3459 66.1396
3460 65.9403
3461 65.7644
3462 65.849
3463 65.8245
3464 65.924
3465 65.9177
3466 66.1354
3467 65.864
3468 65.8392
3469 65.9917
3470 66.0691
3471 66.1051
3472 66.1064
3473 65.6381
3474 66.1035
3475 65.9009
3476 65.9124
3477 65.9819
3478 66.34
3479 65.6912
3480 65.8063
3481 65.8169
3482 65.9293
3483 66.1191
3484 65.7653
3485 66.0841
3486 66.0992
3487 65.6598
3488 66.0576
3489 65.9192
3490 65.7248
3491 66.0627
3492 65.9987
3493 65.8905
3494 65.8541
3495 65.712
3496 65.9148
3497 65.7014
3498 66.033
3499 65.9841
3500 65.998
