1 386.402
2 371.188
3 359.779
4 341.47
5 334.155
6 325.991
7 313.54
8 302.808
9 293.355
10 286.009
11 276.022
12 267.511
13 259.308
14 251.151
15 247.087
16 242.155
17 236.38
18 232.486
19 227.16
20 216.575
21 209.023
22 203.523
23 200.46
24 196.351
25 193.15
26 188.761
27 185.897
28 182.565
29 180.732
30 171.061
31 168.925
32 167.348
33 165.267
34 163.887
35 159.665
36 156.724
37 154.02
38 150.61
39 148.881
40 146.224
41 143.802
42 141.624
43 139.453
44 137.587
45 135.207
46 133.227
47 131.65
48 129.616
49 128.295
50 127.318
51 125.047
52 124.041
53 123.199
54 122.059
55 119.92
56 118.405
57 116.068
58 115.044
59 114.183
60 112.461
61 111.171
62 110.156
63 108.98
64 107.878
65 106.431
66 105.902
67 104.59
68 103.608
69 102.848
70 96.2966
71 95.102
72 94.1378
73 93.3577
74 92.8451
75 91.0586
76 90.2631
77 89.7962
78 89.3732
79 89.04
80 88.062
81 87.4838
82 87.1228
83 86.2639
84 85.5666
85 84.8314
86 84.3998
87 84.3998
88 83.7991
89 83.1906
90 82.4143
91 82.3158
92 81.9644
93 80.8555
94 80.8527
95 80.5946
96 79.5205
97 78.9927
98 78.7568
99 78.3509
100 78.1984
101 77.9397
102 77.1321
103 76.9452
104 76.1055
105 75.7666
106 75.2496
107 75.1786
108 75.1701
109 74.8902
110 74.8429
111 74.5861
112 74.0342
113 73.7302
114 73.7302
115 73.5514
116 73.4046
117 72.9496
118 72.5297
119 71.9279
120 71.9279
121 71.9279
122 71.9224
123 71.5947
124 71.5295
125 71.1962
126 71.1504
127 70.9302
128 70.9195
129 70.9195
130 70.9195
131 70.9195
132 70.0874
133 70.0874
134 70.0874
135 70.0874
136 69.477
137 69.477
138 69.477
139 69.477
140 69.477
141 69.477
142 69.477
143 69.477
144 69.477
145 69.477
146 69.477
147 69.477
148 69.477
149 69.4258
150 69.4258
151 69.4258
152 69.4258
153 69.4258
154 69.4258
155 69.4258
156 69.4258
157 69.4258
158 69.4258
159 69.4258
160 69.4258
161 69.4258
162 69.4258
163 69.4258
164 69.4258
165 69.3114
166 69.3114
167 69.3114
168 69.3114
169 68.9352
170 68.9352
171 68.9352
172 68.9352
173 68.9352
174 68.9352
175 68.9352
176 68.9352
177 68.9352
178 68.9352
179 68.9352
180 68.9352
181 68.9352
182 68.9352
183 68.9352
184 68.9352
185 68.9352
186 68.9352
187 68.9352
188 68.9352
189 68.9352
190 68.9352
191 68.9352
192 68.9352
193 68.9352
194 68.9352
195 68.9352
196 68.9352
197 68.9352
198 68.9352
199 68.9352
200 68.9352
201 68.9352
202 68.9352
203 68.9352
204 68.9352
205 68.9352
206 68.9352
207 68.9352
208 68.9352
209 68.9352
210 68.8196
211 68.8196
212 68.8196
213 68.8196
214 68.8196
215 68.8196
216 68.8196
217 68.8196
218 68.8196
219 68.8196
220 68.8196
221 68.8196
222 68.8196
223 68.8196
224 68.8196
225 68.8196
226 68.8196
227 68.8196
228 68.8196
229 68.8196
230 68.8196
231 68.8196
232 68.8196
233 68.8196
234 68.8196
235 68.8196
236 68.8196
237 68.8196
238 68.8196
239 68.717
240 68.717
241 68.717
242 68.717
243 68.717
244 68.717
245 68.717
246 68.717
247 68.717
248 68.717
249 68.717
250 68.717
251 68.717
252 68.717
253 68.717
254 68.717
255 68.717
256 68.717
257 68.717
258 68.717
259 68.717
260 68.717
261 68.717
262 68.717
263 68.717
264 68.717
265 68.717
266 68.717
267 68.717
268 68.717
269 68.717
270 68.717
271 68.717
272 68.717
273 68.717
274 68.717
275 68.717
276 68.717
277 68.717
278 68.717
279 68.717
280 68.717
281 68.717
282 68.717
283 68.717
284 68.717
285 68.717
286 68.717
287 68.717
288 68.717
289 68.717
290 68.717
291 68.717
292 68.717
293 68.717
294 68.717
295 68.717
296 68.717
297 68.717
298 68.717
299 68.717
300 68.717
301 68.717
302 68.717
303 68.717
304 68.717
305 68.717
306 68.717
307 68.717
308 68.717
309 68.5745
310 68.5745
311 68.5745
312 68.5745
313 68.5745
314 68.5745
315 68.5745
316 68.5745
317 68.5745
318 68.5745
319 68.5745
320 68.5745
321 68.5745
322 68.5745
323 68.5745
324 68.5745
325 68.5745
326 68.5745
327 68.5745
328 68.5745
329 68.5745
330 68.5745
331 68.5745
332 68.5745
333 68.5745
334 68.5745
335 68.5745
336 68.5745
337 68.5745
338 68.5745
339 68.5745
340 68.5745
341 68.5745
342 68.5745
343 68.5745
344 68.5745
345 68.5745
346 68.5745
347 68.5745
348 68.5745
349 68.5745
350 68.5745
351 68.5745
352 68.5745
353 68.5745
354 68.5745
355 68.5745
356 68.5745
357 68.5745
358 68.5745
359 68.5745
360 68.5745
361 68.5745
362 68.5745
363 68.5745
364 68.5745
365 68.5745
366 68.5745
367 68.5745
368 68.5745
369 68.5745
370 68.5745
371 68.5745
372 68.5745
373 68.5745
374 68.5745
375 68.5745
376 68.5745
377 68.5745
378 68.5745
379 68.5745
380 68.5745
381 68.5745
382 68.5745
383 68.5745
384 68.5745
385 68.5745
386 68.5745
387 68.5745
388 68.5745
389 68.5745
390 68.5745
391 68.5745
392 68.5745
393 68.5745
394 68.5745
395 68.5745
396 68.5745
397 68.5745
398 68.5745
399 68.5745
400 68.5745
401 68.5745
402 68.5745
403 68.5745
404 68.5745
405 68.5745
406 68.5745
407 68.4858
408 68.4858
409 68.4858
410 68.4858
411 68.4858
412 68.4858
413 68.4858
414 68.4858
415 68.4858
416 68.4858
417 68.4858
418 68.4858
419 68.4858
420 68.4858
421 68.4858
422 68.4858
423 68.4858
424 68.4858
425 68.4858
426 68.4858
427 68.4858
428 68.4858
429 68.4858
430 68.4858
431 68.4858
432 68.4858
433 68.4858
434 68.4858
435 68.4858
436 68.4858
437 68.4858
438 68.4858
439 68.4858
440 68.4858
441 68.4858
442 68.4858
443 68.4858
444 68.4858
445 68.4858
446 68.4858
447 68.4858
448 68.4858
449 68.4858
450 68.4858
451 68.4858
452 68.4858
453 68.4858
454 68.4858
455 68.4858
456 68.4858
457 68.4858
458 68.4858
459 68.4858
460 68.4858
461 68.4858
462 68.4858
463 68.4858
464 68.4858
465 68.4858
466 68.4858
467 68.4858
468 68.4858
469 68.4858
470 68.4858
471 68.4858
472 68.4858
473 68.4858
474 68.4858
475 68.4858
476 68.4858
477 68.4858
478 68.4858
479 68.4858
480 68.4858
481 68.4858
482 68.4858
483 68.4858
484 68.4858
485 68.4858
486 68.4858
487 68.4858
488 68.4858
489 68.4858
490 68.4858
491 68.4858
492 68.4858
493 68.4858
494 68.4858
495 68.4858
496 68.4858
497 68.4858
498 68.4858
499 68.4858
500 68.4858
501 68.4858
502 68.4858
503 68.4858
504 68.4858
505 68.4858
506 68.4858
507 68.4858
508 68.4858
509 68.4858
510 68.4858
511 68.4858
512 68.4858
513 68.4858
514 68.4858
515 68.4858
516 68.4858
517 68.4858
518 68.4858
519 68.4858
520 68.4858
521 68.4858
522 68.4858
523 68.4858
524 68.4858
525 68.4858
526 68.4858
527 68.4858
528 68.4858
529 68.4858
530 68.4858
531 68.4858
532 68.4858
533 68.4858
534 68.4858
535 68.4858
536 68.4858
537 68.4858
538 68.4858
539 68.4858
540 68.4858
541 68.4858
542 68.4858
543 68.4858
544 68.4858
545 68.4858
546 68.4858
547 68.4858
548 68.4858
549 68.4858
550 68.4858
551 68.4858
552 68.4858
553 68.4858
554 68.4858
555 68.4858
556 68.4858
557 68.4858
558 68.4858
559 68.4858
560 68.4858
561 68.4858
562 68.4858
563 68.4858
564 68.4858
565 68.4858
566 68.4858
567 68.4858
568 68.4858
569 68.4858
570 68.4858
571 68.4858
572 68.4858
573 68.4858
574 68.4858
575 68.4858
576 68.4858
577 68.4858
578 68.4858
579 68.4858
580 68.4858
581 68.4858
582 68.4858
583 68.4858
584 68.4858
585 68.4858
586 68.4858
587 68.4858
588 68.4858
589 68.4858
590 68.4858
591 68.4858
592 68.4858
593 68.4858
594 68.4858
595 68.4858
596 68.4858
597 68.4858
598 68.4858
599 68.4858
600 68.4858
601 68.4858
602 68.4858
603 68.4858
604 68.4858
605 68.4858
606 68.4858
607 68.4858
608 68.4858
609 68.4858
610 68.4858
611 68.4858
612 68.4858
613 68.4858
614 68.4858
615 68.4858
616 68.4858
617 68.4858
618 68.4858
619 68.4858
620 68.4858
621 68.4858
622 68.4858
623 68.4858
624 68.4858
625 68.4858
626 68.4858
627 68.4858
628 68.4858
629 68.4858
630 68.4858
631 68.4858
632 68.4858
633 68.4858
634 68.4858
635 68.4858
636 68.4858
637 68.4858
638 68.4858
639 68.4858
640 68.3797
641 68.3797
642 68.3797
643 68.3797
644 68.3797
645 68.3797
646 68.3797
647 68.3797
648 68.3797
649 68.3797
650 68.3797
651 68.3797
652 68.3797
653 68.3797
654 68.3797
655 68.3797
656 68.3797
657 68.3797
658 68.3797
659 68.3797
660 68.3797
661 68.3797
662 68.3797
663 68.3797
664 68.3797
665 68.3797
666 68.3797
667 68.3797
668 68.3797
669 68.3797
670 68.3797
671 68.3797
672 68.3797
673 68.3797
674 68.3797
675 68.3797
676 68.3797
677 68.3797
678 68.3797
679 68.3797
680 68.3797
681 68.3797
682 68.3797
683 68.3797
684 68.3797
685 68.3797
686 68.3021
687 68.3021
688 68.3021
689 68.3021
690 68.3021
691 68.036
692 68.036
693 68.036
694 68.036
695 68.036
696 68.036
697 68.036
698 68.036
699 68.036
700 68.036
701 68.036
702 68.036
703 68.036
704 68.036
705 68.036
706 68.036
707 68.036
708 68.036
709 68.036
710 68.036
711 68.036
712 68.036
713 68.036
714 68.036
715 68.036
716 68.036
717 68.036
718 68.036
719 68.036
720 68.036
721 68.036
722 68.036
723 68.036
724 68.036
725 68.036
726 68.036
727 68.036
728 68.036
729 68.036
730 68.036
731 68.036
732 68.036
733 68.036
734 68.036
735 68.036
736 68.036
737 68.036
738 68.036
739 68.036
740 68.036
741 68.036
742 68.036
743 68.036
744 68.036
745 68.036
746 68.036
747 68.036
748 68.036
749 68.036
750 68.036
751 68.036
752 68.036
753 68.036
754 68.036
755 68.036
756 68.036
757 68.036
758 68.036
759 68.036
760 68.036
761 68.036
762 68.036
763 68.036
764 68.036
765 68.0078
766 68.0078
767 68.0078
768 68.0078
769 68.0078
770 68.0078
771 68.0078
772 68.0078
773 68.0078
774 68.0078
775 68.0078
776 68.0078
777 68.0078
778 68.0078
779 68.0078
780 68.0078
781 68.0078
782 68.0078
783 68.0078
784 68.0078
785 68.0078
786 68.0078
787 68.0078
788 68.0078
789 68.0078
790 68.0078
791 68.0078
792 68.0078
793 68.0078
794 68.0078
795 68.0078
796 68.0078
797 68.0078
798 68.0078
799 68.0078
800 68.0078
801 68.0078
802 68.0078
803 68.0078
804 68.0078
805 68.0078
806 68.0078
807 68.0078
808 68.0078
809 68.0078
810 68.0078
811 68.0078
812 68.0078
813 68.0078
814 68.0078
815 68.0078
816 67.9973
817 67.9973
818 67.9973
819 67.9973
820 67.9973
821 67.9973
822 67.9973
823 67.9973
824 67.9973
825 67.9973
826 67.9973
827 67.9973
828 67.9973
829 67.9973
830 67.9973
831 67.9973
832 67.9973
833 67.9973
834 67.9973
835 67.9973
836 67.9973
837 67.9973
838 67.9973
839 67.9973
840 65.517
841 65.517
842 65.517
843 65.517
844 65.517
845 65.517
846 65.517
847 65.517
848 65.517
849 65.517
850 65.517
851 65.517
852 65.517
853 65.517
854 65.517
855 65.517
856 65.517
857 65.517
858 65.517
859 65.517
860 65.517
861 65.517
862 65.517
863 65.517
864 65.517
865 65.517
866 65.517
867 65.517
868 65.517
869 65.517
870 65.517
871 65.517
872 65.517
873 65.517
874 65.517
875 65.517
876 65.517
877 65.517
878 65.517
879 65.517
880 65.517
881 65.517
882 65.517
883 65.517
884 65.517
885 65.517
886 65.517
887 65.517
888 65.517
889 65.517
890 65.517
891 65.517
892 65.517
893 65.517
894 65.517
895 65.517
896 65.517
897 65.517
898 65.517
899 65.517
900 65.517
901 65.517
902 65.517
903 65.517
904 65.517
905 65.517
906 65.517
907 65.517
908 65.517
909 65.517
910 65.517
911 65.517
912 65.517
913 65.517
914 65.517
915 65.517
916 65.517
917 65.517
918 65.517
919 65.517
920 65.517
921 65.517
922 65.517
923 65.517
924 65.517
925 65.517
926 65.517
927 65.517
928 65.517
929 65.517
930 65.517
931 65.517
932 65.517
933 65.517
934 65.517
935 65.517
936 65.517
937 65.517
938 65.517
939 65.517
940 65.517
941 65.517
942 65.517
943 65.517
944 65.517
945 65.517
946 65.517
947 65.517
948 65.517
949 65.517
950 65.517
951 65.517
952 65.517
953 65.517
954 65.517
955 65.517
956 65.517
957 65.517
958 65.517
959 65.517
960 65.517
961 65.517
962 65.517
963 65.517
964 65.517
965 65.517
966 65.517
967 65.517
968 65.517
969 65.517
970 65.517
971 65.517
972 65.517
973 65.517
974 65.517
975 65.517
976 65.517
977 65.517
978 65.517
979 65.517
980 65.517
981 65.517
982 65.517
983 65.517
984 65.517
985 65.517
986 65.517
987 65.517
988 65.517
989 65.517
990 65.517
991 65.517
992 65.517
993 65.517
994 65.517
995 65.517
996 65.517
997 65.517
998 65.517
999 65.517
1000 65.517
1001 65.517
1002 65.517
1003 65.517
1004 65.517
1005 65.517
1006 65.517
1007 65.517
1008 65.517
1009 65.517
1010 65.517
1011 65.517
1012 65.517
1013 65.517
1014 65.517
1015 65.517
1016 65.517
1017 65.517
1018 65.517
1019 65.517
1020 65.517
1021 65.517
1022 65.517
1023 65.517
1024 65.517
1025 65.517
1026 65.517
1027 65.517
1028 65.517
1029 65.517
1030 65.517
1031 65.517
1032 65.517
1033 65.517
1034 65.517
1035 65.517
1036 65.517
1037 65.517
1038 65.517
1039 65.517
1040 65.517
1041 65.517
1042 65.517
1043 65.517
1044 65.517
1045 65.517
1046 65.517
1047 65.517
1048 65.517
1049 65.517
1050 65.517
1051 65.517
1052 65.517
1053 65.517
1054 65.517
1055 65.517
1056 65.517
1057 65.517
1058 65.517
1059 65.517
1060 65.517
1061 65.517
1062 65.517
1063 65.517
1064 65.517
1065 65.517
1066 65.517
1067 65.517
1068 65.517
1069 65.517
1070 65.517
1071 65.517
1072 65.517
1073 65.517
1074 65.517
1075 65.517
1076 65.517
1077 65.517
1078 65.517
1079 65.517
1080 65.517
1081 65.517
1082 65.517
1083 65.517
1084 65.517
1085 65.517
1086 65.517
1087 65.517
1088 65.517
1089 65.517
1090 65.517
1091 65.517
1092 65.517
1093 65.517
1094 65.517
1095 65.517
1096 65.517
1097 65.517
1098 65.517
1099 65.517
1100 65.517
1101 65.517
1102 65.517
1103 65.517
1104 65.517
1105 65.517
1106 65.517
1107 65.517
1108 65.517
1109 65.517
1110 65.517
1111 65.517
1112 65.517
1113 65.517
1114 65.517
1115 65.517
1116 65.517
1117 65.517
1118 65.517
1119 65.517
1120 65.517
1121 65.517
1122 65.517
1123 65.517
1124 65.517
1125 65.517
1126 65.517
1127 65.517
1128 65.517
1129 65.517
1130 65.517
1131 65.517
1132 65.517
1133 65.517
1134 65.517
1135 65.517
1136 65.517
1137 65.517
1138 65.517
1139 65.517
1140 65.517
1141 65.517
1142 65.517
1143 65.517
1144 65.517
1145 65.517
1146 65.517
1147 65.517
1148 65.517
1149 65.517
1150 65.517
1151 65.517
1152 65.517
1153 65.517
1154 65.517
1155 65.517
1156 65.517
1157 65.517
1158 65.517
1159 65.517
1160 65.517
1161 65.517
1162 65.517
1163 65.517
1164 65.517
1165 65.517
1166 65.517
1167 65.517
1168 65.517
1169 65.517
1170 65.517
1171 65.517
1172 65.517
1173 65.517
1174 65.517
1175 65.517
1176 65.517
1177 65.517
1178 65.517
1179 65.517
1180 65.517
1181 65.517
1182 65.517
1183 65.517
1184 65.517
1185 65.517
1186 65.517
1187 65.517
1188 65.517
1189 65.517
1190 65.517
1191 65.517
1192 65.517
1193 65.517
1194 65.517
1195 65.517
1196 65.517
1197 65.517
1198 65.517
1199 65.517
1200 65.517
1201 65.517
1202 65.517
1203 65.517
1204 65.517
1205 65.517
1206 65.517
1207 65.517
1208 65.517
1209 65.517
1210 65.517
1211 65.517
1212 65.517
1213 65.517
1214 65.517
1215 65.517
1216 65.517
1217 65.517
1218 65.517
1219 65.517
1220 65.517
1221 65.517
1222 65.517
1223 65.517
1224 65.517
1225 65.517
1226 65.517
1227 65.517
1228 65.517
1229 65.517
1230 65.517
1231 65.517
1232 65.517
1233 65.517
1234 65.517
1235 65.517
1236 65.517
1237 65.517
1238 65.517
1239 65.517
1240 65.517
1241 65.517
1242 65.517
1243 65.517
1244 65.517
1245 65.517
1246 65.517
1247 65.517
1248 65.517
1249 65.517
1250 65.517
1251 65.517
1252 65.517
1253 65.517
1254 65.517
1255 65.517
1256 65.517
1257 65.517
1258 65.517
1259 65.517
1260 65.517
1261 65.517
1262 65.517
1263 65.517
1264 65.517
1265 65.517
1266 65.517
1267 65.517
1268 65.517
1269 65.517
1270 65.517
1271 65.517
1272 65.517
1273 65.517
1274 65.517
1275 65.517
1276 65.517
1277 65.517
1278 65.517
1279 65.517
1280 65.517
1281 65.517
1282 65.517
1283 65.517
1284 65.517
1285 65.517
1286 65.517
1287 65.517
1288 65.517
1289 65.517
1290 65.517
1291 65.517
1292 65.517
1293 65.517
1294 65.517
1295 65.517
1296 65.517
1297 65.517
1298 65.517
1299 65.517
1300 65.517
1301 65.517
1302 65.517
1303 65.517
1304 65.517
1305 65.517
1306 65.517
1307 65.517
1308 65.517
1309 65.517
1310 65.517
1311 65.517
1312 65.517
1313 65.517
1314 65.517
1315 65.517
1316 65.517
1317 65.517
1318 65.517
1319 65.517
1320 65.517
1321 65.517
1322 65.517
1323 65.517
1324 65.517
1325 65.517
1326 65.517
1327 65.517
1328 65.517
1329 65.517
1330 65.517
1331 65.517
1332 65.517
1333 65.517
1334 65.517
1335 65.517
1336 65.517
1337 65.517
1338 65.517
1339 65.517
1340 65.517
1341 65.517
1342 65.517
1343 65.517
1344 65.517
1345 65.517
1346 65.517
1347 65.517
1348 65.517
1349 65.517
1350 65.517
1351 65.517
1352 65.517
1353 65.517
1354 65.517
1355 65.517
1356 65.517
1357 65.517
1358 65.517
1359 65.517
1360 65.517
1361 65.517
1362 65.517
1363 65.517
1364 65.517
1365 65.517
1366 65.517
1367 65.517
1368 65.517
1369 65.517
1370 65.517
1371 65.517
1372 65.517
1373 65.517
1374 65.517
1375 65.517
1376 65.517
1377 65.517
1378 65.517
1379 65.517
1380 65.517
1381 65.517
1382 65.517
1383 65.517
1384 65.517
1385 65.517
1386 65.517
1387 65.517
1388 65.517
1389 65.517
1390 65.517
1391 65.517
1392 65.517
1393 65.517
1394 65.517
1395 65.517
1396 65.517
1397 65.517
1398 65.517
1399 65.517
1400 65.517
1401 65.517
1402 65.517
1403 65.517
1404 65.517
1405 65.517
1406 65.517
1407 65.517
1408 65.517
1409 65.517
1410 65.517
1411 65.517
1412 65.517
1413 65.517
1414 65.517
1415 65.517
1416 65.517
1417 65.517
1418 65.517
1419 65.517
1420 65.517
1421 65.517
1422 65.517
1423 65.517
1424 65.517
1425 65.517
1426 65.517
1427 65.517
1428 65.517
1429 65.517
1430 65.517
1431 65.517
1432 65.517
1433 65.517
1434 65.517
1435 65.517
1436 65.517
1437 65.517
1438 65.517
1439 65.517
1440 65.517
1441 65.517
1442 65.517
1443 65.517
1444 65.517
1445 65.517
1446 65.517
1447 65.517
1448 65.517
1449 65.517
1450 65.517
1451 65.517
1452 65.517
1453 65.517
1454 65.517
1455 65.517
1456 65.517
1457 65.517
1458 65.517
1459 65.517
1460 65.517
1461 65.517
1462 65.517
1463 65.517
1464 65.517
1465 65.517
1466 65.517
1467 65.517
1468 65.517
1469 65.517
1470 65.517
1471 65.517
1472 65.517
1473 65.517
1474 65.517
1475 65.517
1476 65.517
1477 65.517
1478 65.517
1479 65.517
1480 65.517
1481 65.517
1482 65.517
1483 65.517
1484 65.517
1485 65.517
1486 65.517
1487 65.517
1488 65.517
1489 65.517
1490 65.517
1491 65.517
1492 65.517
1493 65.517
1494 65.517
1495 65.517
1496 65.517
1497 65.517
1498 65.517
1499 65.517
1500 64.723
1501 64.723
1502 64.723
1503 64.723
1504 64.723
1505 64.723
1506 64.723
1507 64.723
1508 64.723
1509 64.723
1510 64.723
1511 64.723
1512 64.723
1513 64.723
1514 64.723
1515 64.723
1516 64.723
1517 64.723
1518 64.723
1519 64.723
1520 64.723
1521 64.723
1522 64.723
1523 64.723
1524 64.723
1525 64.723
1526 64.723
1527 64.723
1528 64.723
1529 64.723
1530 64.723
1531 64.723
1532 64.723
1533 64.723
1534 64.723
1535 64.723
1536 64.723
1537 64.723
1538 64.723
1539 64.723
1540 64.723
1541 64.723
1542 64.723
1543 64.723
1544 64.723
1545 64.723
1546 64.723
1547 64.723
1548 64.723
1549 64.723
1550 64.723
1551 64.723
1552 64.723
1553 64.723
1554 64.723
1555 64.723
1556 64.723
1557 64.723
1558 64.723
1559 64.723
1560 64.723
1561 64.723
1562 64.723
1563 64.723
1564 64.723
1565 64.723
1566 64.723
1567 64.723
1568 64.723
1569 64.723
1570 64.723
1571 64.723
1572 64.723
1573 64.723
1574 64.723
1575 64.723
1576 64.723
1577 64.723
1578 64.723
1579 64.723
1580 64.723
1581 64.723
1582 64.723
1583 64.723
1584 64.723
1585 64.723
1586 64.723
1587 64.723
1588 64.723
1589 64.723
1590 64.723
1591 64.723
1592 64.723
1593 64.723
1594 64.723
1595 64.723
1596 64.723
1597 64.723
1598 64.723
1599 64.723
1600 64.723
1601 64.723
1602 64.723
1603 64.723
1604 64.723
1605 64.723
1606 64.723
1607 64.723
1608 64.723
1609 64.723
1610 64.723
1611 64.723
1612 64.723
1613 64.723
1614 64.723
1615 64.723
1616 64.723
1617 64.723
1618 64.723
1619 64.723
1620 64.723
1621 64.723
1622 64.723
1623 64.723
1624 64.723
1625 64.723
1626 64.723
1627 64.723
1628 64.723
1629 64.723
1630 64.723
1631 64.723
1632 64.723
1633 64.723
1634 64.723
1635 64.723
1636 64.723
1637 64.723
1638 64.723
1639 64.723
1640 64.723
1641 64.723
1642 64.723
1643 64.723
1644 64.723
1645 64.723
1646 64.723
1647 64.723
1648 64.723
1649 64.723
1650 64.723
1651 64.723
1652 64.723
1653 64.723
1654 64.723
1655 64.723
1656 64.723
1657 64.723
1658 64.723
1659 64.723
1660 64.723
1661 64.723
1662 64.723
1663 64.723
1664 64.723
1665 64.723
1666 64.723
1667 64.723
1668 64.723
1669 64.723
1670 64.723
1671 64.723
1672 64.723
1673 64.723
1674 64.723
1675 64.723
1676 64.723
1677 64.723
1678 64.723
1679 64.723
1680 64.723
1681 64.723
1682 64.723
1683 64.723
1684 64.723
1685 64.723
1686 64.723
1687 64.723
1688 64.723
1689 64.723
1690 64.723
1691 64.723
1692 64.723
1693 64.723
1694 64.723
1695 64.723
1696 64.723
1697 64.723
1698 64.723
1699 64.723
1700 64.723
1701 64.723
1702 64.723
1703 64.723
1704 64.723
1705 64.723
1706 64.723
1707 64.723
1708 64.723
1709 64.723
1710 64.723
1711 64.723
1712 64.723
1713 64.723
1714 64.723
1715 64.723
1716 64.723
1717 64.723
1718 64.723
1719 64.723
1720 64.723
1721 64.723
1722 64.723
1723 64.723
1724 64.723
1725 64.723
1726 64.723
1727 64.723
1728 64.723
1729 64.723
1730 64.723
1731 64.723
1732 64.723
1733 64.723
1734 64.723
1735 64.723
1736 64.723
1737 64.723
1738 64.723
1739 64.723
1740 64.723
1741 64.723
1742 64.723
1743 64.723
1744 64.723
1745 64.723
1746 64.723
1747 64.723
1748 64.723
1749 64.723
1750 64.723
1751 64.723
1752 64.723
1753 64.723
1754 64.723
1755 64.723
1756 64.723
1757 64.723
1758 64.723
1759 64.723
1760 64.723
1761 64.723
1762 64.723
1763 64.723
1764 64.723
1765 64.723
1766 64.723
1767 64.723
1768 64.723
1769 64.723
1770 64.723
1771 64.723
1772 64.723
1773 64.723
1774 64.723
1775 64.723
1776 64.723
1777 64.723
1778 64.723
1779 64.723
1780 64.723
1781 64.723
1782 64.723
1783 64.723
1784 64.723
1785 64.723
1786 64.723
1787 64.723
1788 64.723
1789 64.723
1790 64.723
1791 64.723
1792 64.723
1793 64.723
1794 64.723
1795 64.723
1796 64.723
1797 64.723
1798 64.723
1799 64.723
1800 64.723
1801 64.723
1802 64.723
1803 64.723
1804 64.723
1805 64.723
1806 64.723
1807 64.723
1808 64.723
1809 64.723
1810 64.723
1811 64.723
1812 64.723
1813 64.723
1814 64.723
1815 64.723
1816 64.723
1817 64.723
1818 64.723
1819 64.723
1820 64.723
1821 64.723
1822 64.723
1823 64.723
1824 64.723
1825 64.723
1826 64.723
1827 64.723
1828 64.723
1829 64.723
1830 64.723
1831 64.723
1832 64.723
1833 64.723
1834 64.723
1835 64.723
1836 64.723
1837 64.723
1838 64.723
1839 64.723
1840 64.723
1841 64.723
1842 64.723
1843 64.723
1844 64.723
1845 64.723
1846 64.723
1847 64.723
1848 64.723
1849 64.723
1850 64.723
1851 64.723
1852 64.723
1853 64.723
1854 64.723
1855 64.723
1856 64.723
1857 64.723
1858 64.723
1859 64.723
1860 64.723
1861 64.723
1862 64.723
1863 64.723
1864 64.723
1865 64.723
1866 64.723
1867 64.723
1868 64.723
1869 64.723
1870 64.723
1871 64.723
1872 64.723
1873 64.723
1874 64.723
1875 64.723
1876 64.723
1877 64.723
1878 64.723
1879 64.723
1880 64.723
1881 64.723
1882 64.723
1883 64.723
1884 64.723
1885 64.723
1886 64.723
1887 64.723
1888 64.723
1889 64.723
1890 64.723
1891 64.723
1892 64.723
1893 64.723
1894 64.723
1895 64.723
1896 64.723
1897 64.723
1898 64.723
1899 64.723
1900 64.723
1901 64.723
1902 64.723
1903 64.723
1904 64.723
1905 64.723
1906 64.723
1907 64.723
1908 64.723
1909 64.723
1910 64.723
1911 64.723
1912 64.723
1913 64.723
1914 64.723
1915 64.723
1916 64.723
1917 64.723
1918 64.723
1919 64.723
1920 64.723
1921 64.723
1922 64.723
1923 64.723
1924 64.723
1925 64.723
1926 64.723
1927 64.723
1928 64.723
1929 64.723
1930 64.723
1931 64.723
1932 64.723
1933 64.723
1934 64.723
1935 64.723
1936 64.723
1937 64.723
1938 64.723
1939 64.723
1940 64.723
1941 64.723
1942 64.723
1943 64.723
1944 64.723
1945 64.723
1946 64.723
1947 64.723
1948 64.723
1949 64.723
1950 64.723
1951 64.723
1952 64.723
1953 64.723
1954 64.723
1955 64.723
1956 64.723
1957 64.723
1958 64.723
1959 64.723
1960 64.723
1961 64.723
1962 64.723
1963 64.723
1964 64.723
1965 64.723
1966 64.723
1967 64.723
1968 64.723
1969 64.723
1970 64.723
1971 64.723
1972 64.723
1973 64.723
1974 64.723
1975 64.723
1976 64.723
1977 64.723
1978 64.723
1979 64.723
1980 64.723
1981 64.723
1982 64.723
1983 64.723
1984 64.723
1985 64.723
1986 64.723
1987 64.723
1988 64.723
1989 64.723
1990 64.723
1991 64.723
1992 64.723
1993 64.723
1994 64.723
1995 64.723
1996 64.723
1997 64.723
1998 64.723
1999 64.723
2000 64.723
2001 64.723
2002 64.723
2003 64.723
2004 64.723
2005 64.723
2006 64.723
2007 64.723
2008 64.723
2009 64.723
2010 64.723
2011 64.723
2012 64.723
2013 64.723
2014 64.723
2015 64.723
2016 64.723
2017 64.723
2018 64.723
2019 64.723
2020 64.723
2021 64.723
2022 64.723
2023 64.723
2024 64.723
2025 64.723
2026 64.723
2027 64.723
2028 64.723
2029 64.723
2030 64.723
2031 64.723
2032 64.723
2033 64.723
2034 64.723
2035 64.723
2036 64.723
2037 64.723
2038 64.723
2039 64.723
2040 64.723
2041 64.723
2042 64.723
2043 64.723
2044 64.723
2045 64.723
2046 64.723
2047 64.723
2048 64.723
2049 64.723
2050 64.723
2051 64.723
2052 64.723
2053 64.723
2054 64.723
2055 64.723
2056 64.723
2057 64.723
2058 64.723
2059 64.723
2060 64.723
2061 64.723
2062 64.723
2063 64.723
2064 64.723
2065 64.723
2066 64.723
2067 64.723
2068 64.723
2069 64.723
2070 64.723
2071 64.723
2072 64.723
2073 64.723
2074 64.723
2075 64.723
2076 64.723
2077 64.723
2078 64.723
2079 64.723
2080 64.723
2081 64.723
2082 64.723
2083 64.723
2084 64.723
2085 64.723
2086 64.723
2087 64.723
2088 64.723
2089 64.723
2090 64.723
2091 64.723
2092 64.723
2093 64.723
2094 64.723
2095 64.723
2096 64.723
2097 64.723
2098 64.723
2099 64.723
2100 64.723
2101 64.723
2102 64.723
2103 64.723
2104 64.723
2105 64.723
2106 64.723
2107 64.723
2108 64.723
2109 64.723
2110 64.723
2111 64.723
2112 64.723
2113 64.723
2114 64.723
2115 64.723
2116 64.723
2117 64.723
2118 64.723
2119 64.723
2120 64.723
2121 64.723
2122 64.723
2123 64.723
2124 64.723
2125 64.723
2126 64.723
2127 64.723
2128 64.723
2129 64.723
2130 64.723
2131 64.723
2132 64.723
2133 64.723
2134 64.723
2135 64.723
2136 64.723
2137 64.723
2138 64.723
2139 64.723
2140 64.723
2141 64.723
2142 64.723
2143 64.723
2144 64.723
2145 64.723
2146 64.723
2147 64.723
2148 64.723
2149 64.723
2150 64.723
2151 64.723
2152 64.723
2153 64.723
2154 64.723
2155 64.723
2156 64.723
2157 64.723
2158 64.723
2159 64.723
2160 64.723
2161 64.723
2162 64.723
2163 64.723
2164 64.723
2165 64.723
2166 64.723
2167 64.723
2168 64.723
2169 64.723
2170 64.723
2171 64.723
2172 64.723
2173 64.723
2174 64.723
2175 64.723
2176 64.723
2177 64.723
2178 64.723
2179 64.723
2180 64.723
2181 64.723
2182 64.723
2183 64.723
2184 64.723
2185 64.723
2186 64.723
2187 64.723
2188 64.723
2189 64.723
2190 64.723
2191 64.723
2192 64.723
2193 64.723
2194 64.723
2195 64.723
2196 64.723
2197 64.723
2198 64.723
2199 64.723
2200 64.723
2201 64.723
2202 64.723
2203 64.723
2204 64.723
2205 64.723
2206 64.723
2207 64.723
2208 64.723
2209 64.723
2210 64.723
2211 64.723
2212 64.723
2213 64.723
2214 64.723
2215 64.723
2216 64.723
2217 64.723
2218 64.723
2219 64.723
2220 64.723
2221 64.723
2222 64.723
2223 64.723
2224 64.723
2225 64.723
2226 64.723
2227 64.723
2228 64.723
2229 64.723
2230 64.723
2231 64.723
2232 64.723
2233 64.723
2234 64.723
2235 64.723
2236 64.723
2237 64.723
2238 64.723
2239 64.723
2240 64.723
2241 64.723
2242 64.723
2243 64.723
2244 64.723
2245 64.723
2246 64.723
2247 64.723
2248 64.723
2249 64.723
2250 64.723
2251 64.723
2252 64.723
2253 64.723
2254 64.723
2255 64.723
2256 64.723
2257 64.723
2258 64.723
2259 64.723
2260 64.723
2261 64.723
2262 64.723
2263 64.723
2264 64.723
2265 64.723
2266 64.723
2267 64.723
2268 64.723
2269 64.723
2270 64.723
2271 64.723
2272 64.723
2273 64.723
2274 64.723
2275 64.723
2276 64.723
2277 64.723
2278 64.723
2279 64.723
2280 64.723
2281 64.723
2282 64.723
2283 64.723
2284 64.723
2285 64.723
2286 64.723
2287 64.723
2288 64.723
2289 64.723
2290 64.723
2291 64.723
2292 64.723
2293 64.723
2294 64.723
2295 64.723
2296 64.723
2297 64.723
2298 64.723
2299 64.723
2300 64.723
2301 64.723
2302 64.723
2303 64.723
2304 64.723
2305 64.723
2306 64.723
2307 64.723
2308 64.723
2309 64.723
2310 64.723
2311 64.723
2312 64.723
2313 64.723
2314 64.723
2315 64.723
2316 64.723
2317 64.723
2318 64.723
2319 64.723
2320 64.723
2321 64.723
2322 64.723
2323 64.723
2324 64.723
2325 64.723
2326 64.723
2327 64.723
2328 64.723
2329 64.723
2330 64.723
2331 64.723
2332 64.723
2333 64.723
2334 64.723
2335 64.723
2336 64.723
2337 64.723
2338 64.723
2339 64.723
2340 64.723
2341 64.723
2342 64.723
2343 64.723
2344 64.723
2345 64.723
2346 64.723
2347 64.723
2348 64.723
2349 64.723
2350 64.723
2351 64.723
2352 64.723
2353 64.723
2354 64.723
2355 64.723
2356 64.723
2357 64.723
2358 64.723
2359 64.723
2360 64.723
2361 64.723
2362 64.723
2363 64.723
2364 64.723
2365 64.723
2366 64.723
2367 64.723
2368 64.723
2369 64.723
2370 64.723
2371 64.723
2372 64.723
2373 64.723
2374 64.723
2375 64.723
2376 64.723
2377 64.723
2378 64.723
2379 64.723
2380 64.723
2381 64.723
2382 64.723
2383 64.723
2384 64.723
2385 64.723
2386 64.723
2387 64.723
2388 64.723
2389 64.723
2390 64.723
2391 64.723
2392 64.723
2393 64.723
2394 64.723
2395 64.723
2396 64.723
2397 64.723
2398 64.723
2399 64.723
2400 64.723
2401 64.723
2402 64.723
2403 64.723
2404 64.723
2405 64.723
2406 64.723
2407 64.723
2408 64.723
2409 64.723
2410 64.723
2411 64.723
2412 64.723
2413 64.723
2414 64.723
2415 64.723
2416 64.723
2417 64.723
2418 64.723
2419 64.723
2420 64.723
2421 64.723
2422 64.723
2423 64.723
2424 64.723
2425 64.723
2426 64.723
2427 64.723
2428 64.723
2429 64.723
2430 64.723
2431 64.723
2432 64.723
2433 64.723
2434 64.723
2435 64.723
2436 64.723
2437 64.723
2438 64.723
2439 64.723
2440 64.723
2441 64.723
2442 64.723
2443 64.723
2444 64.723
2445 64.723
2446 64.723
2447 64.723
2448 64.723
2449 64.723
2450 64.723
2451 64.723
2452 64.723
2453 64.723
2454 64.723
2455 64.723
2456 64.723
2457 64.723
2458 64.723
2459 64.723
2460 64.723
2461 64.723
2462 64.723
2463 64.723
2464 64.723
2465 64.723
2466 64.723
2467 64.723
2468 64.723
2469 64.723
2470 64.723
2471 64.723
2472 64.723
2473 64.723
2474 64.723
2475 64.723
2476 64.723
2477 64.723
2478 64.723
2479 64.723
2480 64.723
2481 64.723
2482 64.723
2483 64.723
2484 64.723
2485 64.723
2486 64.723
2487 64.723
2488 64.723
2489 64.723
2490 64.723
2491 64.723
2492 64.723
2493 64.723
2494 64.723
2495 64.723
2496 64.723
2497 64.723
2498 64.723
2499 64.723
2500 64.723
2501 64.723
2502 64.723
2503 64.723
2504 64.723
2505 64.723
2506 64.723
2507 64.723
2508 64.723
2509 64.723
2510 64.723
2511 64.723
2512 64.723
2513 64.723
2514 64.723
2515 64.723
2516 64.723
2517 64.723
2518 64.723
2519 64.723
2520 64.723
2521 64.723
2522 64.723
2523 64.723
2524 64.723
2525 64.723
2526 64.723
2527 64.723
2528 64.723
2529 64.723
2530 64.723
2531 64.723
2532 64.723
2533 64.723
2534 64.723
2535 64.723
2536 64.723
2537 64.723
2538 64.723
2539 64.723
2540 64.723
2541 64.723
2542 64.723
2543 64.723
2544 64.723
2545 64.723
2546 64.723
2547 64.723
2548 64.723
2549 64.723
2550 64.723
2551 64.723
2552 64.723
2553 64.723
2554 64.723
2555 64.723
2556 64.723
2557 64.723
2558 64.723
2559 64.723
2560 64.723
2561 64.723
2562 64.723
2563 64.723
2564 64.723
2565 64.723
2566 64.723
2567 64.723
2568 64.723
2569 64.723
2570 64.723
2571 64.723
2572 64.723
2573 64.723
2574 64.723
2575 64.723
2576 64.723
2577 64.723
2578 64.723
2579 64.723
2580 64.723
2581 64.723
2582 64.723
2583 64.723
2584 64.723
2585 64.723
2586 64.723
2587 64.723
2588 64.723
2589 64.723
2590 64.723
2591 64.723
2592 64.723
2593 64.723
2594 64.723
2595 64.723
2596 64.723
2597 64.723
2598 64.723
2599 64.723
2600 64.723
2601 64.723
2602 64.723
2603 64.723
2604 64.723
2605 64.723
2606 64.723
2607 64.723
2608 64.723
2609 64.723
2610 64.723
2611 64.723
2612 64.723
2613 64.723
2614 64.723
2615 64.723
2616 64.723
2617 64.723
2618 64.723
2619 64.723
2620 64.723
2621 64.723
2622 64.723
2623 64.723
2624 64.723
2625 64.723
2626 64.723
2627 64.723
2628 64.723
2629 64.723
2630 64.723
2631 64.723
2632 64.723
2633 64.723
2634 64.723
2635 64.723
2636 64.723
2637 64.723
2638 64.723
2639 64.723
2640 64.723
2641 64.723
2642 64.723
2643 64.723
2644 64.723
2645 64.723
2646 64.723
2647 64.723
2648 64.723
2649 64.723
2650 64.723
2651 64.723
2652 64.723
2653 64.723
2654 64.723
2655 64.723
2656 64.723
2657 64.723
2658 64.723
2659 64.723
2660 64.723
2661 64.723
2662 64.723
2663 64.723
2664 64.723
2665 64.723
2666 64.723
2667 64.723
2668 64.723
2669 64.723
2670 64.723
2671 64.723
2672 64.723
2673 64.723
2674 64.723
2675 64.723
2676 64.723
2677 64.723
2678 64.723
2679 64.723
2680 64.723
2681 64.723
2682 64.723
2683 64.723
2684 64.723
2685 64.723
2686 64.723
2687 64.723
2688 64.723
2689 64.723
2690 64.723
2691 64.723
2692 64.723
2693 64.723
2694 64.723
2695 64.723
2696 64.723
2697 64.723
2698 64.723
2699 64.723
2700 64.723
2701 64.723
2702 64.723
2703 64.723
2704 64.723
2705 64.723
2706 64.723
2707 64.723
2708 64.723
2709 64.723
2710 64.723
2711 64.723
2712 64.723
2713 64.723
2714 64.723
2715 64.723
2716 64.723
2717 64.723
2718 64.723
2719 64.723
2720 64.723
2721 64.723
2722 64.723
2723 64.723
2724 64.723
2725 64.723
2726 64.723
2727 64.723
2728 64.723
2729 64.723
2730 64.723
2731 64.723
2732 64.723
2733 64.723
2734 64.723
2735 64.723
2736 64.723
2737 64.723
2738 64.723
2739 64.723
2740 64.723
2741 64.723
2742 64.723
2743 64.723
2744 64.723
2745 64.723
2746 64.723
2747 64.723
2748 64.723
2749 64.723
2750 64.723
2751 64.723
2752 64.723
2753 64.723
2754 64.723
2755 64.723
2756 64.723
2757 64.723
2758 64.723
2759 64.723
2760 64.723
2761 64.723
2762 64.723
2763 64.723
2764 64.723
2765 64.723
2766 64.723
2767 64.723
2768 64.723
2769 64.723
2770 64.723
2771 64.723
2772 64.723
2773 64.723
2774 64.723
2775 64.723
2776 64.723
2777 64.723
2778 64.723
2779 64.723
2780 64.723
2781 64.723
2782 64.723
2783 64.723
2784 64.723
2785 64.723
2786 64.723
2787 64.723
2788 64.723
2789 64.723
2790 64.723
2791 64.723
2792 64.723
2793 64.723
2794 64.723
2795 64.723
2796 64.723
2797 64.723
2798 64.723
2799 64.723
2800 64.723
2801 64.723
2802 64.723
2803 64.723
2804 64.723
2805 64.723
2806 64.723
2807 64.723
2808 64.723
2809 64.723
2810 64.723
2811 64.723
2812 64.723
2813 64.723
2814 64.723
2815 64.723
2816 64.723
2817 64.723
2818 64.723
2819 64.723
2820 64.723
2821 64.723
2822 64.723
2823 64.723
2824 64.723
2825 64.723
2826 64.723
2827 64.723
2828 64.723
2829 64.723
2830 64.723
2831 64.723
2832 64.723
2833 64.723
2834 64.723
2835 64.723
2836 64.723
2837 64.723
2838 64.723
2839 64.723
2840 64.723
2841 64.723
2842 64.723
2843 64.723
2844 64.723
2845 64.723
2846 64.723
2847 64.723
2848 64.723
2849 64.723
2850 64.723
2851 64.723
2852 64.723
2853 64.723
2854 64.723
2855 64.723
2856 64.723
2857 64.723
2858 64.723
2859 64.723
2860 64.723
2861 64.723
2862 64.723
2863 64.723
2864 64.723
2865 64.723
2866 64.723
2867 64.723
2868 64.723
2869 64.723
2870 64.723
2871 64.723
2872 64.723
2873 64.723
2874 64.723
2875 64.723
2876 64.723
2877 64.723
2878 64.723
2879 64.723
2880 64.723
2881 64.723
2882 64.723
2883 64.723
2884 64.723
2885 64.723
2886 64.723
2887 64.723
2888 64.723
2889 64.723
2890 64.723
2891 64.723
2892 64.723
2893 64.723
2894 64.723
2895 64.723
2896 64.723
2897 64.723
2898 64.723
2899 64.723
2900 64.723
2901 64.723
2902 64.723
2903 64.723
2904 64.723
2905 64.723
2906 64.723
2907 64.723
2908 64.723
2909 64.723
2910 64.723
2911 64.723
2912 64.723
2913 64.723
2914 64.723
2915 64.723
2916 64.723
2917 64.723
2918 64.723
2919 64.723
2920 64.723
2921 64.723
2922 64.723
2923 64.723
2924 64.723
2925 64.723
2926 64.723
2927 64.723
2928 64.723
2929 64.723
2930 64.723
2931 64.723
2932 64.723
2933 64.723
2934 64.723
2935 64.723
2936 64.723
2937 64.723
2938 64.723
2939 64.723
2940 64.723
2941 64.723
2942 64.723
2943 64.723
2944 64.723
2945 64.723
2946 64.723
2947 64.723
2948 64.723
2949 64.723
2950 64.723
2951 64.723
2952 64.723
2953 64.723
2954 64.723
2955 64.723
2956 64.723
2957 64.723
2958 64.723
2959 64.723
2960 64.723
2961 64.723
2962 64.723
2963 64.723
2964 64.723
2965 64.723
2966 64.723
2967 64.723
2968 64.723
2969 64.723
2970 64.723
2971 64.723
2972 64.723
2973 64.723
2974 64.723
2975 64.723
2976 64.723
2977 64.723
2978 64.723
2979 64.723
2980 64.723
2981 64.723
2982 64.723
2983 64.723
2984 64.723
2985 64.723
2986 64.723
2987 64.723
2988 64.723
2989 64.723
2990 64.723
2991 64.723
2992 64.723
2993 64.723
2994 64.723
2995 64.723
2996 64.723
2997 64.723
2998 64.723
2999 64.723
3000 64.723
3001 64.723
3002 64.723
3003 64.723
3004 64.723
3005 64.723
3006 64.723
3007 64.723
3008 64.723
3009 64.723
3010 64.723
3011 64.723
3012 64.723
3013 64.723
3014 64.723
3015 64.723
3016 64.723
3017 64.723
3018 64.723
3019 64.723
3020 64.723
3021 64.723
3022 64.723
3023 64.723
3024 64.723
3025 64.723
3026 64.723
3027 64.723
3028 64.723
3029 64.723
3030 64.723
3031 64.723
3032 64.723
3033 64.723
3034 64.723
3035 64.723
3036 64.723
3037 64.723
3038 64.723
3039 64.723
3040 64.723
3041 64.723
3042 64.723
3043 64.723
3044 64.723
3045 64.723
3046 64.723
3047 64.723
3048 64.723
3049 64.723
3050 64.723
3051 64.723
3052 64.723
3053 64.723
3054 64.723
3055 64.723
3056 64.723
3057 64.723
3058 64.723
3059 64.723
3060 64.723
3061 64.723
3062 64.723
3063 64.723
3064 64.723
3065 64.723
3066 64.723
3067 64.723
3068 64.723
3069 64.723
3070 64.723
3071 64.723
3072 64.723
3073 64.723
3074 64.723
3075 64.723
3076 64.723
3077 64.723
3078 64.723
3079 64.723
3080 64.723
3081 64.723
3082 64.723
3083 64.723
3084 64.723
3085 64.723
3086 64.723
3087 64.723
3088 64.723
3089 64.723
3090 64.723
3091 64.723
3092 64.723
3093 64.723
3094 64.723
3095 64.723
3096 64.723
3097 64.723
3098 64.723
3099 64.723
3100 64.723
3101 64.723
3102 64.723
3103 64.723
3104 64.723
3105 64.723
3106 64.723
3107 64.723
3108 64.723
3109 64.723
3110 64.723
3111 64.723
3112 64.723
3113 64.723
3114 64.723
3115 64.723
3116 64.723
3117 64.723
3118 64.723
3119 64.723
3120 64.723
3121 64.723
3122 64.723
3123 64.723
3124 64.723
3125 64.723
3126 64.723
3127 64.723
3128 64.723
3129 64.723
3130 64.723
3131 64.723
3132 64.723
3133 64.723
3134 64.723
3135 64.723
3136 64.723
3137 64.723
3138 64.723
3139 64.723
3140 64.723
3141 64.723
3142 64.723
3143 64.723
3144 64.723
3145 64.723
3146 64.723
3147 64.723
3148 64.723
3149 64.723
3150 64.723
3151 64.723
3152 64.723
3153 64.723
3154 64.723
3155 64.723
3156 64.723
3157 64.723
3158 64.723
3159 64.723
3160 64.723
3161 64.723
3162 64.723
3163 64.723
3164 64.723
3165 64.723
3166 64.723
3167 64.723
3168 64.723
3169 64.723
3170 64.723
3171 64.723
3172 64.723
3173 64.723
3174 64.723
3175 64.723
3176 64.723
3177 64.723
3178 64.723
3179 64.723
3180 64.723
3181 64.723
3182 64.723
3183 64.723
3184 64.723
3185 64.723
3186 64.723
3187 64.723
3188 64.723
3189 64.723
3190 64.723
3191 64.723
3192 64.723
3193 64.723
3194 64.723
3195 64.723
3196 64.723
3197 64.723
3198 64.723
3199 64.723
3200 64.723
3201 64.723
3202 64.723
3203 64.723
3204 64.723
3205 64.723
3206 64.723
3207 64.723
3208 64.723
3209 64.723
3210 64.723
3211 64.723
3212 64.723
3213 64.723
3214 64.723
3215 64.723
3216 64.723
3217 64.723
3218 64.723
3219 64.723
3220 64.723
3221 64.723
3222 64.723
3223 64.723
3224 64.723
3225 64.723
3226 64.723
3227 64.723
3228 64.723
3229 64.723
3230 64.723
3231 64.723
3232 64.723
3233 64.723
3234 64.723
3235 64.723
3236 64.723
3237 64.723
3238 64.723
3239 64.723
3240 64.723
3241 64.723
3242 64.723
3243 64.723
3244 64.723
3245 64.723
3246 64.723
3247 64.723
3248 64.723
3249 64.723
3250 64.723
3251 64.723
3252 64.723
3253 64.723
3254 64.723
3255 64.723
3256 64.723
3257 64.723
3258 64.723
3259 64.723
3260 64.723
3261 64.723
3262 64.723
3263 64.723
3264 64.723
3265 64.723
3266 64.723
3267 64.723
3268 64.723
3269 64.723
3270 64.723
3271 64.723
3272 64.723
3273 64.723
3274 64.723
3275 64.723
3276 64.723
3277 64.723
3278 64.723
3279 64.723
3280 64.723
3281 64.723
3282 64.723
3283 64.723
3284 64.723
3285 64.723
3286 64.723
3287 64.723
3288 64.723
3289 64.723
3290 64.723
3291 64.723
3292 64.723
3293 64.723
3294 64.723
3295 64.723
3296 64.723
3297 64.723
3298 64.723
3299 64.723
3300 64.723
3301 64.723
3302 64.723
3303 64.723
3304 64.723
3305 64.723
3306 64.723
3307 64.723
3308 64.723
3309 64.723
3310 64.723
3311 64.723
3312 64.723
3313 64.723
3314 64.723
3315 64.723
3316 64.723
3317 64.723
3318 64.723
3319 64.723
3320 64.723
3321 64.723
3322 64.723
3323 64.723
3324 64.723
3325 64.723
3326 64.723
3327 64.723
3328 64.723
3329 64.723
3330 64.723
3331 64.723
3332 64.723
3333 64.723
3334 64.723
3335 64.723
3336 64.723
3337 64.723
3338 64.723
3339 64.723
3340 64.723
3341 64.723
3342 64.723
3343 64.723
3344 64.723
3345 64.723
3346 64.723
3347 64.723
3348 64.723
3349 64.723
3350 64.723
3351 64.723
3352 64.723
3353 64.723
3354 64.723
3355 64.723
3356 64.723
3357 64.723
3358 64.723
3359 64.723
3360 64.723
3361 64.723
3362 64.723
3363 64.723
3364 64.723
3365 64.723
3366 64.723
3367 64.723
3368 64.723
3369 64.723
3370 64.723
3371 64.723
3372 64.723
3373 64.723
3374 64.723
3375 64.723
3376 64.723
3377 64.723
3378 64.723
3379 64.723
3380 64.723
3381 64.723
3382 64.723
3383 64.723
3384 64.723
3385 64.723
3386 64.723
3387 64.723
3388 64.723
3389 64.723
3390 64.723
3391 64.723
3392 64.723
3393 64.723
3394 64.723
3395 64.723
3396 64.723
3397 64.723
3398 64.723
3399 64.723
3400 64.723
3401 64.723
3402 64.723
3403 64.723
3404 64.723
3405 64.723
3406 64.723
3407 64.723
3408 64.723
3409 64.723
3410 64.723
3411 64.723
3412 64.723
3413 64.723
3414 64.723
3415 64.723
3416 64.723
3417 64.723
3418 64.723
3419 64.723
3420 64.723
3421 64.723
3422 64.723
3423 64.723
3424 64.723
3425 64.723
3426 64.723
3427 64.723
3428 64.723
3429 64.723
3430 64.723
3431 64.723
3432 64.723
3433 64.723
3434 64.723
3435 64.723
3436 64.723
3437 64.723
3438 64.723
3439 64.723
3440 64.723
3441 64.723
3442 64.723
3443 64.723
3444 64.723
3445 64.723
3446 64.723
3447 64.723
3448 64.723
3449 64.723
3450 64.723
3451 64.723
3452 64.723
3453 64.723
3454 64.723
3455 64.723
3456 64.723
3457 64.723
3458 64.723
3459 64.723
3460 64.723
3461 64.723
3462 64.723
3463 64.723
3464 64.723
3465 64.723
3466 64.723
3467 64.723
3468 64.723
3469 64.723
3470 64.723
3471 64.723
3472 64.723
3473 64.723
3474 64.723
3475 64.723
3476 64.723
3477 64.723
3478 64.723
3479 64.723
3480 64.723
3481 64.723
3482 64.723
3483 64.723
3484 64.723
3485 64.723
3486 64.723
3487 64.723
3488 64.723
3489 64.723
3490 64.723
3491 64.723
3492 64.723
3493 64.723
3494 64.723
3495 64.723
3496 64.723
3497 64.723
3498 64.723
3499 64.723
3500 64.723
