0 508.989
1 452.196
2 415.302
3 391.929
4 374.213
5 359.646
6 345.959
7 331.036
8 321.295
9 312.279
10 303.329
11 294.332
12 287.34
13 280.515
14 273.513
15 268.591
16 262.586
17 255.205
18 249.081
19 244.461
20 239.161
21 234.589
22 230.139
23 223.991
24 219.441
25 216.509
26 213.495
27 209.11
28 203.865
29 198.835
30 194.788
31 191.108
32 186.209
33 181.804
34 179.682
35 177.674
36 175.536
37 173.223
38 171.41
39 168.95
40 166.943
41 165.028
42 163.156
43 161.552
44 159.715
45 156.605
46 155.975
47 154.532
48 152.959
49 151.16
50 150.719
51 150.021
52 148.253
53 146.23
54 142.763
55 139.446
56 135.988
57 134.174
58 132.855
59 131.268
60 129.231
61 128.201
62 126.936
63 125.71
64 124.723
65 124.153
66 123.116
67 122.595
68 121.092
69 119.72
70 117.941
71 116.119
72 113.852
73 112.708
74 110.991
75 110.793
76 108.972
77 108.152
78 106.956
79 105.293
80 102.777
81 100.99
82 100.658
83 101.885
84 102.342
85 101.73
86 101.408
87 99.9824
88 99.8853
89 99.4057
90 98.8234
91 97.6006
92 95.1998
93 93.1303
94 92.0568
95 90.9888
96 90.878
97 89.9484
98 88.8237
99 88.2256
100 89.6652
101 90.9801
102 91.959
103 91.5191
104 89.7755
105 87.2304
106 86.4767
107 86.3668
108 85.064
109 84.1748
110 83.7059
111 82.4917
112 82.1712
113 81.9962
114 81.7576
115 81.737
116 81.2422
117 80.4285
118 79.9888
119 79.4017
120 79.1258
121 78.8606
122 78.9178
123 78.7279
124 78.2952
125 78.1817
126 77.7185
127 77.626
128 77.5543
129 77.0099
130 76.6954
131 76.186
132 76.3075
133 76.1207
134 75.7578
135 75.3004
136 74.6758
137 74.8343
138 74.4562
139 74.1846
140 74.0073
141 73.9621
142 73.6449
143 73.3193
144 73.2007
145 72.8347
146 72.6054
147 72.4535
148 72.002
149 72.3168
150 72.4495
151 72.2822
152 71.9308
153 71.9537
154 71.8174
155 72.0193
156 71.7028
157 72.4924
158 72.5377
159 72.0406
160 71.594
161 71.4421
162 71.7024
163 71.227
164 70.8804
165 70.86
166 70.9031
167 70.8081
168 71.3173
169 71.2049
170 70.9794
171 70.9258
172 70.6953
173 70.5134
174 70.669
175 70.8712
176 70.5011
177 70.7132
178 71.222
179 70.8313
180 70.8492
181 71.1381
182 71.0307
183 70.3366
184 70.2768
185 70.3095
186 70.6173
187 70.5434
188 70.5407
189 70.4517
190 70.1744
191 70.0637
192 70.3958
193 70.292
194 70.6447
195 70.3578
196 70.2386
197 70.2778
198 69.998
199 70.3148
200 70.4011
201 70.2418
202 70.2134
203 69.9657
204 69.9997
205 70.6091
206 70.4451
207 70.5544
208 70.4867
209 70.1249
210 70.226
211 70.5868
212 70.4521
213 70.1546
214 70.2682
215 70.5006
216 70.0869
217 70.1763
218 70.2183
219 70.451
220 70.3004
221 70.442
222 69.8554
223 70.1161
224 70.0569
225 70.6547
226 70.4757
227 70.6829
228 70.3282
229 70.2616
230 70.7264
231 70.5319
232 70.3637
233 70.4011
234 70.2594
235 70.1096
236 70.3128
237 70.2835
238 70.192
239 70.3118
240 70.3329
241 70.5944
242 70.3062
243 70.2742
244 70.546
245 70.5729
246 70.6026
247 70.1146
248 70.3685
249 70.6924
250 70.6498
251 70.6397
252 70.3438
253 70.6162
254 70.6976
255 70.4873
256 70.0644
257 70.0564
258 70.179
259 70.2623
260 69.6413
261 69.6699
262 69.365
263 69.5128
264 69.4958
265 69.9695
266 70.1782
267 70.0121
268 70.346
269 69.6847
270 69.6256
271 69.8575
272 69.3492
273 69.4638
274 69.2667
275 69.7443
276 69.8362
277 69.8768
278 69.6774
279 69.7277
280 70.0961
281 70.0485
282 70.093
283 69.6274
284 69.5872
285 69.7908
286 69.5162
287 69.3191
288 69.31
289 69.8712
290 69.4417
291 69.4115
292 69.2057
293 69.5131
294 69.5093
295 69.3351
296 71.2475
297 74.0275
298 74.1063
299 72.2634
300 70.7021
301 70.0735
302 69.6881
303 69.2511
304 69.3209
305 69.3628
306 69.781
307 69.5918
308 69.3898
309 69.6314
310 69.4938
311 69.1835
312 69.2333
313 68.852
314 68.8692
315 68.8954
316 68.5749
317 68.542
318 68.3381
319 68.191
320 68.7831
321 68.8232
322 68.6424
323 68.5027
324 68.4649
325 68.3906
326 68.4644
327 68.6377
328 68.5311
329 68.3407
330 68.4907
331 68.1729
332 68.5304
333 70.6247
334 73.1525
335 73.0365
336 71.3391
337 69.8671
338 68.9331
339 68.6683
340 68.1126
341 68.1724
342 68.3127
343 68.5344
344 68.7714
345 68.6575
346 68.6477
347 68.5372
348 68.3293
349 68.7415
350 68.5187
351 68.7702
352 68.7951
353 68.675
354 68.4566
355 68.4739
356 68.3202
357 68.31
358 68.7784
359 68.6912
360 68.772
361 68.6019
362 69.056
363 68.632
364 68.5308
365 68.2425
366 68.6599
367 68.614
368 68.9544
369 68.6193
370 68.4169
371 68.3389
372 68.5411
373 68.5953
374 68.675
375 68.9579
376 68.7549
377 68.8048
378 68.8549
379 68.299
380 68.5817
381 69.05
382 69.1192
383 69.2154
384 69.0417
385 68.5713
386 68.8202
387 68.6179
388 68.4801
389 68.0818
390 68.5344
391 68.6862
392 68.4786
393 68.9053
394 68.4852
395 68.2229
396 68.8695
397 68.4163
398 68.365
399 68.5152
400 69.0122
401 68.9283
402 68.4567
403 68.5318
404 68.789
405 68.5789
406 68.4908
407 68.3698
408 68.6178
409 68.4888
410 68.6577
411 68.6583
412 68.4433
413 68.8557
414 68.5448
415 68.7022
416 68.7551
417 68.6069
418 68.5468
419 68.4031
420 68.5996
421 68.8289
422 68.4841
423 68.5135
424 68.4664
425 68.1741
426 68.5761
427 68.3491
428 68.5735
429 68.6059
430 68.2621
431 68.3759
432 68.5623
433 68.6753
434 68.3372
435 68.9957
436 68.5137
437 68.7237
438 68.7911
439 68.2036
440 68.2004
441 68.5201
442 68.4748
443 68.8106
444 68.6082
445 68.656
446 69.0401
447 68.9317
448 68.8435
449 68.9046
450 68.7658
451 68.6333
452 68.7814
453 68.6849
454 68.6296
455 68.4209
456 68.4081
457 68.5455
458 68.6174
459 68.7423
460 68.5865
461 68.76
462 68.6355
463 68.1403
464 68.5231
465 68.5039
466 68.7923
467 68.5757
468 68.916
469 68.7179
470 68.7231
471 68.4384
472 68.7226
473 68.6083
474 68.4655
475 68.4044
476 68.4673
477 68.6409
478 68.6087
479 68.5673
480 68.7132
481 68.465
482 68.977
483 68.5743
484 68.3615
485 68.4294
486 68.134
487 68.1741
488 68.2594
489 68.1952
490 68.2039
491 68.4131
492 68.3994
493 68.7149
494 68.6831
495 68.3735
496 68.2284
497 68.2737
498 68.3749
499 68.3618
500 68.3625
501 68.2831
502 68.2363
503 68.248
504 68.43
505 68.3164
506 68.1435
507 68.5616
508 68.409
509 68.344
510 68.0109
511 68.0433
512 68.2049
513 68.3846
514 68.4187
515 68.4918
516 68.6852
517 68.6315
518 68.4013
519 68.245
520 68.3957
521 68.0402
522 68.2654
523 68.1217
524 68.2101
525 68.5619
526 68.6424
527 68.4321
528 67.8306
529 68.0963
530 67.9968
531 68.2219
532 68.2965
533 68.3454
534 68.6491
535 68.1757
536 68.2806
537 68.5194
538 68.9417
539 68.4034
540 68.6457
541 68.2326
542 68.3415
543 68.2796
544 68.2112
545 67.9996
546 68.2294
547 68.2443
548 68.0946
549 68.052
550 68.1384
551 67.9357
552 68.1884
553 68.3696
554 68.2199
555 68.2334
556 68.1429
557 68.3594
558 68.4553
559 68.4118
560 68.2871
561 67.9964
562 68.2802
563 68.5018
564 68.0834
565 67.9937
566 68.2657
567 68.1445
568 68.3794
569 68.1276
570 68.4385
571 68.3896
572 68.3281
573 68.5577
574 68.2601
575 68.2771
576 68.306
577 68.1694
578 68.4878
579 68.5319
580 68.559
581 68.2407
582 67.9852
583 68.3656
584 68.7109
585 68.4835
586 68.4228
587 68.2899
588 68.5794
589 68.357
590 68.3826
591 68.4743
592 68.1055
593 68.4072
594 68.4789
595 68.6157
596 68.4813
597 68.2236
598 68.3137
599 68.37
600 68.3673
601 68.5603
602 68.48
603 68.2137
604 67.9627
605 67.9588
606 68.5765
607 68.5912
608 68.1662
609 68.3157
610 68.4854
611 68.2435
612 68.487
613 68.3755
614 68.3496
615 68.2279
616 68.2305
617 68.2551
618 68.2754
619 68.4032
620 67.9983
621 68.3864
622 68.6042
623 68.0244
624 68.0708
625 68.2307
626 68.3244
627 68.1187
628 68.261
629 68.194
630 68.2351
631 68.4619
632 68.5844
633 68.4472
634 68.2705
635 67.9809
636 68.2604
637 68.1859
638 68.1661
639 68.0611
640 68.1844
641 68.1777
642 68.4174
643 68.3868
644 68.4355
645 68.3261
646 68.0789
647 68.0953
648 68.0842
649 68.4148
650 68.3538
651 68.51
652 68.2722
653 68.6197
654 68.5261
655 68.6989
656 68.496
657 68.3147
658 68.5946
659 68.477
660 68.3004
661 68.2352
662 68.2987
663 68.1773
664 68.3529
665 68.1872
666 68.3068
667 68.1809
668 68.1599
669 68.3441
670 68.1331
671 68.5087
672 68.1675
673 68.1979
674 68.3193
675 68.2803
676 68.2022
677 68.7715
678 68.5461
679 68.5148
680 68.2574
681 67.9767
682 68.4654
683 68.4534
684 68.1939
685 68.4402
686 68.5268
687 68.6732
688 68.2649
689 68.3171
690 68.3732
691 68.1676
692 68.2671
693 67.9901
694 68.1766
695 68.3373
696 68.3658
697 68.3183
698 68.6877
699 67.9875
700 68.1091
701 68.5086
702 68.6823
703 68.0225
704 68.2198
705 68.1485
706 68.0821
707 68.4978
708 68.5181
709 68.4375
710 68.4041
711 68.3681
712 68.5725
713 68.5387
714 68.63
715 68.506
716 68.5962
717 68.5863
718 68.1004
719 68.474
720 68.7873
721 68.5778
722 68.502
723 68.5407
724 68.3359
725 68.7292
726 68.667
727 68.2952
728 68.3027
729 68.3751
730 68.6763
731 68.5743
732 68.1596
733 68.2224
734 68.2247
735 68.3157
736 68.5247
737 68.2183
738 68.2256
739 68.4788
740 68.4027
741 68.8031
742 68.2885
743 68.2463
744 68.2133
745 68.4967
746 68.0638
747 68.0138
748 68.0419
749 67.9323
750 68.0016
751 68.3655
752 68.1624
753 68.3463
754 67.9207
755 68.0186
756 68.0397
757 67.8548
758 68.3102
759 67.8836
760 68.1582
761 68.1805
762 67.897
763 67.7293
764 67.7857
765 67.9948
766 68.2923
767 67.8511
768 67.9305
769 68.341
770 68.2286
771 68.3518
772 68.1399
773 68.092
774 68.188
775 68.0228
776 68.0204
777 67.9477
778 68.1384
779 68.2841
780 67.7161
781 67.8196
782 68.16
783 68.0973
784 68.2533
785 68.4095
786 68.1636
787 67.9191
788 67.762
789 68.0459
790 67.9745
791 67.9621
792 68.2326
793 67.9294
794 68.0925
795 68.5464
796 68.2267
797 68.2352
798 67.9016
799 68.0832
800 67.9281
801 68.5612
802 68.3066
803 68.1502
804 68.5388
805 68.0084
806 68.1551
807 68.4082
808 68.304
809 67.9023
810 67.9389
811 68.2062
812 68.1092
813 68.4538
814 68.164
815 68.2285
816 68.4483
817 67.8899
818 67.8261
819 67.9582
820 68.2182
821 67.971
822 68.0147
823 67.9047
824 68.1787
825 68.1351
826 68.0272
827 68.3342
828 68.0771
829 68.3771
830 68.0997
831 68.0991
832 67.8796
833 67.7404
834 68.0117
835 67.8626
836 68.1483
837 68.0999
838 67.8599
839 68.0126
840 68.3208
841 67.9264
842 67.6557
843 67.845
844 68.1149
845 68.4842
846 68.4219
847 68.6409
848 68.8684
849 68.4293
850 67.9717
851 68.1545
852 68.0838
853 67.7892
854 68.0719
855 67.8955
856 67.8722
857 67.9167
858 68.0333
859 68.11
860 68.1362
861 67.9574
862 68.2092
863 68.0379
864 67.9674
865 68.3461
866 68.0713
867 67.9965
868 68.6594
869 68.077
870 68.1727
871 68.4776
872 68.0855
873 68.0785
874 67.9636
875 67.9559
876 68.1499
877 68.2569
878 68.3559
879 68.1824
880 68.0269
881 68.0681
882 67.7979
883 67.8721
884 68.198
885 68.1857
886 67.8398
887 67.8079
888 68.1741
889 68.3059
890 68.1806
891 67.6571
892 68.105
893 68.4767
894 68.6688
895 68.1223
896 68.3567
897 68.4556
898 68.3006
899 67.9674
900 68.1265
901 68.3122
902 68.4839
903 68.2407
904 68.5541
905 67.9937
906 68.3697
907 67.9478
908 68.0645
909 68.1085
910 68.1997
911 68.105
912 67.993
913 68.1429
914 67.8296
915 68.1993
916 67.979
917 68.0409
918 68.1456
919 67.9419
920 68.0683
921 68.1465
922 67.6883
923 67.8145
924 67.9324
925 68.0638
926 68.2477
927 68.0491
928 68.4499
929 68.164
930 67.8527
931 68.0998
932 68.2255
933 67.9516
934 68.0013
935 68.0748
936 68.4682
937 68.6506
938 68.8555
939 68.202
940 68.1415
941 68.2139
942 68.2984
943 68.2355
944 68.1383
945 67.7293
946 67.6136
947 67.7317
948 67.9165
949 67.9661
950 68.2019
951 68.2779
952 68.3272
953 68.396
954 68.2351
955 68.1388
956 68.321
957 68.1348
958 68.1351
959 67.9618
960 68.2523
961 68.1331
962 68.1554
963 68.4363
964 68.3548
965 68.0129
966 67.8788
967 67.8196
968 68.2433
969 68.2928
970 68.3055
971 67.9517
972 68.1166
973 68.2286
974 68.3442
975 68.1272
976 67.9052
977 68.3482
978 67.9779
979 68.2501
980 68.3687
981 68.0558
982 68.1342
983 67.689
984 68.2484
985 67.9142
986 67.844
987 67.7453
988 67.7977
989 68.2939
990 68.5304
991 68.6125
992 68.1255
993 68.4466
994 68.0587
995 67.9219
996 67.8916
997 67.7883
998 68.1003
999 68.2147
1000 68.123
1001 68.3848
1002 68.3615
1003 68.324
1004 68.0126
1005 68.0733
1006 68.4332
1007 68.4188
1008 68.4748
1009 68.204
1010 68.3543
1011 68.4721
1012 68.1037
1013 67.9352
1014 67.8935
1015 68.17
1016 68.5584
1017 68.064
1018 67.9663
1019 68.1787
1020 68.1792
1021 68.437
1022 68.539
1023 68.3549
1024 67.7685
1025 67.9364
1026 67.7711
1027 68.0574
1028 68.1131
1029 68.1422
1030 68.3297
1031 68.2633
1032 68.0613
1033 67.8677
1034 67.8088
1035 68.0821
1036 68.0828
1037 67.7371
1038 67.8695
1039 67.9026
1040 68.4018
1041 68.1308
1042 67.8937
1043 68.0801
1044 67.845
1045 67.9884
1046 68.0312
1047 68.0218
1048 68.2018
1049 68.1527
1050 67.6228
1051 68.0534
1052 68.4005
1053 68.3512
1054 68.253
1055 67.9185
1056 67.6721
1057 68.1243
1058 67.73
1059 67.9011
1060 68.0874
1061 67.7509
1062 67.4232
1063 67.714
1064 67.9002
1065 68.2765
1066 68.461
1067 68.0274
1068 68.1
1069 67.9386
1070 67.8979
1071 68.1285
1072 68.052
1073 68.0305
1074 68.1112
1075 68.1743
1076 68.0606
1077 67.5313
1078 67.8484
1079 68.342
1080 68.2924
1081 67.6861
1082 67.8131
1083 67.9703
1084 68.0888
1085 67.967
1086 68.0831
1087 68.3962
1088 68.3092
1089 68.3023
1090 68.4146
1091 67.96
1092 68.3158
1093 67.9028
1094 67.9828
1095 67.9666
1096 68.1128
1097 67.8974
1098 67.843
1099 68.0544
1100 67.8355
1101 67.9026
1102 68.3088
1103 67.8457
1104 67.6829
1105 67.8621
1106 68.235
1107 68.3539
1108 68.3388
1109 68.2869
1110 68.5111
1111 68.448
1112 68.1008
1113 67.9164
1114 67.7358
1115 67.7265
1116 67.8904
1117 67.8004
1118 67.7835
1119 67.7443
1120 67.6885
1121 68.0964
1122 68.1671
1123 68.0729
1124 67.9373
1125 67.8691
1126 68.0999
1127 67.973
1128 68.1207
1129 67.8091
1130 68.1852
1131 68.2019
1132 68.116
1133 68.2618
1134 68.291
1135 68.2265
1136 67.9433
1137 68.2273
1138 68.0698
1139 68.2338
1140 67.8586
1141 67.7788
1142 68.419
1143 68.0738
1144 68.0802
1145 68.1943
1146 67.9484
1147 68.0119
1148 67.981
1149 68.107
1150 67.8621
1151 67.836
1152 67.7564
1153 67.9341
1154 67.833
1155 67.9927
1156 67.6922
1157 67.9346
1158 67.5804
1159 67.9163
1160 68.0264
1161 67.8697
1162 68.1589
1163 68.2915
1164 68.0506
1165 68.4723
1166 68.0198
1167 68.2295
1168 68.3852
1169 68.1639
1170 67.9399
1171 67.6214
1172 68.0431
1173 67.8801
1174 67.8932
1175 67.818
1176 68.0461
1177 68.2195
1178 68.1716
1179 67.7234
1180 68.1604
1181 68.0478
1182 67.6817
1183 67.8406
1184 67.8752
1185 67.9112
1186 67.7136
1187 67.8515
1188 67.7967
1189 67.697
1190 67.543
1191 67.956
1192 67.8188
1193 67.8951
1194 67.7862
1195 68.0494
1196 67.7333
1197 68.0647
1198 67.6652
1199 67.8585
1200 67.8357
1201 67.9066
1202 68.3609
1203 68.2817
1204 68.2456
1205 68.1235
1206 68.1793
1207 67.9887
1208 68.1717
1209 68.1308
1210 67.7945
1211 68.1173
1212 67.7593
1213 67.9961
1214 67.8905
1215 68.1908
1216 68.0006
1217 68.0945
1218 68.064
1219 68.0376
1220 67.5667
1221 67.5644
1222 67.5715
1223 67.8002
1224 68.1306
1225 68.1201
1226 67.74
1227 67.6647
1228 67.8769
1229 67.6793
1230 67.7329
1231 67.8753
1232 68.0356
1233 67.7392
1234 68.002
1235 67.9738
1236 67.8792
1237 67.7905
1238 67.8255
1239 67.3946
1240 67.5248
1241 67.7415
1242 68.0977
1243 67.9293
1244 67.799
1245 68.2665
1246 68.2723
1247 67.8266
1248 67.8306
1249 68.2092
1250 67.8649
1251 68.2514
1252 67.9401
1253 68.0482
1254 68.1425
1255 68.0185
1256 67.9296
1257 68.1032
1258 68.1849
1259 67.9274
1260 68.2996
1261 68.3009
1262 67.9772
1263 68.1387
1264 68.4891
1265 67.9708
1266 67.7216
1267 67.7925
1268 67.5989
1269 67.7833
1270 67.992
1271 67.7531
1272 67.9061
1273 67.803
1274 68.0441
1275 68.1562
1276 67.7522
1277 67.8062
1278 67.9822
1279 67.7956
1280 67.8259
1281 67.7816
1282 67.8797
1283 68.1785
1284 68.0043
1285 67.9803
1286 67.959
1287 67.8571
1288 68.0256
1289 67.8583
1290 68.1126
1291 68.5196
1292 68.1126
1293 67.9549
1294 68.0687
1295 68.3921
1296 68.1608
1297 68.0401
1298 67.6617
1299 67.4192
1300 68.0077
1301 67.8642
1302 67.3332
1303 67.3114
1304 67.6185
1305 67.4934
1306 67.7379
1307 67.6665
1308 67.55
1309 67.6217
1310 68.0442
1311 68.0118
1312 67.7964
1313 67.5687
1314 67.9525
1315 68.2452
1316 68.1052
1317 68.449
1318 67.8838
1319 67.6181
1320 67.9183
1321 67.5687
1322 68.1315
1323 67.7136
1324 67.617
1325 67.6943
1326 67.8551
1327 67.9389
1328 67.6316
1329 68.0562
1330 67.9951
1331 68.2206
1332 67.8507
1333 68.0758
1334 67.8414
1335 67.8486
1336 68.2312
1337 67.8714
1338 67.809
1339 67.8441
1340 67.6963
1341 67.7169
1342 68.0945
1343 68.1886
1344 68.0421
1345 67.9835
1346 67.8053
1347 67.8932
1348 67.8093
1349 67.9187
1350 67.7955
1351 67.7322
1352 67.7082
1353 67.7996
1354 67.7238
1355 67.6742
1356 67.6426
1357 67.8139
1358 67.8077
1359 68.1696
1360 68.0808
1361 68.1656
1362 68.1767
1363 68.0492
1364 67.5944
1365 67.6103
1366 67.7929
1367 67.8622
1368 67.9281
1369 68.1872
1370 68.3458
1371 68.3123
1372 68.1529
1373 68.0601
1374 68.0215
1375 67.9524
1376 68.0488
1377 68.0955
1378 67.7229
1379 67.5346
1380 67.7171
1381 67.853
1382 67.7889
1383 68.0853
1384 68.229
1385 67.9111
1386 67.9366
1387 67.6901
1388 67.7877
1389 67.6334
1390 67.8892
1391 67.7616
1392 67.718
1393 67.673
1394 67.5343
1395 67.5982
1396 67.7414
1397 67.9783
1398 67.9133
1399 67.6915
1400 67.7196
1401 67.921
1402 67.7545
1403 67.7837
1404 68.0313
1405 67.7662
1406 67.8205
1407 67.604
1408 67.8742
1409 68.3011
1410 68.1726
1411 68.5969
1412 68.3135
1413 67.8778
1414 68.1599
1415 68.0175
1416 67.7011
1417 67.8544
1418 68.0086
1419 67.6508
1420 67.7427
1421 68.1679
1422 67.8654
1423 68.1055
1424 68.018
1425 68.1954
1426 67.7953
1427 67.9171
1428 68.1644
1429 68.1328
1430 67.8779
1431 67.7391
1432 67.7477
1433 68.0285
1434 68.0179
1435 68.2861
1436 68.2351
1437 68.2387
1438 67.8715
1439 67.8428
1440 67.4984
1441 67.6011
1442 67.7309
1443 67.9678
1444 67.766
1445 67.7596
1446 68.3797
1447 68.2889
1448 67.9663
1449 68.0811
1450 68.0276
1451 67.7904
1452 67.8202
1453 67.7312
1454 67.5888
1455 68.0057
1456 67.5278
1457 68.081
1458 67.8759
1459 67.7543
1460 67.8248
1461 67.6689
1462 67.8198
1463 67.8961
1464 67.6574
1465 67.7209
1466 67.9229
1467 67.9339
1468 67.8904
1469 67.6067
1470 67.9981
1471 67.9895
1472 67.9388
1473 67.5122
1474 67.6192
1475 67.7829
1476 67.6087
1477 67.6528
1478 67.7692
1479 67.9098
1480 67.5535
1481 67.891
1482 68.0568
1483 67.668
1484 68.0356
1485 68.2082
1486 67.9544
1487 67.6148
1488 67.7866
1489 68.0241
1490 67.9159
1491 68.0365
1492 67.7577
1493 68.0041
1494 68.0622
1495 67.6924
1496 67.866
1497 67.7968
1498 67.3553
1499 67.6517
1500 67.9226
1501 67.9432
1502 67.9989
1503 67.8597
1504 68.066
1505 67.9025
1506 68.0481
1507 68.1026
1508 68.1471
1509 67.9565
1510 67.7148
1511 67.6335
1512 67.7676
1513 67.7639
1514 67.6003
1515 67.41
1516 67.4849
1517 67.9714
1518 68.048
1519 67.9543
1520 67.577
1521 67.5915
1522 67.4729
1523 67.5335
1524 67.7517
1525 68.0026
1526 68.0016
1527 67.8842
1528 67.9989
1529 68.2036
1530 68.078
1531 67.5968
1532 67.562
1533 67.3844
1534 67.4198
1535 67.7325
1536 68.2524
1537 67.9754
1538 67.9352
1539 68.2545
1540 68.1669
1541 67.6389
1542 67.7539
1543 67.9078
1544 67.806
1545 68.0902
1546 68.0007
1547 68.0178
1548 68.0471
1549 68.3261
1550 67.8954
1551 67.9465
1552 67.8904
1553 67.7634
1554 67.9273
1555 68.0038
1556 68.0387
1557 68.0381
1558 67.954
1559 67.9688
1560 68.1083
1561 68.0682
1562 68.0766
1563 68.1874
1564 67.6856
1565 67.813
1566 67.9167
1567 67.9528
1568 67.9775
1569 67.8405
1570 67.8926
1571 67.9055
1572 67.503
1573 67.6126
1574 67.4064
1575 68.026
1576 67.9001
1577 68.2457
1578 68.2473
1579 67.9163
1580 67.6945
1581 67.7386
1582 67.976
1583 67.7115
1584 67.479
1585 67.5034
1586 67.5593
1587 67.7833
1588 68.31
1589 67.8815
1590 68.0376
1591 67.6441
1592 67.5958
1593 67.8404
1594 67.8312
1595 67.5575
1596 67.8035
1597 67.7044
1598 67.7472
1599 67.608
1600 68.2529
1601 68.083
1602 68.1607
1603 67.9127
1604 67.7018
1605 68.1031
1606 68.0513
1607 68.0749
1608 67.6991
1609 67.7293
1610 67.9196
1611 67.6729
1612 67.8558
1613 68.1371
1614 67.7161
1615 67.9585
1616 67.8804
1617 67.8672
1618 67.5795
1619 67.5587
1620 67.5475
1621 67.7604
1622 68.1411
1623 68.0583
1624 68.1653
1625 67.9101
1626 67.7994
1627 68.3345
1628 67.6864
1629 67.561
1630 67.7873
1631 68.0411
1632 68.1956
1633 68.1814
1634 67.7567
1635 67.7709
1636 67.7875
1637 67.6103
1638 67.7445
1639 68.1389
1640 67.9105
1641 67.6289
1642 67.7937
1643 68.366
1644 68.0574
1645 68.0551
1646 68.1689
1647 68.0508
1648 68.1344
1649 68.034
1650 67.7632
1651 67.4971
1652 67.4364
1653 67.8511
1654 67.6782
1655 67.9602
1656 68.1069
1657 67.7687
1658 68.2012
1659 68.1127
1660 67.9135
1661 68.2441
1662 67.9383
1663 67.8076
1664 67.7291
1665 68.0834
1666 67.4471
1667 67.3677
1668 67.5348
1669 67.6933
1670 67.7248
1671 67.6677
1672 67.8089
1673 67.8575
1674 67.84
1675 67.8212
1676 68.0641
1677 67.4956
1678 67.923
1679 67.7541
1680 67.688
1681 68.0072
1682 68.3013
1683 68.0116
1684 68.079
1685 67.6723
1686 67.7384
1687 67.5642
1688 67.9511
1689 67.9277
1690 67.9756
1691 67.6748
1692 67.9941
1693 67.9313
1694 68.0095
1695 67.7565
1696 67.9777
1697 67.9205
1698 67.5287
1699 67.8809
1700 67.9816
1701 68.0637
1702 68.2857
1703 67.8806
1704 67.9716
1705 67.9696
1706 68.0749
1707 67.6184
1708 67.8051
1709 67.6935
1710 67.9131
1711 67.7314
1712 67.9883
1713 67.8221
1714 67.7106
1715 68.0539
1716 67.7364
1717 67.7341
1718 67.4247
1719 68.0346
1720 67.4811
1721 67.7409
1722 67.6525
1723 68.1107
1724 67.929
1725 68.1189
1726 67.9846
1727 67.9502
1728 68.232
1729 68.1055
1730 67.6715
1731 68.0327
1732 67.5878
1733 67.6455
1734 68.4005
1735 68.0817
1736 67.4876
1737 68.0121
1738 68.0513
1739 67.9789
1740 68.0862
1741 67.8719
1742 68.3228
1743 67.9191
1744 67.6893
1745 67.8755
1746 67.9199
1747 67.9237
1748 67.7147
1749 67.6443
1750 68.053
1751 67.9118
1752 67.7395
1753 67.7438
1754 67.7129
1755 67.9076
1756 68.1186
1757 68.122
1758 67.8669
1759 67.7598
1760 67.9077
1761 67.853
1762 67.84
1763 67.8425
1764 68.1403
1765 68.2165
1766 68.2342
1767 67.7177
1768 67.6023
1769 67.7144
1770 67.712
1771 67.5902
1772 68.162
1773 67.7167
1774 67.8948
1775 67.738
1776 67.6469
1777 67.8636
1778 67.86
1779 67.8632
1780 68.0406
1781 68.1693
1782 68.2046
1783 68.2391
1784 68.1352
1785 68.3078
1786 68.0064
1787 68.0943
1788 67.8909
1789 67.9511
1790 67.5096
1791 67.88
1792 67.9145
1793 67.7775
1794 68.0934
1795 68.2833
1796 68.1837
1797 67.9258
1798 68.2199
1799 68.0307
1800 67.7669
1801 67.4794
1802 67.2663
1803 67.9346
1804 67.8285
1805 67.7884
1806 67.9649
1807 68.3105
1808 67.9863
1809 68.3656
1810 68.1659
1811 68.5013
1812 68.27
1813 68.4306
1814 68.1842
1815 68.0396
1816 67.7979
1817 67.694
1818 67.7428
1819 67.6046
1820 67.6904
1821 67.9988
1822 68.0785
1823 68.1291
1824 68.0267
1825 68.0796
1826 67.9987
1827 67.8886
1828 67.9598
1829 67.7403
1830 67.9038
1831 67.895
1832 67.7019
1833 68.0709
1834 67.9983
1835 68.1067
1836 68.1317
1837 67.9196
1838 67.9339
1839 67.7512
1840 68.0303
1841 68.1043
1842 67.7557
1843 68.2208
1844 67.9571
1845 68.0915
1846 67.8496
1847 68.1357
1848 67.7709
1849 67.6744
1850 67.5733
1851 67.8826
1852 68.0229
1853 67.7052
1854 67.5605
1855 67.859
1856 68.0449
1857 68.0703
1858 67.6873
1859 67.9004
1860 67.8707
1861 67.9973
1862 68.0284
1863 67.7339
1864 67.8109
1865 67.6201
1866 67.7558
1867 68.2083
1868 68.1978
1869 68.2898
1870 68.0134
1871 67.844
1872 68.0852
1873 67.5123
1874 67.4555
1875 67.43
1876 67.4571
1877 67.8339
1878 67.9969
1879 67.9943
1880 68.0004
1881 68.2756
1882 67.8444
1883 67.7802
1884 68.0448
1885 67.7499
1886 67.6879
1887 68.2968
1888 67.9704
1889 67.9039
1890 68.2418
1891 68.3329
1892 68.0905
1893 68.2772
1894 67.7499
1895 67.9794
1896 68.1226
1897 67.7804
1898 67.9732
1899 68.0068
1900 68.3474
1901 67.9046
1902 67.914
1903 68.0067
1904 68.1271
1905 68.1441
1906 67.9708
1907 67.7016
1908 67.7799
1909 67.45
1910 67.7786
1911 67.5182
1912 67.8868
1913 67.6765
1914 67.1896
1915 67.7686
1916 68.0478
1917 67.9758
1918 67.801
1919 67.8146
1920 67.9262
1921 68.0392
1922 67.6433
1923 67.6943
1924 67.7446
1925 67.8253
1926 68.0163
1927 67.8242
1928 68.0141
1929 67.8474
1930 68.1558
1931 67.9751
1932 67.9677
1933 68.1691
1934 67.7599
1935 68.1198
1936 68.2285
1937 67.9508
1938 67.9417
1939 67.6666
1940 67.7486
1941 67.8847
1942 67.5848
1943 67.7744
1944 67.6852
1945 68.2424
1946 67.9669
1947 68.1935
1948 67.7323
1949 68.0389
1950 67.608
1951 67.6443
1952 68.1753
1953 68.0399
1954 68.1277
1955 68.0969
1956 68.1089
1957 67.7295
1958 68.1439
1959 67.9786
1960 67.7726
1961 67.712
1962 67.8925
1963 67.5979
1964 67.7939
1965 68.1331
1966 68.2087
1967 68.2529
1968 67.6547
1969 67.4274
1970 67.9769
1971 67.9586
1972 67.5854
1973 67.8982
1974 68.3733
1975 68.354
1976 68.1879
1977 67.7374
1978 67.9355
1979 68.0694
1980 67.7879
1981 67.6428
1982 67.662
1983 67.5386
1984 67.8456
1985 67.9634
1986 68.1097
1987 68.0269
1988 67.7149
1989 68.177
1990 67.9944
1991 68.0652
1992 67.8457
1993 68.1669
1994 68.0229
1995 68.4245
1996 68.1289
1997 67.7281
1998 67.591
1999 67.5182
2000 67.8499
