1 389.523
2 375.283
3 357.508
4 331.405
5 323.518
6 308.697
7 288.329
8 277.824
9 268.525
10 259.594
11 253.24
12 248.842
13 239.912
14 234.846
15 228.11
16 222.959
17 217.978
18 212.469
19 208.182
20 202.48
21 195.405
22 190.562
23 188.281
24 185.249
25 180.073
26 176.456
27 174.021
28 170.886
29 165.892
30 162.883
31 161.441
32 159.11
33 156.263
34 153.422
35 151.025
36 149.358
37 146.49
38 144.294
39 142.269
40 140.23
41 138.334
42 136.598
43 134.13
44 132.011
45 129.363
46 127.072
47 124.291
48 122.595
49 121.392
50 120.151
51 117.757
52 116.291
53 115.051
54 114.105
55 113.077
56 111.584
57 110.889
58 109.625
59 108.284
60 106.717
61 105.039
62 103.879
63 103.23
64 103.108
65 101.801
66 101.427
67 100.428
68 99.649
69 98.1868
70 97.6181
71 96.3312
72 95.8535
73 95.1644
74 94.8684
75 94.5183
76 94.33
77 93.9284
78 93.1902
79 92.6409
80 92.2393
81 91.4286
82 91.1936
83 91.0766
84 90.6898
85 90.3283
86 89.2522
87 88.4348
88 88.1313
89 88.0853
90 87.9662
91 87.8016
92 87.6674
93 86.9569
94 86.8496
95 86.8496
96 84.2057
97 83.4657
98 83.0374
99 82.921
100 82.4191
101 82.1641
102 80.408
103 80.0675
104 79.5332
105 78.9887
106 78.409
107 78.1884
108 78.0837
109 77.8063
110 77.6323
111 76.6237
112 76.5295
113 76.4597
114 76.3655
115 75.2209
116 74.691
117 73.8365
118 73.8365
119 73.8365
120 73.8365
121 73.7747
122 73.7747
123 73.494
124 73.494
125 73.494
126 73.4913
127 73.1526
128 73.1526
129 72.8457
130 72.8457
131 72.8457
132 72.8457
133 72.8457
134 72.8457
135 72.8457
136 72.8457
137 72.8457
138 72.5901
139 72.5901
140 72.5809
141 72.5809
142 72.5809
143 72.5809
144 72.5278
145 72.5278
146 72.5278
147 72.5278
148 72.5278
149 72.5278
150 72.2206
151 72.2206
152 72.2206
153 72.2206
154 72.2206
155 72.2206
156 72.2206
157 72.2206
158 72.041
159 71.9791
160 71.7996
161 71.6852
162 71.6852
163 71.6852
164 71.6852
165 71.6852
166 71.6852
167 71.6852
168 71.6342
169 71.6342
170 71.4628
171 71.4628
172 71.4628
173 71.4628
174 71.4628
175 71.4628
176 71.4628
177 71.4628
178 71.4628
179 71.4628
180 71.4628
181 71.4628
182 71.4628
183 71.4628
184 71.4628
185 71.4628
186 71.4628
187 71.4628
188 71.4628
189 71.4628
190 71.4628
191 71.4628
192 71.4628
193 71.4628
194 71.4628
195 71.4628
196 71.4628
197 71.1811
198 71.1811
199 71.1811
200 71.1811
201 71.1811
202 71.1811
203 71.1811
204 71.1811
205 71.1811
206 71.1811
207 71.1811
208 71.1811
209 71.1811
210 71.1811
211 71.1811
212 71.1811
213 71.1811
214 71.1811
215 71.1811
216 71.1811
217 71.1811
218 71.1811
219 71.1811
220 71.1811
221 71.1811
222 71.1811
223 71.1811
224 71.1811
225 71.1811
226 71.1811
227 71.1811
228 71.1811
229 71.1811
230 71.1811
231 71.1811
232 71.1811
233 71.1811
234 71.1811
235 71.1811
236 71.1811
237 71.1811
238 71.1811
239 71.1811
240 71.1811
241 71.1811
242 71.1811
243 71.1811
244 71.1811
245 71.1048
246 71.1048
247 71.1048
248 71.1048
249 71.1048
250 71.1048
251 71.1048
252 71.1048
253 71.1048
254 71.1048
255 71.1048
256 71.1048
257 71.1048
258 71.1048
259 71.1048
260 71.1048
261 71.1048
262 71.1048
263 71.1048
264 71.1048
265 71.1048
266 71.1048
267 71.1048
268 71.1048
269 71.1048
270 71.1048
271 71.1048
272 71.1048
273 71.1048
274 71.1048
275 71.1048
276 71.1048
277 71.1048
278 71.1048
279 71.1048
280 71.1048
281 71.0159
282 71.0159
283 71.0159
284 71.0159
285 71.0159
286 71.0159
287 71.0159
288 71.0159
289 71.0159
290 71.0159
291 71.0159
292 71.0159
293 71.0159
294 71.0159
295 71.0159
296 71.0159
297 71.0159
298 71.0159
299 71.0159
300 71.0159
301 70.9959
302 70.9959
303 70.9959
304 70.9959
305 70.9959
306 70.9959
307 70.9959
308 70.9959
309 70.9959
310 70.9959
311 70.9959
312 70.9959
313 70.9959
314 70.9959
315 70.9959
316 70.9959
317 70.9959
318 70.9959
319 70.9959
320 70.4576
321 70.4576
322 70.4576
323 70.0803
324 70.0803
325 70.0803
326 70.0803
327 70.0803
328 70.0803
329 70.0803
330 70.0803
331 70.0803
332 70.0803
333 70.0803
334 70.043
335 70.043
336 70.043
337 70.043
338 70.043
339 70.043
340 70.043
341 70.043
342 70.043
343 70.043
344 70.043
345 70.043
346 70.043
347 70.043
348 70.043
349 70.043
350 70.043
351 70.043
352 70.043
353 70.043
354 70.043
355 70.043
356 70.043
357 70.043
358 70.043
359 70.043
360 70.043
361 70.043
362 70.043
363 70.043
364 70.043
365 70.043
366 70.043
367 70.043
368 70.043
369 70.043
370 70.043
371 70.043
372 70.043
373 70.043
374 70.043
375 70.043
376 70.043
377 70.043
378 70.043
379 70.043
380 70.043
381 70.043
382 70.043
383 70.043
384 70.043
385 70.043
386 70.043
387 70.043
388 70.043
389 70.043
390 70.043
391 70.043
392 70.043
393 70.043
394 70.043
395 70.043
396 70.043
397 70.043
398 70.043
399 70.043
400 70.043
401 70.043
402 70.043
403 70.043
404 70.043
405 70.043
406 70.043
407 70.043
408 70.043
409 70.043
410 70.043
411 70.043
412 70.043
413 70.043
414 70.043
415 70.043
416 70.043
417 70.043
418 70.043
419 70.043
420 70.043
421 70.043
422 70.043
423 70.043
424 70.043
425 70.043
426 70.043
427 70.043
428 70.043
429 70.043
430 70.043
431 70.043
432 70.043
433 70.043
434 70.043
435 70.043
436 70.043
437 70.043
438 70.043
439 70.043
440 70.043
441 70.043
442 70.043
443 70.043
444 70.043
445 70.043
446 70.043
447 70.043
448 70.043
449 70.043
450 70.043
451 70.043
452 70.043
453 70.043
454 70.043
455 70.043
456 70.043
457 70.043
458 70.043
459 70.043
460 70.043
461 70.043
462 70.043
463 70.043
464 70.043
465 70.043
466 70.043
467 70.043
468 70.043
469 70.043
470 70.043
471 70.043
472 70.043
473 70.043
474 70.043
475 70.043
476 70.043
477 70.043
478 70.043
479 70.043
480 70.043
481 70.043
482 70.043
483 70.043
484 70.043
485 70.043
486 70.043
487 70.043
488 70.043
489 70.043
490 70.043
491 70.043
492 70.043
493 70.043
494 70.043
495 70.043
496 70.043
497 70.043
498 70.043
499 70.043
500 70.043
501 70.043
502 70.043
503 70.043
504 70.043
505 70.043
506 70.043
507 70.043
508 70.043
509 70.043
510 70.043
511 70.043
512 70.043
513 70.043
514 70.043
515 70.043
516 70.043
517 70.043
518 70.043
519 70.043
520 70.043
521 69.9968
522 69.9968
523 69.9968
524 69.7356
525 69.7356
526 69.7356
527 69.7356
528 69.7356
529 69.7251
530 69.7251
531 69.7251
532 69.7251
533 69.7251
534 69.6345
535 69.6345
536 69.6345
537 69.6345
538 69.6345
539 69.6345
540 69.6345
541 69.6345
542 69.6345
543 69.6345
544 69.6345
545 69.6345
546 69.6345
547 69.6345
548 69.6345
549 69.6345
550 69.6345
551 69.6345
552 69.6345
553 69.6345
554 69.6345
555 69.6345
556 69.6345
557 69.6345
558 69.6345
559 69.6345
560 69.6345
561 69.6345
562 69.6345
563 69.6345
564 69.6345
565 69.6345
566 69.6345
567 69.6345
568 69.6345
569 69.6345
570 69.6345
571 69.6345
572 69.6345
573 69.6345
574 69.6345
575 69.6345
576 69.6345
577 69.6345
578 69.6345
579 69.6345
580 69.6345
581 69.6345
582 69.6345
583 69.6345
584 69.6345
585 69.6345
586 69.6345
587 69.6345
588 69.6345
589 69.6345
590 69.6345
591 69.6345
592 69.6345
593 69.6345
594 69.6345
595 69.6345
596 69.6345
597 69.6345
598 69.6345
599 69.6345
600 69.6345
601 69.6345
602 69.6345
603 69.6345
604 69.6345
605 69.6345
606 69.6345
607 69.6345
608 69.6345
609 69.6345
610 69.6345
611 69.6345
612 69.6345
613 69.6345
614 69.6345
615 69.6345
616 69.6345
617 69.6345
618 69.6345
619 69.6345
620 69.6345
621 69.6345
622 69.6345
623 69.6345
624 69.6345
625 69.6345
626 69.6345
627 69.6345
628 69.6345
629 69.6345
630 69.6345
631 69.6345
632 69.6345
633 69.6345
634 69.6345
635 69.6345
636 69.6345
637 69.6345
638 69.6345
639 69.6345
640 69.6345
641 69.6345
642 69.6345
643 69.6345
644 69.6345
645 69.6345
646 69.6345
647 69.6345
648 69.6345
649 69.6345
650 69.6345
651 69.6345
652 69.6345
653 69.6345
654 69.6345
655 69.6345
656 69.6345
657 69.6345
658 69.6345
659 69.6345
660 69.6345
661 69.6345
662 69.6345
663 69.6345
664 69.6345
665 69.6345
666 69.6345
667 69.6345
668 69.6345
669 69.6345
670 69.6345
671 69.6345
672 69.6345
673 69.6345
674 69.6345
675 69.6345
676 69.6345
677 69.6345
678 69.6345
679 69.6345
680 69.6345
681 69.6345
682 69.6345
683 69.6345
684 69.6345
685 69.6345
686 69.6345
687 69.6345
688 69.6345
689 69.6345
690 69.6345
691 69.6345
692 69.6345
693 69.6345
694 69.6345
695 69.6345
696 69.6345
697 69.6345
698 69.6345
699 69.6345
700 69.6345
701 69.6345
702 69.6345
703 69.6345
704 69.6345
705 69.6345
706 69.6345
707 69.6345
708 69.6345
709 69.6345
710 69.6345
711 69.6345
712 69.6345
713 69.6345
714 69.6345
715 69.6345
716 69.6345
717 69.6345
718 69.6345
719 69.6345
720 69.6345
721 69.6345
722 69.6345
723 69.6345
724 69.6345
725 69.6345
726 69.6345
727 69.6345
728 69.6345
729 69.6345
730 69.6345
731 69.6345
732 69.6345
733 69.6345
734 69.6345
735 69.6345
736 69.6345
737 69.6345
738 69.6345
739 69.6345
740 69.6345
741 69.6345
742 69.6345
743 69.6345
744 69.6345
745 69.6345
746 69.6345
747 69.6345
748 69.6345
749 69.6345
750 69.6345
751 69.6345
752 69.6345
753 69.6345
754 69.6345
755 69.6345
756 69.6345
757 69.6345
758 69.6345
759 69.6345
760 69.6345
761 69.6345
762 69.6345
763 69.6345
764 69.6345
765 69.6345
766 69.6345
767 69.6345
768 69.6345
769 69.6345
770 69.6345
771 69.6345
772 69.6345
773 69.6345
774 69.6345
775 69.6345
776 69.6345
777 69.6345
778 69.6345
779 69.6345
780 69.6345
781 69.6345
782 69.6345
783 69.6345
784 69.6345
785 69.6345
786 69.6345
787 69.6345
788 69.6345
789 69.6345
790 69.6345
791 69.6345
792 69.6345
793 69.6345
794 69.6345
795 69.6345
796 69.6345
797 69.6345
798 69.6345
799 69.6345
800 69.6345
801 69.6345
802 69.6345
803 69.6345
804 69.6345
805 69.6345
806 69.6345
807 69.6345
808 69.6345
809 69.6345
810 69.6345
811 69.6345
812 69.6345
813 69.6345
814 69.6345
815 69.6345
816 69.6345
817 69.6345
818 69.6345
819 69.6345
820 69.6345
821 69.6345
822 69.6345
823 69.6345
824 69.6345
825 69.6345
826 69.6345
827 69.6345
828 69.6345
829 69.6345
830 69.6345
831 69.6345
832 69.6345
833 69.6345
834 69.6345
835 69.6345
836 69.6345
837 69.6345
838 69.6345
839 69.6345
840 69.6345
841 69.6345
842 69.6345
843 69.6345
844 69.6345
845 69.6345
846 69.6345
847 69.6345
848 69.6345
849 69.6345
850 69.6345
851 69.6345
852 69.6345
853 69.6345
854 69.6345
855 69.6345
856 69.6345
857 69.6345
858 69.6345
859 69.6345
860 69.6345
861 69.6345
862 69.6345
863 69.6345
864 69.6345
865 69.6345
866 69.6345
867 69.6345
868 69.6345
869 69.6345
870 69.6345
871 69.6345
872 69.6345
873 69.6345
874 69.6345
875 69.6345
876 69.6345
877 69.6345
878 69.6345
879 69.6345
880 69.6345
881 69.6345
882 69.6345
883 69.6345
884 69.6345
885 69.6345
886 69.6345
887 69.6345
888 69.6345
889 69.6345
890 69.6345
891 69.6345
892 69.6345
893 69.6345
894 69.6345
895 69.6345
896 69.6345
897 69.6345
898 69.6345
899 69.6345
900 69.6345
901 69.6345
902 69.6345
903 69.6345
904 69.567
905 69.567
906 69.567
907 69.567
908 69.567
909 69.567
910 69.567
911 69.567
912 69.1034
913 69.1034
914 69.1034
915 69.1034
916 69.1034
917 69.1034
918 69.1034
919 69.1034
920 69.1034
921 69.1034
922 69.1034
923 69.1034
924 69.1034
925 69.1034
926 69.1034
927 69.1034
928 69.1034
929 69.1034
930 69.1034
931 68.9568
932 68.9568
933 68.9568
934 68.9568
935 68.9568
936 68.9568
937 68.9568
938 68.9568
939 68.9568
940 68.9568
941 68.9568
942 68.9568
943 68.9568
944 68.9568
945 68.9568
946 68.9568
947 68.9568
948 68.9568
949 68.9568
950 68.9568
951 68.9568
952 68.9568
953 68.9568
954 68.9568
955 68.9568
956 68.9568
957 68.9568
958 68.9568
959 68.9568
960 68.9568
961 68.9568
962 68.9568
963 68.9568
964 68.9568
965 68.9568
966 68.9568
967 68.9568
968 68.9568
969 68.9568
970 68.9568
971 68.9568
972 68.9568
973 68.9568
974 68.9568
975 68.9568
976 68.9568
977 68.9568
978 68.9568
979 68.9568
980 68.9568
981 68.9568
982 68.9568
983 68.9568
984 68.9568
985 68.9568
986 68.9568
987 68.9568
988 68.9568
989 68.9568
990 68.9568
991 68.9568
992 68.9568
993 68.9568
994 68.9568
995 68.9568
996 68.9568
997 68.9568
998 68.9568
999 68.9568
1000 68.9568
1001 68.9568
1002 68.9568
1003 68.9568
1004 68.9568
1005 68.9568
1006 68.9568
1007 68.9568
1008 68.9568
1009 68.9568
1010 68.9568
1011 68.9568
1012 68.9568
1013 68.9568
1014 68.9568
1015 68.9568
1016 68.9568
1017 68.9568
1018 68.9568
1019 68.9568
1020 68.9568
1021 68.9568
1022 68.9568
1023 68.9568
1024 68.9568
1025 68.9568
1026 68.9568
1027 68.9568
1028 68.9568
1029 68.9568
1030 68.9568
1031 68.9568
1032 68.9568
1033 68.9568
1034 68.9568
1035 68.9568
1036 68.9568
1037 68.9568
1038 68.9568
1039 68.9568
1040 68.9568
1041 68.9568
1042 68.9568
1043 68.9568
1044 68.9568
1045 68.9568
1046 68.9568
1047 68.9568
1048 68.9568
1049 68.9568
1050 68.9568
1051 68.9568
1052 68.9568
1053 68.9568
1054 68.9568
1055 68.9568
1056 68.9568
1057 68.9568
1058 68.9568
1059 68.9568
1060 68.9568
1061 68.9568
1062 68.9568
1063 68.9568
1064 68.9568
1065 68.9568
1066 68.9568
1067 68.9568
1068 68.9568
1069 68.9568
1070 68.9568
1071 68.9568
1072 68.9568
1073 68.9568
1074 68.9568
1075 68.9568
1076 68.9568
1077 68.9568
1078 68.9568
1079 68.9568
1080 68.9568
1081 68.9568
1082 68.9568
1083 68.9568
1084 68.9568
1085 68.9568
1086 68.9568
1087 68.9568
1088 68.9568
1089 68.9568
1090 68.9568
1091 68.9568
1092 68.9568
1093 68.9568
1094 68.9568
1095 68.9568
1096 68.9568
1097 68.9568
1098 68.9568
1099 68.9568
1100 68.9568
1101 68.9568
1102 68.9568
1103 68.9568
1104 68.9568
1105 68.9568
1106 68.9568
1107 68.9568
1108 68.9568
1109 68.9568
1110 68.9568
1111 68.9568
1112 68.9568
1113 68.9568
1114 68.9568
1115 68.9568
1116 68.9568
1117 68.9568
1118 68.9568
1119 68.9568
1120 68.9568
1121 68.9568
1122 68.9568
1123 68.9568
1124 68.9568
1125 68.9568
1126 68.9568
1127 68.9568
1128 68.9568
1129 68.9568
1130 68.9568
1131 68.9568
1132 68.9568
1133 68.9568
1134 68.9568
1135 68.9568
1136 68.9568
1137 68.9568
1138 68.9568
1139 68.9568
1140 68.9568
1141 68.9568
1142 68.9568
1143 68.9568
1144 68.9568
1145 68.9568
1146 68.9568
1147 68.9568
1148 68.9568
1149 68.9568
1150 68.9568
1151 68.9568
1152 68.9568
1153 68.9568
1154 68.9568
1155 68.9568
1156 68.9568
1157 68.9568
1158 68.9568
1159 68.9568
1160 68.9568
1161 68.9568
1162 68.9568
1163 68.9568
1164 68.9568
1165 68.9568
1166 68.9568
1167 68.9568
1168 68.9568
1169 68.9568
1170 68.9568
1171 68.9568
1172 68.9568
1173 68.9568
1174 68.9568
1175 68.9568
1176 68.9568
1177 68.9568
1178 68.9568
1179 68.9568
1180 68.9568
1181 68.9568
1182 68.9568
1183 68.9568
1184 68.9568
1185 68.9568
1186 68.9568
1187 68.9568
1188 68.9568
1189 68.9568
1190 68.9568
1191 68.9568
1192 68.9568
1193 68.9568
1194 68.9568
1195 68.9568
1196 68.9568
1197 68.9568
1198 68.9568
1199 68.9568
1200 68.9568
1201 68.3918
1202 68.3918
1203 68.3918
1204 68.3918
1205 68.3918
1206 68.3918
1207 68.3918
1208 68.3918
1209 68.3918
1210 68.3918
1211 68.3918
1212 68.3918
1213 68.3918
1214 68.3918
1215 68.3918
1216 68.3918
1217 68.3918
1218 68.3918
1219 68.3918
1220 68.3918
1221 68.3918
1222 68.3918
1223 68.3918
1224 68.3918
1225 68.3918
1226 68.3918
1227 68.3918
1228 68.3918
1229 68.3918
1230 68.3918
1231 68.3918
1232 68.1862
1233 68.1862
1234 68.1862
1235 68.1862
1236 68.1862
1237 68.1862
1238 68.1862
1239 68.1862
1240 68.1862
1241 68.1862
1242 68.1862
1243 68.1862
1244 68.1862
1245 68.1862
1246 68.1862
1247 68.1862
1248 68.1862
1249 68.1862
1250 68.1862
1251 68.1862
1252 68.1862
1253 68.1862
1254 68.1862
1255 68.1862
1256 68.1862
1257 68.1862
1258 68.1862
1259 68.1862
1260 68.1862
1261 68.1862
1262 68.1862
1263 68.1862
1264 68.1862
1265 68.1862
1266 68.1862
1267 68.1862
1268 68.1862
1269 68.1862
1270 68.1862
1271 68.1862
1272 68.1862
1273 68.1862
1274 68.1862
1275 68.1862
1276 68.1862
1277 68.1862
1278 68.1862
1279 68.1862
1280 68.1862
1281 68.1862
1282 68.1862
1283 68.1862
1284 68.1862
1285 68.1862
1286 68.1862
1287 68.1862
1288 68.1862
1289 68.1862
1290 68.1862
1291 68.1862
1292 68.1862
1293 68.1862
1294 68.1862
1295 68.1862
1296 68.1862
1297 68.1862
1298 68.1862
1299 68.1862
1300 68.1862
1301 68.1862
1302 68.1862
1303 68.1862
1304 68.1862
1305 68.1862
1306 67.994
1307 67.994
1308 67.994
1309 67.994
1310 67.994
1311 67.994
1312 67.994
1313 67.994
1314 67.994
1315 67.994
1316 67.994
1317 67.994
1318 67.994
1319 67.994
1320 67.994
1321 67.994
1322 67.994
1323 67.994
1324 67.994
1325 67.994
1326 67.994
1327 67.994
1328 67.994
1329 67.994
1330 67.994
1331 67.994
1332 67.994
1333 67.994
1334 67.994
1335 67.994
1336 67.994
1337 67.994
1338 67.994
1339 67.994
1340 67.994
1341 67.994
1342 67.994
1343 67.994
1344 67.994
1345 67.994
1346 67.994
1347 67.994
1348 67.994
1349 67.994
1350 67.994
1351 67.994
1352 67.994
1353 67.994
1354 67.994
1355 67.994
1356 67.994
1357 67.994
1358 67.994
1359 67.994
1360 67.994
1361 67.994
1362 67.994
1363 67.994
1364 67.994
1365 67.994
1366 67.994
1367 67.994
1368 67.994
1369 67.994
1370 67.994
1371 67.994
1372 67.994
1373 67.994
1374 67.994
1375 67.994
1376 67.994
1377 67.994
1378 67.994
1379 67.994
1380 67.994
1381 67.994
1382 67.994
1383 67.994
1384 67.994
1385 67.994
1386 67.994
1387 67.994
1388 67.994
1389 67.994
1390 67.994
1391 67.994
1392 67.994
1393 67.994
1394 67.994
1395 67.994
1396 67.994
1397 67.994
1398 67.994
1399 67.994
1400 67.994
1401 67.994
1402 67.994
1403 67.994
1404 67.994
1405 67.994
1406 67.994
1407 67.994
1408 67.994
1409 67.994
1410 67.994
1411 67.994
1412 67.994
1413 67.994
1414 67.994
1415 67.994
1416 67.994
1417 67.994
1418 67.994
1419 67.994
1420 67.994
1421 67.994
1422 67.994
1423 67.994
1424 67.994
1425 67.994
1426 67.994
1427 67.994
1428 67.994
1429 67.994
1430 67.994
1431 67.994
1432 67.994
1433 67.994
1434 67.994
1435 67.994
1436 67.994
1437 67.994
1438 67.994
1439 67.994
1440 67.994
1441 67.994
1442 67.994
1443 67.994
1444 67.994
1445 67.994
1446 67.994
1447 67.994
1448 67.994
1449 67.994
1450 67.994
1451 67.994
1452 67.994
1453 67.994
1454 67.994
1455 67.994
1456 67.994
1457 67.994
1458 67.994
1459 67.994
1460 67.994
1461 67.994
1462 67.994
1463 67.994
1464 67.994
1465 67.994
1466 67.994
1467 67.994
1468 67.994
1469 67.994
1470 67.994
1471 67.994
1472 67.994
1473 67.994
1474 67.994
1475 67.994
1476 67.994
1477 67.994
1478 67.994
1479 67.994
1480 67.994
1481 67.994
1482 67.994
1483 67.994
1484 67.994
1485 67.994
1486 67.994
1487 67.994
1488 67.994
1489 67.994
1490 67.994
1491 67.994
1492 67.994
1493 67.994
1494 67.994
1495 67.994
1496 67.994
1497 67.994
1498 67.994
1499 67.994
1500 67.994
1501 67.994
1502 67.994
1503 67.994
1504 67.994
1505 67.994
1506 67.994
1507 67.994
1508 67.994
1509 67.994
1510 67.994
1511 67.994
1512 67.994
1513 67.994
1514 67.994
1515 67.994
1516 67.994
1517 67.994
1518 67.994
1519 67.994
1520 67.994
1521 67.994
1522 67.994
1523 67.994
1524 67.994
1525 67.994
1526 67.994
1527 67.994
1528 67.994
1529 67.994
1530 67.994
1531 67.994
1532 67.994
1533 67.994
1534 67.994
1535 67.994
1536 67.994
1537 67.994
1538 67.994
1539 67.994
1540 67.994
1541 67.994
1542 67.994
1543 67.994
1544 67.994
1545 67.994
1546 67.994
1547 67.994
1548 67.994
1549 67.994
1550 67.994
1551 67.994
1552 67.994
1553 67.994
1554 67.994
1555 67.994
1556 67.994
1557 67.994
1558 67.994
1559 67.994
1560 67.994
1561 67.994
1562 67.994
1563 67.994
1564 67.994
1565 67.994
1566 67.994
1567 67.994
1568 67.994
1569 67.994
1570 67.994
1571 67.994
1572 67.994
1573 67.994
1574 67.994
1575 67.994
1576 67.994
1577 67.994
1578 67.994
1579 67.994
1580 67.994
1581 67.994
1582 67.994
1583 67.994
1584 67.994
1585 67.994
1586 67.994
1587 67.994
1588 67.994
1589 67.994
1590 67.994
1591 67.994
1592 67.994
1593 67.994
1594 67.994
1595 67.994
1596 67.994
1597 67.994
1598 67.994
1599 67.994
1600 67.994
1601 67.994
1602 67.994
1603 67.994
1604 67.994
1605 67.994
1606 67.994
1607 67.994
1608 67.994
1609 67.994
1610 67.994
1611 67.994
1612 67.994
1613 67.994
1614 67.994
1615 67.994
1616 67.994
1617 67.994
1618 67.994
1619 67.994
1620 67.994
1621 67.994
1622 67.994
1623 67.994
1624 67.994
1625 67.994
1626 67.994
1627 67.994
1628 67.994
1629 67.994
1630 67.994
1631 67.994
1632 67.994
1633 67.994
1634 67.994
1635 67.994
1636 67.994
1637 67.994
1638 67.994
1639 67.994
1640 67.994
1641 67.994
1642 67.994
1643 67.994
1644 67.994
1645 67.994
1646 67.994
1647 67.994
1648 67.994
1649 67.994
1650 67.994
1651 67.994
1652 67.994
1653 67.994
1654 67.994
1655 67.994
1656 67.994
1657 67.994
1658 67.994
1659 67.994
1660 67.994
1661 67.994
1662 67.994
1663 67.994
1664 67.994
1665 67.994
1666 67.994
1667 67.994
1668 67.994
1669 67.994
1670 67.994
1671 67.994
1672 67.994
1673 67.994
1674 67.994
1675 67.994
1676 67.994
1677 67.994
1678 67.994
1679 67.994
1680 67.994
1681 67.994
1682 67.994
1683 67.994
1684 67.994
1685 67.994
1686 67.994
1687 67.994
1688 67.994
1689 67.994
1690 67.994
1691 67.994
1692 67.994
1693 67.994
1694 67.994
1695 67.994
1696 67.994
1697 67.994
1698 67.994
1699 67.994
1700 67.994
1701 67.994
1702 67.994
1703 67.994
1704 67.994
1705 67.994
1706 67.994
1707 67.994
1708 67.994
1709 67.994
1710 67.994
1711 67.994
1712 67.994
1713 67.994
1714 67.994
1715 67.994
1716 67.994
1717 67.994
1718 67.994
1719 67.994
1720 67.994
1721 67.994
1722 67.994
1723 67.994
1724 67.994
1725 67.994
1726 67.994
1727 67.994
1728 67.994
1729 67.994
1730 67.994
1731 67.994
1732 67.994
1733 67.994
1734 67.994
1735 67.994
1736 67.994
1737 67.994
1738 67.994
1739 67.994
1740 67.994
1741 67.994
1742 67.994
1743 67.994
1744 67.994
1745 67.994
1746 67.994
1747 67.994
1748 67.994
1749 67.994
1750 67.994
1751 67.994
1752 67.994
1753 67.994
1754 67.994
1755 67.994
1756 67.994
1757 67.994
1758 67.994
1759 67.994
1760 67.994
1761 67.994
1762 67.994
1763 67.994
1764 67.994
1765 67.994
1766 67.994
1767 67.994
1768 67.994
1769 67.994
1770 67.994
1771 67.994
1772 67.994
1773 67.994
1774 67.994
1775 67.994
1776 67.994
1777 67.994
1778 67.994
1779 67.994
1780 67.994
1781 67.994
1782 67.994
1783 67.994
1784 67.994
1785 67.994
1786 67.994
1787 67.994
1788 67.994
1789 67.994
1790 67.994
1791 67.994
1792 67.994
1793 67.994
1794 67.994
1795 67.994
1796 67.994
1797 67.994
1798 67.994
1799 67.994
1800 67.994
1801 67.994
1802 67.994
1803 67.994
1804 67.994
1805 67.994
1806 67.994
1807 67.994
1808 67.994
1809 67.994
1810 67.994
1811 67.994
1812 67.994
1813 67.994
1814 67.994
1815 67.994
1816 67.994
1817 67.994
1818 67.994
1819 67.994
1820 67.994
1821 67.994
1822 67.994
1823 67.994
1824 67.994
1825 67.994
1826 67.994
1827 67.994
1828 67.994
1829 67.994
1830 67.994
1831 67.994
1832 67.994
1833 67.994
1834 67.994
1835 67.994
1836 67.994
1837 67.994
1838 67.994
1839 67.994
1840 67.994
1841 67.994
1842 67.994
1843 67.994
1844 67.994
1845 67.994
1846 67.994
1847 67.994
1848 67.994
1849 67.994
1850 67.994
1851 67.994
1852 67.994
1853 67.994
1854 67.994
1855 67.994
1856 67.994
1857 67.994
1858 67.994
1859 67.994
1860 67.994
1861 67.994
1862 67.994
1863 67.994
1864 67.994
1865 67.994
1866 67.994
1867 67.994
1868 67.994
1869 67.994
1870 67.994
1871 67.994
1872 67.994
1873 67.994
1874 67.994
1875 67.994
1876 67.994
1877 67.994
1878 67.994
1879 67.994
1880 67.994
1881 67.994
1882 67.994
1883 67.994
1884 67.994
1885 67.994
1886 67.994
1887 67.994
1888 67.994
1889 67.994
1890 67.994
1891 67.994
1892 67.994
1893 67.994
1894 67.994
1895 67.994
1896 67.994
1897 67.994
1898 67.994
1899 67.994
1900 67.994
1901 67.994
1902 67.994
1903 67.994
1904 67.994
1905 67.994
1906 67.994
1907 67.994
1908 67.994
1909 67.994
1910 67.994
1911 67.994
1912 67.994
1913 67.994
1914 67.994
1915 67.994
1916 67.994
1917 67.994
1918 67.994
1919 67.994
1920 67.994
1921 67.994
1922 67.994
1923 67.994
1924 67.994
1925 67.994
1926 67.994
1927 67.994
1928 67.994
1929 67.994
1930 67.994
1931 67.994
1932 67.994
1933 67.994
1934 67.994
1935 67.994
1936 67.994
1937 67.994
1938 67.994
1939 67.994
1940 67.994
1941 67.994
1942 67.994
1943 67.994
1944 67.994
1945 67.994
1946 67.994
1947 67.994
1948 67.994
1949 67.994
1950 67.994
1951 67.994
1952 67.994
1953 67.994
1954 67.994
1955 67.994
1956 67.994
1957 67.994
1958 67.994
1959 67.994
1960 67.994
1961 67.994
1962 67.994
1963 67.994
1964 67.994
1965 67.994
1966 67.994
1967 67.994
1968 67.994
1969 67.994
1970 67.994
1971 67.994
1972 67.994
1973 67.994
1974 67.994
1975 67.994
1976 67.994
1977 67.994
1978 67.994
1979 67.994
1980 67.994
1981 67.994
1982 67.994
1983 67.994
1984 67.994
1985 67.994
1986 67.994
1987 67.994
1988 67.994
1989 67.994
1990 67.994
1991 67.994
1992 67.994
1993 67.994
1994 67.994
1995 67.994
1996 67.994
1997 67.994
1998 67.994
1999 67.994
2000 67.994
2001 67.994
2002 67.994
2003 67.994
2004 67.994
2005 67.994
2006 67.994
2007 67.994
2008 67.994
2009 67.994
2010 67.994
2011 67.994
2012 67.994
2013 67.994
2014 67.994
2015 67.994
2016 67.994
2017 67.994
2018 67.994
2019 67.994
2020 67.994
2021 67.994
2022 67.994
2023 67.994
2024 67.994
2025 67.994
2026 67.994
2027 67.994
2028 67.994
2029 67.994
2030 67.994
2031 67.994
2032 67.994
2033 67.994
2034 67.994
2035 67.994
2036 67.994
2037 67.994
2038 67.994
2039 67.994
2040 67.994
2041 67.994
2042 67.994
2043 67.994
2044 67.994
2045 67.994
2046 67.994
2047 67.994
2048 67.994
2049 67.994
2050 67.994
2051 67.994
2052 67.994
2053 67.994
2054 67.994
2055 67.994
2056 67.994
2057 67.994
2058 67.994
2059 67.994
2060 67.994
2061 67.994
2062 67.994
2063 67.994
2064 67.994
2065 67.994
2066 67.994
2067 67.994
2068 67.994
2069 67.994
2070 67.994
2071 67.994
2072 67.994
2073 67.994
2074 67.994
2075 67.994
2076 67.994
2077 67.994
2078 67.994
2079 67.994
2080 67.994
2081 67.994
2082 67.994
2083 67.994
2084 67.994
2085 67.994
2086 67.994
2087 67.994
2088 67.994
2089 67.994
2090 67.994
2091 67.994
2092 67.994
2093 67.994
2094 67.994
2095 67.994
2096 67.994
2097 67.994
2098 67.994
2099 67.994
2100 67.994
2101 67.994
2102 67.994
2103 67.994
2104 67.994
2105 67.994
2106 67.994
2107 67.994
2108 67.994
2109 67.994
2110 67.994
2111 67.994
2112 67.994
2113 67.994
2114 67.994
2115 67.994
2116 67.994
2117 67.994
2118 67.994
2119 67.994
2120 67.994
2121 67.994
2122 67.994
2123 67.994
2124 67.994
2125 67.994
2126 67.994
2127 67.994
2128 67.994
2129 67.994
2130 67.994
2131 67.994
2132 67.994
2133 67.994
2134 67.994
2135 67.994
2136 67.994
2137 67.994
2138 67.994
2139 67.994
2140 67.994
2141 67.994
2142 67.994
2143 67.994
2144 67.994
2145 67.994
2146 67.994
2147 67.994
2148 67.994
2149 67.994
2150 67.994
2151 67.994
2152 67.994
2153 67.994
2154 67.994
2155 67.994
2156 67.994
2157 67.994
2158 67.994
2159 67.994
2160 67.994
2161 67.994
2162 67.994
2163 67.994
2164 67.994
2165 67.994
2166 67.994
2167 67.994
2168 67.994
2169 67.994
2170 67.994
2171 67.994
2172 67.994
2173 67.994
2174 67.994
2175 67.994
2176 67.994
2177 67.994
2178 67.994
2179 67.994
2180 67.994
2181 67.994
2182 67.994
2183 67.994
2184 67.994
2185 67.994
2186 67.994
2187 67.994
2188 67.994
2189 67.994
2190 67.994
2191 67.994
2192 67.994
2193 67.994
2194 67.994
2195 67.994
2196 67.994
2197 67.994
2198 67.994
2199 67.994
2200 67.994
2201 67.994
2202 67.994
2203 67.994
2204 67.994
2205 67.994
2206 67.994
2207 67.994
2208 67.994
2209 67.994
2210 67.994
2211 67.994
2212 67.994
2213 67.994
2214 67.994
2215 67.994
2216 67.994
2217 67.994
2218 67.994
2219 67.994
2220 67.994
2221 67.994
2222 67.994
2223 67.994
2224 67.994
2225 67.994
2226 67.994
2227 67.994
2228 67.994
2229 67.994
2230 67.994
2231 67.994
2232 67.994
2233 67.994
2234 67.994
2235 67.994
2236 67.994
2237 67.994
2238 67.994
2239 67.994
2240 67.994
2241 67.994
2242 67.994
2243 67.994
2244 67.994
2245 67.994
2246 67.994
2247 67.994
2248 67.994
2249 67.994
2250 67.994
2251 67.994
2252 67.994
2253 67.994
2254 67.994
2255 67.994
2256 67.994
2257 67.994
2258 67.994
2259 67.994
2260 67.994
2261 67.994
2262 67.994
2263 67.994
2264 67.994
2265 67.994
2266 67.994
2267 67.994
2268 67.994
2269 67.994
2270 67.994
2271 67.994
2272 67.994
2273 67.994
2274 67.994
2275 67.994
2276 67.994
2277 67.994
2278 67.994
2279 67.994
2280 67.994
2281 67.994
2282 67.994
2283 67.994
2284 67.994
2285 67.994
2286 67.994
2287 67.994
2288 67.994
2289 67.994
2290 67.994
2291 67.994
2292 67.994
2293 67.994
2294 67.994
2295 67.994
2296 67.994
2297 67.994
2298 67.994
2299 67.994
2300 67.994
2301 67.994
2302 67.994
2303 67.994
2304 67.994
2305 67.994
2306 67.994
2307 67.994
2308 67.994
2309 67.994
2310 67.994
2311 67.994
2312 67.994
2313 67.994
2314 67.994
2315 67.994
2316 67.994
2317 67.994
2318 67.994
2319 67.994
2320 67.994
2321 67.994
2322 67.994
2323 67.994
2324 67.994
2325 67.994
2326 67.994
2327 67.994
2328 67.994
2329 67.994
2330 67.994
2331 67.994
2332 67.994
2333 67.994
2334 67.994
2335 67.994
2336 67.994
2337 67.994
2338 67.994
2339 67.994
2340 67.994
2341 67.994
2342 67.994
2343 67.994
2344 67.994
2345 67.994
2346 67.994
2347 67.994
2348 67.994
2349 67.994
2350 67.994
2351 67.994
2352 67.994
2353 67.994
2354 67.994
2355 67.994
2356 67.994
2357 67.994
2358 67.994
2359 67.994
2360 67.994
2361 67.994
2362 67.994
2363 67.994
2364 67.994
2365 67.994
2366 67.994
2367 67.994
2368 67.994
2369 67.994
2370 67.994
2371 67.994
2372 67.994
2373 67.994
2374 67.994
2375 67.994
2376 67.994
2377 67.994
2378 67.994
2379 67.994
2380 67.994
2381 67.994
2382 67.994
2383 67.994
2384 67.994
2385 67.994
2386 67.994
2387 67.994
2388 67.994
2389 67.994
2390 67.994
2391 67.994
2392 67.994
2393 67.994
2394 67.994
2395 67.994
2396 67.994
2397 67.994
2398 67.994
2399 67.994
2400 67.994
2401 67.994
2402 67.994
2403 67.994
2404 67.994
2405 67.994
2406 67.994
2407 67.994
2408 67.994
2409 67.994
2410 67.994
2411 67.994
2412 67.994
2413 67.994
2414 67.994
2415 67.994
2416 67.994
2417 67.994
2418 67.994
2419 67.994
2420 67.994
2421 67.994
2422 67.994
2423 67.994
2424 67.994
2425 67.994
2426 67.994
2427 67.994
2428 67.994
2429 67.994
2430 67.994
2431 67.994
2432 67.994
2433 67.994
2434 67.994
2435 67.994
2436 67.994
2437 67.994
2438 67.994
2439 67.994
2440 67.994
2441 67.994
2442 67.994
2443 67.994
2444 67.994
2445 67.994
2446 67.994
2447 67.994
2448 67.994
2449 67.994
2450 67.994
2451 67.994
2452 67.994
2453 67.994
2454 67.994
2455 67.994
2456 67.994
2457 67.994
2458 67.994
2459 67.994
2460 67.994
2461 67.994
2462 67.994
2463 67.994
2464 67.994
2465 67.994
2466 67.994
2467 67.994
2468 67.994
2469 67.994
2470 67.994
2471 67.994
2472 67.994
2473 67.994
2474 67.994
2475 67.994
2476 67.994
2477 67.994
2478 67.994
2479 67.994
2480 67.994
2481 67.994
2482 67.994
2483 67.994
2484 67.994
2485 67.994
2486 67.994
2487 67.994
2488 67.994
2489 67.994
2490 67.994
2491 67.994
2492 67.994
2493 67.994
2494 67.994
2495 67.994
2496 67.994
2497 67.994
2498 67.994
2499 67.994
2500 67.994
2501 67.994
2502 67.994
2503 67.994
2504 67.994
2505 67.994
2506 67.994
2507 67.994
2508 67.994
2509 67.994
2510 67.994
2511 67.994
2512 67.994
2513 67.994
2514 67.994
2515 67.994
2516 67.994
2517 67.994
2518 67.994
2519 67.994
2520 67.994
2521 67.994
2522 67.994
2523 67.994
2524 67.994
2525 67.994
2526 67.994
2527 67.994
2528 67.994
2529 67.994
2530 67.994
2531 67.994
2532 67.994
2533 67.994
2534 67.994
2535 67.994
2536 67.994
2537 67.994
2538 67.994
2539 67.994
2540 67.994
2541 67.994
2542 67.994
2543 67.994
2544 67.994
2545 67.994
2546 67.994
2547 67.994
2548 67.994
2549 67.994
2550 67.994
2551 67.994
2552 67.994
2553 67.994
2554 67.994
2555 67.994
2556 67.994
2557 67.994
2558 67.994
2559 67.994
2560 67.994
2561 67.994
2562 67.994
2563 67.994
2564 67.994
2565 67.994
2566 67.994
2567 67.994
2568 67.994
2569 67.994
2570 67.994
2571 67.994
2572 67.994
2573 67.994
2574 67.994
2575 67.994
2576 67.994
2577 67.994
2578 67.994
2579 67.994
2580 67.994
2581 67.994
2582 67.994
2583 67.994
2584 67.994
2585 67.994
2586 67.994
2587 67.994
2588 67.994
2589 67.994
2590 67.994
2591 67.994
2592 67.994
2593 67.994
2594 67.994
2595 67.994
2596 67.994
2597 67.994
2598 67.994
2599 67.994
2600 67.994
2601 67.994
2602 67.994
2603 67.994
2604 67.994
2605 67.994
2606 67.994
2607 67.994
2608 67.994
2609 67.994
2610 67.994
2611 67.994
2612 67.994
2613 67.994
2614 67.994
2615 67.994
2616 67.994
2617 67.994
2618 67.994
2619 67.994
2620 67.994
2621 67.994
2622 67.994
2623 67.994
2624 67.994
2625 67.994
2626 67.994
2627 67.994
2628 67.994
2629 67.994
2630 67.994
2631 67.994
2632 67.994
2633 67.994
2634 67.994
2635 67.994
2636 67.994
2637 67.994
2638 67.994
2639 67.994
2640 67.994
2641 67.994
2642 67.994
2643 67.994
2644 67.994
2645 67.994
2646 67.994
2647 67.994
2648 67.994
2649 67.994
2650 67.994
2651 67.994
2652 67.994
2653 67.994
2654 67.994
2655 67.994
2656 67.994
2657 67.994
2658 67.994
2659 67.994
2660 67.994
2661 67.994
2662 67.994
2663 67.994
2664 67.994
2665 67.994
2666 67.994
2667 67.994
2668 67.994
2669 67.994
2670 67.994
2671 67.994
2672 67.994
2673 67.994
2674 67.994
2675 67.994
2676 67.994
2677 67.994
2678 67.994
2679 67.994
2680 67.994
2681 67.994
2682 67.994
2683 67.994
2684 67.994
2685 67.994
2686 67.994
2687 67.994
2688 67.994
2689 67.994
2690 67.994
2691 67.994
2692 67.994
2693 67.994
2694 67.994
2695 67.994
2696 67.994
2697 67.994
2698 67.994
2699 67.994
2700 67.994
2701 67.994
2702 67.994
2703 67.994
2704 67.994
2705 67.994
2706 67.994
2707 67.994
2708 67.994
2709 67.994
2710 67.994
2711 67.994
2712 67.994
2713 67.994
2714 67.994
2715 67.994
2716 67.994
2717 67.994
2718 67.994
2719 67.994
2720 67.994
2721 67.994
2722 67.994
2723 67.994
2724 67.994
2725 67.994
2726 67.994
2727 67.994
2728 67.994
2729 67.994
2730 67.994
2731 67.994
2732 67.994
2733 67.994
2734 67.994
2735 67.994
2736 67.994
2737 67.994
2738 67.994
2739 67.994
2740 67.994
2741 67.994
2742 67.994
2743 67.994
2744 67.994
2745 67.994
2746 67.994
2747 67.994
2748 67.994
2749 67.994
2750 67.994
2751 67.994
2752 67.994
2753 67.994
2754 67.994
2755 67.994
2756 67.994
2757 67.994
2758 67.994
2759 67.994
2760 67.994
2761 67.994
2762 67.994
2763 67.994
2764 67.994
2765 67.994
2766 67.994
2767 67.994
2768 67.994
2769 67.994
2770 67.994
2771 67.994
2772 67.994
2773 67.994
2774 67.994
2775 67.994
2776 67.994
2777 67.994
2778 67.994
2779 67.994
2780 67.994
2781 67.994
2782 67.994
2783 67.994
2784 67.994
2785 67.994
2786 67.994
2787 67.994
2788 67.994
2789 67.994
2790 67.994
2791 67.994
2792 67.994
2793 67.994
2794 67.994
2795 67.994
2796 67.994
2797 67.994
2798 67.994
2799 67.994
2800 67.994
2801 67.994
2802 67.994
2803 67.994
2804 67.994
2805 67.994
2806 67.994
2807 67.994
2808 67.994
2809 67.994
2810 67.994
2811 67.994
2812 67.994
2813 67.994
2814 67.994
2815 67.994
2816 67.994
2817 67.994
2818 67.994
2819 67.994
2820 67.994
2821 67.994
2822 67.994
2823 67.994
2824 67.994
2825 67.994
2826 67.994
2827 67.994
2828 67.994
2829 67.994
2830 67.994
2831 67.994
2832 67.994
2833 67.994
2834 67.994
2835 67.994
2836 67.994
2837 67.994
2838 67.994
2839 67.994
2840 67.994
2841 67.994
2842 67.994
2843 67.994
2844 67.994
2845 67.994
2846 67.994
2847 67.994
2848 67.994
2849 67.994
2850 67.994
2851 67.994
2852 67.994
2853 67.994
2854 67.994
2855 67.994
2856 67.994
2857 67.994
2858 67.994
2859 67.994
2860 67.994
2861 67.994
2862 67.994
2863 67.994
2864 67.994
2865 67.994
2866 67.994
2867 67.994
2868 67.994
2869 67.994
2870 67.994
2871 67.994
2872 67.994
2873 67.994
2874 67.994
2875 67.994
2876 67.994
2877 67.994
2878 67.994
2879 67.994
2880 67.994
2881 67.994
2882 67.994
2883 67.994
2884 67.994
2885 67.994
2886 67.994
2887 67.994
2888 67.994
2889 67.994
2890 67.994
2891 67.994
2892 67.994
2893 67.994
2894 67.994
2895 67.994
2896 67.994
2897 67.994
2898 67.994
2899 67.994
2900 67.994
2901 67.994
2902 67.994
2903 67.994
2904 67.994
2905 67.994
2906 67.994
2907 67.994
2908 67.994
2909 67.994
2910 67.994
2911 67.994
2912 67.994
2913 67.994
2914 67.994
2915 67.994
2916 67.994
2917 67.994
2918 67.994
2919 67.994
2920 67.994
2921 67.994
2922 67.994
2923 67.994
2924 67.994
2925 67.994
2926 67.994
2927 67.994
2928 67.994
2929 67.994
2930 67.994
2931 67.994
2932 67.994
2933 67.994
2934 67.994
2935 67.994
2936 67.994
2937 67.994
2938 67.994
2939 67.994
2940 67.994
2941 67.994
2942 67.994
2943 67.994
2944 67.994
2945 67.994
2946 67.994
2947 67.994
2948 67.994
2949 67.994
2950 67.994
2951 67.994
2952 67.994
2953 67.994
2954 67.994
2955 67.994
2956 67.994
2957 67.994
2958 67.994
2959 67.994
2960 67.994
2961 67.994
2962 67.994
2963 67.994
2964 67.994
2965 67.994
2966 67.994
2967 67.994
2968 67.994
2969 67.994
2970 67.994
2971 67.994
2972 67.994
2973 67.994
2974 67.994
2975 67.994
2976 67.994
2977 67.994
2978 67.994
2979 67.994
2980 67.994
2981 67.994
2982 67.994
2983 67.994
2984 67.994
2985 67.994
2986 67.994
2987 67.994
2988 67.994
2989 67.994
2990 67.994
2991 67.994
2992 67.994
2993 67.994
2994 67.994
2995 67.994
2996 67.994
2997 67.994
2998 67.994
2999 67.994
3000 67.994
3001 67.994
3002 67.994
3003 67.994
3004 67.994
3005 67.994
3006 67.994
3007 67.994
3008 67.994
3009 67.994
3010 67.994
3011 67.994
3012 67.994
3013 67.994
3014 67.994
3015 67.994
3016 67.994
3017 67.994
3018 67.994
3019 67.994
3020 67.994
3021 67.994
3022 67.994
3023 67.994
3024 67.994
3025 67.994
3026 67.994
3027 67.994
3028 67.994
3029 67.994
3030 67.994
3031 67.994
3032 67.994
3033 67.994
3034 67.994
3035 67.994
3036 67.994
3037 67.994
3038 67.994
3039 67.994
3040 67.994
3041 67.994
3042 67.994
3043 67.994
3044 67.994
3045 67.994
3046 67.994
3047 67.994
3048 67.994
3049 67.994
3050 67.994
3051 67.994
3052 67.994
3053 67.994
3054 67.994
3055 67.994
3056 67.994
3057 67.994
3058 67.994
3059 67.994
3060 67.994
3061 67.994
3062 67.994
3063 67.994
3064 67.994
3065 67.994
3066 67.994
3067 67.994
3068 67.994
3069 67.994
3070 67.994
3071 67.994
3072 67.994
3073 67.994
3074 67.994
3075 67.994
3076 67.994
3077 67.994
3078 67.994
3079 67.994
3080 67.994
3081 67.994
3082 67.994
3083 67.994
3084 67.994
3085 67.994
3086 67.994
3087 67.994
3088 67.994
3089 67.994
3090 67.994
3091 67.994
3092 67.994
3093 67.994
3094 67.994
3095 67.994
3096 67.994
3097 67.994
3098 67.994
3099 67.994
3100 67.994
3101 67.994
3102 67.994
3103 67.994
3104 67.994
3105 67.994
3106 67.994
3107 67.994
3108 67.994
3109 67.994
3110 67.994
3111 67.994
3112 67.994
3113 67.994
3114 67.994
3115 67.994
3116 67.994
3117 67.994
3118 67.994
3119 67.994
3120 67.994
3121 67.994
3122 67.994
3123 67.994
3124 67.994
3125 67.994
3126 67.994
3127 67.994
3128 67.994
3129 67.994
3130 67.994
3131 67.994
3132 67.994
3133 67.994
3134 67.994
3135 67.994
3136 67.994
3137 67.994
3138 67.994
3139 67.994
3140 67.994
3141 67.994
3142 67.994
3143 67.994
3144 67.994
3145 67.994
3146 67.994
3147 67.994
3148 67.994
3149 67.994
3150 67.994
3151 67.994
3152 67.994
3153 67.994
3154 67.994
3155 67.994
3156 67.994
3157 67.994
3158 67.994
3159 67.994
3160 67.994
3161 67.994
3162 67.994
3163 67.994
3164 67.994
3165 67.994
3166 67.994
3167 67.994
3168 67.994
3169 67.994
3170 67.994
3171 67.994
3172 67.994
3173 67.994
3174 67.994
3175 67.994
3176 67.994
3177 67.994
3178 67.994
3179 67.994
3180 67.994
3181 67.994
3182 67.994
3183 67.994
3184 67.994
3185 67.994
3186 67.994
3187 67.994
3188 67.994
3189 67.994
3190 67.994
3191 67.994
3192 67.994
3193 67.994
3194 67.994
3195 67.994
3196 67.994
3197 67.994
3198 67.994
3199 67.994
3200 67.994
3201 67.994
3202 67.994
3203 67.994
3204 67.994
3205 67.994
3206 67.994
3207 67.994
3208 67.994
3209 67.994
3210 67.994
3211 67.994
3212 67.994
3213 67.994
3214 67.994
3215 67.994
3216 67.994
3217 67.994
3218 67.994
3219 67.994
3220 67.994
3221 67.994
3222 67.994
3223 67.994
3224 67.994
3225 67.994
3226 67.994
3227 67.994
3228 67.994
3229 67.994
3230 67.994
3231 67.994
3232 67.994
3233 67.994
3234 67.994
3235 67.994
3236 67.994
3237 67.994
3238 67.994
3239 67.994
3240 67.994
3241 67.994
3242 67.994
3243 67.994
3244 67.994
3245 67.994
3246 67.994
3247 67.994
3248 67.994
3249 67.994
3250 67.994
3251 67.994
3252 67.994
3253 67.994
3254 67.994
3255 67.994
3256 67.994
3257 67.994
3258 67.994
3259 67.994
3260 67.994
3261 67.994
3262 67.994
3263 67.994
3264 67.994
3265 67.994
3266 67.994
3267 67.994
3268 67.994
3269 67.994
3270 67.994
3271 67.994
3272 67.994
3273 67.994
3274 67.994
3275 67.994
3276 67.994
3277 67.994
3278 67.994
3279 67.994
3280 67.994
3281 67.994
3282 67.994
3283 67.994
3284 67.994
3285 67.994
3286 67.994
3287 67.994
3288 67.994
3289 67.994
3290 67.994
3291 67.994
3292 67.994
3293 67.994
3294 67.994
3295 67.994
3296 67.994
3297 67.994
3298 67.994
3299 67.994
3300 67.994
3301 67.994
3302 67.994
3303 67.994
3304 67.994
3305 67.994
3306 67.994
3307 67.994
3308 67.994
3309 67.994
3310 67.994
3311 67.994
3312 67.994
3313 67.994
3314 67.994
3315 67.994
3316 67.994
3317 67.994
3318 67.994
3319 67.994
3320 67.994
3321 67.994
3322 67.994
3323 67.994
3324 67.994
3325 67.994
3326 67.994
3327 67.994
3328 67.994
3329 67.994
3330 67.994
3331 67.994
3332 67.994
3333 67.994
3334 67.994
3335 67.994
3336 67.994
3337 67.994
3338 67.994
3339 67.994
3340 67.994
3341 67.994
3342 67.994
3343 67.994
3344 67.994
3345 67.994
3346 67.994
3347 67.994
3348 67.994
3349 67.994
3350 67.994
3351 67.994
3352 67.994
3353 67.994
3354 67.994
3355 67.994
3356 67.994
3357 67.994
3358 67.994
3359 67.994
3360 67.994
3361 67.994
3362 67.994
3363 67.994
3364 67.994
3365 67.994
3366 67.994
3367 67.994
3368 67.994
3369 67.994
3370 67.994
3371 67.994
3372 67.994
3373 67.994
3374 67.994
3375 67.994
3376 67.994
3377 67.994
3378 67.994
3379 67.994
3380 67.994
3381 67.994
3382 67.994
3383 67.994
3384 67.994
3385 67.994
3386 67.994
3387 67.994
3388 67.994
3389 67.994
3390 67.994
3391 67.994
3392 67.994
3393 67.994
3394 67.994
3395 67.994
3396 67.994
3397 67.994
3398 67.994
3399 67.994
3400 67.994
3401 67.994
3402 67.994
3403 67.994
3404 67.994
3405 67.994
3406 67.994
3407 67.994
3408 67.994
3409 67.994
3410 67.994
3411 67.994
3412 67.994
3413 67.994
3414 67.994
3415 67.994
3416 67.994
3417 67.994
3418 67.994
3419 67.994
3420 67.994
3421 67.994
3422 67.994
3423 67.994
3424 67.994
3425 67.994
3426 67.994
3427 67.994
3428 67.994
3429 67.994
3430 67.994
3431 67.994
3432 67.994
3433 67.994
3434 67.994
3435 67.994
3436 67.994
3437 67.994
3438 67.994
3439 67.994
3440 67.994
3441 67.994
3442 67.994
3443 67.994
3444 67.994
3445 67.994
3446 67.994
3447 67.994
3448 67.994
3449 67.994
3450 67.994
3451 67.994
3452 67.994
3453 67.994
3454 67.994
3455 67.994
3456 67.994
3457 67.994
3458 67.994
3459 67.994
3460 67.994
3461 67.994
3462 67.994
3463 67.994
3464 67.994
3465 67.994
3466 67.994
3467 67.994
3468 67.994
3469 67.994
3470 67.994
3471 67.994
3472 67.994
3473 67.994
3474 67.994
3475 67.994
3476 67.994
3477 67.994
3478 67.994
3479 67.994
3480 67.994
3481 67.994
3482 67.994
3483 67.994
3484 67.994
3485 67.994
3486 67.994
3487 67.994
3488 67.994
3489 67.994
3490 67.994
3491 67.994
3492 67.994
3493 67.994
3494 67.994
3495 67.994
3496 67.994
3497 67.994
3498 67.994
3499 67.994
3500 67.994
