0 509.529
1 450.767
2 418.17
3 394.114
4 376.83
5 355.691
6 338.913
7 324.497
8 305.453
9 290.978
10 282.357
11 277.374
12 271.462
13 263.526
14 253.45
15 243.45
16 235.917
17 231.104
18 226.381
19 220.373
20 215.461
21 211.235
22 207.524
23 205.17
24 202.097
25 200.271
26 196.059
27 190.846
28 185.506
29 181.566
30 178.191
31 174.265
32 170.897
33 168.059
34 164.974
35 164.329
36 160.898
37 158.064
38 155.406
39 153.062
40 151.284
41 150.353
42 148.715
43 146.746
44 144.002
45 141.008
46 138.834
47 137.248
48 135.716
49 135.486
50 135.437
51 132.709
52 129.905
53 127.459
54 126.26
55 124.606
56 123.815
57 122.73
58 121.861
59 120.454
60 119.315
61 118.136
62 116.035
63 113.702
64 111.902
65 111.141
66 110.304
67 109.637
68 108.942
69 108.902
70 107.946
71 107.812
72 106.747
73 105.639
74 104.367
75 103.274
76 102.803
77 102.037
78 101.461
79 100.235
80 99.2786
81 98.8469
82 97.9103
83 96.984
84 96.1728
85 97.7099
86 97.6108
87 95.5558
88 95.0439
89 93.3019
90 92.5836
91 91.7152
92 91.838
93 91.1643
94 92.3473
95 92.1466
96 90.3463
97 89.7189
98 88.9921
99 88.5657
100 88.9354
101 88.1848
102 87.244
103 86.9555
104 86.7225
105 87.7621
106 87.5718
107 88.3619
108 88.5212
109 88.0532
110 87.3665
111 86.4667
112 85.0657
113 83.7988
114 83.2017
115 83.0856
116 83.0513
117 84.25
118 85.2598
119 84.0454
120 84.7361
121 83.3295
122 81.1588
123 80.0787
124 79.7899
125 79.2866
126 78.7719
127 78.07
128 77.5684
129 77.5696
130 77.1757
131 76.9957
132 76.9645
133 76.796
134 76.6156
135 76.6464
136 76.3342
137 76.3838
138 76.607
139 76.5048
140 77.1582
141 76.8523
142 76.2856
143 75.9653
144 76.0799
145 75.9281
146 76.1909
147 75.6363
148 75.3715
149 75.2358
150 74.9145
151 74.8284
152 74.852
153 74.7271
154 74.7231
155 74.9038
156 74.8755
157 74.5174
158 74.4673
159 74.364
160 74.0237
161 74.2646
162 74.2598
163 73.98
164 73.784
165 73.6572
166 73.3459
167 73.2086
168 73.189
169 73.5759
170 73.2685
171 73.1841
172 73.4699
173 73.3173
174 73.3688
175 73.2963
176 73.2056
177 72.9786
178 73.2342
179 72.9829
180 73.0437
181 72.8465
182 72.9393
183 73.1191
184 73.4445
185 73.1313
186 73.022
187 73.0277
188 72.8236
189 72.382
190 72.6996
191 72.3895
192 72.3553
193 72.3183
194 72.7521
195 72.3956
196 72.4463
197 72.0765
198 72.5387
199 72.4965
200 72.3113
201 72.8734
202 72.6435
203 72.4778
204 72.3931
205 72.4779
206 72.256
207 72.4128
208 72.5241
209 72.4904
210 72.334
211 72.5348
212 72.5298
213 72.5442
214 72.4973
215 72.3525
216 72.6828
217 72.3544
218 72.4249
219 72.2197
220 72.3407
221 72.2957
222 72.1466
223 72.4823
224 72.0813
225 72.2517
226 72.1554
227 72.0088
228 71.8256
229 72.0176
230 71.9246
231 71.8833
232 71.833
233 71.8218
234 71.6853
235 71.9862
236 71.5102
237 71.9326
238 71.7184
239 71.3972
240 71.4881
241 71.6531
242 71.4965
243 71.5009
244 71.7295
245 71.5578
246 71.7019
247 71.6849
248 71.4933
249 71.4143
250 71.2257
251 71.433
252 71.5349
253 71.3371
254 71.6946
255 71.7845
256 71.8197
257 71.4639
258 71.1781
259 71.5425
260 71.4192
261 71.6267
262 71.6113
263 71.76
264 71.9245
265 71.6815
266 71.8068
267 71.4593
268 71.5458
269 71.8009
270 71.3315
271 71.5654
272 71.5122
273 71.2136
274 71.4335
275 71.5985
276 71.5409
277 71.3295
278 71.2528
279 71.2443
280 71.5283
281 71.4816
282 71.315
283 71.5726
284 71.9041
285 71.7063
286 71.5139
287 72.0281
288 71.5467
289 71.7253
290 71.2513
291 72.0425
292 71.9446
293 71.8562
294 71.4719
295 71.6679
296 71.4665
297 71.455
298 71.5312
299 71.3549
300 71.5246
301 71.1307
302 71.3771
303 71.4267
304 71.3624
305 71.1945
306 71.401
307 71.213
308 71.0969
309 70.97
310 70.6931
311 70.5838
312 70.6272
313 70.6567
314 70.8674
315 70.6147
316 70.8187
317 70.4469
318 70.5367
319 70.5362
320 70.6088
321 70.6605
322 70.6453
323 70.7183
324 70.8408
325 70.6262
326 70.7839
327 70.8839
328 70.795
329 71.0352
330 71.1145
331 70.6858
332 70.8397
333 70.5562
334 70.8598
335 70.9094
336 70.4103
337 71.0343
338 70.9252
339 70.6908
340 70.7742
341 70.556
342 70.6045
343 70.222
344 70.7376
345 70.5548
346 70.5907
347 70.6961
348 70.6998
349 70.6904
350 70.7142
351 70.5225
352 70.6122
353 70.3275
354 70.7587
355 70.4489
356 70.8196
357 70.4978
358 70.994
359 70.5525
360 70.5726
361 70.6104
362 70.6414
363 70.896
364 70.7193
365 70.5003
366 70.5019
367 71.0502
368 71.016
369 71.0054
370 70.973
371 70.725
372 71.0169
373 70.8707
374 70.6024
375 70.851
376 70.4917
377 70.4411
378 70.3648
379 70.528
380 70.559
381 70.5335
382 70.7992
383 70.7644
384 70.5334
385 70.7368
386 70.3855
387 70.4293
388 70.411
389 70.4943
390 70.477
391 68.8099
392 67.5794
393 67.0284
394 66.8756
395 66.8282
396 66.9895
397 67.1282
398 67.2724
399 66.8327
400 66.8092
401 66.787
402 66.8611
403 67.1083
404 66.9405
405 66.7335
406 67.1985
407 66.7649
408 66.9083
409 66.8651
410 66.5041
411 66.938
412 66.8817
413 66.4944
414 67.1339
415 67.0109
416 66.6749
417 67.1558
418 66.7718
419 66.6355
420 66.9581
421 66.936
422 66.9685
423 67.0181
424 66.8951
425 67.1359
426 66.6829
427 66.5568
428 67.1752
429 67.1442
430 67.0672
431 66.8593
432 67.161
433 66.7369
434 66.695
435 66.7614
436 66.7562
437 66.6026
438 66.9165
439 66.593
440 66.6196
441 66.6879
442 66.6283
443 66.5857
444 67.0422
445 66.8075
446 66.598
447 66.3827
448 66.7329
449 67.0372
450 67.0353
451 66.8116
452 67.0242
453 66.8089
454 66.9737
455 66.8229
456 66.7885
457 67.0865
458 67.3322
459 67.0337
460 67.2247
461 67.2654
462 67.0244
463 66.8393
464 66.8576
465 66.831
466 66.6536
467 66.6477
468 66.9425
469 66.6525
470 66.5413
471 66.6436
472 66.9944
473 66.746
474 66.4875
475 66.7756
476 66.846
477 67.1154
478 66.9077
479 67.0083
480 66.8615
481 67.0216
482 67.0201
483 66.7799
484 66.8218
485 66.7865
486 66.6436
487 66.6672
488 66.6588
489 66.6402
490 66.6661
491 67.196
492 66.8907
493 66.7222
494 66.6175
495 66.714
496 66.5574
497 66.8149
498 66.8095
499 66.8741
500 66.4562
501 67.0421
502 66.7145
503 66.6995
504 66.7704
505 66.9736
506 67.0831
507 67.0497
508 67.2509
509 67.1658
510 66.8548
511 66.999
512 67.0622
513 66.8403
514 66.5892
515 66.8318
516 66.7174
517 66.7252
518 66.9028
519 66.6922
520 66.5853
521 66.8651
522 66.7443
523 66.7518
524 67.0241
525 66.6739
526 66.6582
527 66.793
528 66.7101
529 66.7993
530 66.7222
531 66.9456
532 66.6513
533 66.8898
534 67.0291
535 66.8405
536 67.0653
537 66.7397
538 66.5685
539 66.6412
540 67.0706
541 66.7883
542 66.9885
543 66.7316
544 67.1215
545 66.865
546 66.7182
547 66.6989
548 67.1026
549 66.7254
550 66.9519
551 67.0991
552 67.1304
553 66.8119
554 67.0645
555 66.8624
556 66.5789
557 66.7546
558 66.9844
559 66.832
560 66.8559
561 66.6306
562 66.5916
563 66.862
564 66.919
565 66.9697
566 66.8683
567 67.2496
568 66.9843
569 67.0669
570 67.2473
571 67.0144
572 66.7644
573 66.7616
574 67.2912
575 67.1117
576 66.8269
577 66.5448
578 66.496
579 66.7547
580 66.8413
581 66.7405
582 66.5634
583 67.1141
584 66.8789
585 67.2079
586 66.9264
587 66.5637
588 66.3794
589 66.6523
590 66.977
591 66.7602
592 66.5317
593 66.6201
594 66.6489
595 66.9732
596 66.9667
597 67.0409
598 66.9273
599 66.7448
600 66.5129
601 66.5416
602 66.6918
603 66.7031
604 66.7522
605 66.9071
606 66.8757
607 66.8909
608 66.7862
609 66.8898
610 66.7944
611 66.781
612 66.937
613 66.5375
614 67.0531
615 67.0386
616 66.814
617 66.4144
618 66.5302
619 66.7734
620 66.7742
621 66.8374
622 66.8475
623 66.6877
624 66.7925
625 66.7514
626 66.9974
627 66.8624
628 66.7546
629 66.9231
630 66.5478
631 66.5201
632 66.6175
633 66.6693
634 67.0544
635 66.7683
636 66.8669
637 66.4266
638 66.6798
639 66.511
640 66.8312
641 66.6417
642 66.4484
643 66.4955
644 66.5692
645 66.9385
646 66.571
647 66.8414
648 66.5167
649 66.6281
650 66.8283
651 66.8188
652 66.3459
653 66.9602
654 66.7313
655 66.825
656 67.0408
657 66.967
658 67.0494
659 67.0182
660 66.5351
661 66.6063
662 67.2146
663 66.83
664 66.7495
665 66.9771
666 67.0352
667 66.8663
668 66.6788
669 66.7691
670 66.4573
671 66.7579
672 67.0311
673 66.7798
674 66.8619
675 66.9294
676 66.8389
677 66.4313
678 66.5521
679 66.7117
680 66.5172
681 66.6099
682 66.8798
683 66.8867
684 67.1076
685 66.7523
686 66.7273
687 66.8732
688 66.9702
689 66.9399
690 66.6982
691 66.8383
692 66.6253
693 66.7131
694 66.7048
695 66.4407
696 66.5483
697 66.5442
698 66.6236
699 66.4647
700 66.4817
701 66.7505
702 66.6314
703 66.5782
704 66.47
705 66.9102
706 66.5714
707 66.6696
708 66.7518
709 67.2215
710 66.7312
711 66.6081
712 66.6973
713 66.7902
714 66.5992
715 66.8843
716 66.8157
717 66.9691
718 66.8162
719 66.8367
720 66.4524
721 66.8564
722 66.6436
723 66.5737
724 66.6418
725 66.7646
726 66.6371
727 66.9466
728 66.6317
729 66.7446
730 67.0923
731 67.0771
732 66.8732
733 66.956
734 66.9285
735 66.536
736 66.7928
737 66.7204
738 66.936
739 67.0209
740 66.5547
741 66.437
742 66.565
743 66.5614
744 66.8345
745 66.857
746 66.7184
747 66.6883
748 66.8309
749 66.8787
750 66.934
751 66.7567
752 66.6945
753 66.6171
754 66.9686
755 66.815
756 66.7721
757 66.679
758 66.5597
759 66.8991
760 66.5602
761 66.8711
762 67.0146
763 66.5458
764 66.3504
765 66.7447
766 66.7586
767 66.7667
768 66.7686
769 66.5348
770 66.8233
771 66.9074
772 66.5054
773 66.6261
774 66.6194
775 66.5734
776 66.425
777 66.6693
778 66.9227
779 67.0022
780 66.7043
781 66.9621
782 66.6918
783 66.7012
784 66.7564
785 66.6473
786 66.8306
787 66.8068
788 66.5757
789 66.4672
790 66.5245
791 66.6894
792 66.8997
793 66.5967
794 66.7384
795 67.0713
796 66.873
797 67.0359
798 66.7266
799 66.4989
800 66.8837
801 66.8449
802 67.0952
803 67.0939
804 67.026
805 67.0117
806 66.8638
807 66.9144
808 66.6401
809 67.056
810 66.6551
811 66.8363
812 66.7592
813 66.5682
814 66.6885
815 66.5566
816 66.815
817 67.0422
818 66.711
819 66.7006
820 66.8299
821 66.7056
822 66.6938
823 66.5758
824 66.8897
825 66.569
826 66.7422
827 66.8663
828 66.6895
829 66.4997
830 66.6651
831 66.4551
832 66.8136
833 66.716
834 66.8537
835 67.0113
836 66.701
837 66.7001
838 66.4335
839 66.9846
840 66.6028
841 66.2769
842 66.726
843 67.0448
844 66.6935
845 66.6908
846 66.5775
847 66.5309
848 66.5995
849 66.9031
850 66.9993
851 67.1372
852 66.8304
853 66.6824
854 66.563
855 66.6243
856 66.6248
857 66.8428
858 66.7139
859 66.5782
860 66.967
861 66.9952
862 66.5189
863 66.5306
864 66.5464
865 66.6566
866 66.8776
867 66.5344
868 66.7595
869 66.7558
870 66.7655
871 66.7905
872 67.1067
873 66.975
874 66.5912
875 66.7825
876 66.6616
877 66.978
878 66.758
879 66.5443
880 66.6064
881 67.1102
882 66.7222
883 66.9319
884 66.6764
885 66.5073
886 66.7636
887 66.6364
888 66.4281
889 66.6994
890 66.8531
891 66.8128
892 66.5675
893 66.8251
894 66.9608
895 66.8385
896 66.7859
897 67.115
898 66.5632
899 66.6571
900 66.6249
901 66.4114
902 66.6685
903 66.6407
904 66.6454
905 66.47
906 66.475
907 67.003
908 66.5369
909 66.44
910 66.7282
911 66.8212
912 67.103
913 67.0379
914 67.0526
915 66.7805
916 66.8097
917 66.5891
918 66.5372
919 66.7319
920 66.4406
921 66.6766
922 66.7926
923 66.8019
924 67.1895
925 66.7833
926 66.6449
927 66.6781
928 66.7678
929 66.6493
930 66.6592
931 66.7465
932 66.986
933 66.6799
934 66.5723
935 67.0063
936 67.0097
937 66.5024
938 66.6177
939 66.8078
940 66.8112
941 66.5164
942 66.7688
943 66.5145
944 67.031
945 66.6461
946 66.5951
947 66.4719
948 66.7121
949 66.7674
950 66.8302
951 66.5682
952 66.774
953 66.5524
954 66.9224
955 66.6251
956 66.6518
957 66.827
958 66.4874
959 66.9067
960 66.6451
961 66.8216
962 66.6958
963 66.7469
964 66.5649
965 66.6543
966 66.8625
967 66.882
968 67.1183
969 66.6112
970 66.6117
971 66.7256
972 66.7943
973 66.5986
974 66.6555
975 66.8205
976 66.8424
977 66.761
978 66.9381
979 66.5667
980 66.4855
981 66.4453
982 66.6887
983 66.6753
984 66.7816
985 66.8984
986 66.9418
987 66.8276
988 66.9095
989 66.7311
990 66.862
991 66.6074
992 66.9597
993 66.9578
994 66.7931
995 66.5491
996 66.6001
997 66.7785
998 66.6459
999 66.5868
1000 66.7495
1001 66.7709
1002 66.8921
1003 66.4736
1004 66.4399
1005 66.628
1006 67.022
1007 66.7211
1008 66.9668
1009 66.4813
1010 66.7405
1011 66.9266
1012 66.9279
1013 66.8957
1014 66.5742
1015 66.7029
1016 66.6326
1017 66.6407
1018 66.8727
1019 67.1041
1020 66.8691
1021 66.4338
1022 66.7031
1023 66.7338
1024 66.8376
1025 66.7547
1026 66.8343
1027 66.7252
1028 66.837
1029 66.8967
1030 66.8897
1031 66.6959
1032 66.8582
1033 66.7139
1034 66.9278
1035 66.9206
1036 66.8701
1037 66.7804
1038 66.2152
1039 66.3136
1040 66.5486
1041 66.9298
1042 66.6179
1043 66.5093
1044 67.0389
1045 66.7314
1046 66.4641
1047 66.8115
1048 66.7119
1049 66.7454
1050 66.5367
1051 67.0837
1052 66.8016
1053 66.4574
1054 66.62
1055 66.3966
1056 66.8687
1057 66.8478
1058 66.8115
1059 66.6385
1060 66.864
1061 66.8544
1062 66.8021
1063 66.8819
1064 66.9037
1065 66.6109
1066 66.8525
1067 67.0471
1068 66.7908
1069 66.312
1070 66.7726
1071 66.7689
1072 67.0838
1073 66.5998
1074 66.6916
1075 66.5046
1076 66.6386
1077 66.3115
1078 66.6141
1079 66.8658
1080 66.9531
1081 66.6239
1082 66.6153
1083 66.5253
1084 66.5052
1085 66.9286
1086 66.8622
1087 66.7494
1088 66.6507
1089 66.5137
1090 66.7454
1091 66.7216
1092 66.5764
1093 66.5067
1094 66.4335
1095 66.7954
1096 66.7196
1097 66.7204
1098 66.8432
1099 66.7741
1100 66.8937
1101 66.9388
1102 66.5416
1103 66.5183
1104 66.7232
1105 66.92
1106 66.6523
1107 66.6109
1108 66.713
1109 66.6386
1110 66.9644
1111 66.7333
1112 66.2665
1113 66.604
1114 66.4688
1115 66.8784
1116 66.734
1117 66.9448
1118 66.751
1119 66.868
1120 66.4295
1121 66.8389
1122 66.8161
1123 67.0185
1124 66.8281
1125 66.7069
1126 66.4478
1127 66.8626
1128 66.6046
1129 66.6863
1130 66.4392
1131 66.6607
1132 66.4769
1133 66.7897
1134 66.9213
1135 66.7749
1136 66.5542
1137 66.6316
1138 66.3214
1139 66.6132
1140 67.2392
1141 67.05
1142 66.6709
1143 66.4883
1144 66.5839
1145 66.5743
1146 66.9853
1147 67.0522
1148 66.8877
1149 66.7238
1150 66.8933
1151 66.8841
1152 67.1751
1153 67.0987
1154 66.4472
1155 66.8294
1156 66.8645
1157 66.8291
1158 66.8311
1159 66.7653
1160 66.8393
1161 66.7081
1162 66.4407
1163 66.7536
1164 66.9246
1165 66.9266
1166 66.8805
1167 67.237
1168 66.7167
1169 66.5446
1170 66.726
1171 66.6365
1172 66.5445
1173 66.5868
1174 66.8702
1175 66.8473
1176 66.5345
1177 66.8696
1178 66.6337
1179 66.9211
1180 66.7143
1181 66.9454
1182 67.0989
1183 66.5505
1184 66.4657
1185 66.7029
1186 66.6239
1187 66.5656
1188 66.843
1189 66.8779
1190 67.019
1191 66.6174
1192 66.6899
1193 67.0399
1194 66.6844
1195 66.6797
1196 66.5409
1197 66.6336
1198 66.7639
1199 67.3014
1200 66.8901
1201 66.8646
1202 66.57
1203 66.6383
1204 66.9432
1205 66.6893
1206 66.665
1207 66.7961
1208 66.5403
1209 66.6383
1210 66.7127
1211 66.4718
1212 66.6091
1213 66.8624
1214 66.9823
1215 66.7432
1216 66.7842
1217 67.0332
1218 66.8065
1219 66.8372
1220 66.8365
1221 66.7232
1222 66.7924
1223 66.7739
1224 66.8699
1225 66.7726
1226 66.8121
1227 66.7318
1228 66.6519
1229 66.9568
1230 66.7176
1231 66.8119
1232 66.6311
1233 66.6447
1234 66.6006
1235 66.6794
1236 66.6163
1237 66.642
1238 66.2847
1239 66.6778
1240 66.9078
1241 66.6678
1242 66.7511
1243 66.8568
1244 66.5867
1245 66.7838
1246 66.7479
1247 66.6475
1248 66.7311
1249 66.6888
1250 66.8738
1251 66.933
1252 67.2856
1253 66.6926
1254 66.8028
1255 66.9786
1256 66.5116
1257 66.6005
1258 66.5444
1259 66.7125
1260 66.8113
1261 66.9119
1262 66.7847
1263 66.5761
1264 66.5878
1265 66.6272
1266 66.832
1267 66.9023
1268 66.6652
1269 66.4335
1270 66.5486
1271 66.5106
1272 66.4622
1273 66.6867
1274 66.7098
1275 66.8986
1276 66.7656
1277 66.7775
1278 66.8427
1279 66.825
1280 66.8653
1281 66.8487
1282 66.5329
1283 66.7249
1284 66.6809
1285 66.8223
1286 66.5929
1287 66.5949
1288 66.605
1289 66.6848
1290 66.8954
1291 66.7935
1292 66.8797
1293 66.8696
1294 66.7581
1295 67.0826
1296 66.9046
1297 66.6608
1298 66.9001
1299 66.8192
1300 66.6439
1301 66.7599
1302 67.0103
1303 67.4332
1304 67.1232
1305 66.9074
1306 66.7108
1307 66.681
1308 66.3879
1309 66.5404
1310 66.7126
1311 66.8036
1312 66.7253
1313 66.7942
1314 67.0528
1315 66.7341
1316 66.6372
1317 66.4721
1318 66.5219
1319 66.7394
1320 66.6701
1321 66.548
1322 66.7296
1323 66.5309
1324 66.6241
1325 66.5802
1326 66.8565
1327 66.9069
1328 66.7519
1329 66.699
1330 66.5129
1331 66.6105
1332 66.7368
1333 66.5177
1334 66.6608
1335 66.6856
1336 66.6555
1337 66.8206
1338 66.6342
1339 66.7841
1340 66.7262
1341 66.9095
1342 66.7619
1343 66.973
1344 66.8367
1345 66.724
1346 66.6811
1347 66.8253
1348 66.6929
1349 66.8736
1350 66.8333
1351 66.63
1352 66.8336
1353 66.6781
1354 66.8116
1355 66.4784
1356 66.444
1357 66.473
1358 67.0919
1359 66.6886
1360 66.8469
1361 66.7052
1362 66.8549
1363 66.6726
1364 66.498
1365 66.6976
1366 66.6655
1367 66.8333
1368 66.9348
1369 66.6718
1370 66.6064
1371 66.7447
1372 66.7273
1373 66.519
1374 66.6429
1375 66.6333
1376 66.6353
1377 66.8917
1378 66.5103
1379 66.7005
1380 66.5519
1381 66.5776
1382 66.7055
1383 66.8916
1384 66.8475
1385 66.8056
1386 67.0666
1387 66.8699
1388 66.9187
1389 66.4839
1390 66.5053
1391 66.5448
1392 66.5
1393 66.8253
1394 66.8076
1395 66.632
1396 66.4262
1397 66.6919
1398 66.5297
1399 66.4999
1400 66.9073
1401 66.7458
1402 66.9176
1403 66.461
1404 66.6531
1405 66.6665
1406 66.7805
1407 67.1128
1408 66.6811
1409 66.6004
1410 66.6104
1411 66.689
1412 66.6939
1413 66.6702
1414 66.5439
1415 66.6323
1416 66.4719
1417 66.9354
1418 66.9557
1419 67.1804
1420 66.9074
1421 66.5958
1422 66.6573
1423 66.6974
1424 66.5441
1425 66.7566
1426 66.4707
1427 66.919
1428 66.7618
1429 66.3619
1430 66.4846
1431 66.5219
1432 66.6202
1433 66.5194
1434 66.4754
1435 66.5518
1436 66.9128
1437 66.5153
1438 66.6029
1439 67.003
1440 66.7763
1441 66.4646
1442 66.3486
1443 66.5121
1444 66.5521
1445 66.883
1446 66.9894
1447 66.7507
1448 66.809
1449 66.7007
1450 67.0035
1451 66.4228
1452 66.4252
1453 66.5795
1454 66.7842
1455 66.5752
1456 66.4588
1457 66.8465
1458 66.8094
1459 66.9647
1460 67.0085
1461 66.9033
1462 66.7627
1463 66.5675
1464 66.4739
1465 67.0466
1466 66.6595
1467 66.5686
1468 66.5501
1469 66.8464
1470 66.637
1471 66.6862
1472 66.5229
1473 66.3822
1474 66.9313
1475 66.999
1476 66.8963
1477 67.0554
1478 66.3813
1479 66.5667
1480 66.4629
1481 66.8647
1482 66.7033
1483 66.8889
1484 66.798
1485 67.1255
1486 66.8094
1487 66.6626
1488 66.3659
1489 66.5887
1490 66.232
1491 66.7523
1492 66.744
1493 66.732
1494 66.8144
1495 66.7658
1496 66.8215
1497 66.7457
1498 66.9884
1499 66.6002
1500 66.5857
1501 66.617
1502 66.6464
1503 66.7672
1504 66.6081
1505 66.6834
1506 66.7924
1507 66.6102
1508 66.6365
1509 66.8019
1510 66.7665
1511 66.4389
1512 66.3041
1513 66.7226
1514 66.6411
1515 66.46
1516 66.5126
1517 66.6003
1518 66.9176
1519 66.7457
1520 66.7225
1521 66.741
1522 66.5914
1523 66.5737
1524 66.627
1525 66.3475
1526 66.2555
1527 66.8989
1528 66.8148
1529 66.6415
1530 66.6146
1531 66.3267
1532 66.5097
1533 66.6527
1534 66.5844
1535 66.5175
1536 66.7577
1537 66.4974
1538 66.6576
1539 66.8757
1540 66.4899
1541 66.7012
1542 66.681
1543 66.8131
1544 66.712
1545 66.4648
1546 66.5266
1547 66.6079
1548 66.7135
1549 66.8332
1550 66.424
1551 66.5381
1552 66.9639
1553 66.5934
1554 66.4893
1555 66.5133
1556 66.459
1557 66.5325
1558 66.6743
1559 66.9117
1560 66.7169
1561 66.7692
1562 66.8529
1563 66.4391
1564 66.6812
1565 66.4591
1566 66.7053
1567 66.7585
1568 66.6352
1569 66.8168
1570 66.7431
1571 67.21
1572 66.8422
1573 66.6609
1574 66.6896
1575 66.7027
1576 67.2353
1577 66.7318
1578 66.4902
1579 66.8779
1580 66.8266
1581 66.7124
1582 66.4099
1583 66.3892
1584 66.4168
1585 66.6098
1586 66.6496
1587 66.5106
1588 66.6292
1589 66.5508
1590 70.3386
1591 71.1355
1592 68.7138
1593 66.9818
1594 66.9395
1595 66.6848
1596 66.3978
1597 66.5859
1598 66.7042
1599 66.5622
1600 66.4177
1601 65.9735
1602 66.5901
1603 66.2562
1604 66.352
1605 66.3813
1606 66.1816
1607 66.5335
1608 66.8122
1609 66.443
1610 66.4072
1611 66.2027
1612 66.829
1613 66.6347
1614 66.8614
1615 66.8026
1616 66.5694
1617 66.7025
1618 66.3638
1619 66.335
1620 66.4463
1621 65.9672
1622 66.4976
1623 66.6292
1624 66.861
1625 66.6259
1626 66.4873
1627 66.2585
1628 66.45
1629 66.5358
1630 66.3403
1631 66.1725
1632 66.42
1633 66.5868
1634 66.4734
1635 66.6278
1636 66.7125
1637 66.8092
1638 66.6771
1639 66.344
1640 66.4875
1641 66.2947
1642 66.4102
1643 66.2034
1644 66.0929
1645 66.4223
1646 66.5402
1647 66.7695
1648 66.4752
1649 66.5087
1650 66.2971
1651 66.6137
1652 66.5853
1653 66.6177
1654 66.5868
1655 66.5836
1656 66.5751
1657 66.8748
1658 66.3428
1659 66.1565
1660 66.1799
1661 66.4636
1662 66.4179
1663 66.5668
1664 66.4149
1665 66.5319
1666 66.5102
1667 66.7508
1668 66.3186
1669 66.4435
1670 66.4735
1671 66.1682
1672 66.4507
1673 66.5324
1674 66.4302
1675 66.6511
1676 66.1743
1677 66.3075
1678 66.8186
1679 66.1053
1680 66.4813
1681 66.4769
1682 66.3733
1683 66.4451
1684 66.5614
1685 66.5045
1686 66.6795
1687 66.6075
1688 66.5818
1689 66.521
1690 66.3533
1691 66.7358
1692 66.6434
1693 66.4627
1694 66.2723
1695 66.2703
1696 66.3923
1697 66.5305
1698 66.2212
1699 66.4001
1700 66.443
1701 66.6743
1702 66.873
1703 66.8414
1704 66.8437
1705 66.6287
1706 66.2297
1707 66.4106
1708 66.4361
1709 66.4828
1710 66.7993
1711 66.5774
1712 66.6643
1713 66.6551
1714 66.775
1715 66.4301
1716 66.2841
1717 66.4617
1718 66.5674
1719 66.1102
1720 66.605
1721 66.95
1722 66.9143
1723 66.6681
1724 66.5423
1725 66.3295
1726 66.2854
1727 66.2554
1728 66.5821
1729 66.206
1730 66.4401
1731 66.5908
1732 66.3011
1733 66.5006
1734 66.503
1735 66.2071
1736 66.3072
1737 66.3253
1738 66.4306
1739 66.589
1740 66.3152
1741 66.3451
1742 66.4499
1743 66.4818
1744 66.4679
1745 66.2047
1746 66.1802
1747 66.306
1748 66.4198
1749 66.6045
1750 66.5883
1751 66.6682
1752 66.7204
1753 66.4273
1754 66.7036
1755 66.7808
1756 66.1545
1757 66.4872
1758 66.6998
1759 66.554
1760 66.788
1761 66.6886
1762 66.4526
1763 66.2909
1764 66.2934
1765 66.3485
1766 66.4626
1767 65.9962
1768 66.2248
1769 66.5872
1770 66.359
1771 66.4096
1772 66.272
1773 66.1729
1774 66.144
1775 66.139
1776 66.4082
1777 67.0984
1778 66.579
1779 66.3642
1780 66.5937
1781 66.7713
1782 66.6381
1783 66.6998
1784 66.5463
1785 66.591
1786 66.8573
1787 66.3319
1788 66.3712
1789 66.721
1790 66.6878
1791 66.4972
1792 66.6343
1793 66.3591
1794 66.515
1795 66.2932
1796 66.4069
1797 66.7159
1798 66.5633
1799 66.3367
1800 66.296
1801 66.2593
1802 66.2803
1803 66.5169
1804 66.5415
1805 66.3555
1806 66.1517
1807 66.8042
1808 66.484
1809 66.4974
1810 66.6493
1811 66.4019
1812 66.6156
1813 66.6227
1814 66.2969
1815 66.6181
1816 66.5336
1817 66.5249
1818 66.5112
1819 66.5186
1820 66.8634
1821 66.9188
1822 66.5065
1823 66.5598
1824 66.3506
1825 66.3809
1826 66.2662
1827 66.2467
1828 66.4776
1829 66.304
1830 66.4539
1831 66.4561
1832 66.3679
1833 66.598
1834 66.5266
1835 66.6344
1836 66.206
1837 66.4296
1838 66.5741
1839 66.4472
1840 66.1674
1841 66.672
1842 66.2218
1843 66.5482
1844 66.8373
1845 66.2833
1846 66.4254
1847 66.3687
1848 66.8218
1849 66.5731
1850 66.3025
1851 66.453
1852 66.4117
1853 66.317
1854 66.4369
1855 66.4902
1856 66.2811
1857 66.3576
1858 66.475
1859 66.6524
1860 66.6432
1861 66.7178
1862 66.4809
1863 66.8321
1864 66.398
1865 66.2831
1866 66.5946
1867 66.5081
1868 66.6115
1869 66.8007
1870 66.7892
1871 66.8244
1872 66.4239
1873 66.6229
1874 66.4815
1875 66.4456
1876 66.3198
1877 66.7496
1878 66.5696
1879 66.3024
1880 66.4078
1881 66.274
1882 66.5682
1883 66.6238
1884 66.6708
1885 66.2273
1886 66.5461
1887 66.8783
1888 66.3814
1889 66.7798
1890 66.7493
1891 66.4945
1892 66.5582
1893 66.7185
1894 66.2882
1895 66.2915
1896 66.5647
1897 66.5582
1898 66.5555
1899 66.4289
1900 66.3829
1901 66.4494
1902 66.4537
1903 66.3775
1904 66.5373
1905 66.7374
1906 66.5668
1907 66.1589
1908 66.2751
1909 66.5402
1910 66.5688
1911 66.4092
1912 66.413
1913 66.4411
1914 66.3654
1915 66.4683
1916 66.6345
1917 66.6699
1918 66.3462
1919 66.4675
1920 66.5157
1921 66.6474
1922 66.293
1923 66.5812
1924 66.6115
1925 66.9163
1926 66.5111
1927 66.284
1928 66.2522
1929 66.3639
1930 66.5666
1931 66.7169
1932 66.5882
1933 66.4018
1934 66.5693
1935 66.5421
1936 66.6364
1937 66.9303
1938 66.9863
1939 66.6949
1940 66.5143
1941 66.7105
1942 66.5313
1943 66.1586
1944 66.5754
1945 66.6892
1946 66.2109
1947 66.1444
1948 66.1801
1949 66.4221
1950 66.6401
1951 66.3298
1952 66.2471
1953 66.4853
1954 66.5087
1955 66.4414
1956 66.6346
1957 66.4681
1958 66.5036
1959 66.258
1960 66.312
1961 66.472
1962 66.6018
1963 66.5282
1964 66.3226
1965 66.3867
1966 66.6609
1967 66.7158
1968 66.1998
1969 66.2079
1970 66.3156
1971 66.2206
1972 66.7767
1973 66.4619
1974 66.5043
1975 66.4792
1976 66.1406
1977 66.6524
1978 66.1773
1979 66.5305
1980 70.4909
1981 71.3425
1982 68.6988
1983 66.6579
1984 65.7923
1985 66.0576
1986 65.9757
1987 66.0444
1988 66.1943
1989 65.8683
1990 65.8756
1991 65.9666
1992 66.1164
1993 65.9658
1994 65.9447
1995 65.8656
1996 66.1687
1997 65.9354
1998 66.2498
1999 66.0661
2000 66.0267
2001 65.8029
2002 65.9007
2003 65.9566
2004 66.2113
2005 65.7575
2006 65.9618
2007 65.9312
2008 65.9628
2009 65.9051
2010 65.7928
2011 65.5213
2012 65.671
2013 65.8863
2014 65.9339
2015 65.9278
2016 66.0572
2017 66.1993
2018 66.1414
2019 65.9181
2020 66.0798
2021 66.1384
2022 65.7181
2023 65.8274
2024 65.9837
2025 66.0871
2026 65.9572
2027 66.1708
2028 66.3428
2029 65.9866
2030 65.5638
2031 65.7861
2032 65.5752
2033 65.7873
2034 65.5249
2035 65.6712
2036 65.954
2037 65.7761
2038 65.9088
2039 65.9403
2040 66.0224
2041 66.1909
2042 66.0025
2043 66.0168
2044 65.9274
2045 66.1289
2046 65.7227
2047 65.7205
2048 66.0809
2049 65.8833
2050 66.1177
2051 66.069
2052 65.7459
2053 66.0976
2054 65.6614
2055 65.5557
2056 65.6911
2057 65.9193
2058 65.7024
2059 66.2265
2060 66.1681
2061 66.1012
2062 66.2477
2063 65.9388
2064 65.9129
2065 65.8382
2066 65.844
2067 65.9534
2068 65.9206
2069 66.0786
2070 65.7937
2071 65.83
2072 65.9113
2073 65.8441
2074 65.9324
2075 66.2743
2076 65.9938
2077 65.9603
2078 65.8227
2079 66.0196
2080 65.7764
2081 65.6384
2082 65.7364
2083 65.4728
2084 65.8655
2085 65.63
2086 66.1356
2087 66.0856
2088 66.2176
2089 66.1647
2090 65.9692
2091 65.9025
2092 65.8486
2093 66.1348
2094 65.842
2095 65.6301
2096 66.0459
2097 65.9683
2098 65.9757
2099 65.9088
2100 65.8839
2101 65.8004
2102 65.7513
2103 66.1711
2104 65.9927
2105 65.6679
2106 65.9628
2107 66.1195
2108 65.8712
2109 65.9725
2110 66.055
2111 65.8604
2112 65.6335
2113 65.6715
2114 65.9002
2115 65.924
2116 66.0815
2117 65.6439
2118 66.053
2119 65.9923
2120 65.9812
2121 65.9513
2122 65.8583
2123 65.6207
2124 65.9256
2125 65.7731
2126 65.7331
2127 66.0069
2128 66.1222
2129 65.916
2130 65.9376
2131 66.1127
2132 65.5371
2133 66.0447
2134 66.2436
2135 65.8913
2136 66.0048
2137 66.0524
2138 66.1747
2139 65.8134
2140 65.9857
2141 66.0632
2142 65.7442
2143 65.882
2144 65.8047
2145 65.9553
2146 65.7988
2147 65.6894
2148 65.8206
2149 65.5747
2150 66.0616
2151 65.7101
2152 66.0349
2153 65.8202
2154 66.1368
2155 65.8859
2156 66.1642
2157 65.7808
2158 65.974
2159 66.0225
2160 65.8647
2161 66.0811
2162 66.0257
2163 65.6844
2164 65.9719
2165 65.9372
2166 66.1815
2167 65.7683
2168 66.0269
2169 66.1528
2170 66.0222
2171 65.9912
2172 66.0752
2173 65.6756
2174 66.0302
2175 65.7021
2176 65.735
2177 66.1582
2178 66.3053
2179 66.2304
2180 65.8987
2181 65.6086
2182 66.0741
2183 66.0233
2184 65.6125
2185 66.0207
2186 66.1673
2187 66.2178
2188 66.1121
2189 66.0671
2190 65.9773
2191 65.9594
2192 65.7547
2193 65.8009
2194 65.7568
2195 66.0702
2196 65.8799
2197 66.0873
2198 65.8966
2199 66.2045
2200 65.7813
2201 65.9815
2202 65.9666
2203 65.7883
2204 65.4889
2205 65.7022
2206 66.0291
2207 66.0895
2208 65.7305
2209 65.7032
2210 65.7648
2211 65.8023
2212 65.6543
2213 66.157
2214 66.1847
2215 65.9998
2216 66.0696
2217 65.8956
2218 65.8388
2219 65.9426
2220 66.1302
2221 65.8955
2222 66.085
2223 65.8693
2224 65.671
2225 65.4768
2226 65.6127
2227 65.6098
2228 65.8546
2229 65.6624
2230 65.9698
2231 65.8693
2232 65.7402
2233 65.6261
2234 65.7501
2235 65.8983
2236 65.8192
2237 65.5353
2238 66.2387
2239 66.0601
2240 65.632
2241 65.7719
2242 65.7394
2243 65.8135
2244 65.9294
2245 65.7734
2246 66.1247
2247 66.1155
2248 66.1126
2249 66.1805
2250 66.1087
2251 66.317
2252 66.0104
2253 65.8392
2254 65.9108
2255 66.2716
2256 66.1696
2257 65.8531
2258 65.6691
2259 65.6134
2260 65.8985
2261 66.1928
2262 66.0549
2263 65.9708
2264 66.2312
2265 66.049
2266 66.0481
2267 66.1361
2268 66.2597
2269 66.1014
2270 65.9455
2271 66.0688
2272 65.668
2273 65.4795
2274 65.6299
2275 65.9398
2276 66.0386
2277 65.8637
2278 65.8329
2279 65.8955
2280 65.9939
2281 66.0654
2282 65.8324
2283 65.8332
2284 66.0716
2285 65.9002
2286 66.2599
2287 65.8764
2288 66.0996
2289 65.8725
2290 65.6837
2291 65.8668
2292 66.1786
2293 66.1702
2294 65.7314
2295 65.8226
2296 65.7903
2297 65.8674
2298 65.6991
2299 65.9979
2300 65.6938
2301 65.9688
2302 66.0746
2303 65.8503
2304 66.0215
2305 65.8222
2306 65.8237
2307 66.244
2308 66.0917
2309 65.8467
2310 65.8161
2311 65.8833
2312 65.8211
2313 66.3057
2314 66.0522
2315 65.6489
2316 65.8689
2317 65.6701
2318 65.9412
2319 65.9728
2320 65.898
2321 65.86
2322 66.0247
2323 66.0362
2324 65.9057
2325 65.921
2326 65.9824
2327 66.0436
2328 65.9703
2329 65.8674
2330 66.0565
2331 65.8755
2332 65.891
2333 65.86
2334 65.8815
2335 66.0432
2336 66.2054
2337 66.1149
2338 65.9321
2339 66.0076
2340 65.9972
2341 66.2317
2342 66.2207
2343 65.6227
2344 65.9662
2345 66.17
2346 66.0113
2347 65.8124
2348 65.6619
2349 65.5613
2350 65.9346
2351 65.9729
2352 65.9213
2353 66.2859
2354 65.9697
2355 65.4602
2356 65.9938
2357 65.8085
2358 66.0643
2359 66.4139
2360 65.8552
2361 65.6883
2362 65.9032
2363 65.8415
2364 65.8296
2365 66.0952
2366 66.1619
2367 65.8211
2368 65.888
2369 65.7923
2370 66.2996
2371 65.8848
2372 65.9315
2373 66.062
2374 66.1356
2375 65.9143
2376 66.0347
2377 65.8775
2378 66.1582
2379 65.9958
2380 65.473
2381 66.1302
2382 65.5007
2383 65.4077
2384 66.001
2385 65.9769
2386 66.2857
2387 66.0402
2388 65.9273
2389 66.1261
2390 65.9259
2391 66.1838
2392 65.9559
2393 65.9375
2394 65.674
2395 65.7166
2396 66.0513
2397 65.6514
2398 65.7198
2399 66.0528
2400 65.8729
2401 65.8906
2402 65.918
2403 65.9673
2404 66.2727
2405 65.8188
2406 65.8219
2407 65.7521
2408 65.8897
2409 65.9904
2410 65.6266
2411 65.8889
2412 65.8631
2413 65.8205
2414 66.0227
2415 66.0102
2416 65.7506
2417 65.961
2418 65.5661
2419 65.7392
2420 65.7733
2421 65.6553
2422 65.8529
2423 65.9683
2424 66.0228
2425 65.8066
2426 65.7864
2427 65.7707
2428 65.7301
2429 65.9614
2430 65.761
2431 66.0576
2432 66.1735
2433 66.0808
2434 66.0334
2435 66.1757
2436 65.8787
2437 65.586
2438 66.0929
2439 65.6797
2440 65.4466
2441 65.7515
2442 66.0249
2443 66.3305
2444 65.8776
2445 66.136
2446 66.2007
2447 66.2901
2448 65.8219
2449 66.1048
2450 65.6827
2451 66.3237
2452 65.5671
2453 65.8262
2454 65.8818
2455 65.6562
2456 66.0413
2457 66.1021
2458 65.9045
2459 66.1502
2460 65.6241
2461 65.7242
2462 66.0679
2463 65.8798
2464 65.777
2465 65.9095
2466 66.0992
2467 65.6264
2468 65.8354
2469 65.8506
2470 66.132
2471 65.9929
2472 65.7494
2473 65.4908
2474 65.6751
2475 65.9302
2476 66.039
2477 65.8818
2478 65.6838
2479 66.1041
2480 66.2295
2481 65.8681
2482 65.7252
2483 65.7546
2484 65.9504
2485 65.7335
2486 65.6686
2487 65.7082
2488 65.8792
2489 65.7763
2490 65.5185
2491 65.7403
2492 65.8909
2493 66.0313
2494 65.9902
2495 66.024
2496 65.812
2497 65.8327
2498 65.8627
2499 65.7104
2500 66.1335
2501 66.089
2502 65.942
2503 65.6825
2504 65.8471
2505 65.7256
2506 65.8407
2507 65.838
2508 65.7452
2509 65.9473
2510 66.1415
2511 65.8328
2512 65.9154
2513 65.9956
2514 65.5854
2515 65.718
2516 65.6906
2517 65.6814
2518 65.6869
2519 65.945
2520 65.9434
2521 65.8097
2522 65.7194
2523 65.7997
2524 65.8132
2525 65.6892
2526 65.9809
2527 65.9335
2528 65.6893
2529 65.7301
2530 65.9003
2531 65.9234
2532 65.9147
2533 65.6693
2534 65.9447
2535 65.9752
2536 66.1186
2537 66.0864
2538 65.7893
2539 65.795
2540 65.9083
2541 66.2805
2542 65.9452
2543 66.2066
2544 66.2063
2545 65.7717
2546 65.9182
2547 65.9586
2548 66.0439
2549 66.2696
2550 65.8969
2551 66.1777
2552 66.0899
2553 66.1419
2554 65.881
2555 65.9138
2556 66.1174
2557 65.94
2558 65.9729
2559 66.0806
2560 66.1718
2561 65.8874
2562 65.7259
2563 66.264
2564 66.0118
2565 66.032
2566 65.9655
2567 65.9641
2568 66.434
2569 66.0741
2570 66.0059
2571 65.8331
2572 65.8367
2573 65.9644
2574 66.1928
2575 65.9191
2576 65.7473
2577 65.7144
2578 65.9856
2579 66.0707
2580 66.05
2581 66.0093
2582 65.6916
2583 65.9521
2584 66.1705
2585 65.6426
2586 65.7026
2587 65.9097
2588 65.8586
2589 65.5409
2590 65.9905
2591 65.8061
2592 65.9299
2593 65.6172
2594 65.8717
2595 65.8165
2596 66.1426
2597 65.7478
2598 66.0417
2599 66.103
2600 65.8713
2601 66.1001
2602 65.9014
2603 66.1689
2604 65.8462
2605 65.9097
2606 65.7783
2607 65.7359
2608 65.8725
2609 65.9208
2610 65.8533
2611 65.9526
2612 65.8855
2613 65.618
2614 65.9841
2615 66.1106
2616 66.1681
2617 65.996
2618 66.255
2619 66.1262
2620 66.2511
2621 66.2385
2622 65.9293
2623 66.1484
2624 65.9007
2625 65.7114
2626 65.7632
2627 65.7981
2628 65.8945
2629 65.9442
2630 65.9822
2631 65.6722
2632 65.965
2633 66.0814
2634 65.8407
2635 65.7052
2636 65.738
2637 65.9554
2638 65.7223
2639 65.8869
2640 65.9051
2641 65.8331
2642 65.9477
2643 65.9833
2644 65.8691
2645 65.9926
2646 65.7843
2647 65.6847
2648 65.7457
2649 65.8094
2650 65.5453
2651 65.8787
2652 65.8444
2653 65.7193
2654 65.607
2655 65.6831
2656 65.6219
2657 65.7815
2658 66.0335
2659 65.8582
2660 65.823
2661 65.6806
2662 66.0399
2663 65.9484
2664 66.0502
2665 66.2653
2666 66.277
2667 66.2628
2668 65.982
2669 66.0958
2670 65.9744
2671 65.9128
2672 65.5827
2673 65.9034
2674 65.7679
2675 65.7151
2676 65.5731
2677 65.8627
2678 65.8682
2679 65.7199
2680 65.6725
2681 65.8426
2682 65.8042
2683 65.6408
2684 66.0785
2685 65.7667
2686 65.9487
2687 66.1802
2688 65.8995
2689 65.8079
2690 65.9993
2691 65.8591
2692 65.8507
2693 65.8759
2694 65.8579
2695 65.6394
2696 65.5725
2697 65.8939
2698 66.0641
2699 65.617
2700 65.8734
2701 65.8295
2702 65.9382
2703 65.8236
2704 65.599
2705 65.6566
2706 65.6173
2707 65.7032
2708 66.0948
2709 65.9574
2710 66.0765
2711 66.0597
2712 66.0643
2713 66.0072
2714 65.9453
2715 65.7982
2716 65.9673
2717 65.6722
2718 65.562
2719 65.7115
2720 65.6527
2721 66.0152
2722 66.0142
2723 66.0199
2724 65.847
2725 66.0521
2726 65.9158
2727 65.9736
2728 65.9204
2729 65.8222
2730 65.7932
2731 66.1493
2732 66.2876
2733 66.2216
2734 66.2256
2735 65.9139
2736 65.8528
2737 65.8734
2738 65.6917
2739 65.8741
2740 65.9146
2741 65.7129
2742 65.811
2743 65.7374
2744 66.0801
2745 66.2881
2746 65.9984
2747 65.6121
2748 66.0819
2749 65.9828
2750 65.9465
2751 65.6923
2752 65.9612
2753 66.07
2754 66.0348
2755 65.9315
2756 65.8729
2757 66.2292
2758 66.0362
2759 65.9948
2760 65.7813
2761 66.0797
2762 66.1179
2763 66.0743
2764 66.2589
2765 65.8244
2766 65.6839
2767 65.8932
2768 66.132
2769 65.9472
2770 66.0866
2771 65.9704
2772 66.1414
2773 65.9449
2774 65.7223
2775 65.9912
2776 65.9913
2777 65.8882
2778 65.7405
2779 65.8238
2780 65.6784
2781 65.6563
2782 66.0998
2783 65.8603
2784 65.847
2785 65.8737
2786 65.9304
2787 65.4811
2788 65.8404
2789 66.112
2790 65.8778
2791 65.7878
2792 66.0851
2793 66.0111
2794 66.2024
2795 66.1247
2796 66.077
2797 66.02
2798 65.7418
2799 66.1259
2800 65.7867
2801 65.6153
2802 65.9791
2803 66.047
2804 65.7941
2805 66.4129
2806 66.355
2807 65.9439
2808 66.297
2809 66.0628
2810 66.2459
2811 66.0354
2812 66.1887
2813 65.8578
2814 65.9976
2815 66.2625
2816 65.538
2817 65.8334
2818 65.9769
2819 65.9669
2820 66.0184
2821 66.0073
2822 65.6752
2823 65.8044
2824 65.7607
2825 65.7762
2826 65.6252
2827 65.9409
2828 66.1237
2829 65.6923
2830 65.6721
2831 65.8355
2832 65.7479
2833 65.696
2834 65.7795
2835 65.6758
2836 65.7553
2837 66.3683
2838 65.8978
2839 65.7699
2840 65.8983
2841 65.7269
2842 66.0895
2843 66.0259
2844 65.9683
2845 65.8243
2846 66.0318
2847 65.9283
2848 65.7018
2849 65.8408
2850 65.9384
2851 66.0547
2852 66.0615
2853 66.0354
2854 65.899
2855 66.1306
2856 66.0095
2857 65.8746
2858 66.2266
2859 66.1988
2860 66.0516
2861 65.7361
2862 65.9782
2863 65.7622
2864 65.8565
2865 66.4213
2866 66.4064
2867 65.6106
2868 65.7735
2869 65.9516
2870 65.7176
2871 65.3364
2872 65.6472
2873 65.9434
2874 65.84
2875 65.772
2876 66.0023
2877 65.8426
2878 65.9238
2879 65.9521
2880 65.7812
2881 65.9352
2882 66.2117
2883 66.0627
2884 65.9288
2885 66.166
2886 65.7233
2887 65.9455
2888 66.1493
2889 66.0115
2890 65.5529
2891 65.9652
2892 66.0479
2893 65.8008
2894 65.9282
2895 65.8471
2896 65.7513
2897 65.7192
2898 65.6192
2899 65.8907
2900 65.8385
2901 66.1609
2902 65.9271
2903 65.9897
2904 65.9583
2905 66.2133
2906 65.8832
2907 65.9459
2908 65.935
2909 65.9485
2910 66.0948
2911 65.7994
2912 66.1416
2913 66.046
2914 65.8073
2915 65.9446
2916 65.7704
2917 66.0654
2918 66.1096
2919 66.2202
2920 65.9789
2921 65.7772
2922 65.5899
2923 65.6679
2924 66.1169
2925 66.0888
2926 65.7091
2927 65.8947
2928 65.945
2929 65.8793
2930 65.8821
2931 65.8841
2932 66.0211
2933 66.3728
2934 66.1125
2935 66.2376
2936 65.878
2937 65.9495
2938 65.8931
2939 65.6662
2940 65.9659
2941 65.7882
2942 65.9326
2943 65.8522
2944 65.3825
2945 65.8399
2946 65.7962
2947 65.8108
2948 65.9252
2949 65.938
2950 65.9651
2951 66.234
2952 66.1267
2953 66.0863
2954 65.8398
2955 66.1557
2956 66.6117
2957 66.0407
2958 65.9944
2959 65.7739
2960 65.8009
2961 65.8556
2962 65.6869
2963 65.6724
2964 66.0317
2965 66.2233
2966 65.7201
2967 65.8163
2968 66.1029
2969 65.8807
2970 65.8578
2971 66.1278
2972 65.87
2973 65.7261
2974 65.8032
2975 65.6422
2976 65.7976
2977 65.7887
2978 66.0882
2979 65.9437
2980 65.8331
2981 65.8466
2982 65.7217
2983 65.7981
2984 65.6742
2985 65.7426
2986 65.7762
2987 65.8344
2988 65.9277
2989 65.8808
2990 65.7036
2991 65.8536
2992 66.1113
2993 66.1394
2994 65.8235
2995 65.8786
2996 65.7386
2997 65.6982
2998 65.9106
2999 65.6308
3000 66.0076
3001 66.1958
3002 65.5965
3003 65.9419
3004 65.6096
3005 65.4957
3006 65.9329
3007 65.9305
3008 65.8355
3009 65.8183
3010 65.9188
3011 65.7941
3012 65.9236
3013 65.8961
3014 65.739
3015 65.8142
3016 65.7723
3017 65.6911
3018 65.9001
3019 65.9941
3020 65.9243
3021 65.8717
3022 65.9558
3023 65.8155
3024 65.9256
3025 65.7891
3026 65.9608
3027 66.1458
3028 65.9273
3029 66.5004
3030 66.1024
3031 65.9173
3032 65.7865
3033 65.7978
3034 65.8854
3035 65.9069
3036 66.126
3037 65.8252
3038 65.7623
3039 65.986
3040 65.7635
3041 66.085
3042 65.9576
3043 66.1277
3044 65.9706
3045 65.8866
3046 65.8454
3047 65.6707
3048 65.6431
3049 66.1099
3050 66.0895
3051 66.099
3052 65.8263
3053 65.5815
3054 65.8386
3055 66.1648
3056 66.1291
3057 65.9465
3058 66.3087
3059 66.103
3060 65.9758
3061 65.7111
3062 65.747
3063 66.207
3064 66.0582
3065 65.9242
3066 65.7433
3067 65.9201
3068 65.8412
3069 66.0802
3070 66.032
3071 65.9261
3072 66.3193
3073 66.1951
3074 65.87
3075 66.0391
3076 66.4252
3077 66.1651
3078 66.0049
3079 65.6262
3080 65.6021
3081 65.8944
3082 66.0401
3083 65.9134
3084 66.1814
3085 66.1098
3086 66.1595
3087 65.8902
3088 65.8298
3089 65.744
3090 65.9245
3091 65.9261
3092 66.3091
3093 65.8201
3094 65.7263
3095 65.604
3096 65.9797
3097 65.8075
3098 65.7549
3099 66.1505
3100 65.8545
3101 65.8499
3102 65.843
3103 65.8925
3104 65.8237
3105 65.7701
3106 65.7063
3107 65.6562
3108 65.4386
3109 65.6525
3110 65.7826
3111 65.6873
3112 65.9098
3113 65.6115
3114 65.8614
3115 66.0364
3116 66.2123
3117 65.6668
3118 65.6893
3119 65.6359
3120 65.8576
3121 65.6596
3122 65.9281
3123 66.0214
3124 65.9273
3125 65.9392
3126 65.9955
3127 66.0696
3128 65.9296
3129 65.8898
3130 65.7394
3131 66.0133
3132 65.9851
3133 65.8775
3134 66.1459
3135 66.1526
3136 65.7164
3137 66.0065
3138 65.7535
3139 65.8245
3140 66.073
3141 66.1891
3142 65.9678
3143 65.893
3144 66.1807
3145 66.017
3146 66.0597
3147 66.229
3148 66.2118
3149 65.9398
3150 65.8294
3151 66.0693
3152 65.8989
3153 66.2302
3154 65.9464
3155 65.8893
3156 65.7916
3157 65.887
3158 65.6747
3159 65.6013
3160 65.4148
3161 65.9134
3162 65.9658
3163 65.9494
3164 65.8716
3165 66.1688
3166 65.8214
3167 65.8532
3168 66.0648
3169 65.8362
3170 65.9072
3171 65.8466
3172 65.6813
3173 65.6202
3174 65.6646
3175 65.79
3176 65.6486
3177 65.7234
3178 65.9001
3179 65.7876
3180 65.9666
3181 65.9467
3182 65.7907
3183 65.7407
3184 65.9403
3185 65.7295
3186 65.5202
3187 65.7249
3188 65.827
3189 65.7872
3190 65.9657
3191 66.0409
3192 65.9283
3193 65.7122
3194 65.5418
3195 65.5679
3196 65.6536
3197 65.7091
3198 66.2418
3199 66.2041
3200 66.2122
3201 65.8963
3202 65.8267
3203 66.139
3204 66.0978
3205 65.7635
3206 65.6349
3207 65.9159
3208 66.1784
3209 65.7147
3210 65.8152
3211 66.0175
3212 65.8324
3213 65.8164
3214 65.9866
3215 65.9698
3216 66.2148
3217 65.7902
3218 65.8081
3219 65.8935
3220 65.6252
3221 66.0098
3222 66.4362
3223 66.2541
3224 66.115
3225 65.9807
3226 65.9572
3227 65.9802
3228 66.0095
3229 65.9167
3230 66.4605
3231 65.7707
3232 65.7322
3233 65.8686
3234 66.0365
3235 65.9425
3236 66.1487
3237 65.8621
3238 65.8717
3239 65.8669
3240 66.1802
3241 65.919
3242 66.0189
3243 65.6351
3244 65.9412
3245 66.2286
3246 66.2119
3247 66.1775
3248 66.0388
3249 66.0545
3250 66.0288
3251 65.9302
3252 65.738
3253 65.8919
3254 65.8515
3255 65.8925
3256 66.1903
3257 65.7635
3258 65.9656
3259 65.7344
3260 66.0192
3261 65.8393
3262 65.8405
3263 66.1726
3264 66.0442
3265 65.7789
3266 65.6233
3267 65.7932
3268 65.9833
3269 65.8796
3270 65.8182
3271 66.0211
3272 65.8993
3273 65.9345
3274 66.0169
3275 66.2035
3276 66.198
3277 66.1065
3278 66.1536
3279 66.0315
3280 66.179
3281 65.7413
3282 65.8555
3283 65.5426
3284 65.7179
3285 65.906
3286 65.7626
3287 65.6088
3288 65.8462
3289 66.0599
3290 66.1354
3291 65.9447
3292 66.0331
3293 65.9375
3294 65.9287
3295 65.8572
3296 66.0813
3297 66.0719
3298 66.106
3299 65.7707
3300 65.7031
3301 65.794
3302 66.4439
3303 65.8508
3304 65.9625
3305 66.0334
3306 65.7552
3307 66.1903
3308 65.9908
3309 66.2961
3310 65.9511
3311 66.1079
3312 65.9757
3313 66.0841
3314 66.1788
3315 66.1271
3316 65.9908
3317 66.1877
3318 66.2423
3319 65.9241
3320 66.1601
3321 66.2586
3322 66.0636
3323 66.0791
3324 66.2174
3325 66.0881
3326 65.6327
3327 65.8107
3328 65.7974
3329 66.0199
3330 65.9992
3331 66.0737
3332 66.0684
3333 66.0929
3334 66.1396
3335 65.8648
3336 66.0877
3337 66.0616
3338 66.0181
3339 66.022
3340 65.9391
3341 65.8857
3342 65.8175
3343 65.7546
3344 66.0534
3345 65.9204
3346 66.3486
3347 65.7468
3348 66.0895
3349 65.99
3350 66.0443
3351 65.9553
3352 65.7001
3353 65.5432
3354 65.6926
3355 66.0196
3356 65.6911
3357 65.9466
3358 65.6654
3359 65.7636
3360 65.4241
3361 65.8154
3362 65.6567
3363 65.8586
3364 66.1338
3365 66.0314
3366 66.3109
3367 65.6247
3368 65.7602
3369 65.9403
3370 66.0686
3371 66.0638
3372 66.3112
3373 66.4562
3374 66.3648
3375 66.0361
3376 65.7865
3377 65.9823
3378 65.8298
3379 65.9454
3380 65.8664
3381 66.0805
3382 65.9376
3383 66.0385
3384 65.8705
3385 65.9232
3386 65.674
3387 65.6871
3388 65.6821
3389 65.7994
3390 66.1065
3391 65.8948
3392 66.0883
3393 65.9103
3394 66.0748
3395 66.0295
3396 65.7992
3397 65.9455
3398 65.9936
3399 65.611
3400 66.1056
3401 66.38
3402 65.7956
3403 65.6873
3404 65.8677
3405 66.0627
3406 66.0835
3407 66.1488
3408 66.28
3409 65.9402
3410 65.749
3411 65.8657
3412 65.6874
3413 65.7133
3414 65.8294
3415 66.2925
3416 65.9384
3417 65.8459
3418 66.0031
3419 65.9003
3420 65.9646
3421 65.9139
3422 65.8189
3423 65.6286
3424 65.5513
3425 65.8535
3426 66.1047
3427 65.3797
3428 66.1127
3429 65.7845
3430 66.0478
3431 65.8401
3432 65.7739
3433 65.7575
3434 66.0457
3435 65.8992
3436 66.0897
3437 66.0095
3438 65.934
3439 66.2722
3440 66.052
3441 66.2573
3442 65.8156
3443 65.6829
3444 65.9459
3445 65.9129
3446 66.1935
3447 65.8316
3448 65.7916
3449 65.7992
3450 65.9915
3451 66.1959
3452 66.0118
3453 65.8355
3454 65.7386
3455 65.8633
3456 65.7383
3457 65.8434
3458 65.8755
3459 65.794
3460 65.719
3461 66.0804
3462 66.1447
3463 65.7992
3464 65.9314
3465 65.9398
3466 65.6567
3467 65.6699
3468 65.6577
3469 65.6909
3470 65.8234
3471 66.2418
3472 66.27
3473 66.0763
3474 66.0194
3475 65.8072
3476 65.8086
3477 66.2228
3478 65.9256
3479 65.9259
3480 66.0132
3481 65.8308
3482 66.079
3483 65.8782
3484 66.1565
3485 65.7919
3486 66.12
3487 65.6825
3488 65.7595
3489 65.9825
3490 65.8088
3491 65.6194
3492 65.7858
3493 65.9172
3494 65.8454
3495 65.8711
3496 65.9476
3497 65.8088
3498 65.863
3499 65.8049
3500 65.5472
