1 397.353
2 386.17
3 363.466
4 344.632
5 331.066
6 314.203
7 292.155
8 282.626
9 278
10 272.566
11 264.087
12 255.341
13 243.354
14 235.861
15 229.18
16 226
17 218.996
18 215.069
19 210.422
20 206.336
21 203.589
22 198.343
23 193.204
24 190.788
25 186.953
26 182.019
27 180.4
28 177.454
29 173.732
30 170.399
31 167.562
32 163.046
33 161.451
34 157.969
35 154.923
36 153.675
37 150.997
38 147.892
39 147.806
40 146.324
41 143.881
42 141.498
43 139.83
44 137
45 136.064
46 134.418
47 132.866
48 131.095
49 127.986
50 127.983
51 126.113
52 124.826
53 123.336
54 122.601
55 121.676
56 120.805
57 119.407
58 117.96
59 116.476
60 114.24
61 111.659
62 110.56
63 109.956
64 109.248
65 108.387
66 107.406
67 106.734
68 105.65
69 105.482
70 104.986
71 104.175
72 103.149
73 101.764
74 101.295
75 100.639
76 99.9238
77 99.5552
78 98.5463
79 97.8567
80 96.9439
81 95.7629
82 94.9627
83 93.9172
84 93.4723
85 92.5104
86 91.6317
87 91.3006
88 91.0144
89 90.59
90 90.3804
91 89.9749
92 89.4842
93 89.1467
94 88.3342
95 87.8586
96 87.448
97 87.2393
98 86.8099
99 86.4548
100 85.8545
101 85.6651
102 85.4941
103 85.2588
104 85.1285
105 84.4346
106 84.3769
107 83.9839
108 83.8901
109 83.2274
110 82.5313
111 82.2851
112 81.968
113 81.968
114 81.7084
115 81.5335
116 81.4758
117 81.0828
118 80.9744
119 80.9483
120 78.6256
121 78.5855
122 78.4986
123 78.4364
124 78.012
125 76.9901
126 76.4207
127 76.3338
128 76.3338
129 76.3157
130 75.9471
131 75.6281
132 75.61
133 75.426
134 75.426
135 75.426
136 75.426
137 75.426
138 75.1768
139 75.1275
140 75.1275
141 75.1275
142 74.8783
143 74.8783
144 74.6696
145 74.3517
146 74.143
147 73.6922
148 73.6922
149 73.6922
150 73.6922
151 73.6922
152 73.6271
153 73.6271
154 73.5857
155 73.3812
156 73.1794
157 73.0749
158 73.0749
159 73.0177
160 72.9942
161 72.6852
162 72.2058
163 72.2058
164 72.2058
165 72.2058
166 72.0322
167 72.0322
168 72.0322
169 72.0322
170 72.0322
171 72.0322
172 72.0322
173 72.0322
174 72.0322
175 71.9645
176 71.9645
177 71.88
178 71.88
179 71.88
180 71.88
181 71.88
182 71.88
183 71.88
184 71.88
185 71.88
186 71.88
187 71.4194
188 71.3755
189 71.305
190 71.2611
191 71.2611
192 71.2611
193 71.2611
194 71.2611
195 71.2611
196 71.2611
197 71.2611
198 71.2611
199 71.2611
200 71.2611
201 71.2611
202 71.2611
203 71.2611
204 71.2611
205 71.2611
206 71.2611
207 71.2611
208 71.2611
209 71.2611
210 71.2611
211 71.2611
212 71.2611
213 71.2611
214 71.2611
215 71.2611
216 71.246
217 71.246
218 71.246
219 71.246
220 71.246
221 71.246
222 71.246
223 71.246
224 71.246
225 70.6833
226 70.6833
227 70.6833
228 70.6833
229 70.6833
230 70.6833
231 70.489
232 70.489
233 70.489
234 70.489
235 70.489
236 70.489
237 70.489
238 70.489
239 70.4761
240 70.4761
241 70.4761
242 70.4761
243 70.3607
244 70.3607
245 70.3607
246 70.3607
247 70.3607
248 70.3607
249 70.3607
250 70.3607
251 70.3607
252 70.3607
253 70.3607
254 70.3607
255 70.3607
256 70.3607
257 70.3607
258 70.3607
259 70.3607
260 70.3607
261 70.3607
262 70.3607
263 70.3607
264 70.3607
265 70.3607
266 70.3607
267 70.3607
268 70.3607
269 70.3607
270 70.3607
271 70.3607
272 70.3607
273 70.3607
274 70.3607
275 70.3607
276 70.3607
277 70.3607
278 70.3607
279 70.3607
280 70.3607
281 70.3607
282 70.3607
283 70.3607
284 70.3607
285 70.3607
286 70.3607
287 70.3607
288 70.3607
289 70.3607
290 70.358
291 70.358
292 70.358
293 70.358
294 70.358
295 70.2751
296 70.1492
297 70.132
298 70.132
299 70.132
300 70.132
301 70.132
302 70.132
303 70.132
304 70.132
305 70.132
306 70.132
307 69.7927
308 69.5691
309 69.5691
310 69.4918
311 69.4918
312 69.4918
313 69.4918
314 69.4918
315 69.4918
316 69.4918
317 69.4918
318 69.4918
319 69.4918
320 69.4918
321 69.4818
322 69.4818
323 69.4818
324 69.4818
325 69.4818
326 69.4818
327 69.4818
328 69.4818
329 69.4818
330 69.4818
331 69.4818
332 69.4818
333 69.4818
334 69.4818
335 69.4818
336 69.4818
337 69.4818
338 69.4818
339 69.4818
340 69.4818
341 69.4818
342 69.4818
343 69.4818
344 69.4818
345 69.4818
346 69.4818
347 69.4818
348 69.4818
349 69.4818
350 69.4818
351 69.4818
352 69.4818
353 69.4818
354 69.4818
355 69.4818
356 69.4818
357 69.4818
358 69.4818
359 69.4818
360 69.4818
361 69.4818
362 69.4818
363 69.4818
364 69.4818
365 69.4818
366 69.4818
367 69.4818
368 69.4818
369 69.4818
370 69.4818
371 69.4818
372 69.4818
373 69.4818
374 69.4818
375 69.4818
376 69.4818
377 69.4818
378 69.4818
379 69.4818
380 69.4818
381 69.4818
382 69.4818
383 69.4818
384 69.4818
385 69.4818
386 69.4818
387 69.4818
388 69.4818
389 69.4818
390 65.7921
391 65.7921
392 65.7921
393 65.7921
394 65.7921
395 65.7921
396 65.7921
397 65.7921
398 65.7921
399 65.7921
400 65.7921
401 65.7921
402 65.7921
403 65.7921
404 65.7921
405 65.6965
406 65.6965
407 65.6965
408 65.6965
409 65.6965
410 65.6965
411 65.6965
412 65.6965
413 65.6965
414 65.6965
415 65.6965
416 65.6965
417 65.6965
418 65.6965
419 65.6965
420 65.6965
421 65.6965
422 65.6965
423 65.6965
424 65.6965
425 65.6965
426 65.6965
427 65.6965
428 65.6965
429 65.6965
430 65.6965
431 65.6965
432 65.6965
433 65.6965
434 65.6965
435 65.6965
436 65.6965
437 65.6965
438 65.6965
439 65.6965
440 65.6965
441 65.6965
442 65.6965
443 65.6965
444 65.6965
445 65.6965
446 65.6965
447 65.6965
448 65.6965
449 65.6965
450 65.6965
451 65.6965
452 65.6965
453 65.6965
454 65.6965
455 65.6965
456 65.6965
457 65.6965
458 65.6965
459 65.6965
460 65.6965
461 65.6965
462 65.6965
463 65.6965
464 65.6965
465 65.6965
466 65.6965
467 65.6965
468 65.6823
469 65.6823
470 65.6823
471 65.6823
472 65.6823
473 65.6823
474 65.6823
475 65.6823
476 65.6823
477 65.6823
478 65.6823
479 65.6823
480 65.6823
481 65.6823
482 65.6823
483 65.6823
484 65.6823
485 65.6823
486 65.6823
487 65.6823
488 65.6823
489 65.6823
490 65.6823
491 65.6823
492 65.6823
493 65.6823
494 65.6823
495 65.6823
496 65.6823
497 65.6823
498 65.6823
499 65.6823
500 65.6823
501 65.6823
502 65.6823
503 65.6823
504 65.6823
505 65.6823
506 65.6823
507 65.6823
508 65.6823
509 65.6823
510 65.6823
511 65.6823
512 65.6823
513 65.6823
514 65.6823
515 65.6823
516 65.6823
517 65.6823
518 65.6823
519 65.6823
520 65.6823
521 65.6823
522 65.6823
523 65.6823
524 65.6823
525 65.6823
526 65.6823
527 65.6823
528 65.6823
529 65.6823
530 65.6823
531 65.6823
532 65.6823
533 65.6823
534 65.6823
535 65.6823
536 65.6823
537 65.6823
538 65.6823
539 65.6823
540 65.6823
541 65.6823
542 65.6823
543 65.6823
544 65.6823
545 65.6823
546 65.6823
547 65.6823
548 65.6823
549 65.6823
550 65.6823
551 65.6823
552 65.6823
553 65.6823
554 65.6823
555 65.6823
556 65.6823
557 65.6823
558 65.6823
559 65.6823
560 65.6823
561 65.6823
562 65.6823
563 65.6823
564 65.6823
565 65.6823
566 65.6823
567 65.517
568 65.517
569 65.517
570 65.517
571 65.517
572 65.517
573 65.517
574 65.517
575 65.517
576 65.517
577 65.517
578 65.517
579 65.517
580 65.517
581 65.517
582 65.517
583 65.517
584 65.517
585 65.517
586 65.517
587 65.517
588 65.517
589 65.517
590 65.517
591 65.517
592 65.517
593 65.517
594 65.517
595 65.517
596 65.517
597 65.517
598 65.517
599 65.517
600 65.517
601 65.517
602 65.517
603 65.517
604 65.517
605 65.517
606 65.517
607 65.517
608 65.517
609 65.517
610 65.517
611 65.517
612 65.517
613 65.517
614 65.517
615 65.517
616 65.517
617 65.517
618 65.517
619 65.517
620 65.517
621 65.517
622 65.517
623 65.517
624 65.517
625 65.517
626 65.517
627 65.517
628 65.517
629 65.517
630 65.517
631 65.517
632 65.517
633 65.517
634 65.517
635 65.517
636 65.517
637 65.517
638 65.517
639 65.517
640 65.517
641 65.517
642 65.517
643 65.517
644 65.517
645 65.517
646 65.517
647 65.517
648 65.517
649 65.517
650 65.517
651 65.517
652 65.517
653 65.517
654 65.517
655 65.517
656 65.517
657 65.517
658 65.517
659 65.517
660 65.517
661 65.517
662 65.517
663 65.517
664 65.517
665 65.517
666 65.517
667 65.517
668 65.517
669 65.517
670 65.517
671 65.517
672 65.517
673 65.517
674 65.517
675 65.517
676 65.517
677 65.517
678 65.517
679 65.517
680 65.517
681 65.517
682 65.517
683 65.517
684 65.517
685 65.517
686 65.517
687 65.517
688 65.517
689 65.517
690 65.517
691 65.517
692 65.517
693 65.517
694 65.517
695 65.517
696 65.517
697 65.517
698 65.517
699 65.517
700 65.517
701 65.517
702 65.517
703 65.517
704 65.517
705 65.517
706 65.517
707 65.517
708 65.517
709 65.517
710 65.517
711 65.517
712 65.517
713 65.517
714 65.517
715 65.517
716 65.517
717 65.517
718 65.517
719 65.517
720 65.517
721 65.517
722 65.517
723 65.517
724 65.517
725 65.517
726 65.517
727 65.517
728 65.517
729 65.517
730 65.517
731 65.517
732 65.517
733 65.517
734 65.517
735 65.517
736 65.517
737 65.517
738 65.517
739 65.517
740 65.517
741 65.517
742 65.517
743 65.517
744 65.517
745 65.517
746 65.517
747 65.517
748 65.517
749 65.517
750 65.517
751 65.517
752 65.517
753 65.517
754 65.517
755 65.517
756 65.517
757 65.517
758 65.517
759 65.517
760 65.517
761 65.517
762 65.517
763 65.517
764 65.517
765 65.517
766 65.517
767 65.517
768 65.517
769 65.517
770 65.517
771 65.517
772 65.517
773 65.517
774 65.517
775 65.517
776 65.517
777 65.517
778 65.517
779 65.517
780 65.517
781 65.517
782 65.517
783 65.517
784 65.517
785 65.517
786 65.517
787 65.517
788 65.517
789 65.517
790 65.517
791 65.517
792 65.517
793 65.517
794 65.517
795 65.517
796 65.517
797 65.517
798 65.517
799 65.517
800 65.517
801 65.517
802 65.517
803 65.517
804 65.517
805 65.517
806 65.517
807 65.517
808 65.517
809 65.517
810 65.517
811 65.517
812 65.517
813 65.517
814 65.517
815 65.517
816 65.517
817 65.517
818 65.517
819 65.517
820 65.517
821 65.517
822 65.517
823 65.517
824 65.517
825 65.517
826 65.517
827 65.517
828 65.517
829 65.517
830 65.517
831 65.517
832 65.517
833 65.517
834 65.517
835 65.517
836 65.517
837 65.517
838 65.517
839 65.517
840 65.517
841 65.517
842 65.517
843 65.517
844 65.517
845 65.517
846 65.517
847 65.517
848 65.517
849 65.517
850 65.517
851 65.517
852 65.517
853 65.517
854 65.517
855 65.517
856 65.517
857 65.517
858 65.517
859 65.517
860 65.517
861 65.517
862 65.517
863 65.517
864 65.517
865 65.517
866 65.517
867 65.517
868 65.517
869 65.517
870 65.517
871 65.517
872 65.517
873 65.517
874 65.517
875 65.517
876 65.517
877 65.517
878 65.517
879 65.517
880 65.517
881 65.517
882 65.517
883 65.517
884 65.517
885 65.517
886 65.517
887 65.517
888 65.517
889 65.517
890 65.517
891 65.517
892 65.517
893 65.517
894 65.517
895 65.517
896 65.517
897 65.517
898 65.517
899 65.517
900 65.517
901 65.517
902 65.517
903 65.517
904 65.517
905 65.517
906 65.517
907 65.517
908 65.517
909 65.517
910 65.517
911 65.517
912 65.517
913 65.517
914 65.517
915 65.517
916 65.517
917 65.517
918 65.517
919 65.517
920 65.517
921 65.517
922 65.517
923 65.517
924 65.517
925 65.517
926 65.517
927 65.517
928 65.517
929 65.517
930 65.517
931 65.517
932 65.517
933 65.517
934 65.517
935 65.517
936 65.517
937 65.517
938 65.517
939 65.517
940 65.517
941 65.517
942 65.517
943 65.517
944 65.517
945 65.517
946 65.517
947 65.517
948 65.517
949 65.517
950 65.517
951 65.517
952 65.517
953 65.517
954 65.517
955 65.517
956 65.517
957 65.517
958 65.517
959 65.517
960 65.517
961 65.517
962 65.517
963 65.517
964 65.517
965 65.517
966 65.517
967 65.517
968 65.517
969 65.517
970 65.517
971 65.517
972 65.517
973 65.517
974 65.517
975 65.517
976 65.517
977 65.517
978 65.517
979 65.517
980 65.517
981 65.517
982 65.517
983 65.517
984 65.517
985 65.517
986 65.517
987 65.517
988 65.517
989 65.517
990 65.517
991 65.517
992 65.517
993 65.517
994 65.517
995 65.517
996 65.517
997 65.517
998 65.517
999 65.517
1000 65.517
1001 65.517
1002 65.517
1003 65.517
1004 65.517
1005 65.517
1006 65.517
1007 65.517
1008 65.517
1009 65.517
1010 65.517
1011 65.517
1012 65.517
1013 65.517
1014 65.517
1015 65.517
1016 65.517
1017 65.517
1018 65.517
1019 65.517
1020 65.517
1021 65.517
1022 65.517
1023 65.517
1024 65.517
1025 65.517
1026 65.517
1027 65.517
1028 65.517
1029 65.517
1030 65.517
1031 65.517
1032 65.517
1033 65.517
1034 65.517
1035 65.517
1036 65.517
1037 65.517
1038 65.517
1039 65.517
1040 65.517
1041 65.517
1042 65.517
1043 65.517
1044 65.517
1045 65.517
1046 65.517
1047 65.517
1048 65.517
1049 65.517
1050 65.517
1051 65.517
1052 65.517
1053 65.517
1054 65.517
1055 65.517
1056 65.517
1057 65.517
1058 65.517
1059 65.517
1060 65.517
1061 65.517
1062 65.517
1063 65.517
1064 65.517
1065 65.517
1066 65.517
1067 65.517
1068 65.517
1069 65.517
1070 65.517
1071 65.517
1072 65.517
1073 65.517
1074 65.517
1075 65.517
1076 65.517
1077 65.517
1078 65.517
1079 65.517
1080 65.517
1081 65.517
1082 65.517
1083 65.517
1084 65.517
1085 65.517
1086 65.517
1087 65.517
1088 65.517
1089 65.517
1090 65.517
1091 65.517
1092 65.517
1093 65.517
1094 65.517
1095 65.517
1096 65.517
1097 65.517
1098 65.517
1099 65.517
1100 65.517
1101 65.517
1102 65.517
1103 65.517
1104 65.517
1105 65.517
1106 65.517
1107 65.517
1108 65.517
1109 65.517
1110 65.517
1111 65.517
1112 65.517
1113 65.517
1114 65.517
1115 65.517
1116 65.517
1117 65.517
1118 65.517
1119 65.517
1120 65.517
1121 65.517
1122 65.517
1123 65.517
1124 65.517
1125 65.517
1126 65.517
1127 65.517
1128 65.517
1129 65.517
1130 65.517
1131 65.517
1132 65.517
1133 65.517
1134 65.517
1135 65.517
1136 65.517
1137 65.517
1138 65.517
1139 65.517
1140 65.517
1141 65.517
1142 65.517
1143 65.517
1144 65.517
1145 65.517
1146 65.517
1147 65.517
1148 65.517
1149 65.517
1150 65.517
1151 65.517
1152 65.517
1153 65.517
1154 65.517
1155 65.517
1156 65.517
1157 65.517
1158 65.517
1159 65.517
1160 65.517
1161 65.517
1162 65.517
1163 65.517
1164 65.517
1165 65.517
1166 65.517
1167 65.517
1168 65.517
1169 65.517
1170 65.517
1171 65.517
1172 65.517
1173 65.517
1174 65.517
1175 65.517
1176 65.517
1177 65.517
1178 65.517
1179 65.517
1180 65.517
1181 65.517
1182 65.517
1183 65.517
1184 65.517
1185 65.517
1186 65.517
1187 65.517
1188 65.517
1189 65.517
1190 65.517
1191 65.517
1192 65.517
1193 65.517
1194 65.517
1195 65.517
1196 65.517
1197 65.517
1198 65.517
1199 65.517
1200 65.517
1201 65.517
1202 65.517
1203 65.517
1204 65.517
1205 65.517
1206 65.517
1207 65.517
1208 65.517
1209 65.517
1210 65.517
1211 65.517
1212 65.517
1213 65.517
1214 65.517
1215 65.517
1216 65.517
1217 65.517
1218 65.517
1219 65.517
1220 65.517
1221 65.517
1222 65.517
1223 65.517
1224 65.517
1225 65.517
1226 65.517
1227 65.517
1228 65.517
1229 65.517
1230 65.517
1231 65.517
1232 65.517
1233 65.517
1234 65.517
1235 65.517
1236 65.517
1237 65.517
1238 65.517
1239 65.517
1240 65.517
1241 65.517
1242 65.517
1243 65.517
1244 65.517
1245 65.517
1246 65.517
1247 65.517
1248 65.517
1249 65.517
1250 65.517
1251 65.517
1252 65.517
1253 65.517
1254 65.517
1255 65.517
1256 65.517
1257 65.517
1258 65.517
1259 65.517
1260 65.517
1261 65.517
1262 65.517
1263 65.517
1264 65.517
1265 65.517
1266 65.517
1267 65.517
1268 65.517
1269 65.517
1270 65.517
1271 65.517
1272 65.517
1273 65.517
1274 65.517
1275 65.517
1276 65.517
1277 65.517
1278 65.517
1279 65.517
1280 65.517
1281 65.517
1282 65.517
1283 65.517
1284 65.517
1285 65.517
1286 65.517
1287 65.517
1288 65.517
1289 65.517
1290 65.517
1291 65.517
1292 65.517
1293 65.517
1294 65.517
1295 65.517
1296 65.517
1297 65.517
1298 65.517
1299 65.517
1300 65.517
1301 65.517
1302 65.517
1303 65.517
1304 65.517
1305 65.517
1306 65.517
1307 65.517
1308 65.517
1309 65.517
1310 65.517
1311 65.517
1312 65.517
1313 65.517
1314 65.517
1315 65.517
1316 65.517
1317 65.517
1318 65.517
1319 65.517
1320 65.517
1321 65.517
1322 65.517
1323 65.517
1324 65.517
1325 65.517
1326 65.517
1327 65.517
1328 65.517
1329 65.517
1330 65.517
1331 65.517
1332 65.517
1333 65.517
1334 65.517
1335 65.517
1336 65.517
1337 65.517
1338 65.517
1339 65.517
1340 65.517
1341 65.517
1342 65.517
1343 65.517
1344 65.517
1345 65.517
1346 65.517
1347 65.517
1348 65.517
1349 65.517
1350 65.517
1351 65.517
1352 65.517
1353 65.517
1354 65.517
1355 65.517
1356 65.517
1357 65.517
1358 65.517
1359 65.517
1360 65.517
1361 65.517
1362 65.517
1363 65.517
1364 65.517
1365 65.517
1366 65.517
1367 65.517
1368 65.517
1369 65.517
1370 65.517
1371 65.517
1372 65.517
1373 65.517
1374 65.517
1375 65.517
1376 65.517
1377 65.517
1378 65.517
1379 65.517
1380 65.517
1381 65.517
1382 65.517
1383 65.517
1384 65.517
1385 65.517
1386 65.517
1387 65.517
1388 65.517
1389 65.517
1390 65.517
1391 65.517
1392 65.517
1393 65.517
1394 65.517
1395 65.517
1396 65.517
1397 65.517
1398 65.517
1399 65.517
1400 65.517
1401 65.517
1402 65.517
1403 65.517
1404 65.517
1405 65.517
1406 65.517
1407 65.517
1408 65.517
1409 65.517
1410 65.517
1411 65.517
1412 65.517
1413 65.517
1414 65.517
1415 65.517
1416 65.517
1417 65.517
1418 65.517
1419 65.517
1420 65.517
1421 65.517
1422 65.517
1423 65.517
1424 65.517
1425 65.517
1426 65.517
1427 65.517
1428 65.517
1429 65.517
1430 65.517
1431 65.517
1432 65.517
1433 65.517
1434 65.517
1435 65.517
1436 65.517
1437 65.517
1438 65.517
1439 65.517
1440 65.517
1441 65.517
1442 65.517
1443 65.517
1444 65.517
1445 65.517
1446 65.517
1447 65.517
1448 65.517
1449 65.517
1450 65.517
1451 65.517
1452 65.517
1453 65.517
1454 65.517
1455 65.517
1456 65.517
1457 65.517
1458 65.517
1459 65.517
1460 65.517
1461 65.517
1462 65.517
1463 65.517
1464 65.517
1465 65.517
1466 65.517
1467 65.517
1468 65.517
1469 65.517
1470 65.517
1471 65.517
1472 65.517
1473 65.517
1474 65.517
1475 65.517
1476 65.517
1477 65.517
1478 65.517
1479 65.517
1480 65.517
1481 65.517
1482 65.517
1483 65.517
1484 65.517
1485 65.517
1486 65.517
1487 65.517
1488 65.517
1489 65.517
1490 65.517
1491 65.517
1492 65.517
1493 65.517
1494 65.517
1495 65.517
1496 65.517
1497 65.517
1498 65.517
1499 65.517
1500 65.517
1501 65.517
1502 65.517
1503 65.517
1504 65.517
1505 65.517
1506 65.517
1507 65.517
1508 65.517
1509 65.517
1510 65.517
1511 65.517
1512 65.517
1513 65.517
1514 65.517
1515 65.517
1516 65.517
1517 65.517
1518 65.517
1519 65.517
1520 65.517
1521 65.517
1522 65.517
1523 65.4566
1524 65.4566
1525 65.4566
1526 65.4566
1527 65.4566
1528 65.4566
1529 65.4566
1530 65.4566
1531 65.4566
1532 65.4566
1533 65.4566
1534 65.4566
1535 65.4566
1536 65.4566
1537 65.4566
1538 65.4566
1539 65.4566
1540 65.4566
1541 65.4566
1542 65.4566
1543 65.4566
1544 65.4566
1545 65.4566
1546 65.4566
1547 65.4566
1548 65.4566
1549 65.4566
1550 65.4566
1551 65.4566
1552 65.4566
1553 65.4566
1554 65.4566
1555 65.4566
1556 65.4566
1557 65.4566
1558 65.4566
1559 65.4566
1560 65.4566
1561 65.4566
1562 65.4566
1563 65.4566
1564 65.4566
1565 65.4566
1566 65.4566
1567 65.4566
1568 65.4566
1569 65.4566
1570 65.4566
1571 65.4566
1572 65.4566
1573 65.4566
1574 65.4566
1575 65.4566
1576 65.4566
1577 65.4566
1578 65.4566
1579 65.4566
1580 65.4566
1581 65.4566
1582 65.4566
1583 65.4566
1584 65.4566
1585 65.4566
1586 65.4566
1587 65.4566
1588 65.4566
1589 65.4566
1590 65.284
1591 65.284
1592 65.284
1593 65.284
1594 65.284
1595 65.284
1596 65.284
1597 65.284
1598 65.284
1599 65.284
1600 65.284
1601 65.284
1602 65.284
1603 65.284
1604 65.284
1605 65.284
1606 65.284
1607 65.284
1608 65.284
1609 65.284
1610 65.284
1611 65.284
1612 65.284
1613 65.284
1614 65.284
1615 65.284
1616 65.284
1617 65.284
1618 65.284
1619 65.284
1620 65.284
1621 65.284
1622 65.284
1623 65.284
1624 65.284
1625 65.284
1626 65.284
1627 65.284
1628 65.284
1629 65.284
1630 65.284
1631 65.284
1632 65.284
1633 65.284
1634 65.284
1635 65.284
1636 65.284
1637 65.284
1638 65.284
1639 65.284
1640 65.284
1641 65.284
1642 65.284
1643 65.284
1644 65.284
1645 65.284
1646 65.284
1647 65.284
1648 65.284
1649 65.284
1650 65.284
1651 65.284
1652 65.284
1653 65.284
1654 65.284
1655 65.284
1656 65.284
1657 65.284
1658 65.284
1659 65.284
1660 65.284
1661 65.284
1662 65.284
1663 65.284
1664 65.284
1665 65.284
1666 65.284
1667 65.284
1668 65.284
1669 65.284
1670 65.284
1671 65.284
1672 65.284
1673 65.284
1674 65.284
1675 65.284
1676 65.284
1677 65.284
1678 65.284
1679 65.284
1680 65.284
1681 65.284
1682 65.284
1683 65.284
1684 65.284
1685 65.284
1686 65.284
1687 65.284
1688 65.284
1689 65.284
1690 65.284
1691 65.284
1692 65.284
1693 65.284
1694 65.284
1695 65.284
1696 65.284
1697 65.284
1698 65.284
1699 65.284
1700 65.284
1701 65.284
1702 65.284
1703 65.284
1704 65.284
1705 65.284
1706 65.284
1707 65.284
1708 65.284
1709 65.284
1710 65.284
1711 65.284
1712 65.284
1713 65.284
1714 65.284
1715 65.284
1716 65.284
1717 65.284
1718 65.284
1719 65.284
1720 65.284
1721 65.284
1722 65.284
1723 65.284
1724 65.284
1725 65.284
1726 65.284
1727 65.284
1728 65.284
1729 65.284
1730 65.284
1731 65.284
1732 65.284
1733 65.284
1734 65.284
1735 65.284
1736 65.284
1737 65.284
1738 65.284
1739 65.284
1740 65.284
1741 65.284
1742 65.284
1743 65.284
1744 65.284
1745 65.284
1746 65.284
1747 65.284
1748 65.284
1749 65.284
1750 65.284
1751 65.284
1752 65.284
1753 65.284
1754 65.284
1755 65.284
1756 65.284
1757 65.284
1758 65.284
1759 65.284
1760 65.284
1761 65.284
1762 65.284
1763 65.284
1764 65.284
1765 65.284
1766 65.284
1767 65.284
1768 65.284
1769 65.284
1770 65.284
1771 65.284
1772 65.284
1773 65.284
1774 65.284
1775 65.284
1776 65.284
1777 65.284
1778 65.284
1779 65.284
1780 65.284
1781 65.284
1782 65.284
1783 65.284
1784 65.284
1785 65.284
1786 65.284
1787 65.284
1788 65.284
1789 65.284
1790 65.284
1791 65.284
1792 65.284
1793 65.284
1794 65.284
1795 65.284
1796 65.284
1797 65.284
1798 65.284
1799 65.284
1800 65.284
1801 65.284
1802 65.284
1803 65.284
1804 65.284
1805 65.284
1806 65.284
1807 65.284
1808 65.284
1809 65.284
1810 65.284
1811 65.284
1812 65.284
1813 65.284
1814 65.284
1815 65.284
1816 65.284
1817 65.284
1818 65.284
1819 65.284
1820 65.284
1821 65.284
1822 65.284
1823 65.284
1824 65.284
1825 65.284
1826 65.284
1827 65.284
1828 65.284
1829 65.284
1830 65.284
1831 65.284
1832 65.284
1833 65.284
1834 65.284
1835 65.284
1836 65.284
1837 65.284
1838 65.284
1839 65.284
1840 65.284
1841 65.284
1842 65.284
1843 65.284
1844 65.284
1845 65.284
1846 65.284
1847 65.284
1848 65.284
1849 65.284
1850 65.284
1851 65.284
1852 65.284
1853 65.284
1854 65.284
1855 65.284
1856 65.284
1857 65.284
1858 65.284
1859 65.284
1860 65.284
1861 65.284
1862 65.284
1863 65.284
1864 65.284
1865 65.284
1866 65.284
1867 65.284
1868 65.284
1869 65.284
1870 65.284
1871 65.284
1872 65.284
1873 65.284
1874 65.284
1875 65.284
1876 65.284
1877 65.284
1878 65.284
1879 65.284
1880 65.284
1881 65.284
1882 65.284
1883 65.284
1884 65.284
1885 65.284
1886 65.284
1887 65.284
1888 65.284
1889 65.284
1890 65.284
1891 65.284
1892 65.284
1893 65.284
1894 65.284
1895 65.284
1896 65.284
1897 65.284
1898 65.284
1899 65.284
1900 65.284
1901 65.284
1902 65.284
1903 65.284
1904 65.284
1905 65.284
1906 65.284
1907 65.284
1908 65.284
1909 65.284
1910 65.284
1911 65.284
1912 65.284
1913 65.284
1914 65.284
1915 65.284
1916 65.284
1917 65.284
1918 65.284
1919 65.284
1920 65.284
1921 65.284
1922 65.284
1923 65.284
1924 65.284
1925 65.284
1926 65.284
1927 65.284
1928 65.284
1929 65.284
1930 65.284
1931 65.284
1932 65.284
1933 65.284
1934 65.284
1935 65.284
1936 65.284
1937 65.284
1938 65.284
1939 65.284
1940 65.284
1941 65.284
1942 65.284
1943 65.284
1944 65.284
1945 65.284
1946 65.284
1947 65.284
1948 65.284
1949 65.284
1950 65.284
1951 65.284
1952 65.284
1953 65.284
1954 65.284
1955 65.284
1956 65.284
1957 65.284
1958 65.284
1959 65.284
1960 65.284
1961 65.284
1962 65.284
1963 65.284
1964 65.284
1965 65.284
1966 65.284
1967 65.284
1968 65.284
1969 65.284
1970 65.284
1971 65.284
1972 65.284
1973 65.284
1974 65.284
1975 65.284
1976 65.284
1977 65.284
1978 65.284
1979 65.284
1980 64.723
1981 64.723
1982 64.723
1983 64.723
1984 64.723
1985 64.723
1986 64.723
1987 64.723
1988 64.723
1989 64.723
1990 64.723
1991 64.723
1992 64.723
1993 64.723
1994 64.723
1995 64.723
1996 64.723
1997 64.723
1998 64.723
1999 64.723
2000 64.723
2001 64.723
2002 64.723
2003 64.723
2004 64.723
2005 64.723
2006 64.723
2007 64.723
2008 64.723
2009 64.723
2010 64.723
2011 64.723
2012 64.723
2013 64.723
2014 64.723
2015 64.723
2016 64.723
2017 64.723
2018 64.723
2019 64.723
2020 64.723
2021 64.723
2022 64.723
2023 64.723
2024 64.723
2025 64.723
2026 64.723
2027 64.723
2028 64.723
2029 64.723
2030 64.723
2031 64.723
2032 64.723
2033 64.723
2034 64.723
2035 64.723
2036 64.723
2037 64.723
2038 64.723
2039 64.723
2040 64.723
2041 64.723
2042 64.723
2043 64.723
2044 64.723
2045 64.723
2046 64.723
2047 64.723
2048 64.723
2049 64.723
2050 64.723
2051 64.723
2052 64.723
2053 64.723
2054 64.723
2055 64.723
2056 64.723
2057 64.723
2058 64.723
2059 64.723
2060 64.723
2061 64.723
2062 64.723
2063 64.723
2064 64.723
2065 64.723
2066 64.723
2067 64.723
2068 64.723
2069 64.723
2070 64.723
2071 64.723
2072 64.723
2073 64.723
2074 64.723
2075 64.723
2076 64.723
2077 64.723
2078 64.723
2079 64.723
2080 64.723
2081 64.723
2082 64.723
2083 64.723
2084 64.723
2085 64.723
2086 64.723
2087 64.723
2088 64.723
2089 64.723
2090 64.723
2091 64.723
2092 64.723
2093 64.723
2094 64.723
2095 64.723
2096 64.723
2097 64.723
2098 64.723
2099 64.723
2100 64.723
2101 64.723
2102 64.723
2103 64.723
2104 64.723
2105 64.723
2106 64.723
2107 64.723
2108 64.723
2109 64.723
2110 64.723
2111 64.723
2112 64.723
2113 64.723
2114 64.723
2115 64.723
2116 64.723
2117 64.723
2118 64.723
2119 64.723
2120 64.723
2121 64.723
2122 64.723
2123 64.723
2124 64.723
2125 64.723
2126 64.723
2127 64.723
2128 64.723
2129 64.723
2130 64.723
2131 64.723
2132 64.723
2133 64.723
2134 64.723
2135 64.723
2136 64.723
2137 64.723
2138 64.723
2139 64.723
2140 64.723
2141 64.723
2142 64.723
2143 64.723
2144 64.723
2145 64.723
2146 64.723
2147 64.723
2148 64.723
2149 64.723
2150 64.723
2151 64.723
2152 64.723
2153 64.723
2154 64.723
2155 64.723
2156 64.723
2157 64.723
2158 64.723
2159 64.723
2160 64.723
2161 64.723
2162 64.723
2163 64.723
2164 64.723
2165 64.723
2166 64.723
2167 64.723
2168 64.723
2169 64.723
2170 64.723
2171 64.723
2172 64.723
2173 64.723
2174 64.723
2175 64.723
2176 64.723
2177 64.723
2178 64.723
2179 64.723
2180 64.723
2181 64.723
2182 64.723
2183 64.723
2184 64.723
2185 64.723
2186 64.723
2187 64.723
2188 64.723
2189 64.723
2190 64.723
2191 64.723
2192 64.723
2193 64.723
2194 64.723
2195 64.723
2196 64.723
2197 64.723
2198 64.723
2199 64.723
2200 64.723
2201 64.723
2202 64.723
2203 64.723
2204 64.723
2205 64.723
2206 64.723
2207 64.723
2208 64.723
2209 64.723
2210 64.723
2211 64.723
2212 64.723
2213 64.723
2214 64.723
2215 64.723
2216 64.723
2217 64.723
2218 64.723
2219 64.723
2220 64.723
2221 64.723
2222 64.723
2223 64.723
2224 64.723
2225 64.723
2226 64.723
2227 64.723
2228 64.723
2229 64.723
2230 64.723
2231 64.723
2232 64.723
2233 64.723
2234 64.723
2235 64.723
2236 64.723
2237 64.723
2238 64.723
2239 64.723
2240 64.723
2241 64.723
2242 64.723
2243 64.723
2244 64.723
2245 64.723
2246 64.723
2247 64.723
2248 64.723
2249 64.723
2250 64.723
2251 64.723
2252 64.723
2253 64.723
2254 64.723
2255 64.723
2256 64.723
2257 64.723
2258 64.723
2259 64.723
2260 64.723
2261 64.723
2262 64.723
2263 64.723
2264 64.723
2265 64.723
2266 64.723
2267 64.723
2268 64.723
2269 64.723
2270 64.723
2271 64.723
2272 64.723
2273 64.723
2274 64.723
2275 64.723
2276 64.723
2277 64.723
2278 64.723
2279 64.723
2280 64.723
2281 64.723
2282 64.723
2283 64.723
2284 64.723
2285 64.723
2286 64.723
2287 64.723
2288 64.723
2289 64.723
2290 64.723
2291 64.723
2292 64.723
2293 64.723
2294 64.723
2295 64.723
2296 64.723
2297 64.723
2298 64.723
2299 64.723
2300 64.723
2301 64.723
2302 64.723
2303 64.723
2304 64.723
2305 64.723
2306 64.723
2307 64.723
2308 64.723
2309 64.723
2310 64.723
2311 64.723
2312 64.723
2313 64.723
2314 64.723
2315 64.723
2316 64.723
2317 64.723
2318 64.723
2319 64.723
2320 64.723
2321 64.723
2322 64.723
2323 64.723
2324 64.723
2325 64.723
2326 64.723
2327 64.723
2328 64.723
2329 64.723
2330 64.723
2331 64.723
2332 64.723
2333 64.723
2334 64.723
2335 64.723
2336 64.723
2337 64.723
2338 64.723
2339 64.723
2340 64.723
2341 64.723
2342 64.723
2343 64.723
2344 64.723
2345 64.723
2346 64.723
2347 64.723
2348 64.723
2349 64.723
2350 64.723
2351 64.723
2352 64.723
2353 64.723
2354 64.723
2355 64.723
2356 64.723
2357 64.723
2358 64.723
2359 64.723
2360 64.723
2361 64.723
2362 64.723
2363 64.723
2364 64.723
2365 64.723
2366 64.723
2367 64.723
2368 64.723
2369 64.723
2370 64.723
2371 64.723
2372 64.723
2373 64.723
2374 64.723
2375 64.723
2376 64.723
2377 64.723
2378 64.723
2379 64.723
2380 64.723
2381 64.723
2382 64.723
2383 64.723
2384 64.723
2385 64.723
2386 64.723
2387 64.723
2388 64.723
2389 64.723
2390 64.723
2391 64.723
2392 64.723
2393 64.723
2394 64.723
2395 64.723
2396 64.723
2397 64.723
2398 64.723
2399 64.723
2400 64.723
2401 64.723
2402 64.723
2403 64.723
2404 64.723
2405 64.723
2406 64.723
2407 64.723
2408 64.723
2409 64.723
2410 64.723
2411 64.723
2412 64.723
2413 64.723
2414 64.723
2415 64.723
2416 64.723
2417 64.723
2418 64.723
2419 64.723
2420 64.723
2421 64.723
2422 64.723
2423 64.723
2424 64.723
2425 64.723
2426 64.723
2427 64.723
2428 64.723
2429 64.723
2430 64.723
2431 64.723
2432 64.723
2433 64.723
2434 64.723
2435 64.723
2436 64.723
2437 64.723
2438 64.723
2439 64.723
2440 64.723
2441 64.723
2442 64.723
2443 64.723
2444 64.723
2445 64.723
2446 64.723
2447 64.723
2448 64.723
2449 64.723
2450 64.723
2451 64.723
2452 64.723
2453 64.723
2454 64.723
2455 64.723
2456 64.723
2457 64.723
2458 64.723
2459 64.723
2460 64.723
2461 64.723
2462 64.723
2463 64.723
2464 64.723
2465 64.723
2466 64.723
2467 64.723
2468 64.723
2469 64.723
2470 64.723
2471 64.723
2472 64.723
2473 64.723
2474 64.723
2475 64.723
2476 64.723
2477 64.723
2478 64.723
2479 64.723
2480 64.723
2481 64.723
2482 64.723
2483 64.723
2484 64.723
2485 64.723
2486 64.723
2487 64.723
2488 64.723
2489 64.723
2490 64.723
2491 64.723
2492 64.723
2493 64.723
2494 64.723
2495 64.723
2496 64.723
2497 64.723
2498 64.723
2499 64.723
2500 64.723
2501 64.723
2502 64.723
2503 64.723
2504 64.723
2505 64.723
2506 64.723
2507 64.723
2508 64.723
2509 64.723
2510 64.723
2511 64.723
2512 64.723
2513 64.723
2514 64.723
2515 64.723
2516 64.723
2517 64.723
2518 64.723
2519 64.723
2520 64.723
2521 64.723
2522 64.723
2523 64.723
2524 64.723
2525 64.723
2526 64.723
2527 64.723
2528 64.723
2529 64.723
2530 64.723
2531 64.723
2532 64.723
2533 64.723
2534 64.723
2535 64.723
2536 64.723
2537 64.723
2538 64.723
2539 64.723
2540 64.723
2541 64.723
2542 64.723
2543 64.723
2544 64.723
2545 64.723
2546 64.723
2547 64.723
2548 64.723
2549 64.723
2550 64.723
2551 64.723
2552 64.723
2553 64.723
2554 64.723
2555 64.723
2556 64.723
2557 64.723
2558 64.723
2559 64.723
2560 64.723
2561 64.723
2562 64.723
2563 64.723
2564 64.723
2565 64.723
2566 64.723
2567 64.723
2568 64.723
2569 64.723
2570 64.723
2571 64.723
2572 64.723
2573 64.723
2574 64.723
2575 64.723
2576 64.723
2577 64.723
2578 64.723
2579 64.723
2580 64.723
2581 64.723
2582 64.723
2583 64.723
2584 64.723
2585 64.723
2586 64.723
2587 64.723
2588 64.723
2589 64.723
2590 64.723
2591 64.723
2592 64.723
2593 64.723
2594 64.723
2595 64.723
2596 64.723
2597 64.723
2598 64.723
2599 64.723
2600 64.723
2601 64.723
2602 64.723
2603 64.723
2604 64.723
2605 64.723
2606 64.723
2607 64.723
2608 64.723
2609 64.723
2610 64.723
2611 64.723
2612 64.723
2613 64.723
2614 64.723
2615 64.723
2616 64.723
2617 64.723
2618 64.723
2619 64.723
2620 64.723
2621 64.723
2622 64.723
2623 64.723
2624 64.723
2625 64.723
2626 64.723
2627 64.723
2628 64.723
2629 64.723
2630 64.723
2631 64.723
2632 64.723
2633 64.723
2634 64.723
2635 64.723
2636 64.723
2637 64.723
2638 64.723
2639 64.723
2640 64.723
2641 64.723
2642 64.723
2643 64.723
2644 64.723
2645 64.723
2646 64.723
2647 64.723
2648 64.723
2649 64.723
2650 64.723
2651 64.723
2652 64.723
2653 64.723
2654 64.723
2655 64.723
2656 64.723
2657 64.723
2658 64.723
2659 64.723
2660 64.723
2661 64.723
2662 64.723
2663 64.723
2664 64.723
2665 64.723
2666 64.723
2667 64.723
2668 64.723
2669 64.723
2670 64.723
2671 64.723
2672 64.723
2673 64.723
2674 64.723
2675 64.723
2676 64.723
2677 64.723
2678 64.723
2679 64.723
2680 64.723
2681 64.723
2682 64.723
2683 64.723
2684 64.723
2685 64.723
2686 64.723
2687 64.723
2688 64.723
2689 64.723
2690 64.723
2691 64.723
2692 64.723
2693 64.723
2694 64.723
2695 64.723
2696 64.723
2697 64.723
2698 64.723
2699 64.723
2700 64.723
2701 64.723
2702 64.723
2703 64.723
2704 64.723
2705 64.723
2706 64.723
2707 64.723
2708 64.723
2709 64.723
2710 64.723
2711 64.723
2712 64.723
2713 64.723
2714 64.723
2715 64.723
2716 64.723
2717 64.723
2718 64.723
2719 64.723
2720 64.723
2721 64.723
2722 64.723
2723 64.723
2724 64.723
2725 64.723
2726 64.723
2727 64.723
2728 64.723
2729 64.723
2730 64.723
2731 64.723
2732 64.723
2733 64.723
2734 64.723
2735 64.723
2736 64.723
2737 64.723
2738 64.723
2739 64.723
2740 64.723
2741 64.723
2742 64.723
2743 64.723
2744 64.723
2745 64.723
2746 64.723
2747 64.723
2748 64.723
2749 64.723
2750 64.723
2751 64.723
2752 64.723
2753 64.723
2754 64.723
2755 64.723
2756 64.723
2757 64.723
2758 64.723
2759 64.723
2760 64.723
2761 64.723
2762 64.723
2763 64.723
2764 64.723
2765 64.723
2766 64.723
2767 64.723
2768 64.723
2769 64.723
2770 64.723
2771 64.723
2772 64.723
2773 64.723
2774 64.723
2775 64.723
2776 64.723
2777 64.723
2778 64.723
2779 64.723
2780 64.723
2781 64.723
2782 64.723
2783 64.723
2784 64.723
2785 64.723
2786 64.723
2787 64.723
2788 64.723
2789 64.723
2790 64.723
2791 64.723
2792 64.723
2793 64.723
2794 64.723
2795 64.723
2796 64.723
2797 64.723
2798 64.723
2799 64.723
2800 64.723
2801 64.723
2802 64.723
2803 64.723
2804 64.723
2805 64.723
2806 64.723
2807 64.723
2808 64.723
2809 64.723
2810 64.723
2811 64.723
2812 64.723
2813 64.723
2814 64.723
2815 64.723
2816 64.723
2817 64.723
2818 64.723
2819 64.723
2820 64.723
2821 64.723
2822 64.723
2823 64.723
2824 64.723
2825 64.723
2826 64.723
2827 64.723
2828 64.723
2829 64.723
2830 64.723
2831 64.723
2832 64.723
2833 64.723
2834 64.723
2835 64.723
2836 64.723
2837 64.723
2838 64.723
2839 64.723
2840 64.723
2841 64.723
2842 64.723
2843 64.723
2844 64.723
2845 64.723
2846 64.723
2847 64.723
2848 64.723
2849 64.723
2850 64.723
2851 64.723
2852 64.723
2853 64.723
2854 64.723
2855 64.723
2856 64.723
2857 64.723
2858 64.723
2859 64.723
2860 64.723
2861 64.723
2862 64.723
2863 64.723
2864 64.723
2865 64.723
2866 64.723
2867 64.723
2868 64.723
2869 64.723
2870 64.723
2871 64.723
2872 64.723
2873 64.723
2874 64.723
2875 64.723
2876 64.723
2877 64.723
2878 64.723
2879 64.723
2880 64.723
2881 64.723
2882 64.723
2883 64.723
2884 64.723
2885 64.723
2886 64.723
2887 64.723
2888 64.723
2889 64.723
2890 64.723
2891 64.723
2892 64.723
2893 64.723
2894 64.723
2895 64.723
2896 64.723
2897 64.723
2898 64.723
2899 64.723
2900 64.723
2901 64.723
2902 64.723
2903 64.723
2904 64.723
2905 64.723
2906 64.723
2907 64.723
2908 64.723
2909 64.723
2910 64.723
2911 64.723
2912 64.723
2913 64.723
2914 64.723
2915 64.723
2916 64.723
2917 64.723
2918 64.723
2919 64.723
2920 64.723
2921 64.723
2922 64.723
2923 64.723
2924 64.723
2925 64.723
2926 64.723
2927 64.723
2928 64.723
2929 64.723
2930 64.723
2931 64.723
2932 64.723
2933 64.723
2934 64.723
2935 64.723
2936 64.723
2937 64.723
2938 64.723
2939 64.723
2940 64.723
2941 64.723
2942 64.723
2943 64.723
2944 64.723
2945 64.723
2946 64.723
2947 64.723
2948 64.723
2949 64.723
2950 64.723
2951 64.723
2952 64.723
2953 64.723
2954 64.723
2955 64.723
2956 64.723
2957 64.723
2958 64.723
2959 64.723
2960 64.723
2961 64.723
2962 64.723
2963 64.723
2964 64.723
2965 64.723
2966 64.723
2967 64.723
2968 64.723
2969 64.723
2970 64.723
2971 64.723
2972 64.723
2973 64.723
2974 64.723
2975 64.723
2976 64.723
2977 64.723
2978 64.723
2979 64.723
2980 64.723
2981 64.723
2982 64.723
2983 64.723
2984 64.723
2985 64.723
2986 64.723
2987 64.723
2988 64.723
2989 64.723
2990 64.723
2991 64.723
2992 64.723
2993 64.723
2994 64.723
2995 64.723
2996 64.723
2997 64.723
2998 64.723
2999 64.723
3000 64.723
3001 64.723
3002 64.723
3003 64.723
3004 64.723
3005 64.723
3006 64.723
3007 64.723
3008 64.723
3009 64.723
3010 64.723
3011 64.723
3012 64.723
3013 64.723
3014 64.723
3015 64.723
3016 64.723
3017 64.723
3018 64.723
3019 64.723
3020 64.723
3021 64.723
3022 64.723
3023 64.723
3024 64.723
3025 64.723
3026 64.723
3027 64.723
3028 64.723
3029 64.723
3030 64.723
3031 64.723
3032 64.723
3033 64.723
3034 64.723
3035 64.723
3036 64.723
3037 64.723
3038 64.723
3039 64.723
3040 64.723
3041 64.723
3042 64.723
3043 64.723
3044 64.723
3045 64.723
3046 64.723
3047 64.723
3048 64.723
3049 64.723
3050 64.723
3051 64.723
3052 64.723
3053 64.723
3054 64.723
3055 64.723
3056 64.723
3057 64.723
3058 64.723
3059 64.723
3060 64.723
3061 64.723
3062 64.723
3063 64.723
3064 64.723
3065 64.723
3066 64.723
3067 64.723
3068 64.723
3069 64.723
3070 64.723
3071 64.723
3072 64.723
3073 64.723
3074 64.723
3075 64.723
3076 64.723
3077 64.723
3078 64.723
3079 64.723
3080 64.723
3081 64.723
3082 64.723
3083 64.723
3084 64.723
3085 64.723
3086 64.723
3087 64.723
3088 64.723
3089 64.723
3090 64.723
3091 64.723
3092 64.723
3093 64.723
3094 64.723
3095 64.723
3096 64.723
3097 64.723
3098 64.723
3099 64.723
3100 64.723
3101 64.723
3102 64.723
3103 64.723
3104 64.723
3105 64.723
3106 64.723
3107 64.723
3108 64.723
3109 64.723
3110 64.723
3111 64.723
3112 64.723
3113 64.723
3114 64.723
3115 64.723
3116 64.723
3117 64.723
3118 64.723
3119 64.723
3120 64.723
3121 64.723
3122 64.723
3123 64.723
3124 64.723
3125 64.723
3126 64.723
3127 64.723
3128 64.723
3129 64.723
3130 64.723
3131 64.723
3132 64.723
3133 64.723
3134 64.723
3135 64.723
3136 64.723
3137 64.723
3138 64.723
3139 64.723
3140 64.723
3141 64.723
3142 64.723
3143 64.723
3144 64.723
3145 64.723
3146 64.723
3147 64.723
3148 64.723
3149 64.723
3150 64.723
3151 64.723
3152 64.723
3153 64.723
3154 64.723
3155 64.723
3156 64.723
3157 64.723
3158 64.723
3159 64.723
3160 64.723
3161 64.723
3162 64.723
3163 64.723
3164 64.723
3165 64.723
3166 64.723
3167 64.723
3168 64.723
3169 64.723
3170 64.723
3171 64.723
3172 64.723
3173 64.723
3174 64.723
3175 64.723
3176 64.723
3177 64.723
3178 64.723
3179 64.723
3180 64.723
3181 64.723
3182 64.723
3183 64.723
3184 64.723
3185 64.723
3186 64.723
3187 64.723
3188 64.723
3189 64.723
3190 64.723
3191 64.723
3192 64.723
3193 64.723
3194 64.723
3195 64.723
3196 64.723
3197 64.723
3198 64.723
3199 64.723
3200 64.723
3201 64.723
3202 64.723
3203 64.723
3204 64.723
3205 64.723
3206 64.723
3207 64.723
3208 64.723
3209 64.723
3210 64.723
3211 64.723
3212 64.723
3213 64.723
3214 64.723
3215 64.723
3216 64.723
3217 64.723
3218 64.723
3219 64.723
3220 64.723
3221 64.723
3222 64.723
3223 64.723
3224 64.723
3225 64.723
3226 64.723
3227 64.723
3228 64.723
3229 64.723
3230 64.723
3231 64.723
3232 64.723
3233 64.723
3234 64.723
3235 64.723
3236 64.723
3237 64.723
3238 64.723
3239 64.723
3240 64.723
3241 64.723
3242 64.723
3243 64.723
3244 64.723
3245 64.723
3246 64.723
3247 64.723
3248 64.723
3249 64.723
3250 64.723
3251 64.723
3252 64.723
3253 64.723
3254 64.723
3255 64.723
3256 64.723
3257 64.723
3258 64.723
3259 64.723
3260 64.723
3261 64.723
3262 64.723
3263 64.723
3264 64.723
3265 64.723
3266 64.723
3267 64.723
3268 64.723
3269 64.723
3270 64.723
3271 64.723
3272 64.723
3273 64.723
3274 64.723
3275 64.723
3276 64.723
3277 64.723
3278 64.723
3279 64.723
3280 64.723
3281 64.723
3282 64.723
3283 64.723
3284 64.723
3285 64.723
3286 64.723
3287 64.723
3288 64.723
3289 64.723
3290 64.723
3291 64.723
3292 64.723
3293 64.723
3294 64.723
3295 64.723
3296 64.723
3297 64.723
3298 64.723
3299 64.723
3300 64.723
3301 64.723
3302 64.723
3303 64.723
3304 64.723
3305 64.723
3306 64.723
3307 64.723
3308 64.723
3309 64.723
3310 64.723
3311 64.723
3312 64.723
3313 64.723
3314 64.723
3315 64.723
3316 64.723
3317 64.723
3318 64.723
3319 64.723
3320 64.723
3321 64.723
3322 64.723
3323 64.723
3324 64.723
3325 64.723
3326 64.723
3327 64.723
3328 64.723
3329 64.723
3330 64.723
3331 64.723
3332 64.723
3333 64.723
3334 64.723
3335 64.723
3336 64.723
3337 64.723
3338 64.723
3339 64.723
3340 64.723
3341 64.723
3342 64.723
3343 64.723
3344 64.723
3345 64.723
3346 64.723
3347 64.723
3348 64.723
3349 64.723
3350 64.723
3351 64.723
3352 64.723
3353 64.723
3354 64.723
3355 64.723
3356 64.723
3357 64.723
3358 64.723
3359 64.723
3360 64.723
3361 64.723
3362 64.723
3363 64.723
3364 64.723
3365 64.723
3366 64.723
3367 64.723
3368 64.723
3369 64.723
3370 64.723
3371 64.723
3372 64.723
3373 64.723
3374 64.723
3375 64.723
3376 64.723
3377 64.723
3378 64.723
3379 64.723
3380 64.723
3381 64.723
3382 64.723
3383 64.723
3384 64.723
3385 64.723
3386 64.723
3387 64.723
3388 64.723
3389 64.723
3390 64.723
3391 64.723
3392 64.723
3393 64.723
3394 64.723
3395 64.723
3396 64.723
3397 64.723
3398 64.723
3399 64.723
3400 64.723
3401 64.723
3402 64.723
3403 64.723
3404 64.723
3405 64.723
3406 64.723
3407 64.723
3408 64.723
3409 64.723
3410 64.723
3411 64.723
3412 64.723
3413 64.723
3414 64.723
3415 64.723
3416 64.723
3417 64.723
3418 64.723
3419 64.723
3420 64.723
3421 64.723
3422 64.723
3423 64.723
3424 64.723
3425 64.723
3426 64.723
3427 64.723
3428 64.723
3429 64.723
3430 64.723
3431 64.723
3432 64.723
3433 64.723
3434 64.723
3435 64.723
3436 64.723
3437 64.723
3438 64.723
3439 64.723
3440 64.723
3441 64.723
3442 64.723
3443 64.723
3444 64.723
3445 64.723
3446 64.723
3447 64.723
3448 64.723
3449 64.723
3450 64.723
3451 64.723
3452 64.723
3453 64.723
3454 64.723
3455 64.723
3456 64.723
3457 64.723
3458 64.723
3459 64.723
3460 64.723
3461 64.723
3462 64.723
3463 64.723
3464 64.723
3465 64.723
3466 64.723
3467 64.723
3468 64.723
3469 64.723
3470 64.723
3471 64.723
3472 64.723
3473 64.723
3474 64.723
3475 64.723
3476 64.723
3477 64.723
3478 64.723
3479 64.723
3480 64.723
3481 64.723
3482 64.723
3483 64.723
3484 64.723
3485 64.723
3486 64.723
3487 64.723
3488 64.723
3489 64.723
3490 64.723
3491 64.723
3492 64.723
3493 64.723
3494 64.723
3495 64.723
3496 64.723
3497 64.723
3498 64.723
3499 64.723
3500 64.723
