0 509.352
1 447.459
2 417.578
3 398.432
4 375.954
5 358.882
6 347.93
7 335.3
8 322.623
9 308.875
10 297.355
11 287.599
12 275.824
13 267.693
14 258.957
15 252.501
16 248.085
17 243.079
18 237.854
19 229.949
20 220.972
21 214.258
22 209.753
23 205.233
24 201.202
25 197.869
26 193.908
27 189.506
28 186.53
29 183.173
30 181.027
31 178.318
32 174.81
33 171.286
34 168.243
35 166.6
36 164.206
37 162.137
38 159.291
39 157.239
40 152.894
41 149.696
42 147.331
43 144.185
44 140.125
45 138.13
46 135.831
47 133.102
48 131.776
49 130.018
50 127.486
51 125.355
52 123.274
53 123.511
54 124.539
55 123.099
56 124.96
57 124.467
58 124.471
59 122.27
60 118.316
61 117.046
62 115.666
63 115.219
64 115.185
65 114.065
66 111.611
67 110.329
68 109.327
69 108.437
70 107.645
71 107.206
72 105.889
73 104.994
74 104.05
75 103.867
76 102.736
77 102.167
78 101.447
79 101.039
80 101.004
81 101.063
82 100.728
83 100.231
84 99.3578
85 98.6199
86 97.6338
87 97.2891
88 96.586
89 95.8921
90 95.8551
91 95.1303
92 94.3496
93 93.1713
94 92.7043
95 92.5072
96 90.841
97 90.2371
98 92.6979
99 92.8734
100 92.9555
101 93.0421
102 89.8793
103 87.9342
104 86.358
105 85.6403
106 85.0008
107 84.4835
108 83.9073
109 83.5503
110 83.0305
111 82.4379
112 81.9825
113 82.9491
114 83.1996
115 81.8369
116 81.5993
117 80.6653
118 80.3137
119 80.1364
120 79.4221
121 79.4142
122 78.8128
123 78.3776
124 77.4647
125 77.0081
126 76.8964
127 76.2186
128 75.8783
129 75.8412
130 75.8319
131 75.9914
132 75.9719
133 76.0501
134 75.8218
135 75.4669
136 75.0912
137 75.1066
138 74.8829
139 74.4938
140 74.3216
141 74.604
142 74.2306
143 74.1184
144 73.8592
145 73.6902
146 73.8943
147 73.7289
148 73.1891
149 73.4751
150 73.7126
151 73.0235
152 72.3006
153 71.711
154 72.0432
155 71.5776
156 71.9402
157 71.6277
158 71.4827
159 71.4032
160 71.4931
161 74.794
162 75.7642
163 73.1053
164 71.8086
165 71.2944
166 70.9841
167 70.8698
168 70.8487
169 71.1246
170 71.0098
171 71.2468
172 71.1013
173 70.963
174 71.4422
175 71.8917
176 70.7541
177 71.2004
178 71.0678
179 70.0592
180 69.4311
181 69.822
182 69.6868
183 69.4955
184 70.6221
185 70.3032
186 69.8124
187 69.4635
188 69.4789
189 69.4083
190 69.2137
191 69.1545
192 69.1982
193 69.329
194 69.3277
195 69.4135
196 69.2088
197 69.2594
198 69.4768
199 69.3079
200 69.4345
201 69.3904
202 69.6236
203 69.5207
204 69.1957
205 69.0907
206 69.4121
207 69.2312
208 69.5025
209 69.4446
210 69.2714
211 69.4649
212 69.1678
213 69.2555
214 69.0853
215 69.1578
216 69.3343
217 69.2823
218 69.2988
219 69.2849
220 69.4083
221 69.1272
222 69.0808
223 69.4115
224 69.2996
225 69.0818
226 69.1427
227 69.3945
228 69.2933
229 69.402
230 69.6793
231 69.2021
232 69.1226
233 69.2425
234 68.9617
235 69.2305
236 69.3457
237 69.2583
238 69.0328
239 69.1839
240 69.3633
241 69.6823
242 69.3326
243 69.1446
244 69.2599
245 69.095
246 69.5698
247 69.5896
248 69.4095
249 69.2819
250 69.608
251 69.3941
252 69.6677
253 69.594
254 69.0677
255 69.0889
256 68.9685
257 69.2981
258 69.2347
259 69.0804
260 69.1192
261 69.0015
262 69.0084
263 68.6452
264 68.436
265 68.3434
266 68.5898
267 68.5127
268 68.4507
269 68.5595
270 68.6595
271 68.4307
272 68.4712
273 68.5884
274 68.7308
275 68.2683
276 68.1908
277 68.1269
278 68.5985
279 68.6817
280 68.5167
281 68.2413
282 68.173
283 68.4769
284 68.5531
285 68.4562
286 68.3415
287 68.4386
288 68.634
289 68.6513
290 72.6988
291 73.3482
292 71.6777
293 69.832
294 69.0112
295 68.8719
296 68.8835
297 68.4438
298 68.6364
299 68.5547
300 68.5583
301 68.4214
302 68.3381
303 68.7208
304 68.5314
305 68.6736
306 68.684
307 68.4359
308 68.3735
309 68.2108
310 68.4312
311 68.3778
312 68.2351
313 68.7644
314 68.6194
315 68.7344
316 68.9409
317 68.6973
318 68.343
319 68.3808
320 68.2285
321 68.256
322 68.5381
323 68.5804
324 68.5496
325 68.0358
326 68.5137
327 68.7959
328 68.3078
329 68.6005
330 68.4871
331 68.3055
332 68.9531
333 68.4122
334 68.6449
335 68.323
336 68.3299
337 68.5996
338 68.8347
339 69.1318
340 68.485
341 68.4198
342 68.4244
343 68.5664
344 68.4465
345 68.3703
346 68.4838
347 68.6744
348 68.3075
349 68.2351
350 68.2429
351 68.4565
352 68.515
353 68.493
354 68.8243
355 68.2616
356 68.5414
357 68.4785
358 68.2407
359 68.4865
360 68.4638
361 68.5177
362 68.4384
363 68.4157
364 68.2932
365 68.2802
366 68.5614
367 68.3383
368 68.305
369 68.1601
370 68.2777
371 68.1121
372 68.5035
373 68.2683
374 68.1112
375 68.4727
376 68.4066
377 68.0788
378 68.4254
379 68.4259
380 68.376
381 68.6894
382 68.5201
383 68.7207
384 68.2849
385 68.6187
386 68.6651
387 68.644
388 68.3279
389 68.1291
390 68.3663
391 68.3556
392 68.2671
393 68.3245
394 68.6276
395 68.7794
396 68.5099
397 68.3995
398 68.452
399 68.3132
400 68.3139
401 68.1619
402 68.4741
403 68.1118
404 67.9962
405 68.3186
406 68.3677
407 68.1
408 68.3288
409 68.3872
410 68.1921
411 68.5245
412 68.4054
413 68.2626
414 68.4479
415 68.7422
416 68.7745
417 68.6234
418 68.4432
419 68.0381
420 68.2366
421 68.3999
422 68.4882
423 68.3822
424 68.6303
425 68.7445
426 68.5585
427 68.0982
428 68.3135
429 68.4806
430 68.3557
431 68.5982
432 68.3562
433 68.3046
434 68.2605
435 68.1979
436 68.0994
437 67.9534
438 68.3592
439 68.0767
440 68.1543
441 68.1279
442 68.2247
443 68.328
444 68.3558
445 68.1431
446 68.0407
447 68.1796
448 68.1015
449 68.2128
450 68.4582
451 68.3606
452 68.2364
453 68.4442
454 68.1311
455 68.5206
456 68.4115
457 68.547
458 68.4738
459 68.2002
460 68.054
461 68.2796
462 68.3996
463 68.4076
464 68.6548
465 68.4456
466 68.4958
467 68.2518
468 68.1256
469 68.4881
470 68.2386
471 68.5841
472 68.4943
473 68.33
474 68.3618
475 68.3144
476 68.8184
477 68.3593
478 68.1021
479 68.1961
480 68.3828
481 68.3928
482 68.1517
483 68.1205
484 68.3195
485 68.1364
486 68.0087
487 68.0001
488 68.2656
489 68.1437
490 68.1652
491 68.0536
492 68.4137
493 68.629
494 68.1132
495 68.3619
496 68.4273
497 68.4335
498 68.3498
499 68.408
500 68.1202
501 67.9692
502 68.2805
503 68.2199
504 68.3224
505 68.6424
506 68.1736
507 68.2192
508 67.9304
509 68.0189
510 68.2452
511 68.4855
512 68.2869
513 68.1756
514 68.5312
515 68.1846
516 68.3566
517 68.3463
518 67.9091
519 68.2267
520 68.3817
521 68.5862
522 68.3459
523 68.1755
524 68.135
525 68.2545
526 68.2747
527 68.4815
528 68.3713
529 68.2789
530 68.2549
531 68.6688
532 68.5103
533 68.5348
534 68.3719
535 68.442
536 68.2887
537 68.3082
538 68.1326
539 68.1528
540 67.9535
541 68.25
542 68.1421
543 68.0182
544 68.2832
545 68.2356
546 68.1504
547 68.0652
548 68.2707
549 68.35
550 68.2211
551 68.1269
552 68.4436
553 68.1924
554 68.3459
555 67.9772
556 67.9094
557 68.152
558 68.1572
559 68.3666
560 68.2723
561 68.2848
562 68.0683
563 67.9644
564 68.1921
565 68.3566
566 68.6611
567 67.9491
568 67.8827
569 68.142
570 68.2266
571 67.8187
572 68.1043
573 68.0833
574 68.0685
575 67.8727
576 68.2659
577 67.8175
578 68.0565
579 68.2348
580 68.2694
581 68.2201
582 68.1364
583 68.1545
584 68.1475
585 68.1622
586 68.0474
587 68.0761
588 67.9115
589 67.6399
590 67.9219
591 67.9082
592 67.9942
593 67.7869
594 68.0184
595 68.0233
596 67.8588
597 67.9275
598 67.924
599 67.6308
600 67.9313
601 68.0846
602 67.6967
603 67.8408
604 67.6555
605 67.8603
606 67.7468
607 67.758
608 67.8325
609 67.5433
610 67.7504
611 67.6535
612 68.2035
613 67.7734
614 68.0844
615 68.0058
616 67.6975
617 67.6988
618 68.0601
619 67.8522
620 67.5665
621 67.6284
622 67.6348
623 68.0709
624 67.7373
625 67.689
626 67.8549
627 68.0699
628 68.3338
629 67.991
630 67.6196
631 67.8198
632 67.9995
633 67.8936
634 67.88
635 67.7608
636 67.9254
637 67.8349
638 67.8715
639 68.2907
640 67.775
641 67.8829
642 67.7848
643 67.9374
644 67.9446
645 67.8917
646 67.7603
647 67.967
648 67.9887
649 67.8584
650 67.9495
651 67.804
652 67.9592
653 68.1956
654 67.9376
655 67.9807
656 67.8167
657 67.8541
658 67.9904
659 68.1527
660 68.0995
661 67.9832
662 68.3761
663 68.0682
664 68.2466
665 67.7624
666 67.9973
667 67.6589
668 68.1332
669 68.1415
670 68.028
671 68.0874
672 67.8646
673 67.7685
674 68.0812
675 68.0971
676 68.049
677 67.9355
678 67.9317
679 67.7508
680 67.9327
681 68.1898
682 68.0471
683 67.8818
684 67.659
685 67.9273
686 67.8287
687 67.9488
688 67.7067
689 67.7317
690 67.8624
691 67.8732
692 67.9532
693 68.1971
694 68.1465
695 67.9895
696 67.7322
697 67.9063
698 68.1577
699 68.0264
700 67.9068
701 68.2875
702 68.2265
703 68.1467
704 67.8003
705 67.8725
706 67.7818
707 67.9196
708 67.8979
709 68.0006
710 67.745
711 67.8033
712 68.0865
713 68.192
714 68.056
715 68.1577
716 67.8261
717 67.8768
718 68.0596
719 67.8917
720 67.6527
721 67.6935
722 68.0629
723 67.8829
724 68.0253
725 67.8423
726 67.8317
727 67.939
728 67.8747
729 67.962
730 67.9235
731 67.965
732 67.5183
733 67.9492
734 68.0277
735 68.1063
736 67.9619
737 67.7855
738 67.9028
739 68.0995
740 68.2036
741 67.9297
742 67.9715
743 68.088
744 68.0014
745 67.9781
746 68.0112
747 67.7568
748 67.5167
749 67.9259
750 68.0477
751 67.8361
752 67.8216
753 67.9643
754 67.6642
755 67.6202
756 67.9485
757 67.9092
758 68.087
759 67.7193
760 67.771
761 68.046
762 67.8623
763 67.962
764 67.874
765 67.685
766 67.8619
767 67.7409
768 67.6889
769 67.7724
770 67.7724
771 68.2201
772 67.7201
773 67.9088
774 67.8535
775 67.9397
776 67.7362
777 68.1425
778 68.0487
779 67.9231
780 67.97
781 67.8806
782 67.867
783 67.9248
784 68.1469
785 67.9594
786 68.0354
787 67.7913
788 67.8118
789 67.8194
790 68.0346
791 68.1372
792 67.9826
793 67.9032
794 68.0574
795 67.8942
796 67.4554
797 67.5943
798 67.7384
799 67.8539
800 67.8809
801 67.6215
802 67.5942
803 67.9484
804 67.7759
805 67.8629
806 67.5961
807 67.93
808 67.9464
809 68.1326
810 68.0015
811 67.7227
812 67.8311
813 67.854
814 67.9785
815 68.0607
816 68.1869
817 68.2306
818 68.2603
819 67.8204
820 67.8105
821 68.0566
822 68.2045
823 68.0042
824 68.1072
825 67.9161
826 67.9521
827 67.7992
828 67.8019
829 68.0305
830 67.7697
831 67.664
832 67.2094
833 67.3305
834 67.2321
835 67.3028
836 67.2858
837 67.4676
838 67.2829
839 67.1827
840 67.2933
841 67.487
842 67.7027
843 67.4851
844 67.2998
845 67.2246
846 67.092
847 67.3346
848 67.483
849 67.0851
850 67.5703
851 67.3809
852 67.2547
853 67.5129
854 67.5433
855 67.4683
856 67.3352
857 67.3517
858 67.3814
859 67.4492
860 67.2557
861 67.3139
862 67.2886
863 67.1954
864 67.3626
865 67.3165
866 67.5051
867 67.7757
868 67.3041
869 67.2034
870 67.3645
871 67.5327
872 67.362
873 67.2412
874 67.2244
875 67.2229
876 67.0981
877 67.3684
878 67.1699
879 67.2953
880 67.2728
881 67.4911
882 67.3941
883 67.5258
884 67.078
885 67.1033
886 67.4611
887 67.1283
888 67.2174
889 67.199
890 67.2171
891 67.3305
892 67.2045
893 67.206
894 67.1173
895 66.9793
896 67.156
897 67.2496
898 67.6177
899 67.3502
900 67.3839
901 67.603
902 67.1531
903 67.1573
904 67.1212
905 67.0106
906 66.9987
907 67.2364
908 67.489
909 67.3011
910 67.4578
911 67.2957
912 67.2848
913 67.1858
914 67.2661
915 67.2264
916 67.2456
917 67.2317
918 67.6004
919 67.3254
920 67.5188
921 67.8422
922 67.594
923 67.2037
924 67.4447
925 67.2569
926 67.4347
927 67.0742
928 67.2999
929 67.5534
930 66.9941
931 67.1546
932 66.9678
933 67.5175
934 67.5118
935 67.4825
936 67.1406
937 67.3512
938 67.3967
939 67.0358
940 67.159
941 67.5216
942 67.622
943 67.2309
944 67.0106
945 67.3969
946 67.4047
947 67.8864
948 67.0866
949 67.2775
950 67.2736
951 67.2535
952 67.2514
953 67.1031
954 67.1371
955 67.0199
956 67.2918
957 67.5941
958 67.7063
959 67.6873
960 67.2894
961 67.7517
962 67.3216
963 67.5283
964 67.3851
965 67.5219
966 67.3823
967 67.0384
968 66.9819
969 67.0195
970 67.106
971 67.304
972 67.1247
973 67.3176
974 67.4898
975 67.2481
976 67.6309
977 67.18
978 67.2564
979 67.1814
980 67.3368
981 67.5087
982 67.3677
983 67.58
984 67.4093
985 67.127
986 67.2268
987 67.3518
988 67.2676
989 67.2586
990 67.4081
991 67.4042
992 67.4208
993 67.4355
994 67.2669
995 67.0956
996 67.1167
997 67.4058
998 67.0296
999 67.3263
1000 67.5188
1001 67.5583
1002 67.5373
1003 67.3106
1004 67.4055
1005 67.1683
1006 67.0077
1007 67.034
1008 67.3281
1009 67.2899
1010 67.2024
1011 67.3233
1012 67.2264
1013 66.9846
1014 67.1285
1015 66.9864
1016 67.5221
1017 67.2342
1018 67.4331
1019 67.0993
1020 66.8835
1021 67.2792
1022 67.1781
1023 67.1468
1024 67.5129
1025 67.401
1026 67.2502
1027 67.308
1028 67.1001
1029 67.1176
1030 67.1773
1031 67.166
1032 67.4424
1033 67.5797
1034 67.3607
1035 67.2946
1036 67.7181
1037 67.5417
1038 67.5717
1039 67.2033
1040 67.1346
1041 67.2093
1042 67.1374
1043 67.5542
1044 67.3608
1045 67.346
1046 67.1436
1047 67.0172
1048 67.0561
1049 67.2037
1050 67.3008
1051 67.3586
1052 67.7056
1053 67.2651
1054 67.7368
1055 67.2652
1056 67.5141
1057 67.2671
1058 67.3776
1059 67.3696
1060 67.0858
1061 67.144
1062 67.0702
1063 67.2808
1064 67.3254
1065 67.6551
1066 67.7499
1067 67.172
1068 67.574
1069 67.3045
1070 66.9543
1071 67.0396
1072 67.1092
1073 67.5373
1074 67.3131
1075 67.0452
1076 67.0113
1077 67.0561
1078 67.141
1079 67.2253
1080 67.2293
1081 67.4521
1082 67.3755
1083 67.3993
1084 67.1043
1085 67.3452
1086 67.692
1087 67.3539
1088 67.3342
1089 67.0366
1090 67.4678
1091 67.2046
1092 67.5707
1093 67.2308
1094 67.165
1095 67.6246
1096 67.1959
1097 67.6881
1098 67.7207
1099 67.646
1100 67.3036
1101 67.0783
1102 67.4079
1103 67.1104
1104 67.1437
1105 67.2541
1106 67.107
1107 67.3625
1108 67.1963
1109 67.3596
1110 67.351
1111 67.5413
1112 67.4925
1113 67.1968
1114 67.3593
1115 67.2526
1116 67.3087
1117 67.2145
1118 67.401
1119 67.1347
1120 67.6959
1121 67.3873
1122 67.3175
1123 67.1431
1124 67.3884
1125 67.2892
1126 67.5269
1127 67.6352
1128 67.4277
1129 67.4597
1130 67.7052
1131 67.2238
1132 66.993
1133 67.0096
1134 67.3755
1135 67.41
1136 67.37
1137 67.6041
1138 67.4455
1139 67.3593
1140 67.5069
1141 67.3473
1142 67.2111
1143 67.4616
1144 67.365
1145 67.2671
1146 67.016
1147 67.314
1148 67.4939
1149 67.169
1150 67.2477
1151 67.1467
1152 67.194
1153 66.9237
1154 67.3318
1155 67.3184
1156 67.1353
1157 67.1595
1158 67.3015
1159 67.0259
1160 67.3359
1161 67.4852
1162 67.0017
1163 67.0689
1164 67.4048
1165 67.647
1166 67.4572
1167 67.0981
1168 67.3468
1169 67.3591
1170 67.2384
1171 67.0215
1172 67.582
1173 67.2416
1174 67.6725
1175 67.3946
1176 67.41
1177 67.5288
1178 67.3812
1179 67.2251
1180 67.4737
1181 67.5411
1182 67.5814
1183 67.2921
1184 67.2881
1185 67.3636
1186 67.4192
1187 67.029
1188 67.3135
1189 67.2676
1190 67.0235
1191 67.1989
1192 67.2624
1193 67.4459
1194 67.4113
1195 67.1078
1196 67.3422
1197 67.3938
1198 67.2803
1199 67.2688
1200 67.2971
1201 67.457
1202 67.2695
1203 67.2818
1204 67.2754
1205 67.186
1206 66.829
1207 67.3799
1208 67.2437
1209 67.4661
1210 67.1095
1211 67.4931
1212 67.3805
1213 67.4772
1214 67.327
1215 67.2752
1216 67.2536
1217 67.1794
1218 67.1035
1219 67.2203
1220 67.017
1221 66.9663
1222 67.3995
1223 67.3482
1224 67.5075
1225 67.364
1226 67.0586
1227 67.3265
1228 67.5022
1229 67.394
1230 67.2516
1231 67.3969
1232 67.3604
1233 67.2621
1234 67.03
1235 67.4958
1236 67.3884
1237 67.2913
1238 67.3945
1239 67.3426
1240 67.4846
1241 67.0932
1242 67.0866
1243 67.02
1244 67.0483
1245 67.642
1246 67.3229
1247 67.3256
1248 67.1214
1249 67.3207
1250 67.2619
1251 67.4344
1252 67.4044
1253 67.3356
1254 67.432
1255 67.2544
1256 67.2002
1257 67.3038
1258 67.3429
1259 67.3913
1260 67.3357
1261 67.3769
1262 67.3007
1263 67.3446
1264 67.3888
1265 67.4269
1266 67.3896
1267 67.5132
1268 67.6154
1269 67.258
1270 67.3724
1271 67.1953
1272 67.2091
1273 67.3457
1274 67.5472
1275 67.4535
1276 67.507
1277 67.4135
1278 67.0163
1279 67.0897
1280 67.0607
1281 67.3099
1282 67.3956
1283 67.2216
1284 67.023
1285 67.2523
1286 67.6238
1287 67.1582
1288 67.2757
1289 67.2395
1290 67.2022
1291 67.3541
1292 67.498
1293 67.2752
1294 67.2843
1295 67.203
1296 67.3608
1297 67.4413
1298 67.5847
1299 67.0767
1300 66.9812
1301 67.3558
1302 67.3817
1303 67.3646
1304 67.2058
1305 67.1465
1306 67.4665
1307 67.0168
1308 67.0405
1309 67.4083
1310 67.6396
1311 67.3633
1312 67.3301
1313 67.3317
1314 67.4112
1315 67.568
1316 67.3738
1317 67.4024
1318 67.2434
1319 67.2528
1320 67.2722
1321 67.5165
1322 67.1003
1323 67.4368
1324 67.6494
1325 67.3488
1326 67.4997
1327 67.431
1328 67.1798
1329 67.1242
1330 67.1536
1331 67.039
1332 67.1815
1333 67.2385
1334 67.5368
1335 67.5468
1336 67.3998
1337 67.5709
1338 67.5509
1339 67.3405
1340 67.4717
1341 67.5541
1342 67.5302
1343 67.4603
1344 67.3138
1345 67.2305
1346 67.1945
1347 67.0298
1348 67.2758
1349 67.1193
1350 67.1883
1351 67.3996
1352 67.4001
1353 67.3012
1354 67.1681
1355 67.4209
1356 67.6487
1357 67.2406
1358 67.4401
1359 67.2872
1360 67.4003
1361 67.3236
1362 67.3905
1363 67.589
1364 67.0792
1365 67.406
1366 67.3782
1367 67.184
1368 67.3141
1369 67.1762
1370 67.3475
1371 67.3837
1372 67.4911
1373 67.3553
1374 67.4241
1375 67.7789
1376 67.306
1377 67.3863
1378 67.0726
1379 67.0983
1380 67.2301
1381 67.015
1382 67.4379
1383 67.2835
1384 67.3694
1385 67.3867
1386 67.6269
1387 67.2976
1388 67.3124
1389 67.1554
1390 67.1975
1391 67.3927
1392 67.1328
1393 67.4058
1394 67.5182
1395 67.3415
1396 67.2632
1397 67.213
1398 67.3222
1399 67.6702
1400 67.3287
1401 67.3523
1402 67.3634
1403 67.2075
1404 67.2107
1405 67.1049
1406 67.2555
1407 67.3574
1408 67.3468
1409 67.3872
1410 67.4525
1411 67.3258
1412 67.5072
1413 67.518
1414 67.148
1415 67.1129
1416 67.2077
1417 67.2627
1418 67.506
1419 67.6042
1420 67.3718
1421 67.2836
1422 67.1647
1423 67.2588
1424 67.311
1425 67.4255
1426 66.7414
1427 67.0383
1428 67.6036
1429 67.0976
1430 66.9792
1431 67.2615
1432 67.5057
1433 67.451
1434 67.3878
1435 67.3895
1436 67.0759
1437 67.1109
1438 67.1986
1439 67.1672
1440 67.1734
1441 67.4037
1442 67.3059
1443 67.2906
1444 67.7061
1445 67.6269
1446 67.4594
1447 67.5811
1448 67.2294
1449 67.2692
1450 67.1822
1451 67.282
1452 67.149
1453 67.252
1454 67.2187
1455 67.5465
1456 67.0887
1457 67.1341
1458 67.4112
1459 67.4087
1460 67.4642
1461 67.4186
1462 67.2847
1463 67.2523
1464 67.4495
1465 67.454
1466 67.3746
1467 67.1886
1468 67.1316
1469 67.416
1470 67.384
1471 67.2433
1472 67.1449
1473 67.0224
1474 67.3485
1475 67.2083
1476 67.1118
1477 67.1682
1478 67.015
1479 67.246
1480 67.3299
1481 67.3592
1482 67.4014
1483 67.2237
1484 67.4171
1485 67.1996
1486 67.2913
1487 67.2926
1488 67.2021
1489 66.9272
1490 67.0888
1491 67.4423
1492 67.3011
1493 67.6706
1494 67.0725
1495 67.3082
1496 67.4447
1497 67.3576
1498 67.1547
1499 67.4086
1500 67.3077
1501 67.2024
1502 67.4808
1503 67.1935
1504 67.1433
1505 66.9516
1506 67.1022
1507 67.3275
1508 67.4079
1509 67.3437
1510 67.6441
1511 67.4498
1512 67.3282
1513 67.4902
1514 67.6392
1515 67.1981
1516 67.1514
1517 67.2295
1518 67.3177
1519 67.2618
1520 67.243
1521 67.2421
1522 67.5936
1523 67.5095
1524 67.7051
1525 67.3402
1526 66.9591
1527 67.0945
1528 67.3917
1529 67.0562
1530 67.3087
1531 67.2555
1532 67.2504
1533 67.3309
1534 67.5326
1535 67.4457
1536 67.5146
1537 67.1576
1538 67.4733
1539 67.179
1540 67.21
1541 66.9329
1542 67.214
1543 67.1643
1544 67.1744
1545 67.0179
1546 67.0116
1547 67.0547
1548 67.1183
1549 67.1581
1550 67.4839
1551 67.2507
1552 67.169
1553 67.2265
1554 67.5793
1555 67.2612
1556 67.3124
1557 67.2278
1558 67.086
1559 67.4561
1560 67.3366
1561 67.2909
1562 67.1297
1563 67.4604
1564 67.5048
1565 67.2197
1566 67.3662
1567 67.0441
1568 67.815
1569 67.2602
1570 67.2119
1571 67.3908
1572 67.5497
1573 67.2108
1574 67.2541
1575 67.1675
1576 67.0683
1577 67.4554
1578 67.1432
1579 67.4337
1580 67.3244
1581 67.4461
1582 67.1339
1583 67.2687
1584 67.3878
1585 67.4123
1586 67.0755
1587 67.253
1588 67.1614
1589 67.5147
1590 67.4916
1591 67.598
1592 67.7087
1593 67.6215
1594 67.516
1595 67.3236
1596 67.5302
1597 67.2894
1598 67.2059
1599 67.2161
1600 67.4889
1601 67.5211
1602 67.3285
1603 67.256
1604 67.3838
1605 67.4104
1606 67.666
1607 67.3622
1608 67.2309
1609 67.4982
1610 67.228
1611 67.4338
1612 67.1579
1613 67.2051
1614 66.9676
1615 67.4243
1616 67.18
1617 67.1728
1618 67.2291
1619 67.1786
1620 67.2545
1621 67.5103
1622 67.3803
1623 67.4315
1624 67.1348
1625 67.2861
1626 67.2972
1627 67.1582
1628 67.2166
1629 67.3038
1630 67.1598
1631 67.4753
1632 67.3478
1633 67.5564
1634 67.2782
1635 67.4562
1636 67.469
1637 67.2523
1638 67.6376
1639 67.4031
1640 67.1114
1641 67.0872
1642 67.1518
1643 67.0216
1644 67.4983
1645 67.6052
1646 67.1069
1647 67.6373
1648 67.2151
1649 67.5384
1650 67.5704
1651 67.3711
1652 67.374
1653 67.6077
1654 67.1662
1655 67.3429
1656 67.4473
1657 67.2682
1658 67.2238
1659 67.0867
1660 67.3051
1661 67.3095
1662 67.0204
1663 67.128
1664 67.152
1665 67.3598
1666 67.6515
1667 67.4209
1668 67.3613
1669 67.3546
1670 67.3342
1671 67.2973
1672 67.4283
1673 67.3852
1674 67.2537
1675 67.1989
1676 67.305
1677 67.213
1678 67.1838
1679 67.5547
1680 67.3768
1681 67.5058
1682 67.2396
1683 67.1138
1684 67.2619
1685 67.2117
1686 67.2285
1687 67.1886
1688 67.2861
1689 67.6488
1690 67.4238
1691 67.3639
1692 67.374
1693 67.5452
1694 67.4554
1695 67.367
1696 67.2651
1697 67.45
1698 67.2267
1699 67.7555
1700 67.309
1701 67.5475
1702 67.179
1703 67.4395
1704 67.3254
1705 67.7086
1706 67.3118
1707 67.1879
1708 67.3117
1709 67.3609
1710 67.5507
1711 67.9602
1712 67.7462
1713 67.6929
1714 67.0331
1715 67.5133
1716 67.505
1717 67.0355
1718 67.2664
1719 67.2595
1720 67.3671
1721 67.2419
1722 67.1205
1723 67.8021
1724 67.3708
1725 67.487
1726 67.4645
1727 67.4191
1728 67.0713
1729 67.2738
1730 67.2288
1731 67.2107
1732 67.1004
1733 67.127
1734 67.3664
1735 67.1303
1736 67.4444
1737 67.2107
1738 67.4392
1739 67.3106
1740 67.0723
1741 67.4224
1742 67.2627
1743 67.3069
1744 67.4122
1745 67.5079
1746 67.1744
1747 67.356
1748 67.0741
1749 67.315
1750 67.0557
1751 67.3383
1752 67.4073
1753 67.1867
1754 67.3528
1755 67.4401
1756 67.4108
1757 67.3823
1758 67.4552
1759 67.24
1760 67.385
1761 67.3826
1762 67.2803
1763 67.4595
1764 67.1918
1765 67.6133
1766 67.5101
1767 67.4704
1768 67.7041
1769 67.1448
1770 67.2502
1771 67.3711
1772 67.1522
1773 67.0495
1774 67.1522
1775 67.1456
1776 67.426
1777 67.3316
1778 67.7855
1779 67.3911
1780 67.101
1781 67.5018
1782 67.1933
1783 67.6498
1784 67.5433
1785 67.4139
1786 67.3623
1787 67.416
1788 67.6921
1789 67.4898
1790 67.2824
1791 67.6055
1792 67.5517
1793 67.5238
1794 67.3393
1795 67.0347
1796 67.2863
1797 67.3799
1798 66.9432
1799 67.2113
1800 67.3047
1801 67.4368
1802 67.2479
1803 67.1773
1804 67.2816
1805 67.5626
1806 67.1488
1807 67.3163
1808 67.4497
1809 67.062
1810 67.3886
1811 67.5169
1812 67.1973
1813 67.2226
1814 67.377
1815 67.2787
1816 67.2812
1817 67.4729
1818 67.4528
1819 67.4648
1820 67.4239
1821 67.3617
1822 67.1875
1823 67.2272
1824 67.1761
1825 67.417
1826 67.3184
1827 67.4361
1828 67.3565
1829 67.2147
1830 67.3844
1831 67.3711
1832 67.2384
1833 67.4723
1834 67.4117
1835 67.2816
1836 67.6252
1837 67.6476
1838 67.245
1839 67.1595
1840 67.4207
1841 67.2692
1842 67.2847
1843 66.9984
1844 67.3382
1845 67.072
1846 67.4067
1847 67.2938
1848 67.8298
1849 67.7039
1850 67.2613
1851 67.4544
1852 67.1546
1853 67.2798
1854 67.4302
1855 67.2492
1856 67.2771
1857 67.3851
1858 67.4292
1859 67.6718
1860 67.5169
1861 67.7789
1862 67.4665
1863 67.1607
1864 67.259
1865 67.3041
1866 67.5255
1867 66.9821
1868 66.8614
1869 66.9749
1870 66.974
1871 67.1777
1872 67.2651
1873 67.2699
1874 67.6907
1875 67.506
1876 67.2556
1877 67.0756
1878 67.4008
1879 67.2273
1880 67.0733
1881 67.1301
1882 67.2463
1883 67.2902
1884 67.5204
1885 67.8385
1886 67.4982
1887 67.1647
1888 67.2188
1889 67.5226
1890 67.5507
1891 67.8153
1892 66.946
1893 67.0069
1894 67.2984
1895 67.6159
1896 67.6566
1897 67.5221
1898 67.1396
1899 67.1703
1900 67.254
1901 67.254
1902 67.4032
1903 67.1495
1904 67.359
1905 67.3751
1906 67.2442
1907 67.1765
1908 66.8487
1909 67.1232
1910 67.5838
1911 67.5203
1912 67.4807
1913 67.2619
1914 67.5225
1915 67.19
1916 67.5287
1917 67.5575
1918 67.3446
1919 67.2532
1920 67.2687
1921 67.2169
1922 67.3978
1923 67.3568
1924 67.0393
1925 67.2984
1926 67.8079
1927 67.6301
1928 67.4631
1929 67.5233
1930 67.533
1931 67.428
1932 67.5852
1933 67.5335
1934 66.9877
1935 66.9546
1936 67.1004
1937 66.9199
1938 66.8932
1939 67.2279
1940 67.2992
1941 67.4994
1942 67.1046
1943 67.0584
1944 67.247
1945 67.5587
1946 67.1913
1947 67.2555
1948 67.2722
1949 67.2026
1950 67.3296
1951 67.2731
1952 67.3519
1953 67.2884
1954 67.4242
1955 67.0635
1956 67.5157
1957 67.355
1958 67.4098
1959 67.5464
1960 67.4195
1961 67.4947
1962 67.4239
1963 67.1921
1964 67.2291
1965 67.3548
1966 67.7701
1967 67.4466
1968 67.3149
1969 67.1535
1970 67.3868
1971 67.6462
1972 67.2994
1973 67.0985
1974 67.3979
1975 67.2012
1976 67.1616
1977 67.0266
1978 67.1215
1979 67.1291
1980 67.3077
1981 67.0376
1982 67.4379
1983 67.215
1984 70.983
1985 71.5856
1986 69.1928
1987 67.6587
1988 67.4473
1989 66.8983
1990 67.1251
1991 67.2486
1992 67.2445
1993 66.929
1994 66.7811
1995 66.8875
1996 67.1443
1997 67.14
1998 67.0461
1999 67.1128
2000 67.4462
2001 67.0867
2002 66.5894
2003 67.2136
2004 67.3386
2005 67.321
2006 67.4274
2007 67.4165
2008 67.1655
2009 66.9047
2010 66.8272
2011 66.8706
2012 67.124
2013 66.9892
2014 67.0466
2015 66.921
2016 66.8853
2017 66.8786
2018 66.8414
2019 67.0451
2020 67.3493
2021 67.1679
2022 67.0869
2023 67.2817
2024 67.0588
2025 67.0129
2026 67.0848
2027 67.2429
2028 67.322
2029 67.0526
2030 67.2379
2031 67.0927
2032 67.0069
2033 67.0229
2034 67.1224
2035 66.9686
2036 67.1685
2037 66.91
2038 67.1777
2039 66.9138
2040 67.085
2041 66.914
2042 67.27
2043 67.233
2044 66.981
2045 66.9435
2046 66.7595
2047 66.9661
2048 66.7477
2049 67.0145
2050 67.0656
2051 67.2636
2052 67.1785
2053 67.1773
2054 67.2029
2055 66.879
2056 66.9584
2057 66.8845
2058 67.022
2059 67.164
2060 67.1288
2061 67.3444
2062 67.3519
2063 66.8599
2064 67.1392
2065 67.307
2066 67.5154
2067 67.3417
2068 67.1484
2069 67.2074
2070 67.0976
2071 66.7944
2072 66.914
2073 67.0139
2074 66.9349
2075 67.0869
2076 67.2797
2077 66.9657
2078 67.0305
2079 66.8956
2080 67.2925
2081 66.9079
2082 67.094
2083 67.0215
2084 66.8362
2085 67.3165
2086 66.8952
2087 66.9172
2088 67.2076
2089 67.4973
2090 67.1677
2091 66.679
2092 67.0808
2093 67.0003
2094 67.2143
2095 66.8844
2096 66.9307
2097 67.2742
2098 67.5804
2099 67.5202
2100 67.2304
2101 67.139
2102 67.0186
2103 66.8505
2104 67.1089
2105 67.0051
2106 67.0844
2107 67.1135
2108 67.0199
2109 67.1251
2110 66.9608
2111 67.0073
2112 67.6746
2113 67.3097
2114 66.8831
2115 66.8438
2116 67.1593
2117 67.248
2118 66.9965
2119 67.13
2120 67.1781
2121 66.9422
2122 67.1299
2123 67.1239
2124 66.8765
2125 67.1255
2126 67.2105
2127 67.4958
2128 67.2563
2129 67.1436
2130 67.3018
2131 66.8977
2132 67.1042
2133 67.135
2134 67.154
2135 67.146
2136 67.0625
2137 67.1717
2138 67.2806
2139 67.3126
2140 67.0369
2141 66.9951
2142 67.0156
2143 67.1988
2144 67.2211
2145 67.2789
2146 67.2021
2147 67.1894
2148 67.2488
2149 67.5201
2150 67.2681
2151 67.1491
2152 66.8091
2153 67.2083
2154 66.8309
2155 66.9256
2156 67.1154
2157 67.4201
2158 67.3405
2159 67.0744
2160 66.9057
2161 67.2946
2162 67.3044
2163 67.0692
2164 67.1201
2165 67.3498
2166 67.4736
2167 67.1022
2168 67.0905
2169 67.028
2170 67.1757
2171 67.6942
2172 67.1332
2173 67.0929
2174 66.9293
2175 67.102
2176 67.3714
2177 67.4057
2178 67.71
2179 67.3595
2180 66.9834
2181 67.0479
2182 67.0477
2183 67.2038
2184 67.2751
2185 67.3326
2186 67.4738
2187 67.0987
2188 67.0934
2189 67.1839
2190 67.1776
2191 67.4014
2192 67.4699
2193 67.4103
2194 66.9886
2195 66.9835
2196 67.2568
2197 67.2184
2198 67.0992
2199 67.1759
2200 67.1552
2201 66.8855
2202 67.1996
2203 66.9499
2204 67.0844
2205 66.9526
2206 67.0481
2207 66.9969
2208 67.347
2209 67.3006
2210 67.4526
2211 67.1783
2212 67.1094
2213 66.9762
2214 67.113
2215 66.8566
2216 67.1719
2217 67.0193
2218 67.1207
2219 67.1316
2220 66.9968
2221 67.1824
2222 67.349
2223 66.9848
2224 67.3478
2225 67.1257
2226 66.8434
2227 66.8464
2228 66.8107
2229 66.9921
2230 67.1553
2231 67.3098
2232 67.082
2233 67.3055
2234 67.4353
2235 67.0446
2236 67.2984
2237 67.2421
2238 67.0369
2239 67.2853
2240 67.2842
2241 67.2525
2242 67.0692
2243 67.0184
2244 67.1129
2245 67.5275
2246 67.2305
2247 66.987
2248 66.9372
2249 66.8012
2250 67.0383
2251 67.0417
2252 67.2414
2253 67.2601
2254 67.3365
2255 67.3202
2256 67.2945
2257 66.9726
2258 67.0732
2259 67.3644
2260 67.2895
2261 67.0395
2262 67.3721
2263 67.309
2264 66.845
2265 66.9977
2266 66.9747
2267 67.0469
2268 66.9628
2269 66.9165
2270 67.2507
2271 67.2509
2272 67.3727
2273 67.444
2274 67.1748
2275 67.3511
2276 66.9974
2277 67.3141
2278 67.0531
2279 66.8322
2280 67.1161
2281 67.1758
2282 67.0308
2283 67.051
2284 67.1778
2285 67.0103
2286 67.3296
2287 67.0541
2288 66.9675
2289 66.9633
2290 67.0231
2291 67.1437
2292 66.8274
2293 67.1218
2294 67.2403
2295 67.3489
2296 67.3291
2297 67.1662
2298 67.0848
2299 67.3127
2300 67.2839
2301 66.8163
2302 66.6476
2303 67.0739
2304 67.2519
2305 67.0902
2306 67.1963
2307 67.3631
2308 66.8241
2309 66.9238
2310 67.4392
2311 67.5701
2312 67.2357
2313 67.0605
2314 67.312
2315 66.9434
2316 67.0394
2317 67.2375
2318 67.3449
2319 67.5153
2320 67.1964
2321 67.3808
2322 67.0983
2323 66.8919
2324 67.0777
2325 66.9494
2326 67.075
2327 67.3979
2328 67.1863
2329 66.9277
2330 67.0571
2331 67.3673
2332 66.9787
2333 67.5754
2334 67.1621
2335 66.9856
2336 66.7661
2337 67.3086
2338 67.257
2339 66.8276
2340 67.0389
2341 67.0898
2342 67.0668
2343 67.1729
2344 67.3041
2345 67.0619
2346 67.377
2347 67.2163
2348 67.074
2349 67.1902
2350 67.0646
2351 67.0703
2352 66.9293
2353 67.3157
2354 67.2276
2355 67.2373
2356 67.2584
2357 67.1814
2358 66.8827
2359 67.2335
2360 67.193
2361 67.2101
2362 67.1527
2363 67.1727
2364 67.2824
2365 67.0138
2366 66.9696
2367 66.9393
2368 67.2885
2369 66.992
2370 67.4177
2371 67.2882
2372 67.0862
2373 66.9663
2374 66.8562
2375 66.7583
2376 67.0886
2377 66.8444
2378 66.9675
2379 66.9523
2380 67.1563
2381 67.1519
2382 67.2191
2383 67.325
2384 67.0877
2385 67.0257
2386 67.1272
2387 67.2027
2388 67.086
2389 67.2609
2390 67.2829
2391 67.3357
2392 67.4969
2393 67.0122
2394 66.7504
2395 66.9072
2396 66.9615
2397 66.9794
2398 67.2447
2399 67.3065
2400 67.2358
2401 67.0753
2402 67.4286
2403 67.1016
2404 67.1455
2405 66.9345
2406 67.2733
2407 67.2405
2408 67.222
2409 67.1034
2410 67.1585
2411 67.3689
2412 67.2543
2413 67.3811
2414 67.279
2415 67.6575
2416 67.2655
2417 67.2518
2418 67.162
2419 67.1888
2420 67.4796
2421 67.0006
2422 66.7573
2423 67.1411
2424 67.1314
2425 66.9202
2426 66.8806
2427 67.0853
2428 67.2271
2429 66.9326
2430 67.0084
2431 67.264
2432 66.9031
2433 66.7944
2434 66.8875
2435 66.9626
2436 67.1958
2437 67.0691
2438 67.0997
2439 67.4238
2440 67.2092
2441 66.854
2442 67.4188
2443 67.2229
2444 67.3607
2445 67.2047
2446 66.8414
2447 67.1022
2448 66.8361
2449 67.0021
2450 67.14
2451 67.1548
2452 67.041
2453 66.9779
2454 67.2507
2455 66.722
2456 67.0386
2457 67.1622
2458 67.348
2459 67.2822
2460 66.9552
2461 66.9478
2462 67.1127
2463 67.0369
2464 67.1643
2465 67.5716
2466 67.4708
2467 67.2732
2468 67.3292
2469 67.1897
2470 67.286
2471 67.5237
2472 67.2673
2473 67.0908
2474 67.2547
2475 66.9981
2476 67.456
2477 67.0416
2478 66.9368
2479 67.028
2480 67.5569
2481 67.2956
2482 67.4951
2483 67.2524
2484 67.0233
2485 66.9716
2486 67.0937
2487 67.0516
2488 67.0808
2489 66.8639
2490 67.3018
2491 67.089
2492 66.8323
2493 66.9538
2494 67.1497
2495 67.233
2496 67.2193
2497 66.898
2498 67.1198
2499 67.1281
2500 66.9934
2501 67.1982
2502 66.8545
2503 67.1745
2504 67.1716
2505 66.9249
2506 67.3484
2507 67.9029
2508 67.2117
2509 67.0881
2510 67.1377
2511 67.2769
2512 66.8888
2513 67.0694
2514 67.0403
2515 67.1721
2516 67.057
2517 67.181
2518 67.2375
2519 67.0665
2520 67.0546
2521 67.4558
2522 66.9485
2523 66.9877
2524 67.3247
2525 67.2641
2526 67.2321
2527 67.4034
2528 67.2125
2529 67.4284
2530 67.1364
2531 66.956
2532 67.0681
2533 67.1456
2534 67.3013
2535 67.2749
2536 66.9973
2537 67.0178
2538 66.8421
2539 67.3388
2540 67.1293
2541 67.0661
2542 67.2097
2543 67.4073
2544 67.0786
2545 67.0335
2546 67.1298
2547 67.1891
2548 67.428
2549 66.9087
2550 67.0301
2551 67.1884
2552 67.3589
2553 67.0027
2554 67.1554
2555 67.5307
2556 67.1779
2557 67.4166
2558 67.2338
2559 67.3007
2560 67.3558
2561 66.937
2562 66.9948
2563 67.112
2564 67.1192
2565 66.8919
2566 66.8913
2567 67.1389
2568 67.3111
2569 66.7771
2570 66.7925
2571 66.9437
2572 66.9018
2573 67.0356
2574 66.8973
2575 67.2775
2576 67.0948
2577 67.3902
2578 67.047
2579 67.3242
2580 67.3197
2581 67.2739
2582 67.3916
2583 67.1369
2584 66.9705
2585 67.048
2586 67.2068
2587 67.2462
2588 67.1548
2589 67.1761
2590 66.9371
2591 67.3545
2592 66.9612
2593 67.0135
2594 67.2144
2595 66.9473
2596 67.2317
2597 67.3093
2598 67.0144
2599 67.0298
2600 67.2135
2601 67.0227
2602 67.1403
2603 67.2363
2604 67.0625
2605 66.9836
2606 66.9208
2607 67.051
2608 67.0856
2609 66.8032
2610 66.9484
2611 66.8452
2612 67.0999
2613 67.1459
2614 67.2614
2615 66.803
2616 67.0731
2617 67.1168
2618 67.4071
2619 67.1711
2620 67.0075
2621 67.0952
2622 67.0365
2623 67.0216
2624 67.1509
2625 67.0847
2626 67.0743
2627 67.0183
2628 67.0078
2629 67.1827
2630 67.1042
2631 66.9844
2632 67.1005
2633 66.8632
2634 67.2405
2635 67.2155
2636 67.1361
2637 67.2497
2638 67.1584
2639 67.3009
2640 67.3521
2641 66.9523
2642 67.2239
2643 67.2499
2644 66.8905
2645 66.8661
2646 67.3063
2647 67.0334
2648 67.2915
2649 67.0743
2650 67.036
2651 67.0531
2652 67.1943
2653 67.1186
2654 67.2856
2655 67.2755
2656 67.08
2657 67.2613
2658 67.0387
2659 66.938
2660 67.1295
2661 67.2922
2662 67.3754
2663 67.1322
2664 66.9145
2665 67.0369
2666 67.2691
2667 67.1398
2668 67.101
2669 67.0326
2670 67.064
2671 67.3678
2672 67.407
2673 67.2969
2674 67.1807
2675 67.391
2676 67.4262
2677 67.2021
2678 67.0636
2679 66.8938
2680 67.026
2681 66.833
2682 67.356
2683 67.1975
2684 67.2527
2685 67.2123
2686 67.0226
2687 67.037
2688 66.9129
2689 67.196
2690 67.1266
2691 67.1537
2692 67.1797
2693 67.3916
2694 67.4125
2695 66.8839
2696 66.9453
2697 67.0262
2698 67.2967
2699 67.3616
2700 67.1063
2701 66.9758
2702 67.0564
2703 67.289
2704 66.9792
2705 67.3473
2706 66.9341
2707 66.9887
2708 66.7952
2709 66.9081
2710 66.7624
2711 67.3218
2712 67.2397
2713 67.3122
2714 67.1958
2715 67.1679
2716 67.3012
2717 67.2121
2718 66.9636
2719 66.978
2720 67.0815
2721 67.4757
2722 67.1364
2723 67.112
2724 67.3433
2725 67.257
2726 67.2836
2727 67.2215
2728 67.0294
2729 67.0366
2730 67.3033
2731 66.8146
2732 66.8532
2733 67.2577
2734 67.1655
2735 66.9411
2736 67.2437
2737 67.1493
2738 67.1947
2739 67.5142
2740 67.6991
2741 67.4119
2742 67.2154
2743 66.7258
2744 67.3038
2745 66.9328
2746 67.3905
2747 67.5184
2748 67.2668
2749 66.8202
2750 67.1758
2751 66.9989
2752 67.1068
2753 67.1865
2754 67.3055
2755 67.2171
2756 67.0829
2757 67.5414
2758 66.933
2759 67.0434
2760 66.9125
2761 66.9415
2762 67.1114
2763 67.0273
2764 67.1722
2765 66.9614
2766 67.1014
2767 67.0733
2768 67.2462
2769 67.6546
2770 67.0804
2771 67.1952
2772 67.2362
2773 67.2651
2774 67.3953
2775 67.1201
2776 67.2721
2777 67.3568
2778 67.2231
2779 67.1842
2780 67.1282
2781 67.4779
2782 67.216
2783 67.3062
2784 67.4178
2785 67.1552
2786 67.0589
2787 66.9099
2788 67.035
2789 67.1732
2790 67.2483
2791 67.1446
2792 67.0344
2793 67.2101
2794 67.2612
2795 67.5279
2796 67.2765
2797 67.2984
2798 66.8972
2799 67.0755
2800 67.3007
2801 66.9991
2802 67.1323
2803 67.0839
2804 67.0267
2805 67.2227
2806 67.3725
2807 67.2813
2808 67.2084
2809 67.4209
2810 67.0844
2811 67.2241
2812 67.1104
2813 67.1624
2814 67.1555
2815 67.1149
2816 67.6058
2817 67.2123
2818 67.0722
2819 66.9084
2820 67.0793
2821 67.3034
2822 67.3655
2823 67.0386
2824 67.1727
2825 66.9916
2826 66.9778
2827 67.347
2828 67.3608
2829 67.2515
2830 66.9558
2831 67.1237
2832 67.2091
2833 67.2195
2834 67.2375
2835 67.2386
2836 67.3019
2837 67.0779
2838 67.354
2839 66.8719
2840 67.0733
2841 67.1117
2842 66.928
2843 67.0578
2844 67.2746
2845 67.3121
2846 67.4394
2847 67.3655
2848 67.157
2849 67.2582
2850 67.2729
2851 67.3053
2852 67.2127
2853 67.2232
2854 67.2099
2855 67.2187
2856 67.1181
2857 66.8661
2858 67.0033
2859 67.2489
2860 67.2107
2861 67.2785
2862 67.2218
2863 67.2305
2864 67.0722
2865 66.9347
2866 67.2445
2867 67.3637
2868 67.0668
2869 66.8968
2870 67.1893
2871 67.1838
2872 67.1165
2873 67.1644
2874 67.1956
2875 66.9213
2876 66.9762
2877 67.3242
2878 66.8974
2879 66.9953
2880 66.9565
2881 66.9761
2882 67.5031
2883 66.9476
2884 66.9195
2885 66.9517
2886 66.9472
2887 67.0737
2888 66.8665
2889 67.4057
2890 67.1453
2891 67.1249
2892 67.2316
2893 67.013
2894 67.4481
2895 67.1665
2896 67.1047
2897 67.0417
2898 67.1515
2899 67.1598
2900 67.3385
2901 67.2816
2902 67.0868
2903 67.0327
2904 67.1087
2905 67.4064
2906 67.4006
2907 67.1328
2908 67.3923
2909 67.2065
2910 67.1904
2911 67.0187
2912 67.4131
2913 67.6157
2914 67.3563
2915 67.3166
2916 67.0681
2917 66.8964
2918 67.3417
2919 67.3754
2920 66.8141
2921 67.2248
2922 67.3288
2923 67.0189
2924 67.3222
2925 67.2591
2926 67.0096
2927 66.789
2928 67.0045
2929 66.9923
2930 66.8197
2931 67.2185
2932 67.327
2933 67.093
2934 67.0851
2935 67.1735
2936 67.2957
2937 67.6318
2938 67.2276
2939 67.182
2940 67.1093
2941 67.2797
2942 67.3073
2943 67.0407
2944 67.1514
2945 67.2612
2946 66.8872
2947 67.1107
2948 67.3316
2949 67.254
2950 67.0956
2951 66.9122
2952 66.8514
2953 66.9152
2954 66.9533
2955 67.1303
2956 67.3201
2957 67.0434
2958 66.9926
2959 67.359
2960 67.0156
2961 67.3528
2962 67.2021
2963 66.9425
2964 67.0116
2965 67.2905
2966 67.1033
2967 67.2719
2968 67.0345
2969 67.315
2970 67.0716
2971 67.1542
2972 67.0383
2973 66.9219
2974 66.8655
2975 67.195
2976 67.0035
2977 67.0482
2978 67.1156
2979 66.768
2980 66.6961
2981 67.2498
2982 67.2213
2983 67.1746
2984 66.7903
2985 66.9088
2986 67.1206
2987 67.2204
2988 67.0332
2989 67.0228
2990 67.0072
2991 67.1145
2992 67.3031
2993 66.9359
2994 67.1302
2995 67.1399
2996 67.081
2997 67.178
2998 67.131
2999 67.718
3000 67.3763
3001 67.2516
3002 67.2653
3003 67.0034
3004 67.5754
3005 67.0725
3006 67.1437
3007 67.2026
3008 67.0307
3009 66.8368
3010 66.9979
3011 67.2859
3012 67.3833
3013 67.2198
3014 67.1148
3015 67.1144
3016 67.1839
3017 67.0347
3018 67.0472
3019 67.0912
3020 67.0194
3021 67.2583
3022 67.0164
3023 66.9668
3024 67.3107
3025 67.5354
3026 67.1605
3027 67.2435
3028 67.2601
3029 67.2578
3030 67.2386
3031 67.0734
3032 67.228
3033 67.3404
3034 67.4297
3035 67.1348
3036 67.272
3037 66.805
3038 66.6569
3039 67.0303
3040 67.2141
3041 66.8984
3042 67
3043 66.855
3044 67.0036
3045 67.0196
3046 67.1808
3047 67.0072
3048 67.1904
3049 66.8693
3050 66.9556
3051 67.1027
3052 67.3105
3053 67.2213
3054 67.4668
3055 67.2887
3056 67.0981
3057 67.0787
3058 66.9111
3059 66.8909
3060 66.8884
3061 66.9289
3062 67.3186
3063 67.0103
3064 66.8108
3065 66.6962
3066 67.2717
3067 67.2537
3068 67.1451
3069 67.4002
3070 67.1601
3071 67.276
3072 67.1482
3073 66.9352
3074 67.2062
3075 66.9009
3076 67.1348
3077 67.1631
3078 67.4539
3079 67.2225
3080 66.9238
3081 67.0253
3082 67.3067
3083 67.0449
3084 66.9554
3085 66.9627
3086 67.1044
3087 67.4605
3088 67.0385
3089 67.1242
3090 67.0156
3091 67.2558
3092 67.1801
3093 67.1821
3094 67.086
3095 67.1638
3096 67.317
3097 67.6195
3098 67.5325
3099 67.1323
3100 67.0735
3101 67.3566
3102 67.3146
3103 66.9126
3104 67.2425
3105 67.2233
3106 67.1766
3107 66.8792
3108 66.8997
3109 67.1404
3110 67.3563
3111 67.3567
3112 67.0548
3113 67.0137
3114 67.2777
3115 67.2544
3116 67.2306
3117 67.1642
3118 67.2048
3119 67.4368
3120 66.7926
3121 66.9626
3122 67.1601
3123 66.9939
3124 67.2018
3125 67.2248
3126 67.1057
3127 67.8045
3128 67.4654
3129 67.1612
3130 67.3081
3131 67.3279
3132 67.2736
3133 67.0966
3134 67.4384
3135 67.2794
3136 67.573
3137 67.4091
3138 67.0295
3139 67.0549
3140 66.9444
3141 67.0218
3142 66.9908
3143 67.0617
3144 67.183
3145 67.204
3146 67.1109
3147 67.3315
3148 67.1475
3149 67.0284
3150 67.2878
3151 67.2278
3152 67.4742
3153 67.2573
3154 66.8152
3155 66.927
3156 67.2115
3157 66.9409
3158 67.0669
3159 67.1742
3160 66.9595
3161 66.92
3162 66.9774
3163 66.9436
3164 67.1316
3165 67.1653
3166 66.9511
3167 66.9974
3168 67.1871
3169 67.2406
3170 67.1922
3171 67.0632
3172 67.2313
3173 67.0305
3174 67.3243
3175 67.3677
3176 67.1993
3177 67.144
3178 67.4358
3179 67.1413
3180 66.9763
3181 67.0435
3182 67.3845
3183 67.1921
3184 67.0802
3185 67.1277
3186 67.0467
3187 67.1227
3188 67.1539
3189 67.5234
3190 67.2366
3191 67.0278
3192 67.1829
3193 67.006
3194 66.938
3195 67.1601
3196 67.0504
3197 66.9707
3198 67.0035
3199 67.3953
3200 67.0572
3201 67.0214
3202 66.9821
3203 66.9684
3204 66.9872
3205 67.0775
3206 67.0032
3207 67.113
3208 66.9713
3209 67.1193
3210 67.0058
3211 67.2006
3212 67.3585
3213 67.2761
3214 67.3794
3215 67.2375
3216 67.1355
3217 67.0717
3218 67.2927
3219 67.5728
3220 67.1562
3221 67.1634
3222 66.8972
3223 66.9987
3224 67.2425
3225 67.0805
3226 67.1711
3227 67.0691
3228 67.0498
3229 67.2169
3230 66.8351
3231 67.4083
3232 67.0149
3233 67.2607
3234 67.2399
3235 67.2347
3236 67.0316
3237 67.262
3238 67.0128
3239 67.291
3240 67.1203
3241 67.1606
3242 67.3837
3243 67.1511
3244 66.9521
3245 67.027
3246 66.8712
3247 67.2693
3248 67.4373
3249 67.4551
3250 66.9744
3251 67.2891
3252 67.1478
3253 67.1645
3254 67.1488
3255 67.4787
3256 66.9698
3257 67.045
3258 66.7459
3259 66.855
3260 67.343
3261 67.2161
3262 66.9298
3263 67.1381
3264 67.5953
3265 67.2098
3266 67.1195
3267 66.8437
3268 67.2415
3269 67.3181
3270 67.0707
3271 66.9694
3272 67.0875
3273 66.9664
3274 67.1477
3275 66.997
3276 67.4396
3277 67.2475
3278 67.4093
3279 67.0622
3280 67.253
3281 67.0546
3282 67.0497
3283 67.2832
3284 67.1945
3285 67.2203
3286 67.7505
3287 66.9792
3288 67.028
3289 67.1609
3290 67.4541
3291 67.0443
3292 67.1041
3293 67.018
3294 66.8649
3295 66.8185
3296 66.8077
3297 66.9206
3298 66.898
3299 67.3026
3300 67.2333
3301 67.1946
3302 66.9457
3303 66.9969
3304 66.9662
3305 67.094
3306 66.8631
3307 66.9331
3308 67.1431
3309 67.2682
3310 67.3223
3311 67.1831
3312 66.8784
3313 66.99
3314 67.0968
3315 67.0794
3316 66.9635
3317 67.0428
3318 67.0707
3319 67.056
3320 67.092
3321 67.2091
3322 66.8078
3323 66.9308
3324 67.4855
3325 66.9902
3326 67.0058
3327 67.097
3328 67.0232
3329 66.9224
3330 67.2822
3331 67.0266
3332 67.1562
3333 67.2202
3334 66.9833
3335 67.4237
3336 67.0377
3337 66.8346
3338 67.0872
3339 67.4412
3340 67.1299
3341 66.6375
3342 66.8017
3343 67.0903
3344 67.3636
3345 67.3319
3346 67.0514
3347 67.3654
3348 67.4179
3349 67.1289
3350 67.3611
3351 67.1001
3352 67.2548
3353 67.1477
3354 67.3232
3355 67.4581
3356 67.2822
3357 66.9979
3358 66.9227
3359 67.0148
3360 66.7997
3361 67.1019
3362 67.1768
3363 66.9521
3364 67.1391
3365 67.0651
3366 66.9376
3367 67.0587
3368 66.9913
3369 67.0404
3370 66.8486
3371 67.054
3372 67.2771
3373 67.0064
3374 67.0845
3375 67.2061
3376 67.4979
3377 67.1203
3378 67.6902
3379 67.0664
3380 67.0246
3381 67.1362
3382 67.3958
3383 67.4575
3384 66.9877
3385 66.9927
3386 67.0294
3387 67.171
3388 67.1189
3389 67.213
3390 67.1287
3391 67.1348
3392 67.14
3393 67.184
3394 66.9217
3395 66.9386
3396 67.3465
3397 67.2287
3398 67.3117
3399 67.226
3400 67.2937
3401 67.2548
3402 67.3096
3403 67.0919
3404 67.028
3405 66.9264
3406 67.1234
3407 67.0178
3408 66.8494
3409 66.9189
3410 67.2458
3411 67.2459
3412 67.0592
3413 67.0136
3414 67.3172
3415 67.4666
3416 67.2085
3417 67.1926
3418 67.0445
3419 67.0238
3420 67.0613
3421 67.161
3422 66.8349
3423 67.2331
3424 67.466
3425 67.2411
3426 67.0892
3427 66.7237
3428 67.1292
3429 66.9727
3430 67.2433
3431 67.2573
3432 67.1564
3433 67.0786
3434 67.1593
3435 67.1177
3436 66.9173
3437 67.0342
3438 67.0372
3439 67.4806
3440 67.3032
3441 67.099
3442 67.3682
3443 67.1128
3444 67.1248
3445 67.1353
3446 67.1929
3447 67.1969
3448 66.9657
3449 67.1599
3450 67.1005
3451 66.8961
3452 66.9726
3453 67.3651
3454 67.3849
3455 67.101
3456 67.2979
3457 67.0058
3458 67.0711
3459 66.7836
3460 66.9431
3461 66.8357
3462 67.3385
3463 67.3045
3464 67.2887
3465 67.1792
3466 67.6218
3467 67.1487
3468 67.0709
3469 67.2117
3470 67.0791
3471 67.0474
3472 67.0681
3473 66.9537
3474 66.9657
3475 67.4353
3476 67.214
3477 67.0905
3478 67.4263
3479 67.4434
3480 67.0432
3481 67.4387
3482 67.0017
3483 66.902
3484 67.1414
3485 67.1078
3486 67.256
3487 67.0803
3488 67.0313
3489 66.9929
3490 67.0068
3491 67.1194
3492 67.4102
3493 67.2675
3494 66.7781
3495 67.1872
3496 67.4523
3497 67.2957
3498 67.1485
3499 67.1782
3500 66.9155
