1 405.483
2 384.054
3 361.192
4 348.654
5 340.114
6 326.285
7 313.328
8 292.658
9 287.41
10 277.526
11 265.569
12 257.926
13 252.062
14 246.892
15 241.763
16 236.087
17 228.585
18 219.62
19 212.672
20 209.466
21 203.496
22 199.728
23 196.338
24 193.417
25 188.961
26 185.181
27 182.003
28 178.789
29 176.336
30 173.464
31 170.133
32 167.22
33 165.037
34 163.056
35 160.816
36 158.676
37 155.325
38 153.146
39 147.631
40 145.989
41 142.884
42 138.412
43 137.007
44 133.615
45 131.938
46 130.122
47 127.969
48 125.433
49 123.88
50 122.415
51 121.053
52 119.816
53 119.12
54 118.521
55 117.435
56 117.173
57 116.049
58 115.45
59 115.181
60 114.485
61 113.947
62 113.322
63 111.975
64 110.194
65 108.902
66 108.018
67 107.128
68 106.404
69 105.701
70 104.786
71 103.637
72 103.087
73 102.506
74 100.896
75 100.662
76 100.407
77 99.9898
78 99.6354
79 99.3827
80 98.2404
81 98.1251
82 97.5962
83 97.1026
84 96.5938
85 96.0578
86 95.5906
87 94.8923
88 94.4717
89 94.2209
90 92.5266
91 91.3105
92 91.0478
93 90.1757
94 89.4894
95 88.3178
96 88.1529
97 87.4246
98 87.4246
99 87.0403
100 86.3971
101 86.201
102 85.2149
103 84.3904
104 83.8544
105 83.3196
106 82.7853
107 82.1568
108 82.1568
109 81.8937
110 81.0663
111 80.5374
112 79.683
113 79.683
114 79.4841
115 79.1659
116 79.1659
117 79.0596
118 78.31
119 78.1853
120 78.079
121 76.711
122 76.5689
123 75.7696
124 75.5351
125 75.0845
126 74.8501
127 74.8319
128 74.8319
129 74.8319
130 74.6722
131 74.6722
132 74.6722
133 73.7222
134 73.7222
135 73.7222
136 73.6041
137 73.3229
138 73.1819
139 73.1819
140 73.0596
141 72.4622
142 72.4413
143 72.4413
144 72.3612
145 71.8979
146 71.8979
147 71.8979
148 71.7872
149 71.3239
150 71.0016
151 70.6992
152 70.6992
153 70.6992
154 70.4675
155 70.3874
156 70.2776
157 70.2776
158 70.1101
159 69.8909
160 69.8909
161 69.8909
162 69.8909
163 69.8909
164 69.8909
165 69.7808
166 69.7808
167 69.7808
168 69.7808
169 69.7808
170 69.5068
171 69.5068
172 69.5068
173 69.4114
174 69.3495
175 69.3495
176 69.1735
177 68.4404
178 68.4404
179 68.4404
180 68.4404
181 68.3965
182 68.3965
183 68.3359
184 68.1646
185 68.1646
186 68.1646
187 68.1646
188 68.1646
189 68.1646
190 68.1646
191 68.1646
192 68.1646
193 68.1646
194 68.1646
195 68.1646
196 68.1646
197 68.1646
198 68.1646
199 68.1646
200 68.1646
201 68.1646
202 68.1646
203 68.1646
204 68.1498
205 68.1498
206 68.1498
207 68.1498
208 68.1498
209 68.1498
210 68.1498
211 68.1498
212 68.1498
213 68.1498
214 68.1498
215 68.1498
216 68.1498
217 68.1498
218 68.1498
219 68.1498
220 68.1498
221 68.1498
222 68.1498
223 68.1498
224 68.1498
225 68.1498
226 68.1498
227 68.1498
228 68.1498
229 68.1498
230 68.1498
231 68.1498
232 68.1498
233 68.1498
234 68.1498
235 68.1498
236 68.1498
237 68.1498
238 68.1498
239 68.1498
240 68.1498
241 68.1498
242 68.1498
243 68.1498
244 68.1498
245 68.1498
246 68.1498
247 68.0081
248 68.0081
249 68.0081
250 68.0081
251 68.0081
252 68.0081
253 68.0081
254 68.0081
255 68.0081
256 68.0081
257 67.7887
258 67.7887
259 67.7887
260 67.7887
261 67.3959
262 67.3877
263 67.3877
264 67.3877
265 67.3877
266 67.3877
267 67.3877
268 67.3877
269 67.3877
270 67.3877
271 67.3877
272 67.3877
273 67.3877
274 67.3877
275 67.3877
276 67.3877
277 67.3877
278 67.3877
279 67.3877
280 67.3877
281 67.3877
282 67.3877
283 67.3877
284 67.3877
285 67.3877
286 67.3877
287 67.3877
288 67.3877
289 67.3877
290 67.3877
291 67.3877
292 67.3877
293 67.3877
294 67.3877
295 67.3877
296 67.3877
297 67.3877
298 67.3877
299 67.3877
300 67.3877
301 67.3877
302 67.3877
303 67.3877
304 67.3877
305 67.3877
306 67.3877
307 67.3877
308 67.3877
309 67.3877
310 67.3877
311 67.3877
312 67.3877
313 67.3877
314 67.3877
315 67.3877
316 67.3877
317 67.3877
318 67.3877
319 67.3877
320 67.3877
321 67.3877
322 67.3877
323 67.3877
324 67.3877
325 67.3877
326 67.3877
327 67.3877
328 67.3877
329 67.3877
330 67.3877
331 67.3877
332 67.3877
333 67.3877
334 67.3877
335 67.3877
336 67.3877
337 67.3877
338 67.3877
339 67.3877
340 67.3877
341 67.3877
342 67.3877
343 67.3014
344 67.3014
345 67.3014
346 67.3014
347 67.3014
348 67.3014
349 67.2337
350 67.2337
351 67.2337
352 67.2337
353 67.2337
354 67.2337
355 67.2337
356 67.2337
357 67.2337
358 67.2337
359 67.2337
360 67.1949
361 67.1949
362 67.1949
363 67.1949
364 67.1949
365 67.1949
366 67.1949
367 67.1949
368 67.1949
369 67.1949
370 67.1949
371 67.1949
372 67.1949
373 67.1949
374 67.1949
375 67.1949
376 67.1949
377 67.1949
378 67.1949
379 67.1949
380 67.1949
381 67.1949
382 67.1949
383 67.1949
384 67.1949
385 67.1949
386 67.1949
387 67.1949
388 67.1949
389 67.1949
390 67.1949
391 67.1949
392 67.1949
393 67.1949
394 67.1949
395 67.1949
396 67.1949
397 67.1949
398 67.1949
399 67.1949
400 67.1949
401 67.1949
402 67.1949
403 67.1949
404 67.1949
405 67.1949
406 67.1949
407 67.1949
408 67.1949
409 67.1949
410 67.1949
411 67.1949
412 67.1949
413 67.1949
414 67.1949
415 67.1949
416 67.1949
417 67.1949
418 67.1949
419 67.1949
420 67.1949
421 67.1949
422 67.1949
423 67.1949
424 67.1949
425 67.1949
426 67.1949
427 67.1949
428 67.1949
429 67.0848
430 67.0848
431 67.0848
432 67.0848
433 67.0848
434 67.0848
435 67.0848
436 67.0848
437 67.0438
438 67.0438
439 67.0438
440 67.0438
441 67.0438
442 67.0438
443 67.0438
444 67.0438
445 67.0438
446 67.0438
447 67.0438
448 67.0438
449 67.0438
450 67.0438
451 67.0438
452 67.0438
453 67.0438
454 67.0438
455 67.0438
456 67.0438
457 67.0438
458 67.0438
459 67.0438
460 67.0438
461 67.0438
462 67.0438
463 67.0438
464 67.0438
465 67.0438
466 67.0438
467 67.0438
468 67.0438
469 67.0438
470 67.0438
471 67.0438
472 67.0438
473 67.0438
474 67.0438
475 67.0438
476 67.0438
477 67.0438
478 67.0438
479 67.0438
480 67.0438
481 67.0438
482 67.0438
483 67.0438
484 67.0438
485 67.0438
486 67.0438
487 67.0438
488 67.0438
489 67.0438
490 67.0438
491 67.0438
492 67.0438
493 67.0438
494 67.0438
495 67.0438
496 67.0438
497 67.0438
498 67.0438
499 67.0438
500 67.0438
501 67.0438
502 67.0438
503 67.0438
504 67.0438
505 67.0347
506 67.0347
507 67.0347
508 67.0347
509 67.0347
510 67.0347
511 67.0347
512 67.0347
513 67.0347
514 67.0347
515 67.0347
516 67.0347
517 67.0347
518 67.0347
519 67.0347
520 67.0347
521 67.0347
522 67.0347
523 67.0347
524 67.0347
525 67.0347
526 67.0347
527 67.0347
528 67.0064
529 67.0064
530 67.0064
531 67.0064
532 67.0064
533 67.0064
534 67.0064
535 67.0064
536 67.0064
537 67.0064
538 67.0064
539 67.0064
540 67.0064
541 67.0064
542 67.0064
543 67.0064
544 67.0064
545 67.0064
546 67.0064
547 67.0064
548 67.0064
549 67.0064
550 67.0064
551 67.0064
552 67.0064
553 67.0064
554 67.0064
555 67.0064
556 67.0064
557 67.0064
558 67.0064
559 67.0064
560 67.0064
561 67.0064
562 67.0064
563 67.0064
564 67.0064
565 67.0064
566 66.899
567 66.899
568 66.899
569 66.899
570 66.8885
571 66.8885
572 66.8885
573 66.8885
574 66.8885
575 66.8885
576 66.8885
577 66.8885
578 66.8885
579 66.8885
580 66.8885
581 66.8885
582 66.8885
583 66.8885
584 66.8885
585 66.8885
586 66.734
587 66.734
588 66.734
589 66.734
590 66.734
591 66.734
592 66.734
593 66.734
594 66.734
595 66.734
596 66.734
597 66.734
598 66.734
599 66.734
600 66.734
601 66.734
602 66.734
603 66.734
604 66.734
605 66.734
606 66.734
607 66.734
608 66.734
609 66.734
610 66.734
611 66.734
612 66.734
613 66.734
614 66.734
615 66.734
616 66.734
617 66.734
618 66.734
619 66.734
620 66.734
621 66.734
622 66.734
623 66.734
624 66.734
625 66.734
626 66.734
627 66.734
628 66.734
629 66.734
630 66.734
631 66.734
632 66.734
633 66.734
634 66.734
635 66.734
636 66.734
637 66.734
638 66.734
639 66.734
640 66.734
641 66.734
642 66.734
643 66.734
644 66.734
645 66.734
646 66.734
647 66.734
648 66.734
649 66.734
650 66.734
651 66.734
652 66.734
653 66.734
654 66.734
655 66.734
656 66.734
657 66.734
658 66.734
659 66.734
660 66.734
661 66.734
662 66.734
663 66.734
664 66.734
665 66.734
666 66.734
667 66.734
668 66.734
669 66.734
670 66.734
671 66.734
672 66.734
673 66.734
674 66.734
675 66.734
676 66.734
677 66.734
678 66.734
679 66.734
680 66.734
681 66.734
682 66.734
683 66.734
684 66.734
685 66.734
686 66.734
687 66.734
688 66.734
689 66.734
690 66.734
691 66.734
692 66.734
693 66.734
694 66.734
695 66.734
696 66.734
697 66.734
698 66.734
699 66.734
700 66.734
701 66.734
702 66.734
703 66.734
704 66.734
705 66.734
706 66.734
707 66.734
708 66.734
709 66.734
710 66.734
711 66.734
712 66.734
713 66.734
714 66.734
715 66.734
716 66.734
717 66.734
718 66.734
719 66.734
720 66.734
721 66.734
722 66.734
723 66.734
724 66.734
725 66.734
726 66.734
727 66.734
728 66.734
729 66.734
730 66.734
731 66.734
732 66.734
733 66.734
734 66.734
735 66.734
736 66.734
737 66.734
738 66.734
739 66.734
740 66.734
741 66.734
742 66.734
743 66.734
744 66.734
745 66.734
746 66.734
747 66.734
748 66.734
749 66.734
750 66.734
751 66.734
752 66.734
753 66.734
754 66.734
755 66.734
756 66.734
757 66.734
758 66.734
759 66.734
760 66.734
761 66.734
762 66.734
763 66.734
764 66.734
765 66.734
766 66.734
767 66.734
768 66.734
769 66.734
770 66.734
771 66.734
772 66.734
773 66.734
774 66.734
775 66.734
776 66.734
777 66.734
778 66.734
779 66.734
780 66.734
781 66.734
782 66.734
783 66.734
784 66.734
785 66.734
786 66.734
787 66.734
788 66.734
789 66.734
790 66.734
791 66.734
792 66.734
793 66.734
794 66.734
795 66.734
796 66.734
797 66.734
798 66.734
799 66.734
800 66.734
801 66.734
802 66.734
803 66.734
804 66.734
805 66.734
806 66.734
807 66.734
808 66.734
809 66.734
810 66.734
811 66.734
812 66.734
813 66.734
814 66.734
815 66.734
816 66.734
817 66.734
818 66.734
819 66.734
820 66.734
821 66.734
822 66.734
823 66.734
824 66.734
825 66.734
826 66.734
827 66.734
828 66.734
829 66.1259
830 66.1259
831 66.1259
832 66.1259
833 66.1259
834 66.1259
835 66.1259
836 66.1259
837 66.1259
838 66.1259
839 66.1259
840 66.1259
841 66.1259
842 66.1259
843 66.1259
844 66.1259
845 66.1259
846 66.1259
847 66.1259
848 66.1259
849 66.1259
850 66.1259
851 66.1259
852 66.1259
853 66.1259
854 66.1259
855 66.1259
856 66.1259
857 66.1259
858 66.1259
859 66.1259
860 66.1259
861 66.1259
862 66.1259
863 66.1259
864 66.1259
865 66.1259
866 66.1259
867 66.1259
868 66.1259
869 66.1259
870 66.1259
871 66.1259
872 66.1259
873 66.1259
874 66.1259
875 66.1259
876 66.1259
877 66.1259
878 66.1259
879 66.1259
880 66.1259
881 66.1259
882 66.1259
883 66.1259
884 66.1259
885 66.1259
886 66.1259
887 66.1259
888 66.1259
889 66.1259
890 66.1259
891 66.1259
892 66.1259
893 66.1259
894 66.1259
895 66.1259
896 66.1259
897 66.1259
898 66.1259
899 66.1259
900 66.1259
901 66.1259
902 66.1259
903 66.1259
904 66.1259
905 66.1259
906 66.1259
907 66.1259
908 66.1259
909 66.1259
910 66.1259
911 66.1259
912 66.1259
913 66.1259
914 66.1259
915 66.1259
916 66.1259
917 66.1259
918 66.1259
919 66.1259
920 66.1259
921 66.1259
922 66.1259
923 66.1259
924 66.1259
925 66.1259
926 66.1259
927 66.1259
928 66.1259
929 66.1259
930 66.1259
931 66.1259
932 66.1259
933 66.1259
934 66.1259
935 66.1259
936 66.1259
937 66.1259
938 66.1259
939 66.1259
940 66.1259
941 66.1259
942 66.1259
943 66.1259
944 66.1259
945 66.1259
946 66.1259
947 66.1259
948 66.1259
949 66.1259
950 66.1259
951 66.1259
952 66.1259
953 66.1259
954 66.1259
955 66.1259
956 66.1259
957 66.1259
958 66.1259
959 66.1259
960 66.1259
961 66.1259
962 66.1259
963 66.1259
964 66.1259
965 66.1259
966 66.1259
967 66.1259
968 66.1259
969 66.1259
970 66.1259
971 66.1259
972 66.1259
973 66.1259
974 66.1259
975 66.1259
976 66.1259
977 66.1259
978 66.1259
979 66.1259
980 66.1259
981 66.1259
982 66.1259
983 66.1259
984 66.1259
985 66.1259
986 66.1259
987 66.1259
988 66.1259
989 66.1259
990 66.1259
991 66.1259
992 66.1259
993 66.1259
994 66.1259
995 66.1259
996 66.1259
997 66.1259
998 66.1259
999 66.1259
1000 66.1259
1001 66.1259
1002 66.1259
1003 66.1259
1004 66.1259
1005 66.1259
1006 66.1259
1007 66.1259
1008 66.1259
1009 66.1259
1010 66.1259
1011 66.1259
1012 66.1259
1013 66.1259
1014 66.1259
1015 66.1259
1016 66.1259
1017 66.1259
1018 66.1259
1019 66.1259
1020 66.1259
1021 66.1259
1022 66.1259
1023 66.1259
1024 66.1259
1025 66.1259
1026 66.1259
1027 66.1259
1028 66.1259
1029 66.1259
1030 66.1259
1031 66.1259
1032 66.1259
1033 66.1259
1034 66.1259
1035 66.1259
1036 66.1259
1037 66.1259
1038 66.1259
1039 66.1259
1040 66.1259
1041 66.1259
1042 66.1259
1043 66.1259
1044 66.1259
1045 66.1259
1046 66.1259
1047 66.1259
1048 66.1259
1049 66.1259
1050 66.1259
1051 66.1259
1052 66.1259
1053 66.1259
1054 66.1259
1055 66.1259
1056 66.1259
1057 66.1259
1058 66.1259
1059 66.1259
1060 66.1259
1061 66.1259
1062 66.1259
1063 66.1259
1064 66.1259
1065 66.1259
1066 66.1259
1067 66.1259
1068 66.1259
1069 66.1259
1070 66.1259
1071 66.1259
1072 66.1259
1073 66.1259
1074 66.1259
1075 66.1259
1076 66.1259
1077 66.1259
1078 66.1259
1079 66.1259
1080 66.1259
1081 66.1259
1082 66.1259
1083 66.1259
1084 66.1259
1085 66.1259
1086 66.1259
1087 66.1259
1088 66.1259
1089 66.1259
1090 66.1259
1091 66.1259
1092 66.1259
1093 66.1259
1094 66.1259
1095 66.1259
1096 66.1259
1097 66.1259
1098 66.1259
1099 66.1259
1100 66.1259
1101 66.1259
1102 66.1259
1103 66.1259
1104 66.1259
1105 66.1259
1106 66.1259
1107 66.1259
1108 66.1259
1109 66.1259
1110 66.1259
1111 66.1259
1112 66.1259
1113 66.1259
1114 66.1259
1115 66.1259
1116 66.1259
1117 66.1259
1118 66.1259
1119 66.1259
1120 66.1259
1121 66.1259
1122 66.1259
1123 66.1259
1124 66.1259
1125 66.1259
1126 66.1259
1127 66.1259
1128 66.1259
1129 66.1259
1130 66.1259
1131 66.1259
1132 66.1259
1133 66.1259
1134 66.1259
1135 66.1259
1136 66.1259
1137 66.1259
1138 66.1259
1139 66.1259
1140 66.1259
1141 66.1259
1142 66.1259
1143 66.1259
1144 66.1259
1145 66.1259
1146 66.1259
1147 66.1259
1148 66.1259
1149 66.1259
1150 66.1259
1151 66.1259
1152 66.1259
1153 66.1259
1154 66.1259
1155 66.1259
1156 66.1259
1157 66.1259
1158 66.1259
1159 66.1259
1160 66.1259
1161 66.1259
1162 66.1259
1163 66.1259
1164 66.1259
1165 66.1259
1166 66.1259
1167 66.1259
1168 66.1259
1169 66.1259
1170 66.1259
1171 66.1259
1172 66.1259
1173 66.1259
1174 66.1259
1175 66.1259
1176 66.1259
1177 66.1259
1178 66.1259
1179 66.1259
1180 66.1259
1181 66.1259
1182 66.1259
1183 66.1259
1184 66.1259
1185 66.1259
1186 66.1259
1187 66.1259
1188 66.1259
1189 66.1259
1190 66.1259
1191 66.1259
1192 66.1259
1193 66.1259
1194 66.1259
1195 66.1259
1196 66.1259
1197 66.1259
1198 66.1259
1199 66.1259
1200 66.1259
1201 66.1259
1202 66.1259
1203 66.1259
1204 66.1259
1205 66.1259
1206 66.1259
1207 66.1259
1208 66.1259
1209 66.1259
1210 66.1259
1211 66.1259
1212 66.1259
1213 66.1259
1214 66.1259
1215 66.1259
1216 66.1259
1217 66.1259
1218 66.1259
1219 66.1259
1220 66.1259
1221 66.1259
1222 66.1259
1223 66.1259
1224 66.1259
1225 66.1259
1226 66.1259
1227 66.1259
1228 66.1259
1229 66.1259
1230 66.1259
1231 66.1259
1232 66.1259
1233 66.1259
1234 66.1259
1235 66.1259
1236 66.1259
1237 66.1259
1238 66.1259
1239 66.1259
1240 66.1259
1241 66.1259
1242 66.1259
1243 66.1259
1244 66.1259
1245 66.1259
1246 66.1259
1247 66.1259
1248 66.1259
1249 66.1259
1250 66.1259
1251 66.1259
1252 66.1259
1253 66.1259
1254 66.1259
1255 66.1259
1256 66.1259
1257 66.1259
1258 66.1259
1259 66.1259
1260 66.1259
1261 66.1259
1262 66.1259
1263 66.1259
1264 66.1259
1265 66.1259
1266 66.1259
1267 66.1259
1268 66.1259
1269 66.1259
1270 66.1259
1271 66.1259
1272 66.1259
1273 66.1259
1274 66.1259
1275 66.1259
1276 66.1259
1277 66.1259
1278 66.1259
1279 66.1259
1280 66.1259
1281 66.1259
1282 66.1259
1283 66.1259
1284 66.1259
1285 66.1259
1286 66.1259
1287 66.1259
1288 66.1259
1289 66.1259
1290 66.1259
1291 66.1259
1292 66.1259
1293 66.1259
1294 66.1259
1295 66.1259
1296 66.1259
1297 66.1259
1298 66.1259
1299 66.1259
1300 66.1259
1301 66.1259
1302 66.1259
1303 66.1259
1304 66.1259
1305 66.1259
1306 66.1259
1307 66.1259
1308 66.1259
1309 66.1259
1310 66.1259
1311 66.1259
1312 66.1259
1313 66.1259
1314 66.1259
1315 66.1259
1316 66.1259
1317 66.1259
1318 66.1259
1319 66.1259
1320 66.1259
1321 66.1259
1322 66.1259
1323 66.1259
1324 66.1259
1325 66.1259
1326 66.1259
1327 66.1259
1328 66.1259
1329 66.1259
1330 66.1259
1331 66.1259
1332 66.1259
1333 66.1259
1334 66.1259
1335 66.1259
1336 66.1259
1337 66.1259
1338 66.1259
1339 66.1259
1340 66.1259
1341 66.1259
1342 66.1259
1343 66.1259
1344 66.1259
1345 66.1259
1346 66.1259
1347 66.1259
1348 66.1259
1349 66.1259
1350 66.1259
1351 66.1259
1352 66.1259
1353 66.1259
1354 66.1259
1355 66.1259
1356 66.1259
1357 66.1259
1358 66.1259
1359 66.1259
1360 66.1259
1361 66.1259
1362 66.1259
1363 66.1259
1364 66.1259
1365 66.1259
1366 66.1259
1367 66.1259
1368 66.1259
1369 66.1259
1370 66.1259
1371 66.1259
1372 66.1259
1373 66.1259
1374 66.1259
1375 66.1259
1376 66.1259
1377 66.1259
1378 66.1259
1379 66.1259
1380 66.1259
1381 66.1259
1382 66.1259
1383 66.1259
1384 66.1259
1385 66.1259
1386 66.1259
1387 66.1259
1388 66.1259
1389 66.1259
1390 66.1259
1391 66.1259
1392 66.1259
1393 66.1259
1394 66.1259
1395 66.1259
1396 66.1259
1397 66.1259
1398 66.1259
1399 66.1259
1400 66.1259
1401 66.1259
1402 66.1259
1403 66.1259
1404 66.1259
1405 66.1259
1406 66.1259
1407 66.1259
1408 66.1259
1409 66.1259
1410 66.1259
1411 66.1259
1412 66.1259
1413 66.1259
1414 66.1259
1415 66.1259
1416 66.1259
1417 66.1259
1418 66.1259
1419 66.1259
1420 66.1259
1421 66.1259
1422 66.1259
1423 66.1259
1424 66.1259
1425 66.1259
1426 66.1259
1427 66.1259
1428 66.1259
1429 66.1259
1430 66.1259
1431 66.1259
1432 66.1259
1433 66.1259
1434 66.1259
1435 66.1259
1436 66.1259
1437 66.1259
1438 66.1259
1439 66.1259
1440 66.1259
1441 66.1259
1442 66.1259
1443 66.1259
1444 66.1259
1445 66.1259
1446 66.1259
1447 66.1259
1448 66.1259
1449 66.1259
1450 66.1259
1451 66.1259
1452 66.1259
1453 66.1259
1454 66.1259
1455 66.1259
1456 66.1259
1457 66.1259
1458 66.1259
1459 66.1259
1460 66.1259
1461 66.1259
1462 66.1259
1463 66.1259
1464 66.1259
1465 66.1259
1466 66.1259
1467 66.1259
1468 66.1259
1469 66.1259
1470 66.1259
1471 66.1259
1472 66.1259
1473 66.1259
1474 66.1259
1475 66.1259
1476 66.1259
1477 66.1259
1478 66.1259
1479 66.1259
1480 66.1259
1481 66.1259
1482 66.1259
1483 66.1259
1484 66.1259
1485 66.1259
1486 66.1259
1487 66.1259
1488 66.1259
1489 66.1259
1490 66.1259
1491 66.1259
1492 66.1259
1493 66.1259
1494 66.1259
1495 66.1259
1496 66.1259
1497 66.1259
1498 66.1259
1499 66.1259
1500 66.1259
1501 66.1259
1502 66.1259
1503 66.1259
1504 66.1259
1505 66.1259
1506 66.1259
1507 66.1259
1508 66.1259
1509 66.1259
1510 66.1259
1511 66.1259
1512 66.1259
1513 66.1259
1514 66.1259
1515 66.1259
1516 66.1259
1517 66.1259
1518 66.1259
1519 66.1259
1520 66.1259
1521 66.1259
1522 66.1259
1523 66.1259
1524 66.1259
1525 66.1259
1526 66.1259
1527 66.1259
1528 66.1259
1529 66.1259
1530 66.1259
1531 66.1259
1532 66.1259
1533 66.1259
1534 66.1259
1535 66.1259
1536 66.1259
1537 66.1259
1538 66.1259
1539 66.1259
1540 66.1259
1541 66.1259
1542 66.1259
1543 66.1259
1544 66.1259
1545 66.1259
1546 66.1259
1547 66.1259
1548 66.1259
1549 66.1259
1550 66.1259
1551 66.1259
1552 66.1259
1553 66.1259
1554 66.1259
1555 66.1259
1556 66.1259
1557 66.1259
1558 66.1259
1559 66.1259
1560 66.1259
1561 66.1259
1562 66.1259
1563 66.1259
1564 66.1259
1565 66.1259
1566 66.1259
1567 66.1259
1568 66.1259
1569 66.1259
1570 66.1259
1571 66.1259
1572 66.1259
1573 66.1259
1574 66.1259
1575 66.1259
1576 66.1259
1577 66.1259
1578 66.1259
1579 66.1259
1580 66.1259
1581 66.1259
1582 66.1259
1583 66.1259
1584 66.1259
1585 66.1259
1586 66.1259
1587 66.1259
1588 66.1259
1589 66.1259
1590 66.1259
1591 66.1259
1592 66.1259
1593 66.1259
1594 66.1259
1595 66.1259
1596 66.1259
1597 66.1259
1598 66.1259
1599 66.1259
1600 66.1259
1601 66.1259
1602 66.1259
1603 66.1259
1604 66.1259
1605 66.1259
1606 66.1259
1607 66.1259
1608 66.1259
1609 66.1259
1610 66.1259
1611 66.1259
1612 66.1259
1613 66.1259
1614 66.1259
1615 66.1259
1616 66.1259
1617 66.1259
1618 66.1259
1619 66.1259
1620 66.1259
1621 66.1259
1622 66.1259
1623 66.1259
1624 66.1259
1625 66.1259
1626 66.1259
1627 66.1259
1628 66.1259
1629 66.1259
1630 66.1259
1631 66.1259
1632 66.1259
1633 66.1259
1634 66.1259
1635 66.1259
1636 66.1259
1637 66.1259
1638 66.1259
1639 66.1259
1640 66.1259
1641 66.1259
1642 66.1259
1643 66.1259
1644 66.1259
1645 66.1259
1646 66.1259
1647 66.1259
1648 66.1259
1649 66.1259
1650 66.1259
1651 66.1259
1652 66.1259
1653 66.1259
1654 66.1259
1655 66.1259
1656 66.1259
1657 66.1259
1658 66.1259
1659 66.1259
1660 66.1259
1661 66.1259
1662 66.1259
1663 66.1259
1664 66.1259
1665 66.1259
1666 66.1259
1667 66.1259
1668 66.1259
1669 66.1259
1670 66.1259
1671 66.1259
1672 66.1259
1673 66.1259
1674 66.1259
1675 66.1259
1676 66.1259
1677 66.1259
1678 66.1259
1679 66.1259
1680 66.1259
1681 66.1259
1682 66.1259
1683 66.1259
1684 66.1259
1685 66.1259
1686 66.1259
1687 66.1259
1688 66.1259
1689 66.1259
1690 66.1259
1691 66.1259
1692 66.1259
1693 66.1259
1694 66.1259
1695 66.1259
1696 66.1259
1697 66.1259
1698 66.1259
1699 66.1259
1700 66.1259
1701 66.1259
1702 66.1259
1703 66.1259
1704 66.1259
1705 66.1259
1706 66.1259
1707 66.1259
1708 66.1259
1709 66.1259
1710 66.1259
1711 66.1259
1712 66.1259
1713 66.1259
1714 66.1259
1715 66.1259
1716 66.1259
1717 66.1259
1718 66.1259
1719 66.1259
1720 66.1259
1721 66.1259
1722 66.1259
1723 66.1259
1724 66.1259
1725 66.1259
1726 66.1259
1727 66.1259
1728 66.1259
1729 66.1259
1730 66.1259
1731 66.1259
1732 66.1259
1733 66.1259
1734 66.1259
1735 66.1259
1736 66.1259
1737 66.1259
1738 66.1259
1739 66.1259
1740 66.1259
1741 66.1259
1742 66.1259
1743 66.1259
1744 66.1259
1745 66.1259
1746 66.1259
1747 66.1259
1748 66.1259
1749 66.1259
1750 66.1259
1751 66.1259
1752 66.1259
1753 66.1259
1754 66.1259
1755 66.1259
1756 66.1259
1757 66.1259
1758 66.1259
1759 66.1259
1760 66.1259
1761 66.1259
1762 66.1259
1763 66.1259
1764 66.1259
1765 66.1259
1766 66.1259
1767 66.1259
1768 66.1259
1769 66.1259
1770 66.1259
1771 66.1259
1772 66.1259
1773 66.1259
1774 66.1259
1775 66.1259
1776 66.1259
1777 66.1259
1778 66.1259
1779 66.1259
1780 66.1259
1781 66.1259
1782 66.1259
1783 66.1259
1784 66.1259
1785 66.1259
1786 66.1259
1787 66.1259
1788 66.1259
1789 66.1259
1790 66.1259
1791 66.1259
1792 66.1259
1793 66.1259
1794 66.1259
1795 66.1259
1796 66.1259
1797 66.1259
1798 66.1259
1799 66.1259
1800 66.1259
1801 66.1259
1802 66.1259
1803 66.1259
1804 66.1259
1805 66.1259
1806 66.1259
1807 66.1259
1808 66.1259
1809 66.1259
1810 66.1259
1811 66.1259
1812 66.1259
1813 66.1259
1814 66.1259
1815 66.1259
1816 66.1259
1817 66.1259
1818 66.1259
1819 66.1259
1820 66.1259
1821 66.1259
1822 66.1259
1823 66.1259
1824 66.1259
1825 66.1259
1826 66.1259
1827 66.1259
1828 66.1259
1829 66.1259
1830 66.1259
1831 66.1259
1832 66.1259
1833 66.1259
1834 66.1259
1835 66.1259
1836 66.1259
1837 66.1259
1838 66.1259
1839 66.1259
1840 66.1259
1841 66.1259
1842 66.1259
1843 66.1259
1844 66.1259
1845 66.1259
1846 66.1259
1847 66.1259
1848 66.1259
1849 66.1259
1850 66.1259
1851 66.1259
1852 66.1259
1853 66.1259
1854 66.1259
1855 66.1259
1856 66.1259
1857 66.1259
1858 66.1259
1859 66.1259
1860 66.1259
1861 66.1259
1862 66.1259
1863 66.1259
1864 66.1259
1865 66.1259
1866 66.1259
1867 66.1259
1868 66.1259
1869 66.1259
1870 66.1259
1871 66.1259
1872 66.1259
1873 66.1259
1874 66.1259
1875 66.1259
1876 66.1259
1877 66.1259
1878 66.1259
1879 66.1259
1880 66.1259
1881 66.1259
1882 66.1259
1883 66.1259
1884 66.1259
1885 66.1259
1886 66.1259
1887 66.1259
1888 66.1259
1889 66.1259
1890 66.1259
1891 66.1259
1892 66.1259
1893 66.1259
1894 66.1259
1895 66.1259
1896 66.1259
1897 66.1259
1898 66.1259
1899 66.1259
1900 66.1259
1901 66.1259
1902 66.1259
1903 66.1259
1904 66.1259
1905 66.1259
1906 66.1259
1907 66.1259
1908 66.1259
1909 66.1259
1910 66.1259
1911 66.1259
1912 66.1259
1913 66.1259
1914 66.1259
1915 66.1259
1916 66.1259
1917 66.1259
1918 66.1259
1919 66.1259
1920 66.1259
1921 66.1259
1922 66.1259
1923 66.1259
1924 66.1259
1925 66.1259
1926 66.1259
1927 66.1259
1928 66.1259
1929 66.1259
1930 66.1259
1931 66.1259
1932 66.1259
1933 66.1259
1934 66.1259
1935 66.1259
1936 66.1259
1937 66.1259
1938 66.1259
1939 66.1259
1940 66.1259
1941 66.1259
1942 66.1259
1943 66.1259
1944 66.1259
1945 66.1259
1946 66.1259
1947 66.1259
1948 66.1259
1949 66.1259
1950 66.1259
1951 66.1259
1952 66.1259
1953 66.1259
1954 66.1259
1955 66.1259
1956 66.1259
1957 66.1259
1958 66.1259
1959 66.1259
1960 66.1259
1961 66.1259
1962 66.1259
1963 66.1259
1964 66.1259
1965 66.1259
1966 66.1259
1967 66.1259
1968 66.1259
1969 66.1259
1970 66.1259
1971 66.1259
1972 66.1259
1973 65.9356
1974 65.9356
1975 65.9356
1976 65.9356
1977 65.9356
1978 65.9356
1979 65.9356
1980 65.9356
1981 65.9356
1982 65.9356
1983 65.9356
1984 65.9356
1985 65.9356
1986 65.9356
1987 65.9356
1988 65.9356
1989 65.9356
1990 65.9356
1991 65.9356
1992 65.9356
1993 65.9356
1994 65.9356
1995 65.9356
1996 65.9356
1997 65.9356
1998 65.9356
1999 65.9356
2000 65.9356
2001 65.9356
2002 65.9356
2003 65.9356
2004 65.9356
2005 65.9356
2006 65.9356
2007 65.9356
2008 65.9356
2009 65.9356
2010 65.9356
2011 65.9356
2012 65.9356
2013 65.9356
2014 65.9356
2015 65.9356
2016 65.9356
2017 65.9356
2018 65.9356
2019 65.9356
2020 65.9356
2021 65.9356
2022 65.9356
2023 65.9356
2024 65.9356
2025 65.9356
2026 65.9356
2027 65.9356
2028 65.9356
2029 65.9356
2030 65.9356
2031 65.9356
2032 65.9356
2033 65.9356
2034 65.9356
2035 65.9356
2036 65.9356
2037 65.9356
2038 65.9356
2039 65.9356
2040 65.9356
2041 65.9356
2042 65.9356
2043 65.9356
2044 65.9356
2045 65.9356
2046 65.9356
2047 65.9356
2048 65.9356
2049 65.9356
2050 65.9356
2051 65.9356
2052 65.9356
2053 65.9356
2054 65.9356
2055 65.9356
2056 65.9356
2057 65.9356
2058 65.9356
2059 65.9356
2060 65.9356
2061 65.9356
2062 65.9356
2063 65.9356
2064 65.9356
2065 65.9356
2066 65.9356
2067 65.9356
2068 65.9356
2069 65.9356
2070 65.9356
2071 65.9356
2072 65.9356
2073 65.9356
2074 65.9356
2075 65.9356
2076 65.9356
2077 65.9356
2078 65.9356
2079 65.9356
2080 65.9356
2081 65.9356
2082 65.9356
2083 65.9356
2084 65.9356
2085 65.9356
2086 65.9356
2087 65.9356
2088 65.9356
2089 65.9356
2090 65.9356
2091 65.9356
2092 65.9356
2093 65.9356
2094 65.9356
2095 65.9356
2096 65.9356
2097 65.9356
2098 65.9356
2099 65.9356
2100 65.9356
2101 65.9356
2102 65.9356
2103 65.9356
2104 65.9356
2105 65.9356
2106 65.9356
2107 65.9356
2108 65.9356
2109 65.9356
2110 65.9356
2111 65.9356
2112 65.9356
2113 65.9356
2114 65.9356
2115 65.9356
2116 65.9356
2117 65.9356
2118 65.9356
2119 65.9356
2120 65.9356
2121 65.9356
2122 65.9356
2123 65.9356
2124 65.9356
2125 65.9356
2126 65.9356
2127 65.9356
2128 65.9356
2129 65.9356
2130 65.9356
2131 65.9356
2132 65.9356
2133 65.9356
2134 65.9356
2135 65.9356
2136 65.9356
2137 65.9356
2138 65.9356
2139 65.9356
2140 65.9356
2141 65.9356
2142 65.9356
2143 65.9356
2144 65.9356
2145 65.9356
2146 65.9356
2147 65.9356
2148 65.9356
2149 65.9356
2150 65.9356
2151 65.9356
2152 65.9356
2153 65.9356
2154 65.9356
2155 65.9356
2156 65.9356
2157 65.9356
2158 65.9356
2159 65.9356
2160 65.9356
2161 65.9356
2162 65.9356
2163 65.9356
2164 65.9356
2165 65.9356
2166 65.9356
2167 65.9356
2168 65.9356
2169 65.9356
2170 65.9356
2171 65.9356
2172 65.9356
2173 65.9356
2174 65.9356
2175 65.9356
2176 65.9356
2177 65.9356
2178 65.9356
2179 65.9356
2180 65.9356
2181 65.9356
2182 65.9356
2183 65.9356
2184 65.9356
2185 65.9356
2186 65.9356
2187 65.9356
2188 65.9356
2189 65.9356
2190 65.9356
2191 65.9356
2192 65.9356
2193 65.9356
2194 65.9356
2195 65.9356
2196 65.9356
2197 65.9356
2198 65.9356
2199 65.9356
2200 65.9356
2201 65.9356
2202 65.9356
2203 65.9356
2204 65.9356
2205 65.9356
2206 65.9356
2207 65.9356
2208 65.9356
2209 65.9356
2210 65.9356
2211 65.9356
2212 65.9356
2213 65.9356
2214 65.9356
2215 65.9356
2216 65.9356
2217 65.9356
2218 65.9356
2219 65.9356
2220 65.9356
2221 65.9356
2222 65.9356
2223 65.9356
2224 65.9356
2225 65.9356
2226 65.9356
2227 65.9356
2228 65.9356
2229 65.9356
2230 65.9356
2231 65.9356
2232 65.9356
2233 65.9356
2234 65.9356
2235 65.9356
2236 65.9356
2237 65.9356
2238 65.9356
2239 65.9356
2240 65.9356
2241 65.9356
2242 65.9356
2243 65.9356
2244 65.9356
2245 65.9356
2246 65.9356
2247 65.9356
2248 65.9356
2249 65.9356
2250 65.9356
2251 65.9356
2252 65.9356
2253 65.9356
2254 65.9356
2255 65.9356
2256 65.9356
2257 65.9356
2258 65.9356
2259 65.9356
2260 65.9356
2261 65.9356
2262 65.9356
2263 65.9356
2264 65.9356
2265 65.9356
2266 65.9356
2267 65.9356
2268 65.9356
2269 65.9356
2270 65.9356
2271 65.9356
2272 65.9356
2273 65.9356
2274 65.9356
2275 65.9356
2276 65.9356
2277 65.9356
2278 65.9356
2279 65.9356
2280 65.9356
2281 65.9356
2282 65.9356
2283 65.9356
2284 65.9356
2285 65.9356
2286 65.9356
2287 65.9356
2288 65.9356
2289 65.9356
2290 65.9356
2291 65.9356
2292 65.9356
2293 65.9356
2294 65.9356
2295 65.9356
2296 65.9356
2297 65.9356
2298 65.9356
2299 65.9356
2300 65.9356
2301 65.9356
2302 65.9356
2303 65.9356
2304 65.9356
2305 65.9356
2306 65.9356
2307 65.9356
2308 65.9356
2309 65.9356
2310 65.9356
2311 65.9356
2312 65.9356
2313 65.9356
2314 65.9356
2315 65.9356
2316 65.9356
2317 65.9356
2318 65.9356
2319 65.9356
2320 65.9356
2321 65.9356
2322 65.9356
2323 65.9356
2324 65.9356
2325 65.9356
2326 65.9356
2327 65.9356
2328 65.9356
2329 65.9356
2330 65.9356
2331 65.9356
2332 65.9356
2333 65.9356
2334 65.9356
2335 65.9356
2336 65.9356
2337 65.9356
2338 65.9356
2339 65.9356
2340 65.9356
2341 65.9356
2342 65.9356
2343 65.9356
2344 65.9356
2345 65.9356
2346 65.9356
2347 65.9356
2348 65.9356
2349 65.9356
2350 65.9356
2351 65.9356
2352 65.9356
2353 65.9356
2354 65.9356
2355 65.9356
2356 65.9356
2357 65.9356
2358 65.9356
2359 65.9356
2360 65.9356
2361 65.9356
2362 65.9356
2363 65.9356
2364 65.9356
2365 65.9356
2366 65.9356
2367 65.9356
2368 65.9356
2369 65.9356
2370 65.9356
2371 65.9356
2372 65.9356
2373 65.9356
2374 65.9356
2375 65.9356
2376 65.9356
2377 65.9356
2378 65.9356
2379 65.9356
2380 65.9356
2381 65.9356
2382 65.9356
2383 65.9356
2384 65.9356
2385 65.9356
2386 65.9356
2387 65.9356
2388 65.9356
2389 65.9356
2390 65.9356
2391 65.9356
2392 65.9356
2393 65.9356
2394 65.9356
2395 65.9356
2396 65.9356
2397 65.9356
2398 65.9356
2399 65.9356
2400 65.9356
2401 65.9356
2402 65.9356
2403 65.9356
2404 65.9356
2405 65.9356
2406 65.9356
2407 65.9356
2408 65.9356
2409 65.9356
2410 65.9356
2411 65.9356
2412 65.9356
2413 65.9356
2414 65.9356
2415 65.9356
2416 65.9356
2417 65.9356
2418 65.9356
2419 65.9356
2420 65.9356
2421 65.9356
2422 65.9356
2423 65.9356
2424 65.9356
2425 65.9356
2426 65.9356
2427 65.9356
2428 65.9356
2429 65.9356
2430 65.9356
2431 65.9356
2432 65.9356
2433 65.9356
2434 65.9356
2435 65.9356
2436 65.9356
2437 65.9356
2438 65.9356
2439 65.9356
2440 65.9356
2441 65.9356
2442 65.9356
2443 65.9356
2444 65.9356
2445 65.9356
2446 65.9356
2447 65.9356
2448 65.9356
2449 65.9356
2450 65.9356
2451 65.9356
2452 65.9356
2453 65.9356
2454 65.9356
2455 65.9356
2456 65.9356
2457 65.9356
2458 65.9356
2459 65.9356
2460 65.9356
2461 65.9356
2462 65.9356
2463 65.9356
2464 65.9356
2465 65.9356
2466 65.9356
2467 65.9356
2468 65.9356
2469 65.9356
2470 65.9356
2471 65.9356
2472 65.9356
2473 65.9356
2474 65.9356
2475 65.9356
2476 65.9356
2477 65.9356
2478 65.9356
2479 65.9356
2480 65.9356
2481 65.9356
2482 65.9356
2483 65.9356
2484 65.9356
2485 65.9356
2486 65.9356
2487 65.9356
2488 65.9356
2489 65.9356
2490 65.9356
2491 65.9356
2492 65.9356
2493 65.9356
2494 65.9356
2495 65.9356
2496 65.9356
2497 65.9356
2498 65.9356
2499 65.9356
2500 65.9356
2501 65.9356
2502 65.9356
2503 65.9356
2504 65.9356
2505 65.9356
2506 65.9356
2507 65.9356
2508 65.9356
2509 65.9356
2510 65.9356
2511 65.9356
2512 65.9356
2513 65.9356
2514 65.9356
2515 65.9356
2516 65.9356
2517 65.9356
2518 65.9356
2519 65.9356
2520 65.9356
2521 65.9356
2522 65.9356
2523 65.9356
2524 65.9356
2525 65.9356
2526 65.9356
2527 65.9356
2528 65.9356
2529 65.9356
2530 65.9356
2531 65.9356
2532 65.9356
2533 65.9356
2534 65.9356
2535 65.9356
2536 65.9356
2537 65.9356
2538 65.9356
2539 65.9356
2540 65.9356
2541 65.9356
2542 65.9356
2543 65.9356
2544 65.9356
2545 65.9356
2546 65.9356
2547 65.9356
2548 65.9356
2549 65.9356
2550 65.9356
2551 65.9356
2552 65.9356
2553 65.9356
2554 65.9356
2555 65.9356
2556 65.9356
2557 65.9356
2558 65.9356
2559 65.9356
2560 65.9356
2561 65.9356
2562 65.9356
2563 65.9356
2564 65.9356
2565 65.9356
2566 65.9356
2567 65.9356
2568 65.9356
2569 65.9356
2570 65.9356
2571 65.9356
2572 65.9356
2573 65.9356
2574 65.9356
2575 65.9356
2576 65.9356
2577 65.9356
2578 65.9356
2579 65.9356
2580 65.9356
2581 65.9356
2582 65.9356
2583 65.9356
2584 65.9356
2585 65.9356
2586 65.9356
2587 65.9356
2588 65.9356
2589 65.9356
2590 65.9356
2591 65.9356
2592 65.9356
2593 65.9356
2594 65.9356
2595 65.9356
2596 65.9356
2597 65.9356
2598 65.9356
2599 65.9356
2600 65.9356
2601 65.9356
2602 65.9356
2603 65.9356
2604 65.9356
2605 65.9356
2606 65.9356
2607 65.9356
2608 65.9356
2609 65.9356
2610 65.9356
2611 65.9356
2612 65.9356
2613 65.9356
2614 65.9356
2615 65.9356
2616 65.9356
2617 65.9356
2618 65.9356
2619 65.9356
2620 65.9356
2621 65.9356
2622 65.9356
2623 65.9356
2624 65.9356
2625 65.9356
2626 65.9356
2627 65.9356
2628 65.9356
2629 65.9356
2630 65.9356
2631 65.9356
2632 65.9356
2633 65.9356
2634 65.9356
2635 65.9356
2636 65.9356
2637 65.9356
2638 65.9356
2639 65.9356
2640 65.9356
2641 65.9356
2642 65.9356
2643 65.9356
2644 65.9356
2645 65.9356
2646 65.9356
2647 65.9356
2648 65.9356
2649 65.9356
2650 65.9356
2651 65.9356
2652 65.9356
2653 65.9356
2654 65.9356
2655 65.9356
2656 65.9356
2657 65.9356
2658 65.9356
2659 65.9356
2660 65.9356
2661 65.9356
2662 65.9356
2663 65.9356
2664 65.9356
2665 65.9356
2666 65.9356
2667 65.9356
2668 65.9356
2669 65.9356
2670 65.9356
2671 65.9356
2672 65.9356
2673 65.9356
2674 65.9356
2675 65.9356
2676 65.9356
2677 65.9356
2678 65.9356
2679 65.9356
2680 65.9356
2681 65.9356
2682 65.9356
2683 65.9356
2684 65.9356
2685 65.9356
2686 65.9356
2687 65.9356
2688 65.9356
2689 65.9356
2690 65.9356
2691 65.9356
2692 65.9356
2693 65.9356
2694 65.9356
2695 65.9356
2696 65.9356
2697 65.9356
2698 65.9356
2699 65.9356
2700 65.9356
2701 65.9356
2702 65.9356
2703 65.9356
2704 65.9356
2705 65.9356
2706 65.9356
2707 65.9356
2708 65.9356
2709 65.9356
2710 65.9356
2711 65.9356
2712 65.9356
2713 65.9356
2714 65.9356
2715 65.9356
2716 65.9356
2717 65.9356
2718 65.9356
2719 65.9356
2720 65.9356
2721 65.9356
2722 65.9356
2723 65.9356
2724 65.9356
2725 65.9356
2726 65.9356
2727 65.9356
2728 65.9356
2729 65.9356
2730 65.9356
2731 65.9356
2732 65.9356
2733 65.9356
2734 65.9356
2735 65.9356
2736 65.9356
2737 65.9356
2738 65.9356
2739 65.9356
2740 65.9356
2741 65.9356
2742 65.9356
2743 65.9356
2744 65.9356
2745 65.9356
2746 65.9356
2747 65.9356
2748 65.9356
2749 65.9356
2750 65.9356
2751 65.9356
2752 65.9356
2753 65.9356
2754 65.9356
2755 65.9356
2756 65.9356
2757 65.9356
2758 65.9356
2759 65.9356
2760 65.9356
2761 65.9356
2762 65.9356
2763 65.9356
2764 65.9356
2765 65.9356
2766 65.9356
2767 65.9356
2768 65.9356
2769 65.9356
2770 65.9356
2771 65.9356
2772 65.9356
2773 65.9356
2774 65.9356
2775 65.9356
2776 65.9356
2777 65.9356
2778 65.9356
2779 65.9356
2780 65.9356
2781 65.9356
2782 65.9356
2783 65.9356
2784 65.9356
2785 65.9356
2786 65.9356
2787 65.9356
2788 65.9356
2789 65.9356
2790 65.9356
2791 65.9356
2792 65.9356
2793 65.9356
2794 65.9356
2795 65.9356
2796 65.9356
2797 65.9356
2798 65.9356
2799 65.9356
2800 65.9356
2801 65.9356
2802 65.9356
2803 65.9356
2804 65.9356
2805 65.9356
2806 65.9356
2807 65.9356
2808 65.9356
2809 65.9356
2810 65.9356
2811 65.9356
2812 65.9356
2813 65.9356
2814 65.9356
2815 65.9356
2816 65.9356
2817 65.9356
2818 65.9356
2819 65.9356
2820 65.9356
2821 65.9356
2822 65.9356
2823 65.9356
2824 65.9356
2825 65.9356
2826 65.9356
2827 65.9356
2828 65.9356
2829 65.9356
2830 65.9356
2831 65.9356
2832 65.9356
2833 65.9356
2834 65.9356
2835 65.9356
2836 65.9356
2837 65.9356
2838 65.9356
2839 65.9356
2840 65.9356
2841 65.9356
2842 65.9356
2843 65.9356
2844 65.9356
2845 65.9356
2846 65.9356
2847 65.9356
2848 65.9356
2849 65.9356
2850 65.9356
2851 65.9356
2852 65.9356
2853 65.9356
2854 65.9356
2855 65.9356
2856 65.9356
2857 65.9356
2858 65.9356
2859 65.9356
2860 65.9356
2861 65.9356
2862 65.9356
2863 65.9356
2864 65.9356
2865 65.9356
2866 65.9356
2867 65.9356
2868 65.9356
2869 65.9356
2870 65.9356
2871 65.9356
2872 65.9356
2873 65.9356
2874 65.9356
2875 65.9356
2876 65.9356
2877 65.9356
2878 65.9356
2879 65.9356
2880 65.9356
2881 65.9356
2882 65.9356
2883 65.9356
2884 65.9356
2885 65.9356
2886 65.9356
2887 65.9356
2888 65.9356
2889 65.9356
2890 65.9356
2891 65.9356
2892 65.9356
2893 65.9356
2894 65.9356
2895 65.9356
2896 65.9356
2897 65.9356
2898 65.9356
2899 65.9356
2900 65.9356
2901 65.9356
2902 65.9356
2903 65.9356
2904 65.9356
2905 65.9356
2906 65.9356
2907 65.9356
2908 65.9356
2909 65.9356
2910 65.9356
2911 65.9356
2912 65.9356
2913 65.9356
2914 65.9356
2915 65.9356
2916 65.9356
2917 65.9356
2918 65.9356
2919 65.9356
2920 65.9356
2921 65.9356
2922 65.9356
2923 65.9356
2924 65.9356
2925 65.9356
2926 65.9356
2927 65.9356
2928 65.9356
2929 65.9356
2930 65.9356
2931 65.9356
2932 65.9356
2933 65.9356
2934 65.9356
2935 65.9356
2936 65.9356
2937 65.9356
2938 65.9356
2939 65.9356
2940 65.9356
2941 65.9356
2942 65.9356
2943 65.9356
2944 65.9356
2945 65.9356
2946 65.9356
2947 65.9356
2948 65.9356
2949 65.9356
2950 65.9356
2951 65.9356
2952 65.9356
2953 65.9356
2954 65.9356
2955 65.9356
2956 65.9356
2957 65.9356
2958 65.9356
2959 65.9356
2960 65.9356
2961 65.9356
2962 65.9356
2963 65.9356
2964 65.9356
2965 65.9356
2966 65.9356
2967 65.9356
2968 65.9356
2969 65.9356
2970 65.9356
2971 65.9356
2972 65.9356
2973 65.9356
2974 65.9356
2975 65.9356
2976 65.9356
2977 65.9356
2978 65.9356
2979 65.9356
2980 65.9356
2981 65.9356
2982 65.9356
2983 65.9356
2984 65.9356
2985 65.9356
2986 65.9356
2987 65.9356
2988 65.9356
2989 65.9356
2990 65.9356
2991 65.9356
2992 65.9356
2993 65.9356
2994 65.9356
2995 65.9356
2996 65.9356
2997 65.9356
2998 65.9356
2999 65.9356
3000 65.9356
3001 65.9356
3002 65.9356
3003 65.9356
3004 65.9356
3005 65.9356
3006 65.9356
3007 65.9356
3008 65.9356
3009 65.9356
3010 65.9356
3011 65.9356
3012 65.9356
3013 65.9356
3014 65.9356
3015 65.9356
3016 65.9356
3017 65.9356
3018 65.9356
3019 65.9356
3020 65.9356
3021 65.9356
3022 65.9356
3023 65.9356
3024 65.9356
3025 65.9356
3026 65.9356
3027 65.9356
3028 65.9356
3029 65.9356
3030 65.9356
3031 65.9356
3032 65.9356
3033 65.9356
3034 65.9356
3035 65.9356
3036 65.9356
3037 65.9356
3038 65.9356
3039 65.9356
3040 65.9356
3041 65.9356
3042 65.9356
3043 65.9356
3044 65.9356
3045 65.9356
3046 65.9356
3047 65.9356
3048 65.9356
3049 65.9356
3050 65.9356
3051 65.9356
3052 65.9356
3053 65.9356
3054 65.9356
3055 65.9356
3056 65.9356
3057 65.9356
3058 65.9356
3059 65.9356
3060 65.9356
3061 65.9356
3062 65.9356
3063 65.9356
3064 65.9356
3065 65.9356
3066 65.9356
3067 65.9356
3068 65.9356
3069 65.9356
3070 65.9356
3071 65.9356
3072 65.9356
3073 65.9356
3074 65.9356
3075 65.9356
3076 65.9356
3077 65.9356
3078 65.9356
3079 65.9356
3080 65.9356
3081 65.9356
3082 65.9356
3083 65.9356
3084 65.9356
3085 65.9356
3086 65.9356
3087 65.9356
3088 65.9356
3089 65.9356
3090 65.9356
3091 65.9356
3092 65.9356
3093 65.9356
3094 65.9356
3095 65.9356
3096 65.9356
3097 65.9356
3098 65.9356
3099 65.9356
3100 65.9356
3101 65.9356
3102 65.9356
3103 65.9356
3104 65.9356
3105 65.9356
3106 65.9356
3107 65.9356
3108 65.9356
3109 65.9356
3110 65.9356
3111 65.9356
3112 65.9356
3113 65.9356
3114 65.9356
3115 65.9356
3116 65.9356
3117 65.9356
3118 65.9356
3119 65.9356
3120 65.9356
3121 65.9356
3122 65.9356
3123 65.9356
3124 65.9356
3125 65.9356
3126 65.9356
3127 65.9356
3128 65.9356
3129 65.9356
3130 65.9356
3131 65.9356
3132 65.9356
3133 65.9356
3134 65.9356
3135 65.9356
3136 65.9356
3137 65.9356
3138 65.9356
3139 65.9356
3140 65.9356
3141 65.9356
3142 65.9356
3143 65.9356
3144 65.9356
3145 65.9356
3146 65.9356
3147 65.9356
3148 65.9356
3149 65.9356
3150 65.9356
3151 65.9356
3152 65.9356
3153 65.9356
3154 65.9356
3155 65.9356
3156 65.9356
3157 65.9356
3158 65.9356
3159 65.9356
3160 65.9356
3161 65.9356
3162 65.9356
3163 65.9356
3164 65.9356
3165 65.9356
3166 65.9356
3167 65.9356
3168 65.9356
3169 65.9356
3170 65.9356
3171 65.9356
3172 65.9356
3173 65.9356
3174 65.9356
3175 65.9356
3176 65.9356
3177 65.9356
3178 65.9356
3179 65.9356
3180 65.9356
3181 65.9356
3182 65.9356
3183 65.9356
3184 65.9356
3185 65.9356
3186 65.9356
3187 65.9356
3188 65.9356
3189 65.9356
3190 65.9356
3191 65.9356
3192 65.9356
3193 65.9356
3194 65.9356
3195 65.9356
3196 65.9356
3197 65.9356
3198 65.9356
3199 65.9356
3200 65.9356
3201 65.9356
3202 65.9356
3203 65.9356
3204 65.9356
3205 65.9356
3206 65.9356
3207 65.9356
3208 65.9356
3209 65.9356
3210 65.9356
3211 65.9356
3212 65.9356
3213 65.9356
3214 65.9356
3215 65.9356
3216 65.9356
3217 65.9356
3218 65.9356
3219 65.9356
3220 65.9356
3221 65.9356
3222 65.9356
3223 65.9356
3224 65.9356
3225 65.9356
3226 65.9356
3227 65.9356
3228 65.9356
3229 65.9356
3230 65.9356
3231 65.9356
3232 65.9356
3233 65.9356
3234 65.9356
3235 65.9356
3236 65.9356
3237 65.9356
3238 65.9356
3239 65.9356
3240 65.9356
3241 65.9356
3242 65.9356
3243 65.9356
3244 65.9356
3245 65.9356
3246 65.9356
3247 65.9356
3248 65.9356
3249 65.9356
3250 65.9356
3251 65.9356
3252 65.9356
3253 65.9356
3254 65.9356
3255 65.9356
3256 65.9356
3257 65.9356
3258 65.9356
3259 65.9356
3260 65.9356
3261 65.9356
3262 65.9356
3263 65.9356
3264 65.9356
3265 65.9356
3266 65.9356
3267 65.9356
3268 65.9356
3269 65.9356
3270 65.9356
3271 65.9356
3272 65.9356
3273 65.9356
3274 65.9356
3275 65.9356
3276 65.9356
3277 65.9356
3278 65.9356
3279 65.9356
3280 65.9356
3281 65.9356
3282 65.9356
3283 65.9356
3284 65.9356
3285 65.9356
3286 65.9356
3287 65.9356
3288 65.9356
3289 65.9356
3290 65.9356
3291 65.9356
3292 65.9356
3293 65.9356
3294 65.9356
3295 65.9356
3296 65.9356
3297 65.9356
3298 65.9356
3299 65.9356
3300 65.9356
3301 65.9356
3302 65.9356
3303 65.9356
3304 65.9356
3305 65.9356
3306 65.9356
3307 65.9356
3308 65.9356
3309 65.9356
3310 65.9356
3311 65.9356
3312 65.9356
3313 65.9356
3314 65.9356
3315 65.9356
3316 65.9356
3317 65.9356
3318 65.9356
3319 65.9356
3320 65.9356
3321 65.9356
3322 65.9356
3323 65.9356
3324 65.9356
3325 65.9356
3326 65.9356
3327 65.9356
3328 65.9356
3329 65.9356
3330 65.9356
3331 65.9356
3332 65.9356
3333 65.9356
3334 65.9356
3335 65.9356
3336 65.9356
3337 65.9356
3338 65.9356
3339 65.9356
3340 65.9356
3341 65.9356
3342 65.9356
3343 65.9356
3344 65.9356
3345 65.9356
3346 65.9356
3347 65.9356
3348 65.9356
3349 65.9356
3350 65.9356
3351 65.9356
3352 65.9356
3353 65.9356
3354 65.9356
3355 65.9356
3356 65.9356
3357 65.9356
3358 65.9356
3359 65.9356
3360 65.9356
3361 65.9356
3362 65.9356
3363 65.9356
3364 65.9356
3365 65.9356
3366 65.9356
3367 65.9356
3368 65.9356
3369 65.9356
3370 65.9356
3371 65.9356
3372 65.9356
3373 65.9356
3374 65.9356
3375 65.9356
3376 65.9356
3377 65.9356
3378 65.9356
3379 65.9356
3380 65.9356
3381 65.9356
3382 65.9356
3383 65.9356
3384 65.9356
3385 65.9356
3386 65.9356
3387 65.9356
3388 65.9356
3389 65.9356
3390 65.9356
3391 65.9356
3392 65.9356
3393 65.9356
3394 65.9356
3395 65.9356
3396 65.9356
3397 65.9356
3398 65.9356
3399 65.9356
3400 65.9356
3401 65.9356
3402 65.9356
3403 65.9356
3404 65.9356
3405 65.9356
3406 65.9356
3407 65.9356
3408 65.9356
3409 65.9356
3410 65.9356
3411 65.9356
3412 65.9356
3413 65.9356
3414 65.9356
3415 65.9356
3416 65.9356
3417 65.9356
3418 65.9356
3419 65.9356
3420 65.9356
3421 65.9356
3422 65.9356
3423 65.9356
3424 65.9356
3425 65.9356
3426 65.9356
3427 65.9356
3428 65.9356
3429 65.9356
3430 65.9356
3431 65.9356
3432 65.9356
3433 65.9356
3434 65.9356
3435 65.9356
3436 65.9356
3437 65.9356
3438 65.9356
3439 65.9356
3440 65.9356
3441 65.9356
3442 65.9356
3443 65.9356
3444 65.9356
3445 65.9356
3446 65.9356
3447 65.9356
3448 65.9356
3449 65.9356
3450 65.9356
3451 65.9356
3452 65.9356
3453 65.9356
3454 65.9356
3455 65.9356
3456 65.9356
3457 65.9356
3458 65.9356
3459 65.9356
3460 65.9356
3461 65.9356
3462 65.9356
3463 65.9356
3464 65.9356
3465 65.9356
3466 65.9356
3467 65.9356
3468 65.9356
3469 65.9356
3470 65.9356
3471 65.9356
3472 65.9356
3473 65.9356
3474 65.9356
3475 65.9356
3476 65.9356
3477 65.9356
3478 65.9356
3479 65.9356
3480 65.9356
3481 65.9356
3482 65.9356
3483 65.9356
3484 65.9356
3485 65.9356
3486 65.9356
3487 65.9356
3488 65.9356
3489 65.9356
3490 65.9356
3491 65.9356
3492 65.9356
3493 65.9356
3494 65.9356
3495 65.9356
3496 65.9356
3497 65.9356
3498 65.9356
3499 65.9356
3500 65.9356
