0 510.009
1 482.973
2 474.118
3 466.771
4 456.44
5 445.846
6 437.057
7 425.654
8 414.939
9 406.876
10 398.755
11 391.84
12 385.57
13 379.753
14 373.816
15 370.198
16 365.681
17 362.549
18 359.891
19 356.58
20 353.117
21 350.509
22 348.427
23 346.574
24 343.543
25 340.566
26 337.214
27 335.709
28 332.955
29 330.548
30 326.948
31 323.225
32 320.261
33 317.171
34 315.787
35 314.213
36 312.023
37 309.336
38 305.846
39 303.21
40 301.243
41 297.164
42 295.291
43 293.996
44 291.934
45 288.495
46 286.165
47 284.383
48 284.068
49 282.215
50 282.153
51 281.848
52 280.758
53 280.275
54 280.514
55 279.931
56 279.938
57 278.237
58 276.064
59 274.934
60 273.886
61 272.895
62 270.4
63 269.162
64 267.612
65 265.774
66 264.485
67 263.782
68 262.193
69 259.284
70 258.762
71 257.846
72 255.882
73 256.084
74 254.567
75 253.71
76 252.114
77 251.973
78 250.269
79 249.112
80 248.177
81 248.097
82 246.062
83 243.871
84 242.043
85 241.663
86 241.311
87 240.349
88 238.537
89 237.97
90 236.592
91 235.688
92 233.821
93 233.347
94 232.584
95 231.785
96 231.191
97 231.247
98 229.46
99 227.757
100 225.842
101 225.06
102 225.221
103 225.234
104 225.055
105 222.786
106 220.737
107 220.45
108 219.443
109 218.99
110 218.586
111 217.435
112 215.821
113 214.892
114 213.815
115 214.279
116 214.876
117 214.096
118 212.593
119 210.629
120 208.344
121 207.149
122 205.696
123 205.181
124 204.725
125 204.715
126 204.396
127 204.605
128 203.358
129 201.562
130 201.662
131 199.871
132 198.795
133 198.922
134 197.176
135 195.63
136 194.611
137 192.995
138 191.26
139 190.797
140 189.675
141 189.016
142 188.421
143 186.913
144 186.85
145 185.981
146 183.37
147 182.871
148 182.652
149 182.333
150 181.794
151 181.264
152 181.581
153 181.527
154 181.507
155 179.119
156 178.882
157 178.042
158 177.924
159 177.696
160 177.289
161 177.673
162 176.761
163 176.671
164 177.156
165 177.607
166 177.864
167 177.286
168 176.456
169 176.921
170 176.385
171 176.764
172 175.923
173 174.332
174 173.375
175 172.022
176 171.169
177 171.603
178 170.6
179 169.106
180 167.846
181 167.591
182 167.449
183 167.653
184 167.881
185 167.305
186 166.851
187 165.396
188 163.387
189 162.822
190 161.534
191 161.513
192 159.868
193 160.125
194 158.475
195 157.958
196 157.037
197 156.613
198 156.103
199 156.198
200 155.148
201 154.729
202 154.391
203 154.236
204 154.129
205 154.885
206 154.424
207 153.729
208 154.292
209 153.652
210 153.112
211 152.806
212 151.69
213 150.638
214 149.997
215 149.66
216 149.865
217 149.461
218 148.602
219 148.63
220 147.748
221 147.006
222 147.689
223 148.153
224 147.988
225 147.377
226 146.061
227 145.204
228 144.643
229 144.389
230 143.565
231 143.147
232 142.751
233 141.311
234 140.743
235 140.655
236 141.213
237 141.46
238 141.197
239 141.439
240 142.156
241 142.059
242 141.914
243 141.244
244 140.989
245 140.061
246 139.768
247 139.713
248 139.83
249 139.537
250 139.915
251 139.911
252 140.167
253 140.346
254 140.215
255 141.009
256 141.341
257 141.438
258 140.73
259 140.784
260 140.937
261 141.085
262 142.054
263 142.54
264 143.055
265 142.991
266 142.347
267 140.854
268 140.639
269 141.279
270 140.663
271 140.383
272 139.852
273 139.283
274 138.727
275 136.67
276 136.941
277 136.506
278 135.207
279 135.289
280 135.481
281 135.886
282 135.224
283 136.258
284 135.789
285 134.093
286 133.674
287 132.86
288 133.342
289 132.83
290 132.687
291 132.141
292 133.325
293 132.082
294 131.866
295 131.183
296 130.634
297 131.885
298 132.606
299 132.204
300 131.54
301 131.194
302 129.993
303 129.333
304 129.309
305 129.949
306 130.038
307 129.514
308 130.037
309 130.776
310 130.27
311 128.315
312 128.364
313 128.132
314 127.866
315 127.648
316 127.958
317 128.255
318 128.079
319 128.224
320 128.1
321 128.547
322 128.047
323 127.175
324 126.051
325 126.964
326 126.977
327 126.098
328 125.137
329 124.754
330 124.41
331 123.848
332 123.564
333 123.656
334 123.691
335 123.144
336 123.987
337 122.919
338 121.836
339 121.469
340 121.49
341 121.358
342 120.984
343 121.611
344 122.681
345 123.456
346 123.962
347 124.53
348 124.339
349 123.625
350 123.997
351 122.82
352 122.686
353 122.889
354 122.133
355 122.19
356 121.698
357 119.618
358 119.684
359 119.469
360 120.728
361 121.684
362 120.386
363 120.129
364 120.569
365 121.19
366 121.258
367 119.515
368 119.011
369 119.181
370 118.803
371 119.994
372 119.879
373 118.783
374 118.599
375 117.508
376 118.514
377 118.002
378 118.798
379 118.755
380 117.804
381 117.417
382 116.018
383 116.823
384 115.512
385 115.146
386 114.826
387 114.788
388 114.13
389 114.384
390 115.053
391 115.094
392 114.855
393 115.834
394 117.805
395 117.609
396 118.205
397 116.487
398 116.955
399 116.396
400 116.052
401 114.759
402 117.151
403 117.883
404 117.898
405 117.213
406 115.848
407 115.771
408 115.152
409 115.306
410 115.484
411 116.315
412 116.209
413 116.491
414 115.866
415 115.317
416 115.273
417 115.365
418 115.573
419 115.231
420 115.487
421 113.994
422 114.146
423 113.471
424 113.766
425 113.407
426 112.535
427 113.362
428 112.851
429 112.809
430 113.848
431 112.868
432 111.857
433 112.209
434 112.704
435 112.49
436 111.341
437 110.56
438 110.186
439 109.431
440 109.182
441 110.168
442 110.573
443 109.837
444 109.204
445 108.937
446 108.887
447 109.575
448 109.44
449 110.199
450 110.933
451 110.908
452 111.103
453 111.858
454 112.336
455 112.236
456 112.164
457 111.841
458 110.986
459 111.605
460 110.808
461 109.571
462 109.975
463 110.04
464 110.196
465 110.001
466 109.317
467 109.812
468 110.543
469 110.086
470 109.228
471 109.98
472 110.145
473 109.586
474 109.613
475 109.446
476 110.273
477 109.244
478 109.424
479 108.357
480 108.38
481 107.184
482 106.712
483 106.231
484 105.677
485 105.417
486 104.618
487 105.39
488 106.007
489 107.292
490 106.516
491 106.628
492 105.882
493 106.973
494 106.782
495 105.519
496 105.869
497 106.147
498 105.817
499 106.318
500 106.55
501 107.203
502 107.66
503 108.277
504 108.826
505 108.787
506 108.138
507 108.408
508 108.63
509 109.362
510 108.941
511 107.795
512 108.387
513 107.319
514 106.321
515 107.294
516 105.957
517 105.797
518 106.851
519 108.695
520 109.973
521 109.276
522 108.732
523 109.632
524 109.335
525 108.934
526 108.198
527 109.405
528 109.143
529 108.181
530 108.626
531 108.832
532 108.101
533 107.171
534 106.396
535 105.396
536 105.227
537 105.594
538 105.634
539 105.171
540 106.026
541 106.525
542 106.58
543 106.391
544 105.698
545 104.662
546 105.008
547 104.016
548 104.662
549 103.505
550 103.445
551 105.145
552 104.094
553 104.678
554 104.265
555 105.117
556 104.55
557 104.562
558 104.809
559 104.123
560 104.502
561 104.941
562 104.184
563 104.498
564 104.571
565 104.69
566 105.236
567 105.184
568 104.743
569 104.719
570 104.652
571 104.512
572 104.262
573 103.358
574 103.811
575 104.312
576 105.632
577 105.186
578 104.067
579 104.233
580 104.603
581 104.867
582 104.539
583 103.879
584 104.14
585 104.698
586 105.79
587 105.839
588 105.524
589 105.195
590 105.474
591 105.09
592 105.188
593 105.405
594 104.082
595 104.817
596 103.93
597 103.532
598 103.876
599 104.184
600 102.88
601 103.958
602 103.155
603 102.369
604 102.888
605 103.813
606 105.568
607 106.046
608 106.289
609 105.369
610 106.15
611 105.994
612 106.182
613 105.296
614 105.874
615 107.122
616 104.424
617 104.413
618 104.622
619 104.482
620 104.864
621 103.794
622 105.043
623 104.023
624 102.645
625 101.387
626 101.403
627 100.795
628 100.983
629 100.871
630 101.403
631 102.749
632 103.429
633 103.351
634 104.258
635 103.683
636 104.74
637 105.536
638 104.916
639 104.231
640 104.993
641 105.465
642 105.273
643 104.864
644 105.958
645 105.162
646 105.704
647 105.413
648 104.688
649 104.679
650 104.341
651 103.482
652 104.1
653 102.897
654 103.663
655 103.364
656 104.064
657 102.876
658 103.017
659 103.073
660 102.966
661 102.508
662 102.687
663 102.489
664 102.234
665 101.965
666 102.259
667 102.366
668 101.531
669 101.417
670 101.453
671 100.341
672 100.924
673 100.463
674 99.4026
675 100.163
676 100.157
677 100.051
678 99.7242
679 99.9252
680 98.786
681 98.3191
682 97.6227
683 98.9818
684 99.4866
685 98.638
686 98.9145
687 99.7023
688 101.563
689 101.064
690 100.661
691 101.258
692 101.679
693 100.505
694 100.932
695 100.438
696 99.8693
697 98.2256
698 97.1141
699 98.2009
700 98.2843
701 99.1226
702 99.5612
703 99.9185
704 100.811
705 101.531
706 101.732
707 102.169
708 101.841
709 102.643
710 103.777
711 103.78
712 103.906
713 102.689
714 102.173
715 101.95
716 102.092
717 100.77
718 101.533
719 102.38
720 102.558
721 101.252
722 100.705
723 100.465
724 99.5755
725 99.9403
726 99.7348
727 99.3526
728 100.362
729 100.212
730 98.8294
731 98.8838
732 98.2579
733 98.2954
734 99.1
735 99.39
736 99.5278
737 100.462
738 100.598
739 100.781
740 100.91
741 100.848
742 101.51
743 101.961
744 101.358
745 99.204
746 98.3476
747 97.6089
748 98.3159
749 97.955
750 98.4051
751 98.051
752 98.6632
753 98.13
754 98.1674
755 98.318
756 97.3624
757 97.1521
758 97.1447
759 96.6629
760 96.7159
761 97.078
762 96.8371
763 96.5029
764 96.907
765 96.2217
766 96.3238
767 96.4593
768 96.2321
769 96.0174
770 96.1602
771 96.9875
772 97.3227
773 96.2457
774 97.1668
775 97.6328
776 96.5883
777 95.6784
778 96.0928
779 94.0968
780 94.7438
781 95.5095
782 96.3792
783 96.1986
784 96.4246
785 97.1459
786 97.3206
787 97.0674
788 97.1678
789 97.8677
790 98.3884
791 98.1362
792 97.7451
793 96.4351
794 96.5913
795 96.8797
796 97.2547
797 97.2452
798 97.6256
799 96.3394
800 97.0921
801 96.9615
802 96.6909
803 95.8714
804 95.1328
805 94.7944
806 94.6048
807 95.1855
808 94.4458
809 94.116
810 93.9916
811 93.1697
812 93.0241
813 93.4187
814 91.2598
815 91.606
816 92.2378
817 92.3893
818 92.2976
819 92.2837
820 92.2267
821 92.4514
822 93.6299
823 94.7523
824 95.2591
825 93.8087
826 93.1487
827 93.5272
828 93.2009
829 93.3099
830 93.1297
831 93.5707
832 92.7897
833 92.726
834 93.9891
835 93.9056
836 93.6345
837 93.7615
838 93.6398
839 94.0329
840 92.6171
841 93.3397
842 93.4638
843 91.7398
844 91.4214
845 90.724
846 91.0848
847 91.2878
848 92.3097
849 91.673
850 91.8529
851 91.4303
852 93.2884
853 93.8131
854 92.9683
855 93.508
856 93.3216
857 93.849
858 92.6315
859 91.3184
860 91.7631
861 90.8334
862 91.4421
863 91.9909
864 92.0346
865 92.2178
866 92.1965
867 92.8442
868 92.9129
869 92.2839
870 91.677
871 92.043
872 92.2901
873 91.4782
874 91.4614
875 92.8261
876 92.532
877 92.4444
878 92.6485
879 92.073
880 92.7221
881 92.3217
882 92.3413
883 93.4985
884 92.7047
885 93.1757
886 93.6742
887 94.1935
888 94.0146
889 92.5884
890 93.1111
891 93.1431
892 92.5808
893 91.8197
894 92.1162
895 92.5864
896 92.8874
897 91.241
898 90.3731
899 90.7776
900 90.9335
901 91.7671
902 92.0264
903 91.2083
904 92.1365
905 92.4131
906 92.7771
907 91.4442
908 91.5429
909 91.5494
910 90.8109
911 91.2037
912 92.74
913 92.6016
914 92.819
915 92.4988
916 92.4906
917 94.1494
918 94.6127
919 95.1185
920 94.6296
921 94.7922
922 93.4819
923 93.4834
924 93.607
925 93.4816
926 93.3685
927 93.6966
928 93.4443
929 93.3858
930 92.4668
931 92.802
932 93.0863
933 93.2186
934 93.7549
935 93.5494
936 93.6309
937 93.4798
938 93.988
939 93.5214
940 94.178
941 94.139
942 93.5337
943 93.1157
944 92.5512
945 93.3322
946 93.4899
947 92.8025
948 92.8454
949 93.8383
950 93.2799
951 92.5299
952 92.4815
953 91.0541
954 91.5256
955 91.9798
956 91.4818
957 91.4807
958 92.3329
959 93.1058
960 94.4399
961 94.0377
962 92.0995
963 92.5107
964 92.9482
965 92.0576
966 92.0818
967 91.6906
968 91.2764
969 91.5766
970 91.7502
971 91.516
972 91.1809
973 91.9888
974 92.0966
975 92.2039
976 91.105
977 89.9309
978 89.7448
979 90.2419
980 89.837
981 89.5065
982 90.2975
983 90.9014
984 91.2281
985 91.1192
986 91.9585
987 91.7327
988 90.8312
989 89.5065
990 90.179
991 90.4505
992 91.6377
993 91.979
994 92.0598
995 92.2369
996 91.4475
997 91.1136
998 90.5263
999 90.0759
1000 89.5005
1001 90.1887
1002 90.664
1003 91.3238
1004 91.6176
1005 91.7701
1006 91.6946
1007 91.4302
1008 91.7307
1009 92.2987
1010 93.6412
1011 92.876
1012 92.9549
1013 93.637
1014 93.7852
1015 93.0502
1016 93.5167
1017 93.2817
1018 94.2383
1019 94.2366
1020 91.5551
1021 92.989
1022 92.7032
1023 93.1813
1024 92.1711
1025 92.3053
1026 92.8502
1027 93.292
1028 93.9427
1029 93.7889
1030 92.3958
1031 91.766
1032 92.1027
1033 92.5723
1034 91.8593
1035 92.6094
1036 91.8101
1037 92.5496
1038 93.0564
1039 92.3018
1040 93.5054
1041 94.4776
1042 94.4998
1043 94.3447
1044 94.2617
1045 95.1347
1046 94.5483
1047 95.0443
1048 94.8218
1049 94.7944
1050 94.981
1051 93.857
1052 93.2475
1053 92.5407
1054 91.7947
1055 92.2199
1056 93.0101
1057 93.0565
1058 92.5387
1059 92.0889
1060 91.0256
1061 91.608
1062 91.2999
1063 90.96
1064 91.1273
1065 91.6314
1066 92.3005
1067 93.1792
1068 92.8169
1069 92.2227
1070 91.5338
1071 90.0455
1072 89.4837
1073 90.0517
1074 90.7277
1075 90.3445
1076 90.4431
1077 88.9375
1078 89.955
1079 89.3069
1080 88.9132
1081 90.6848
1082 90.7674
1083 89.7971
1084 90.3589
1085 90.9669
1086 91.9838
1087 90.6338
1088 90.3342
1089 91.1532
1090 90.767
1091 90.6848
1092 90.6079
1093 91.1491
1094 90.8239
1095 90.6284
1096 91.201
1097 92.0712
1098 91.0233
1099 90.9496
1100 91.376
1101 91.3212
1102 91.8158
1103 90.1728
1104 90.2409
1105 91.9326
1106 92.0242
1107 90.7209
1108 90.8353
1109 90.5272
1110 90.7927
1111 91.7166
1112 91.3276
1113 91.3624
1114 91.4573
1115 91.6643
1116 92.1968
1117 92.2285
1118 91.8022
1119 91.4037
1120 91.1241
1121 91.276
1122 91.2475
1123 91.6528
1124 91.5711
1125 91.989
1126 91.6913
1127 91.4404
1128 91.3843
1129 92.109
1130 91.7754
1131 91.2227
1132 91.6221
1133 91.6046
1134 92.2784
1135 92.5103
1136 91.7177
1137 91.6148
1138 91.9975
1139 91.5167
1140 91.943
1141 91.4357
1142 91.2568
1143 91.5192
1144 91.9419
1145 91.4008
1146 91.2323
1147 91.1645
1148 90.9882
1149 91.3293
1150 91.797
1151 92.5085
1152 92.6054
1153 93.0656
1154 93.2177
1155 94.0533
1156 93.9367
1157 93.9467
1158 92.6397
1159 92.4996
1160 91.2821
1161 91.0393
1162 90.2914
1163 89.3639
1164 89.3339
1165 89.4167
1166 90.0367
1167 89.1449
1168 89.3017
1169 89.5714
1170 89.734
1171 90.3799
1172 90.0613
1173 89.3853
1174 89.2815
1175 89.6401
1176 89.9019
1177 89.9079
1178 90.5301
1179 90.0868
1180 90.4893
1181 90.7044
1182 90.3743
1183 89.9446
1184 90.543
1185 91.12
1186 90.2376
1187 91.0178
1188 90.1942
1189 90.1267
1190 90.6749
1191 90.0225
1192 90.3334
1193 89.9168
1194 90.2569
1195 89.971
1196 89.1364
1197 90.4083
1198 88.6884
1199 88.8382
1200 88.6372
1201 89.6865
1202 89.3843
1203 89.3713
1204 89.5149
1205 88.8036
1206 88.5789
1207 89.2391
1208 89.8263
1209 89.2428
1210 89.6816
1211 90.0079
1212 91.6522
1213 92.0799
1214 91.2205
1215 90.8931
1216 90.3922
1217 91.7037
1218 93.1444
1219 92.0128
1220 92.2334
1221 92.3151
1222 91.3938
1223 90.8889
1224 92.1798
1225 92.7466
1226 93.7388
1227 93.3965
1228 91.8803
1229 91.1516
1230 91.5201
1231 91.1489
1232 91.3287
1233 90.3707
1234 89.4682
1235 89.4357
1236 90.82
1237 90.7478
1238 90.667
1239 91.2231
1240 91.3504
1241 92.6
1242 92.6704
1243 93.4208
1244 92.4684
1245 92.9323
1246 93.5961
1247 93.2656
1248 92.9303
1249 93.1885
1250 93.0491
1251 92.6901
1252 92.9342
1253 92.1685
1254 91.653
1255 90.5344
1256 91.2249
1257 91.938
1258 91.0798
1259 91.2226
1260 90.7851
1261 90.6169
1262 91.8418
1263 91.6867
1264 91.806
1265 92.3551
1266 91.9976
1267 91.1985
1268 91.2851
1269 90.8912
1270 91.9998
1271 91.9587
1272 90.1981
1273 89.4475
1274 88.7071
1275 88.9945
1276 88.2326
1277 88.236
1278 88.0459
1279 88.1158
1280 88.3568
1281 89.0419
1282 88.5241
1283 88.9561
1284 89.6931
1285 90.4333
1286 89.571
1287 88.6375
1288 88.506
1289 89.7988
1290 89.4415
1291 89.8736
1292 89.5564
1293 90.8109
1294 90.6151
1295 90.6057
1296 90.4324
1297 90.6135
1298 90.3435
1299 90.6411
1300 90.1222
1301 89.8794
1302 90.6795
1303 91.1112
1304 89.8218
1305 89.4416
1306 90.1877
1307 90.0166
1308 89.8141
1309 90.756
1310 92.3846
1311 92.9425
1312 91.6787
1313 90.8465
1314 89.7247
1315 89.1803
1316 90.1962
1317 90.9417
1318 92.0943
1319 90.758
1320 90.8418
1321 91.5631
1322 92.8652
1323 91.6063
1324 91.4067
1325 90.1796
1326 90.785
1327 89.71
1328 90.2064
1329 90.8582
1330 91.2652
1331 90.9488
1332 90.9214
1333 91.1043
1334 91.1737
1335 90.9308
1336 91.337
1337 90.4723
1338 89.8922
1339 90.7778
1340 90.1992
1341 89.961
1342 89.4131
1343 89.5649
1344 89.3466
1345 88.183
1346 89.2483
1347 89.6661
1348 89.137
1349 89.2222
1350 89.6474
1351 89.5177
1352 90.5326
1353 91.3109
1354 90.4781
1355 90.3093
1356 90.5633
1357 90.6945
1358 90.313
1359 89.8905
1360 90.3582
1361 90.0077
1362 89.9339
1363 89.5575
1364 89.0504
1365 90.3634
1366 90.1253
1367 89.9678
1368 89.4087
1369 89.4826
1370 89.5973
1371 90.6278
1372 90.4651
1373 91.0097
1374 91.9281
1375 92.284
1376 91.6258
1377 91.4555
1378 91.2553
1379 92.1804
1380 92.7407
1381 92.9852
1382 93.6086
1383 93.1709
1384 91.7651
1385 90.8992
1386 89.8052
1387 89.8981
1388 89.1858
1389 89.2982
1390 90.4439
1391 90.4662
1392 90.8741
1393 90.2972
1394 90.6909
1395 90.4919
1396 88.4277
1397 89.0018
1398 89.5555
1399 89.1384
1400 89.3394
1401 88.295
1402 88.6379
1403 88.7533
1404 90.8276
1405 91.4639
1406 92.6433
1407 92.7121
1408 93.1922
1409 92.3778
1410 92.6924
1411 91.9753
1412 91.9329
1413 90.9169
1414 91.0584
1415 90.1428
1416 91.158
1417 91.3415
1418 91.3852
1419 90.9477
1420 92.8309
1421 93.6128
1422 92.8336
1423 92.1139
1424 90.8249
1425 90.1522
1426 89.5162
1427 88.9301
1428 88.5854
1429 88.2957
1430 88.6692
1431 90.5217
1432 90.5192
1433 91.4518
1434 92.4499
1435 92.6706
1436 90.5372
1437 91.1736
1438 92.3022
1439 91.8059
1440 90.8159
1441 89.8109
1442 90.1164
1443 91.0537
1444 90.3385
1445 90.4664
1446 91.2466
1447 91.0332
1448 90.4531
1449 90.4803
1450 89.7007
1451 90.1238
1452 91.0703
1453 90.8279
1454 91.1347
1455 90.7295
1456 90.4958
1457 91.3804
1458 91.5158
1459 90.2659
1460 89.83
1461 89.7459
1462 89.8286
1463 90.031
1464 90.0829
1465 90.9602
1466 91.0338
1467 91.3721
1468 91.5269
1469 90.8183
1470 90.7185
1471 90.8609
1472 89.9728
1473 88.9478
1474 89.2239
1475 89.3655
1476 89.8988
1477 89.6166
1478 89.7784
1479 89.8501
1480 89.6113
1481 90.524
1482 89.2565
1483 89.749
1484 89.81
1485 89.9144
1486 90.0635
1487 90.1034
1488 90.8754
1489 90.3225
1490 90.6798
1491 90.969
1492 90.7671
1493 91.5847
1494 91.058
1495 90.4075
1496 88.9869
1497 88.3623
1498 87.498
1499 87.0413
1500 87.4597
1501 87.9747
1502 87.6701
1503 86.6478
1504 87.3729
1505 88.1788
1506 88.7128
1507 88.4133
1508 87.9306
1509 89.604
1510 89.9154
1511 89.5813
1512 88.4146
1513 88.5237
1514 89.35
1515 88.928
1516 89.2488
1517 88.7605
1518 88.2868
1519 87.765
1520 87.3302
1521 86.8404
1522 87.9345
1523 89.8275
1524 89.7179
1525 89.5699
1526 89.3977
1527 90.4952
1528 90.121
1529 89.5013
1530 90.7531
1531 90.6456
1532 90.6687
1533 90.3468
1534 90.9588
1535 90.2182
1536 89.8001
1537 90.5655
1538 91.5715
1539 91.6673
1540 91.8544
1541 91.2225
1542 91.2655
1543 89.6679
1544 89.7189
1545 89.5808
1546 89.388
1547 88.9963
1548 89.4488
1549 90.0869
1550 90.7141
1551 90.4988
1552 89.9948
1553 90.0864
1554 89.9356
1555 90.3697
1556 91.6057
1557 90.8481
1558 89.8246
1559 90.7249
1560 91.098
1561 91.1001
1562 91.3315
1563 91.0896
1564 90.0666
1565 89.8551
1566 89.5783
1567 90.0296
1568 91.2957
1569 90.7975
1570 90.6471
1571 90.7106
1572 90.404
1573 90.9464
1574 90.7546
1575 90.1702
1576 90.659
1577 91.1312
1578 90.5536
1579 90.3841
1580 91.0204
1581 91.2181
1582 90.8686
1583 91.5532
1584 91.2157
1585 90.1346
1586 90.5386
1587 91.7168
1588 91.6056
1589 91.0917
1590 90.6405
1591 90.4165
1592 91.1956
1593 90.9685
1594 91.4404
1595 91.307
1596 90.6222
1597 89.7439
1598 90.1257
1599 89.9994
1600 90.2676
1601 89.3151
1602 89.8864
1603 90.2818
1604 90.3893
1605 89.7187
1606 90.3956
1607 90.5278
1608 90.7826
1609 90.4164
1610 90.7299
1611 91.0494
1612 90.5912
1613 90.0973
1614 88.7789
1615 88.7101
1616 88.1812
1617 88.4097
1618 88.9626
1619 89.0905
1620 89.4892
1621 89.9887
1622 89.7311
1623 90.1473
1624 89.3781
1625 89.3725
1626 89.3364
1627 89.6667
1628 88.8004
1629 90.8263
1630 90.0266
1631 89.9792
1632 89.6021
1633 90.6855
1634 91.4806
1635 91.0079
1636 90.7143
1637 89.8157
1638 90.4716
1639 89.986
1640 89.9049
1641 89.8849
1642 88.9777
1643 89.3194
1644 89.7655
1645 89.6612
1646 90.2023
1647 89.4025
1648 90.337
1649 90.3707
1650 89.5592
1651 89.3985
1652 88.8051
1653 88.7782
1654 89.4484
1655 89.291
1656 89.4955
1657 89.4633
1658 88.6189
1659 89.271
1660 89.245
1661 88.7576
1662 88.1291
1663 88.3414
1664 87.3547
1665 88.5254
1666 88.0854
1667 88.5362
1668 88.1579
1669 87.9713
1670 87.9199
1671 88.6611
1672 88.2818
1673 88.7122
1674 89.0311
1675 89.4256
1676 88.6986
1677 89.274
1678 90.7304
1679 91.5725
1680 91.4525
1681 90.8989
1682 90.5004
1683 89.9188
1684 91.2428
1685 90.6493
1686 91.0573
1687 90.165
1688 90.9764
1689 90.9322
1690 90.3851
1691 90.1591
1692 90.4686
1693 90.5227
1694 90.8612
1695 90.6178
1696 89.4666
1697 89.4506
1698 89.644
1699 90.1738
1700 88.5813
1701 87.8961
1702 87.8982
1703 87.7945
1704 88.8201
1705 89.2478
1706 89.8034
1707 89.3267
1708 88.7553
1709 88.3812
1710 87.6216
1711 87.1437
1712 87.3479
1713 88.1692
1714 88.3408
1715 88.5852
1716 88.3989
1717 88.8008
1718 89.2179
1719 89.5373
1720 88.1469
1721 88.9911
1722 89.0212
1723 88.5321
1724 88.4415
1725 87.8539
1726 88.1335
1727 88.2155
1728 87.7459
1729 87.3582
1730 88.8977
1731 88.7239
1732 89.4612
1733 89.9965
1734 88.7549
1735 88.2731
1736 89.0616
1737 89.4923
1738 90.2829
1739 89.7516
1740 89.5977
1741 91.7061
1742 91.2857
1743 91.5225
1744 90.9372
1745 91.1423
1746 90.8182
1747 91.6535
1748 91.7325
1749 91.4654
1750 90.3468
1751 91.7628
1752 91.2851
1753 92.1591
1754 91.9977
1755 92.4045
1756 91.6595
1757 92.3532
1758 92.596
1759 92.4309
1760 90.4857
1761 90.1051
1762 90.8498
1763 91.0523
1764 90.6779
1765 90.7026
1766 91.7321
1767 91.0837
1768 89.9376
1769 90.3887
1770 92.2201
1771 92.2597
1772 90.3262
1773 90.6865
1774 89.5255
1775 89.8089
1776 90.4678
1777 90.1226
1778 89.6871
1779 90.4769
1780 90.9494
1781 91.3377
1782 91.7696
1783 91.4334
1784 91.2407
1785 90.9397
1786 90.4814
1787 91.1997
1788 91.7397
1789 92.3405
1790 91.7632
1791 92.8045
1792 92.0195
1793 91.1561
1794 92.0657
1795 91.1487
1796 92.2845
1797 90.6977
1798 90.7031
1799 90.3617
1800 89.7271
1801 91.4758
1802 90.3789
1803 90.3419
1804 91.1991
1805 90.7832
1806 90.1263
1807 90.4711
1808 89.2118
1809 89.0965
1810 89.1715
1811 89.3635
1812 88.1895
1813 87.6525
1814 87.4724
1815 87.1304
1816 88.5723
1817 89.6315
1818 90.1742
1819 89.8871
1820 89.9134
1821 89.2314
1822 87.8689
1823 88.6562
1824 88.8004
1825 89.9952
1826 90.2442
1827 90.3721
1828 90.5283
1829 89.0977
1830 89.1574
1831 90.5785
1832 90.9394
1833 91.0782
1834 90.4013
1835 90.8661
1836 90.6759
1837 89.4551
1838 89.1181
1839 88.9966
1840 89.8252
1841 91.1921
1842 89.5414
1843 89.0537
1844 89.787
1845 89.6605
1846 90.5945
1847 91.3105
1848 90.3614
1849 90.1017
1850 91.235
1851 90.9351
1852 90.8444
1853 90.1046
1854 90.6905
1855 90.4133
1856 90.2114
1857 90.3306
1858 90.8108
1859 90.6934
1860 90.629
1861 90.6901
1862 90.1681
1863 89.2799
1864 88.6968
1865 88.3747
1866 87.8161
1867 88.0156
1868 88.2884
1869 88.4156
1870 88.7149
1871 87.3586
1872 88.0977
1873 88.4347
1874 89.5658
1875 90.4948
1876 89.5437
1877 90.4785
1878 90.1974
1879 89.7878
1880 91.0902
1881 89.4167
1882 89.2803
1883 89.0404
1884 89.7016
1885 88.8074
1886 88.7506
1887 88.9663
1888 88.531
1889 88.9645
1890 89.6917
1891 90.8475
1892 90.9508
1893 89.6186
1894 91.1228
1895 91.917
1896 90.8468
1897 90.3965
1898 90.3057
1899 89.0248
1900 88.9091
1901 89.3297
1902 89.1925
1903 89.6828
1904 88.3472
1905 88.0433
1906 88.1686
1907 86.7753
1908 86.6425
1909 86.956
1910 87.4378
1911 87.1768
1912 87.0282
1913 86.6965
1914 86.8013
1915 87.213
1916 87.1939
1917 87.307
1918 87.3091
1919 87.394
1920 87.8842
1921 88.9495
1922 88.2517
1923 88.4404
1924 89.8836
1925 90.2088
1926 89.6298
1927 89.7206
1928 89.6488
1929 88.5085
1930 88.3066
1931 87.1811
1932 87.1115
1933 88.1854
1934 88.04
1935 88.0166
1936 87.0718
1937 87.0726
1938 88.1996
1939 87.4278
1940 87.8771
1941 88.3773
1942 89.3186
1943 89.3868
1944 88.4698
1945 88.3267
1946 88.4069
1947 88.8109
1948 89.2262
1949 88.4408
1950 89.9775
1951 90.2629
1952 89.4571
1953 88.6443
1954 88.3683
1955 88.3348
1956 89.4937
1957 90.1498
1958 89.968
1959 90.4308
1960 89.2433
1961 90.7437
1962 90.6686
1963 90.8272
1964 91.5919
1965 92.7588
1966 93.5765
1967 94.0518
1968 94.6013
1969 95.9625
1970 96.3496
1971 96.7684
1972 97.4707
1973 96.2291
1974 96.9865
1975 96.921
1976 96.9031
1977 97.077
1978 95.8635
1979 96.4083
1980 95.6989
1981 95.6223
1982 94.3144
1983 93.0268
1984 93.755
1985 93.479
1986 93.9844
1987 93.7214
1988 93.7784
1989 92.8921
1990 93.6164
1991 92.3774
1992 92.2222
1993 92.1937
1994 92.1724
1995 92.0231
1996 91.6265
1997 91.8126
1998 92.1453
1999 92.329
2000 92.6878
