1 427.327
2 422.39
3 398.889
4 388.423
5 385.998
6 376.979
7 374.533
8 368.365
9 365.621
10 362.845
11 355.825
12 336.325
13 334.51
14 334.51
15 334.51
16 330.422
17 327.933
18 319.383
19 318.191
20 313.708
21 310.027
22 310.027
23 308.42
24 307.438
25 307.438
26 302.267
27 301.218
28 299.153
29 293.939
30 292.141
31 289.413
32 287.784
33 284.082
34 279.778
35 278.242
36 276.006
37 272.304
38 268.291
39 260.269
40 255.878
41 255.878
42 255.468
43 249.428
44 247.57
45 246.223
46 241.896
47 240.083
48 236.489
49 236.489
50 230.847
51 230.847
52 228.273
53 227.054
54 225.875
55 224.511
56 221.375
57 221.359
58 218.711
59 215.269
60 214.731
61 213.546
62 213.129
63 211.406
64 210.411
65 209.226
66 208.046
67 203.932
68 203.932
69 202.752
70 201.721
71 196.07
72 195.347
73 190.826
74 189.68
75 189.352
76 185.159
77 183.11
78 182.226
79 180.948
80 180.948
81 180.025
82 179.295
83 179.109
84 178.418
85 177.908
86 175.888
87 175.157
88 171.095
89 170.001
90 168.275
91 164.521
92 164.521
93 160.891
94 160.891
95 160.534
96 159.951
97 158.783
98 157.587
99 157.319
100 156.127
101 154.942
102 154.547
103 153.089
104 151.621
105 151.504
106 151.424
107 150.829
108 150.115
109 150.035
110 149.269
111 149.269
112 147.493
113 147.493
114 146.82
115 146.416
116 146.223
117 146.089
118 144.545
119 144.427
120 142.831
121 142.268
122 142.181
123 141.351
124 140.723
125 140.34
126 139.712
127 139.712
128 138.372
129 138.372
130 137.961
131 137.443
132 136.874
133 135.983
134 135.19
135 134.298
136 134.298
137 134.195
138 134.195
139 133.109
140 132.939
141 132.939
142 132.759
143 131.503
144 131.503
145 130.644
146 130.644
147 130.644
148 130.644
149 130.644
150 130.644
151 130.644
152 129.881
153 129.009
154 129.009
155 128.224
156 127.729
157 127.309
158 127.309
159 126.947
160 125.668
161 125.668
162 124.722
163 124.194
164 122.708
165 121.146
166 121.146
167 120.087
168 120.082
169 119.252
170 119.252
171 119.028
172 119.02
173 118.997
174 118.183
175 116.534
176 116.288
177 116.288
178 115.944
179 115.944
180 115.935
181 115.457
182 115.065
183 112.462
184 111.976
185 111.965
186 111.965
187 111.592
188 111.583
189 111.354
190 111.185
191 111.177
192 110.663
193 109.883
194 109.318
195 109.318
196 109.318
197 109.136
198 108.636
199 108.636
200 108.454
201 108.454
202 108.382
203 106.688
204 106.688
205 106.452
206 106.452
207 106.452
208 106.272
209 106.003
210 106.003
211 105.587
212 105.587
213 105.587
214 105.587
215 105.587
216 105.587
217 105.587
218 105.587
219 105.587
220 105.587
221 105.557
222 105.557
223 105.173
224 105.173
225 105.173
226 105.055
227 104.75
228 104.529
229 104.035
230 104.035
231 104.035
232 104.035
233 103.539
234 102.997
235 102.997
236 102.378
237 102.378
238 102.378
239 102.33
240 101.973
241 101.973
242 101.973
243 101.973
244 101.973
245 101.439
246 100.983
247 99.794
248 99.5257
249 99.2125
250 99.2125
251 99.0644
252 99.0644
253 99.0644
254 98.7514
255 98.6575
256 98.6575
257 98.6575
258 98.5882
259 98.0603
260 98.0603
261 97.991
262 97.1975
263 96.5015
264 94.1842
265 94.1842
266 93.3214
267 93.3214
268 93.024
269 93.024
270 92.4673
271 92.3018
272 92.3018
273 92.0208
274 92.0208
275 92.0208
276 92.0208
277 92.0208
278 92.0208
279 91.8936
280 91.8936
281 91.8936
282 91.8936
283 90.8457
284 90.8457
285 90.8457
286 90.8457
287 90.8457
288 90.6112
289 90.6112
290 90.6112
291 90.3898
292 88.7402
293 88.5188
294 88.5188
295 88.2767
296 88.0553
297 88.0553
298 88.0553
299 88.0553
300 88.0553
301 87.8392
302 87.6178
303 87.4489
304 87.4489
305 87.4489
306 87.4489
307 87.4489
308 87.1599
309 86.946
310 86.946
311 86.3263
312 86.3263
313 86.1573
314 86.1573
315 86.1573
316 85.8684
317 85.8684
318 85.8684
319 85.8684
320 85.8684
321 85.8684
322 85.8684
323 85.8684
324 85.8196
325 85.6283
326 84.8084
327 84.8084
328 84.7936
329 84.7936
330 84.7936
331 84.7936
332 84.7755
333 84.7755
334 84.7755
335 84.6523
336 84.6342
337 84.6342
338 84.5514
339 84.5379
340 84.5198
341 84.5198
342 84.5198
343 84.5198
344 84.5198
345 84.5198
346 84.3195
347 84.3195
348 84.3195
349 84.3195
350 84.3195
351 84.3195
352 84.3195
353 84.3195
354 84.3195
355 84.3195
356 84.3195
357 83.5578
358 83.5578
359 83.5578
360 83.0073
361 83.0073
362 83.0073
363 83.0073
364 82.2851
365 82.2851
366 81.0106
367 81.0106
368 81.0106
369 80.7629
370 80.7629
371 80.7629
372 80.7629
373 80.7629
374 80.7629
375 80.7629
376 80.7629
377 80.7629
378 80.7629
379 80.7629
380 80.7629
381 80.7629
382 80.7629
383 80.7629
384 80.5914
385 80.221
386 80.0495
387 80.0495
388 80.0495
389 80.0495
390 80.0495
391 79.9971
392 79.8256
393 78.9616
394 78.4322
395 78.4322
396 78.4322
397 77.7816
398 77.7816
399 77.7816
400 77.1239
401 77.1239
402 77.1239
403 77.1239
404 77.1239
405 77.1239
406 77.1239
407 77.1239
408 77.1239
409 77.1239
410 77.1184
411 77.1184
412 77.1184
413 77.1184
414 77.1184
415 77.1184
416 77.1184
417 77.1184
418 77.1184
419 77.1184
420 77.1184
421 77.1184
422 77.1184
423 77.1184
424 77.1184
425 77.1184
426 77.1184
427 77.1184
428 76.9016
429 76.9016
430 76.5781
431 76.5781
432 76.5781
433 75.7963
434 75.7963
435 75.7963
436 75.7963
437 75.7963
438 75.7963
439 75.7963
440 75.7963
441 75.7963
442 75.7963
443 75.7963
444 75.7963
445 74.9359
446 74.9359
447 74.9359
448 74.9359
449 74.9359
450 74.6336
451 73.9772
452 73.9772
453 73.9772
454 73.9772
455 73.9772
456 73.9772
457 73.9772
458 73.9772
459 73.9772
460 73.9772
461 73.9772
462 73.9772
463 73.9772
464 73.9772
465 73.9696
466 73.9696
467 73.9696
468 73.9696
469 72.9729
470 72.9729
471 72.9729
472 72.9729
473 72.9729
474 72.9729
475 72.9729
476 72.9729
477 72.9729
478 72.7684
479 72.7684
480 72.7684
481 72.7684
482 72.7684
483 72.7684
484 72.7684
485 72.7684
486 72.7684
487 72.7684
488 72.7684
489 72.7684
490 72.7684
491 72.7684
492 72.7684
493 72.7684
494 72.7684
495 72.7684
496 72.7684
497 72.7684
498 72.7684
499 72.7684
500 72.7684
501 72.7684
502 71.3262
503 71.3262
504 71.3262
505 71.3262
506 71.3262
507 71.3262
508 71.3262
509 71.3262
510 71.3262
511 71.3262
512 71.3262
513 71.3262
514 71.3262
515 71.3262
516 71.3262
517 71.3262
518 71.3262
519 71.3262
520 71.3262
521 71.3262
522 71.3262
523 71.3262
524 71.3262
525 71.3262
526 71.3262
527 71.3262
528 71.3262
529 71.3262
530 70.9604
531 70.9604
532 70.9604
533 70.9604
534 70.4792
535 70.4792
536 70.4792
537 70.4792
538 70.4792
539 70.4792
540 70.4792
541 70.4792
542 70.4792
543 70.4792
544 70.4792
545 70.4792
546 70.4182
547 70.4182
548 70.0177
549 70.0177
550 70.0177
551 70.0177
552 70.0177
553 70.0177
554 70.0177
555 69.7313
556 69.7313
557 69.7313
558 69.7313
559 69.7313
560 69.7313
561 69.7313
562 69.7313
563 69.7313
564 69.7313
565 69.7313
566 69.7313
567 69.7313
568 69.7313
569 69.7313
570 69.7313
571 69.7313
572 69.7313
573 69.7313
574 69.7313
575 69.7313
576 69.7313
577 69.7313
578 69.7313
579 69.7313
580 69.7313
581 69.7313
582 69.7313
583 69.7313
584 69.7313
585 69.7313
586 69.7313
587 69.7313
588 69.7313
589 69.7313
590 69.7313
591 69.7313
592 69.7313
593 69.7313
594 69.6666
595 69.6666
596 69.6666
597 69.6666
598 69.6666
599 69.6666
600 69.6666
601 69.6666
602 69.6666
603 69.6666
604 69.6666
605 69.6666
606 69.6666
607 69.6666
608 69.6666
609 69.6666
610 69.6666
611 69.6666
612 69.6666
613 69.6666
614 69.6298
615 69.6298
616 69.6298
617 69.6298
618 69.6298
619 69.6298
620 69.6298
621 69.6298
622 69.6298
623 69.6298
624 69.6298
625 69.6298
626 69.6298
627 69.6298
628 69.6298
629 69.6298
630 69.6298
631 69.6298
632 69.6298
633 69.6298
634 69.6298
635 69.6298
636 69.6298
637 69.6298
638 69.6298
639 69.6298
640 69.6298
641 69.6298
642 69.6234
643 69.6234
644 69.6234
645 69.6234
646 69.6234
647 69.6234
648 69.6234
649 69.6234
650 69.4331
651 69.4331
652 69.4331
653 69.4331
654 69.4331
655 69.4331
656 69.4331
657 69.4331
658 69.4331
659 69.4331
660 69.4331
661 69.4331
662 69.4331
663 69.4331
664 69.4331
665 69.4331
666 69.4331
667 69.4331
668 69.4331
669 69.4331
670 69.4331
671 69.4331
672 69.4331
673 69.4331
674 69.4331
675 69.4331
676 69.4331
677 69.4331
678 69.4331
679 69.4331
680 69.4331
681 69.4331
682 69.4331
683 69.4331
684 69.4331
685 69.4331
686 69.4331
687 69.4331
688 69.4331
689 69.4331
690 69.4331
691 69.4331
692 69.4331
693 69.4331
694 69.4331
695 69.4331
696 69.4331
697 69.4331
698 69.4331
699 69.4331
700 69.4331
701 69.4331
702 69.4331
703 69.4331
704 69.4331
705 69.4331
706 69.4331
707 69.4331
708 69.4331
709 69.4331
710 69.4331
711 69.4331
712 69.4331
713 69.4331
714 69.4331
715 69.4331
716 69.4331
717 69.4331
718 69.4331
719 69.4331
720 69.4331
721 69.4331
722 69.4331
723 69.4331
724 69.4331
725 69.4331
726 69.4331
727 69.4331
728 69.4331
729 69.4331
730 69.4331
731 69.4071
732 69.4071
733 69.4071
734 69.4071
735 69.4071
736 69.4071
737 69.4071
738 69.4071
739 69.4071
740 69.4071
741 69.4071
742 69.4071
743 69.4071
744 69.4071
745 69.4071
746 69.4071
747 69.4071
748 69.4071
749 69.4071
750 69.4071
751 69.4071
752 69.4071
753 69.4071
754 69.4071
755 69.4071
756 69.4071
757 69.2241
758 69.2241
759 69.2241
760 69.2241
761 69.2241
762 69.2241
763 69.2241
764 69.2241
765 69.2241
766 69.2241
767 69.2241
768 69.2241
769 69.2241
770 69.2241
771 69.2241
772 68.8759
773 68.8759
774 68.8759
775 68.8759
776 68.8759
777 68.8759
778 68.8759
779 68.8759
780 68.8759
781 68.8759
782 68.8759
783 68.8759
784 68.8759
785 68.8759
786 68.8759
787 68.8759
788 68.8759
789 68.8759
790 68.8759
791 68.8759
792 68.8759
793 68.8759
794 68.8759
795 68.8759
796 68.8759
797 68.8759
798 68.8759
799 68.8759
800 68.8759
801 68.8759
802 68.8759
803 68.8759
804 68.8759
805 68.8759
806 68.8759
807 68.8759
808 68.8759
809 68.8759
810 68.8759
811 68.8759
812 68.8759
813 68.5142
814 68.5142
815 68.5142
816 68.5142
817 68.5142
818 68.5142
819 68.5142
820 68.5142
821 68.5142
822 68.5142
823 68.5142
824 68.5142
825 68.5142
826 68.5142
827 68.5142
828 68.5142
829 68.5142
830 68.5142
831 68.5142
832 68.5142
833 68.5142
834 68.5142
835 68.5142
836 68.5142
837 68.5142
838 68.5142
839 68.5142
840 68.5142
841 68.5142
842 68.5142
843 68.485
844 68.485
845 68.485
846 68.485
847 68.485
848 68.485
849 68.485
850 68.485
851 68.485
852 68.485
853 68.485
854 68.485
855 68.485
856 68.485
857 68.2307
858 68.2307
859 68.2307
860 68.2307
861 68.2307
862 68.2307
863 68.084
864 68.084
865 68.084
866 68.084
867 68.084
868 68.084
869 68.084
870 68.084
871 68.084
872 68.084
873 68.084
874 68.084
875 68.084
876 68.084
877 68.084
878 68.084
879 68.084
880 68.084
881 68.084
882 68.084
883 68.084
884 68.084
885 68.084
886 68.084
887 68.084
888 68.084
889 68.084
890 68.084
891 68.084
892 68.084
893 68.084
894 68.084
895 68.084
896 68.084
897 68.084
898 68.084
899 68.084
900 68.084
901 68.084
902 68.084
903 68.084
904 68.084
905 68.084
906 68.084
907 68.084
908 68.084
909 68.084
910 68.084
911 68.084
912 68.084
913 68.084
914 68.084
915 68.084
916 68.084
917 68.084
918 68.084
919 68.084
920 68.084
921 68.084
922 68.084
923 68.084
924 68.084
925 68.084
926 68.084
927 68.084
928 68.084
929 68.084
930 68.084
931 68.084
932 68.084
933 68.084
934 68.084
935 68.084
936 68.084
937 68.084
938 68.084
939 68.084
940 68.084
941 68.084
942 68.084
943 68.084
944 68.084
945 68.084
946 68.084
947 68.084
948 68.084
949 68.084
950 68.084
951 68.084
952 68.084
953 68.084
954 68.084
955 68.084
956 68.084
957 68.0306
958 68.0306
959 68.0306
960 68.0306
961 68.0306
962 68.0306
963 68.0306
964 68.0306
965 68.0306
966 68.0306
967 68.0306
968 68.0306
969 68.0306
970 68.0306
971 68.0306
972 68.0306
973 68.0306
974 68.0306
975 68.0306
976 68.0306
977 68.0306
978 68.0306
979 68.0306
980 68.0306
981 68.0306
982 68.0306
983 68.0306
984 68.0306
985 68.0306
986 68.0306
987 68.0306
988 68.0306
989 68.0306
990 68.0306
991 68.0306
992 68.0306
993 68.0306
994 68.0306
995 68.0306
996 68.0306
997 68.0306
998 68.0306
999 68.0306
1000 68.0306
