0 509.211
1 450.643
2 419.963
3 388.428
4 362.641
5 348.925
6 334.39
7 320.314
8 309.91
9 303.249
10 294.919
11 284.394
12 274.874
13 266.81
14 256.557
15 249.118
16 242.453
17 236.594
18 230.016
19 224.175
20 218.202
21 213.074
22 209.579
23 204.104
24 197.92
25 193.674
26 190.169
27 186.306
28 182.677
29 179.188
30 176.839
31 174.646
32 172.52
33 170.481
34 168.925
35 166.693
36 163.783
37 160.772
38 158.502
39 156.32
40 158.206
41 157.761
42 157.369
43 155.857
44 154.844
45 152.74
46 149.119
47 145.422
48 142.634
49 140.895
50 139.124
51 138.28
52 137.314
53 134.693
54 132.761
55 131.083
56 129.491
57 127.881
58 126.637
59 125.467
60 123.713
61 124.597
62 123.045
63 119.406
64 117.354
65 115.96
66 114.858
67 113.875
68 112.573
69 111.134
70 113.151
71 113.273
72 111.443
73 108.203
74 107.685
75 106.751
76 105.75
77 104.786
78 104.074
79 102.873
80 102.278
81 101.797
82 100.28
83 99.3607
84 101.19
85 101.482
86 99.3548
87 97.0132
88 95.1742
89 94.0702
90 93.5739
91 92.69
92 92.1504
93 92.6244
94 92.4997
95 92.8793
96 93.0985
97 91.9849
98 90.3675
99 89.5371
100 88.6259
101 91.1321
102 90.5788
103 88.47
104 86.962
105 85.9467
106 85.6499
107 84.7464
108 85.1966
109 85.5849
110 85.3041
111 84.4081
112 82.8801
113 82.2965
114 81.9972
115 81.6786
116 81.8273
117 81.3985
118 81.7471
119 82.1386
120 81.4516
121 81.19
122 80.9242
123 80.073
124 79.6379
125 79.4964
126 79.3152
127 79.5158
128 79.5714
129 79.2343
130 78.9824
131 78.5752
132 78.5405
133 78.4903
134 78.1615
135 78.3399
136 78.1837
137 79.3966
138 78.8842
139 77.5846
140 77.375
141 77.3288
142 76.6195
143 76.5662
144 76.6769
145 76.6609
146 76.6613
147 76.5177
148 76.6998
149 76.2604
150 77.8923
151 77.0553
152 76.8084
153 75.9006
154 74.4908
155 73.6762
156 73.7298
157 73.3731
158 75.008
159 75.2229
160 73.9809
161 73.2099
162 73.1121
163 73.0071
164 72.7322
165 72.7829
166 72.9111
167 72.5993
168 72.833
169 72.5849
170 75.7494
171 77.0196
172 74.5194
173 73.1517
174 72.2987
175 72.2534
176 72.2378
177 72.6521
178 72.4836
179 72.4813
180 72.4756
181 72.2749
182 72.2921
183 75.4732
184 76.8736
185 75.1137
186 73.2945
187 72.6175
188 72.2582
189 72.3705
190 72.5691
191 72.2312
192 72.6073
193 72.7354
194 72.5458
195 72.7428
196 72.5486
197 72.0851
198 72.1979
199 72.1806
200 72.6034
201 72.1358
202 72.0765
203 72.4037
204 72.1779
205 71.9607
206 72.4199
207 72.3765
208 72.2253
209 72.7083
210 72.3667
211 72.0602
212 71.9558
213 71.7251
214 71.7547
215 71.8046
216 72.2087
217 72.0069
218 72.0954
219 72.0313
220 71.8893
221 71.7177
222 71.869
223 72.071
224 71.832
225 71.7174
226 71.532
227 72.1461
228 71.5301
229 71.4446
230 71.6939
231 71.5071
232 71.4202
233 71.4598
234 71.4863
235 71.371
236 71.6785
237 71.8228
238 71.3603
239 71.3188
240 71.3496
241 71.6267
242 71.1632
243 71.3366
244 71.2536
245 71.0175
246 71.2629
247 70.9853
248 71.2683
249 71.3032
250 71.2185
251 71.5043
252 71.5332
253 71.2535
254 71.4657
255 71.2891
256 71.2459
257 71.6267
258 71.5088
259 71.2973
260 71.3276
261 71.5363
262 71.4148
263 71.3044
264 71.185
265 70.9277
266 71.2263
267 71.1263
268 71.4857
269 71.5395
270 73.9355
271 74.101
272 71.919
273 70.2232
274 69.6773
275 69.7286
276 69.7794
277 69.9283
278 70.0526
279 69.7559
280 69.859
281 69.9931
282 69.8518
283 69.7535
284 69.8406
285 70.0534
286 69.8256
287 70.0745
288 69.9901
289 69.7721
290 69.4847
291 69.7188
292 69.6658
293 70.0365
294 69.6295
295 69.7926
296 69.8892
297 70.1164
298 70.0778
299 69.7756
300 69.9619
301 69.9375
302 69.8794
303 69.8606
304 69.8689
305 69.8984
306 69.9154
307 69.7586
308 69.9832
309 70.0784
310 69.9451
311 69.6489
312 69.5842
313 69.7922
314 69.5049
315 69.9284
316 69.799
317 69.5242
318 69.587
319 69.8599
320 69.6677
321 69.7487
322 69.901
323 69.6593
324 69.3339
325 69.9996
326 69.6399
327 70.0174
328 69.7154
329 69.7987
330 70.0587
331 69.4313
332 69.8148
333 69.5244
334 69.8168
335 69.8766
336 69.9275
337 69.5587
338 69.5215
339 69.893
340 69.9533
341 69.9501
342 69.7757
343 69.5445
344 69.5494
345 69.4775
346 69.7559
347 69.9424
348 69.7583
349 69.7221
350 69.667
351 69.6017
352 69.4995
353 69.7647
354 69.8784
355 69.6484
356 69.4808
357 69.6423
358 69.6927
359 69.8793
360 69.7737
361 69.8221
362 69.7172
363 69.4959
364 69.8193
365 69.6666
366 69.6918
367 69.5148
368 69.4096
369 69.2409
370 69.6009
371 69.7546
372 69.7412
373 69.6558
374 69.6174
375 69.5505
376 69.81
377 69.8574
378 69.3748
379 69.3408
380 69.7337
381 69.7505
382 69.1696
383 69.4401
384 69.6735
385 69.3762
386 69.5545
387 69.2228
388 69.4201
389 69.4169
390 69.3823
391 69.4248
392 69.4905
393 69.0907
394 68.9788
395 69.6228
396 69.5346
397 69.3224
398 69.3885
399 69.5103
400 69.0455
401 69.0867
402 69.0697
403 69.355
404 69.4536
405 69.5751
406 69.5445
407 69.4019
408 69.3238
409 69.3453
410 69.0638
411 69.6804
412 69.3894
413 69.7208
414 69.2263
415 69.4883
416 69.2541
417 69.2674
418 68.9222
419 69.0124
420 69.2514
421 68.5503
422 68.1403
423 67.7775
424 67.8823
425 67.5495
426 67.5494
427 67.4016
428 67.4568
429 67.6286
430 67.5478
431 67.5573
432 67.6495
433 67.9851
434 67.9813
435 67.5429
436 67.7917
437 67.9055
438 67.6239
439 67.4248
440 67.5648
441 67.5694
442 67.6138
443 67.7004
444 67.7341
445 67.7036
446 67.7454
447 67.5172
448 67.5249
449 67.9274
450 67.8343
451 67.8956
452 67.9918
453 67.7423
454 67.4416
455 67.5885
456 67.6084
457 67.6215
458 67.6613
459 67.7234
460 67.7089
461 67.9754
462 67.8106
463 67.5946
464 67.7212
465 67.5963
466 67.7007
467 67.738
468 67.9323
469 67.5796
470 67.789
471 67.8875
472 67.2535
473 67.7015
474 67.7346
475 67.8569
476 67.9388
477 67.9352
478 67.9209
479 67.6626
480 67.6403
481 67.6939
482 67.8964
483 67.5778
484 67.8393
485 67.599
486 67.8411
487 67.7814
488 67.6788
489 67.8198
490 67.8707
491 67.8246
492 67.9945
493 67.5793
494 67.7991
495 67.8801
496 67.7004
497 67.7223
498 67.9787
499 67.8065
500 67.8148
501 67.6091
502 67.5437
503 67.7537
504 67.7737
505 67.6375
506 67.4736
507 67.5583
508 67.4161
509 67.4334
510 67.8254
511 67.7069
512 67.841
513 67.8229
514 67.8877
515 67.8627
516 67.8255
517 67.8168
518 67.9224
519 68.091
520 67.95
521 67.6727
522 67.5692
523 67.6931
524 67.8053
525 67.7365
526 67.7297
527 67.7147
528 67.888
529 67.8555
530 67.897
531 67.9166
532 67.7499
533 68.0995
534 67.8724
535 67.6706
536 67.599
537 67.7766
538 68.071
539 67.89
540 67.5756
541 67.7676
542 68.1224
543 68.0784
544 68.0314
545 67.8093
546 67.7501
547 67.851
548 67.4732
549 67.5729
550 67.5241
551 67.6102
552 67.5967
553 67.7042
554 67.5307
555 67.7109
556 67.1841
557 67.6754
558 67.7582
559 67.9388
560 67.9232
561 67.851
562 67.6969
563 67.5434
564 67.5744
565 67.8145
566 67.6263
567 67.9901
568 68.0107
569 67.6694
570 67.6287
571 67.4761
572 67.4892
573 67.8958
574 67.9271
575 67.7813
576 68.2111
577 67.7066
578 67.995
579 67.5243
580 67.4144
581 67.9847
582 67.7787
583 67.655
584 67.2746
585 67.654
586 67.8402
587 67.882
588 67.8031
589 67.4681
590 67.3837
591 67.456
592 67.8119
593 68.0275
594 67.7567
595 67.6623
596 67.6313
597 67.7145
598 67.5578
599 67.6625
600 67.8329
601 67.6137
602 67.6489
603 67.8536
604 67.81
605 67.7262
606 67.8244
607 67.5093
608 67.5627
609 67.7813
610 67.7939
611 67.597
612 67.751
613 67.6872
614 67.97
615 67.6073
616 67.6538
617 67.9635
618 67.6996
619 67.8689
620 67.9534
621 67.8607
622 67.7725
623 67.8236
624 67.5165
625 67.4433
626 67.6161
627 67.52
628 67.6475
629 67.6407
630 67.6651
631 67.5322
632 68.0254
633 67.4994
634 67.6225
635 67.7896
636 67.8529
637 67.6562
638 67.4697
639 67.6437
640 67.7687
641 67.7479
642 67.87
643 67.7506
644 67.6538
645 67.4833
646 67.3826
647 67.611
648 67.8477
649 67.8139
650 67.726
651 67.5614
652 67.9969
653 67.856
654 67.6911
655 67.4915
656 67.698
657 67.7821
658 67.6911
659 67.4658
660 67.6844
661 67.6203
662 67.8395
663 67.7071
664 67.8529
665 67.6023
666 67.8476
667 67.407
668 67.6544
669 67.6414
670 67.6374
671 68.1003
672 67.5217
673 68.2454
674 67.8609
675 67.8834
676 67.9475
677 68.1032
678 67.9667
679 67.5825
680 67.8271
681 67.9044
682 67.9023
683 67.9516
684 67.891
685 67.5989
686 67.8845
687 67.8155
688 68.0941
689 67.9952
690 67.9146
691 67.814
692 67.9997
693 67.8679
694 67.7725
695 67.6729
696 67.6486
697 67.7574
698 67.6483
699 67.7264
700 68.0557
701 68.1556
702 67.9414
703 67.9285
704 67.6994
705 67.5521
706 67.8047
707 67.51
708 67.7545
709 68.1033
710 67.7936
711 67.8628
712 67.8375
713 67.7622
714 67.6201
715 68.0245
716 67.8483
717 67.8951
718 67.43
719 67.6791
720 67.8735
721 68.0101
722 68.0566
723 67.5675
724 67.5297
725 67.564
726 67.6229
727 68.0474
728 67.834
729 67.9174
730 67.7617
731 67.7144
732 67.6915
733 67.6475
734 67.6323
735 67.4653
736 67.7293
737 67.5202
738 67.6586
739 67.6153
740 67.5572
741 67.5154
742 67.6536
743 67.7781
744 67.9391
745 67.5012
746 67.3594
747 67.2779
748 67.6053
749 67.3226
750 67.8129
751 67.7454
752 67.7401
753 67.3852
754 68.1132
755 67.7824
756 67.939
757 67.8057
758 67.5051
759 68.1091
760 68.045
761 67.7631
762 67.2788
763 68.0786
764 67.9569
765 67.7424
766 67.765
767 67.6391
768 67.8296
769 67.8296
770 67.7556
771 67.7342
772 67.7007
773 67.7125
774 67.5834
775 67.773
776 67.6944
777 67.8423
778 68.2025
779 68.1343
780 67.7112
781 67.6535
782 67.7317
783 67.5616
784 67.795
785 67.3187
786 67.5468
787 67.3342
788 67.5757
789 67.7682
790 67.4449
791 67.623
792 67.3357
793 67.2579
794 67.4924
795 67.1409
796 67.3053
797 67.4096
798 67.5433
799 67.3007
800 67.127
801 67.2322
802 67.664
803 67.2276
804 67.349
805 67.3018
806 67.0818
807 67.7183
808 67.2971
809 67.134
810 67.4395
811 67.433
812 67.1339
813 67.4172
814 67.2437
815 67.5499
816 67.132
817 67.3886
818 67.5699
819 67.2679
820 67.3756
821 67.3008
822 67.5834
823 67.2904
824 67.249
825 67.5558
826 67.537
827 66.9876
828 67.3043
829 67.8535
830 67.503
831 67.2052
832 67.52
833 67.2072
834 67.3281
835 67.3282
836 67.206
837 67.1141
838 67.1106
839 67.0881
840 67.5996
841 67.4128
842 67.1816
843 67.3438
844 67.0012
845 67.263
846 67.1325
847 67.1203
848 67.708
849 67.6434
850 67.1727
851 67.5412
852 67.3424
853 67.3188
854 67.2699
855 67.15
856 67.2926
857 67.3383
858 67.4812
859 67.2312
860 66.9801
861 67.4178
862 67.6729
863 67.3267
864 67.315
865 67.2802
866 67.6979
867 67.3778
868 67.2201
869 67.4051
870 67.448
871 67.1746
872 67.583
873 67.5728
874 67.1172
875 67.6071
876 67.2864
877 67.5677
878 67.6438
879 67.7007
880 67.2001
881 67.4443
882 67.3388
883 67.078
884 67.372
885 67.1813
886 67.1731
887 67.2981
888 67.3385
889 67.3059
890 67.3861
891 67.5731
892 67.4581
893 67.6548
894 67.3758
895 67.3734
896 67.3885
897 67.4006
898 67.4135
899 67.144
900 67.1018
901 67.5505
902 67.271
903 67.3663
904 67.2366
905 67.4629
906 67.8312
907 67.8858
908 67.8007
909 67.6805
910 67.6364
911 67.5787
912 67.1924
913 67.2635
914 67.349
915 67.277
916 67.6675
917 67.5338
918 67.1756
919 67.3358
920 67.209
921 67.5403
922 67.3178
923 67.8471
924 67.6071
925 67.3536
926 67.4197
927 67.2413
928 67.3111
929 67.4601
930 67.4753
931 67.6317
932 67.5835
933 67.0634
934 67.5517
935 67.61
936 67.7469
937 67.1686
938 66.9092
939 67.318
940 67.2589
941 67.4996
942 67.3405
943 67.3506
944 67.5805
945 67.4852
946 67.4279
947 67.5675
948 67.5563
949 67.549
950 67.5462
951 67.6355
952 67.216
953 67.158
954 67.2849
955 67.5277
956 67.4048
957 67.6785
958 67.2485
959 67.2834
960 70.9025
961 71.3164
962 69.5047
963 67.398
964 66.7423
965 66.7955
966 66.6372
967 66.8253
968 66.6227
969 66.6581
970 66.691
971 66.9411
972 66.9772
973 66.7857
974 66.6701
975 66.8145
976 66.6086
977 66.3505
978 66.5385
979 66.6491
980 66.8978
981 66.619
982 66.8601
983 66.6651
984 66.6198
985 66.4933
986 66.8677
987 66.5386
988 67.0585
989 66.6922
990 66.6289
991 66.5462
992 66.6323
993 66.6625
994 66.4977
995 66.624
996 66.7293
997 66.3924
998 66.5135
999 66.7199
1000 66.6595
1001 66.6269
1002 66.8979
1003 66.7573
1004 66.7987
1005 66.6863
1006 66.4554
1007 66.6773
1008 66.8187
1009 66.7198
1010 67.2747
1011 66.9267
1012 67.2683
1013 66.8576
1014 66.9228
1015 66.9504
1016 66.6043
1017 66.6067
1018 66.6615
1019 66.5861
1020 66.6208
1021 66.6706
1022 66.6889
1023 66.6875
1024 66.7655
1025 66.858
1026 66.6939
1027 66.6993
1028 66.7271
1029 66.7729
1030 66.5965
1031 66.5617
1032 66.7518
1033 66.8035
1034 66.7833
1035 66.6523
1036 66.742
1037 66.7444
1038 66.9265
1039 66.6706
1040 66.536
1041 66.7628
1042 66.9327
1043 66.7888
1044 66.8446
1045 66.8857
1046 66.6021
1047 66.9592
1048 67.0319
1049 67.0506
1050 66.62
1051 67.0164
1052 67.0208
1053 66.8428
1054 66.7679
1055 66.6993
1056 66.7563
1057 66.7285
1058 66.9187
1059 67.106
1060 67.0951
1061 66.8485
1062 66.5368
1063 66.7426
1064 66.5954
1065 66.4002
1066 66.8801
1067 66.917
1068 66.8144
1069 66.5589
1070 66.5106
1071 66.9335
1072 66.8882
1073 66.9932
1074 66.7631
1075 66.7925
1076 66.8681
1077 66.7613
1078 66.8764
1079 67.0498
1080 66.8683
1081 66.4759
1082 66.8452
1083 66.4439
1084 66.5956
1085 66.2786
1086 66.6157
1087 66.571
1088 66.8929
1089 66.6248
1090 66.6533
1091 66.7059
1092 66.6971
1093 66.5119
1094 66.4315
1095 66.9405
1096 67.051
1097 66.691
1098 66.5627
1099 66.6778
1100 66.8135
1101 66.7124
1102 66.6952
1103 66.6688
1104 66.5757
1105 66.9113
1106 67.2902
1107 67.0305
1108 66.6229
1109 66.7186
1110 66.7007
1111 66.8576
1112 66.6558
1113 67.1237
1114 66.7601
1115 66.4794
1116 66.7205
1117 66.7103
1118 66.5561
1119 66.9012
1120 66.7319
1121 66.7135
1122 66.8743
1123 66.8887
1124 66.9781
1125 66.527
1126 66.5196
1127 66.7906
1128 66.5749
1129 66.4666
1130 66.4016
1131 66.8899
1132 66.6136
1133 66.6775
1134 66.6408
1135 66.8591
1136 66.4782
1137 66.7313
1138 66.8974
1139 66.9237
1140 66.6717
1141 66.6474
1142 66.7446
1143 66.6468
1144 66.8889
1145 66.9131
1146 66.7321
1147 66.4541
1148 66.9591
1149 66.3775
1150 66.6412
1151 66.6516
1152 66.6193
1153 66.6065
1154 66.8422
1155 66.9216
1156 67.0069
1157 67.2144
1158 66.9597
1159 67.0676
1160 66.5558
1161 66.3504
1162 66.5794
1163 66.6408
1164 66.5663
1165 66.7753
1166 66.6422
1167 66.4602
1168 66.5571
1169 66.7263
1170 66.6763
1171 66.7456
1172 66.5607
1173 66.835
1174 66.428
1175 66.654
1176 66.6454
1177 66.8997
1178 66.8444
1179 66.581
1180 66.9727
1181 66.8853
1182 66.8855
1183 66.5847
1184 66.5045
1185 66.6774
1186 66.8988
1187 66.7425
1188 66.8365
1189 66.57
1190 66.623
1191 66.9056
1192 66.9048
1193 66.4345
1194 66.9094
1195 66.6542
1196 66.7895
1197 66.5745
1198 66.7797
1199 66.674
1200 66.8387
1201 66.7888
1202 66.5291
1203 66.6374
1204 66.6323
1205 66.4486
1206 66.4406
1207 66.5155
1208 66.5068
1209 66.6473
1210 66.7062
1211 66.2915
1212 66.4193
1213 66.6056
1214 66.7962
1215 66.7095
1216 66.8676
1217 66.7155
1218 66.8201
1219 66.7981
1220 66.663
1221 66.675
1222 66.5795
1223 66.4037
1224 66.3358
1225 66.5424
1226 66.5858
1227 66.4946
1228 66.5421
1229 66.5642
1230 66.529
1231 66.4959
1232 66.503
1233 66.3797
1234 66.7141
1235 66.388
1236 66.5532
1237 66.7073
1238 66.7441
1239 66.7405
1240 66.6929
1241 66.8476
1242 66.5842
1243 66.5727
1244 66.5925
1245 66.4782
1246 66.7464
1247 66.45
1248 66.6372
1249 66.6504
1250 66.6841
1251 66.4513
1252 66.4501
1253 66.5854
1254 66.7416
1255 66.6229
1256 66.3872
1257 66.2165
1258 66.639
1259 66.7436
1260 66.4914
1261 66.4695
1262 66.2574
1263 66.6187
1264 66.7926
1265 66.7479
1266 66.3853
1267 66.7671
1268 66.833
1269 66.5604
1270 66.558
1271 66.6756
1272 66.5388
1273 66.668
1274 66.5793
1275 66.5607
1276 66.7381
1277 66.7889
1278 66.9126
1279 66.8282
1280 66.6521
1281 66.7853
1282 66.538
1283 66.9572
1284 66.9441
1285 67.1048
1286 66.8267
1287 66.5983
1288 66.6356
1289 66.597
1290 66.4675
1291 66.8192
1292 66.738
1293 66.7282
1294 66.6359
1295 66.6306
1296 66.5424
1297 66.5607
1298 66.7127
1299 66.6996
1300 66.6595
1301 67.1146
1302 66.6635
1303 66.6026
1304 66.7452
1305 66.697
1306 66.7018
1307 66.6235
1308 66.7332
1309 66.5662
1310 66.7557
1311 66.2467
1312 66.752
1313 66.7124
1314 66.4416
1315 66.6427
1316 66.7028
1317 67.3512
1318 66.7067
1319 66.5154
1320 66.2842
1321 66.3463
1322 66.74
1323 66.5346
1324 66.4337
1325 66.5228
1326 66.8247
1327 66.6818
1328 66.5387
1329 66.604
1330 66.6452
1331 66.4855
1332 66.3746
1333 66.6907
1334 66.7635
1335 66.4757
1336 66.3856
1337 66.1878
1338 66.1608
1339 66.9459
1340 66.8992
1341 66.6029
1342 66.8084
1343 66.9762
1344 66.5683
1345 66.7103
1346 66.4523
1347 66.7321
1348 66.5875
1349 66.5743
1350 66.3725
1351 66.5296
1352 66.356
1353 66.586
1354 66.8165
1355 66.837
1356 66.5536
1357 66.4701
1358 66.3142
1359 66.3646
1360 66.7636
1361 66.8995
1362 66.7879
1363 66.3063
1364 66.5772
1365 66.5212
1366 66.6895
1367 66.933
1368 66.6315
1369 66.6775
1370 66.7627
1371 66.6847
1372 66.6991
1373 66.4904
1374 66.8132
1375 66.3806
1376 66.459
1377 66.4747
1378 66.692
1379 66.6798
1380 66.787
1381 66.4973
1382 66.8122
1383 66.7507
1384 66.4635
1385 66.7592
1386 66.8929
1387 66.6299
1388 66.533
1389 66.4499
1390 66.442
1391 66.6026
1392 66.8099
1393 66.7672
1394 66.7466
1395 66.7143
1396 66.5874
1397 66.477
1398 66.7558
1399 66.6839
1400 66.875
1401 66.5995
1402 66.7963
1403 66.5887
1404 66.988
1405 66.7905
1406 66.8092
1407 66.7118
1408 66.5955
1409 66.7101
1410 66.5716
1411 66.3938
1412 66.6266
1413 66.4646
1414 66.3904
1415 66.2169
1416 66.6422
1417 66.6526
1418 67.0018
1419 66.7931
1420 66.8786
1421 66.8915
1422 66.7118
1423 66.6964
1424 66.4765
1425 66.8533
1426 66.7044
1427 66.9524
1428 66.7293
1429 66.4784
1430 66.7175
1431 66.4942
1432 66.8613
1433 66.9879
1434 66.5574
1435 66.6284
1436 66.5677
1437 67.0309
1438 66.813
1439 66.5998
1440 66.743
1441 66.6906
1442 66.6009
1443 66.6466
1444 66.4459
1445 66.7794
1446 66.7455
1447 66.7671
1448 66.7783
1449 66.5921
1450 66.5625
1451 66.442
1452 66.3544
1453 66.4361
1454 66.6132
1455 66.779
1456 66.5438
1457 66.66
1458 66.5174
1459 66.7115
1460 66.4558
1461 66.5344
1462 66.4264
1463 66.6504
1464 66.6072
1465 66.1557
1466 66.4827
1467 66.9077
1468 66.7756
1469 66.6234
1470 66.4702
1471 66.3303
1472 66.8051
1473 66.6029
1474 66.6209
1475 66.5012
1476 66.6655
1477 66.8205
1478 66.8294
1479 66.4733
1480 66.6346
1481 66.8595
1482 66.9069
1483 66.5064
1484 66.8066
1485 66.6286
1486 66.5129
1487 66.6094
1488 66.5126
1489 66.7186
1490 66.8981
1491 66.7644
1492 66.8004
1493 66.5716
1494 66.3041
1495 66.3216
1496 66.4758
1497 66.532
1498 66.4954
1499 66.3481
1500 66.7406
1501 66.7922
1502 66.4273
1503 66.5626
1504 66.2899
1505 66.632
1506 66.7269
1507 66.4513
1508 66.5516
1509 66.3807
1510 66.3628
1511 66.4151
1512 66.3437
1513 66.7072
1514 66.8245
1515 66.595
1516 66.9757
1517 66.8674
1518 66.6674
1519 66.5171
1520 66.5153
1521 66.6787
1522 66.7901
1523 66.6606
1524 66.8129
1525 66.5175
1526 66.899
1527 66.8548
1528 66.6901
1529 66.7918
1530 66.5945
1531 66.4631
1532 66.9418
1533 66.7445
1534 66.8002
1535 66.4897
1536 66.6831
1537 66.5905
1538 66.4747
1539 66.5738
1540 66.6454
1541 66.5374
1542 66.5005
1543 66.6957
1544 66.6623
1545 66.4409
1546 66.3677
1547 66.7198
1548 66.947
1549 66.7797
1550 67.1389
1551 66.6434
1552 67.1375
1553 66.6815
1554 66.4186
1555 66.7477
1556 66.696
1557 66.4889
1558 66.42
1559 66.9737
1560 66.6189
1561 66.6806
1562 66.6268
1563 66.5354
1564 66.7723
1565 66.6534
1566 66.4264
1567 66.6149
1568 66.432
1569 66.4744
1570 66.7267
1571 66.7215
1572 66.6658
1573 66.318
1574 66.5523
1575 66.4304
1576 66.3089
1577 66.4518
1578 66.5455
1579 66.4896
1580 66.4425
1581 66.6385
1582 66.9626
1583 66.5274
1584 66.8509
1585 66.604
1586 66.6516
1587 66.5721
1588 66.5974
1589 66.5769
1590 66.6938
1591 66.6089
1592 66.8213
1593 66.1766
1594 66.9976
1595 66.6595
1596 66.7333
1597 66.5982
1598 66.5137
1599 66.3825
1600 66.4616
1601 66.656
1602 66.7119
1603 66.7656
1604 66.6078
1605 66.7263
1606 66.3561
1607 66.3625
1608 66.6841
1609 66.6967
1610 66.7501
1611 66.7747
1612 66.8862
1613 66.7694
1614 67.0433
1615 66.6182
1616 66.3657
1617 66.6788
1618 66.4769
1619 66.5043
1620 66.5439
1621 66.5806
1622 66.7543
1623 66.5005
1624 66.44
1625 66.233
1626 66.3525
1627 66.6034
1628 66.9456
1629 66.4788
1630 66.6236
1631 66.5337
1632 66.8158
1633 66.9717
1634 67.0433
1635 66.6336
1636 66.2669
1637 66.5366
1638 66.6701
1639 66.4987
1640 66.7121
1641 66.5801
1642 66.6054
1643 66.7866
1644 67.1789
1645 66.8471
1646 66.5759
1647 66.6663
1648 66.5708
1649 66.5114
1650 66.672
1651 66.4201
1652 66.282
1653 66.8863
1654 66.7002
1655 66.7671
1656 66.8222
1657 66.4669
1658 67.0198
1659 66.8568
1660 66.7502
1661 66.5112
1662 66.6812
1663 66.736
1664 66.9173
1665 66.7051
1666 66.8364
1667 66.4403
1668 66.4152
1669 66.3092
1670 66.6674
1671 66.4264
1672 66.5164
1673 66.4685
1674 66.4963
1675 66.554
1676 66.7029
1677 66.5139
1678 66.4717
1679 66.8608
1680 66.4734
1681 66.3512
1682 66.5134
1683 66.4522
1684 66.4865
1685 66.3601
1686 66.417
1687 66.5798
1688 66.5454
1689 66.8666
1690 66.3957
1691 66.495
1692 66.4699
1693 66.8264
1694 66.5279
1695 66.7268
1696 66.6796
1697 66.6289
1698 66.5929
1699 66.6726
1700 66.4318
1701 66.874
1702 67.2214
1703 66.6875
1704 66.7938
1705 66.7381
1706 66.7902
1707 67.0598
1708 66.9629
1709 66.8349
1710 66.9819
1711 66.8518
1712 66.5664
1713 66.4528
1714 66.5585
1715 66.6418
1716 66.7054
1717 66.4592
1718 66.5769
1719 66.6646
1720 66.7284
1721 66.5783
1722 66.633
1723 66.5926
1724 66.673
1725 66.339
1726 66.3681
1727 66.6705
1728 66.575
1729 66.8475
1730 66.7264
1731 66.6018
1732 66.7385
1733 66.6514
1734 66.7173
1735 66.7393
1736 66.2885
1737 66.4914
1738 66.5826
1739 66.6674
1740 66.6919
1741 66.9483
1742 66.5454
1743 66.5151
1744 66.6619
1745 66.4134
1746 66.3837
1747 66.7597
1748 66.6209
1749 66.5953
1750 66.5168
1751 66.4602
1752 66.965
1753 66.5381
1754 66.4081
1755 66.6083
1756 66.8644
1757 66.6573
1758 66.6773
1759 66.4751
1760 66.6136
1761 66.5182
1762 66.5056
1763 66.8097
1764 66.4454
1765 66.5444
1766 66.5375
1767 66.7777
1768 66.6567
1769 66.6943
1770 66.5896
1771 66.7914
1772 66.7171
1773 66.5068
1774 66.7685
1775 66.7025
1776 66.6571
1777 66.7359
1778 66.6693
1779 66.3365
1780 66.1085
1781 66.467
1782 66.6235
1783 66.8171
1784 66.7524
1785 66.5747
1786 66.8675
1787 66.7751
1788 66.5072
1789 67.1136
1790 66.3616
1791 66.5207
1792 66.6722
1793 66.6202
1794 66.5718
1795 66.6428
1796 66.7623
1797 66.6758
1798 66.7253
1799 66.5019
1800 66.8971
1801 66.6371
1802 66.8382
1803 66.5121
1804 66.8283
1805 66.51
1806 66.9114
1807 66.3809
1808 66.7579
1809 66.6305
1810 66.6094
1811 66.9218
1812 66.9214
1813 66.6498
1814 66.743
1815 66.7479
1816 66.5076
1817 66.7645
1818 66.8799
1819 66.6975
1820 66.723
1821 66.8493
1822 66.7653
1823 66.5805
1824 66.9029
1825 66.3623
1826 66.5856
1827 66.6483
1828 66.6873
1829 66.869
1830 66.7618
1831 66.689
1832 66.7725
1833 66.8755
1834 66.7563
1835 66.7242
1836 66.8235
1837 66.6881
1838 66.6963
1839 66.4834
1840 66.6468
1841 66.6435
1842 66.4704
1843 66.4504
1844 66.7821
1845 66.8271
1846 66.6756
1847 66.5313
1848 66.2658
1849 66.6197
1850 67.1104
1851 66.8462
1852 66.9984
1853 66.701
1854 66.8744
1855 66.557
1856 66.6232
1857 67.0329
1858 66.9013
1859 66.9153
1860 66.8235
1861 66.9782
1862 66.5629
1863 66.7652
1864 66.5709
1865 66.5792
1866 66.5336
1867 66.3674
1868 66.4824
1869 66.468
1870 66.8373
1871 66.684
1872 66.7235
1873 66.6843
1874 66.8058
1875 66.5017
1876 66.7573
1877 66.7682
1878 66.6851
1879 66.6747
1880 66.5842
1881 66.9204
1882 66.5198
1883 66.3484
1884 66.4361
1885 66.7027
1886 66.7985
1887 66.83
1888 66.8636
1889 66.7652
1890 66.8092
1891 66.1988
1892 65.9216
1893 66.204
1894 65.8284
1895 65.6711
1896 65.5298
1897 65.9314
1898 65.6615
1899 66.5209
1900 65.7445
1901 65.7441
1902 66.3286
1903 65.8425
1904 65.7945
1905 65.8431
1906 65.8034
1907 66.3446
1908 66.3213
1909 66.0191
1910 66.0501
1911 65.7778
1912 65.9595
1913 65.7982
1914 66.1283
1915 65.9366
1916 65.6575
1917 65.8559
1918 65.7566
1919 65.8328
1920 66.0454
1921 65.7416
1922 65.7805
1923 65.7399
1924 66.0559
1925 66.1195
1926 66.0361
1927 65.9545
1928 65.7569
1929 65.7303
1930 66.0893
1931 65.8294
1932 65.9781
1933 66.0653
1934 66.1667
1935 66.2728
1936 66.0372
1937 65.4447
1938 65.6117
1939 65.8714
1940 65.8899
1941 65.9061
1942 66.3037
1943 66.1641
1944 66.0308
1945 66.1297
1946 66.1222
1947 66.0438
1948 65.9376
1949 66.0241
1950 65.8603
1951 65.9946
1952 65.8534
1953 65.9439
1954 65.886
1955 65.7785
1956 65.6496
1957 65.8229
1958 65.8296
1959 65.6807
1960 66.0445
1961 65.9023
1962 65.8311
1963 66.314
1964 66.1324
1965 66.1324
1966 65.8735
1967 66.0232
1968 65.7316
1969 65.7343
1970 65.9955
1971 66.0548
1972 65.8141
1973 65.9995
1974 65.8621
1975 66.1287
1976 65.978
1977 66.0087
1978 65.7431
1979 66.0659
1980 65.8409
1981 66.0073
1982 66.0416
1983 66.0218
1984 66.0114
1985 65.8144
1986 66.2056
1987 66.0515
1988 66.274
1989 66.1592
1990 65.9826
1991 66.0959
1992 65.6825
1993 65.7493
1994 66.1777
1995 66.3553
1996 66.3596
1997 66.1515
1998 66.0067
1999 65.6193
2000 65.5521
2001 65.6669
2002 65.887
2003 65.6888
2004 65.8643
2005 65.8946
2006 65.8306
2007 66.2072
2008 65.9471
2009 66.1571
2010 65.9004
2011 66.3609
2012 66.1055
2013 65.8803
2014 65.7042
2015 66.067
2016 65.8033
2017 65.8247
2018 66.1234
2019 66.3692
2020 66.2306
2021 65.7068
2022 66.3757
2023 66.0358
2024 65.9428
2025 66.0369
2026 66.0704
2027 66.1013
2028 66.0776
2029 65.6852
2030 65.849
2031 66.0723
2032 65.549
2033 65.6724
2034 65.7198
2035 66.0601
2036 65.8767
2037 65.8312
2038 65.9755
2039 66.0839
2040 66.372
2041 65.8763
2042 65.6969
2043 65.9407
2044 65.5931
2045 65.6248
2046 65.7572
2047 65.7748
2048 65.7834
2049 65.6342
2050 65.511
2051 65.7925
2052 65.6119
2053 65.8392
2054 65.952
2055 66.0281
2056 65.7645
2057 65.8108
2058 65.8686
2059 66.1149
2060 65.8283
2061 66.1849
2062 65.8103
2063 66.101
2064 65.9019
2065 65.9306
2066 65.9406
2067 65.8601
2068 65.5698
2069 65.7636
2070 65.4937
2071 65.7236
2072 65.5
2073 65.7741
2074 66.0336
2075 66.0725
2076 65.7041
2077 65.8694
2078 65.8892
2079 65.9258
2080 65.8766
2081 65.7442
2082 65.8257
2083 66.2531
2084 65.839
2085 66.0181
2086 66.2889
2087 66.39
2088 65.8349
2089 65.8264
2090 65.6926
2091 65.7852
2092 65.9991
2093 65.9039
2094 65.9029
2095 65.8332
2096 65.6015
2097 65.8608
2098 65.6891
2099 66.0895
2100 65.6301
2101 65.7229
2102 65.9823
2103 65.5323
2104 66.0785
2105 65.6926
2106 65.7678
2107 66.1779
2108 65.77
2109 65.7647
2110 65.9517
2111 66.0348
2112 66.1489
2113 66.0197
2114 66.2507
2115 66.0342
2116 65.7336
2117 66.1993
2118 65.701
2119 65.8994
2120 66.2188
2121 65.7418
2122 65.9672
2123 65.98
2124 65.949
2125 65.6369
2126 65.8004
2127 65.755
2128 66.1011
2129 65.8081
2130 65.6796
2131 65.7022
2132 66.0745
2133 65.7203
2134 66.1253
2135 66.111
2136 66.1677
2137 66.0316
2138 66.0114
2139 66.1052
2140 66.0029
2141 65.8111
2142 65.5762
2143 65.7335
2144 66.3434
2145 66.0082
2146 66.2351
2147 66.0864
2148 65.9741
2149 65.9058
2150 65.9003
2151 65.9371
2152 66.0422
2153 65.9297
2154 66.0419
2155 65.9613
2156 65.8637
2157 65.8688
2158 65.7135
2159 66.0085
2160 65.877
2161 65.5686
2162 65.8418
2163 66.075
2164 65.895
2165 65.9403
2166 65.6403
2167 65.8722
2168 66.0253
2169 65.8983
2170 65.8602
2171 65.8869
2172 66.0094
2173 66.0552
2174 66.3063
2175 65.9666
2176 66.1819
2177 66.0925
2178 65.9663
2179 65.8841
2180 65.8088
2181 66.0178
2182 66.4749
2183 65.9236
2184 65.8106
2185 65.977
2186 66.0317
2187 66.0071
2188 65.6495
2189 65.9112
2190 66.183
2191 66.1172
2192 65.5675
2193 65.6737
2194 65.7969
2195 65.8057
2196 65.7214
2197 65.7376
2198 66.0733
2199 65.9695
2200 65.7765
2201 65.7871
2202 65.9436
2203 66.0212
2204 65.7557
2205 66.2347
2206 65.8775
2207 66.1298
2208 65.8078
2209 65.797
2210 65.8051
2211 65.8623
2212 65.719
2213 65.7133
2214 66.2043
2215 66.1571
2216 65.7735
2217 65.8628
2218 66.1118
2219 65.8297
2220 65.7967
2221 65.9373
2222 66.0458
2223 66.1817
2224 66.0436
2225 66.2889
2226 66.0019
2227 65.702
2228 66.1802
2229 65.8695
2230 65.7094
2231 65.5662
2232 65.6886
2233 65.9278
2234 65.5913
2235 65.778
2236 65.7954
2237 65.8019
2238 65.6116
2239 66.1608
2240 66.0955
2241 65.9683
2242 65.9555
2243 65.9731
2244 65.7373
2245 65.9247
2246 65.868
2247 65.9931
2248 65.673
2249 66.1336
2250 65.9063
2251 65.8407
2252 65.5386
2253 65.7929
2254 65.7958
2255 65.6167
2256 65.9347
2257 66.0208
2258 66.3261
2259 65.8497
2260 65.7386
2261 66.2424
2262 65.8328
2263 66.3537
2264 66.1304
2265 65.8542
2266 65.7141
2267 65.7903
2268 65.8449
2269 66.0095
2270 65.9159
2271 65.8984
2272 65.9531
2273 65.9255
2274 65.9677
2275 66.2219
2276 66.0139
2277 66.3659
2278 66.0919
2279 65.853
2280 65.6867
2281 65.7494
2282 65.8717
2283 65.7758
2284 65.9134
2285 65.8868
2286 66.2144
2287 66.0877
2288 65.8597
2289 65.9218
2290 65.9176
2291 65.9423
2292 66.1408
2293 66.0346
2294 65.7313
2295 66.0963
2296 65.9257
2297 65.7892
2298 65.7871
2299 65.7644
2300 66.0409
2301 65.8072
2302 66.0206
2303 65.7717
2304 65.98
2305 66.0084
2306 65.7184
2307 65.7707
2308 65.7935
2309 65.7069
2310 65.939
2311 65.8924
2312 65.8434
2313 65.908
2314 66.0616
2315 65.9743
2316 66.2954
2317 65.8136
2318 65.5938
2319 65.6504
2320 65.5631
2321 65.7638
2322 65.9786
2323 65.8375
2324 66.1968
2325 65.9723
2326 65.9611
2327 66.0813
2328 65.7963
2329 65.5848
2330 65.7437
2331 65.7473
2332 65.9568
2333 65.8313
2334 65.7897
2335 66.0202
2336 66.0078
2337 66.3871
2338 65.9361
2339 65.8264
2340 65.7251
2341 66.0287
2342 66.2344
2343 66.225
2344 65.9726
2345 65.9424
2346 65.8869
2347 65.8511
2348 65.5325
2349 65.5819
2350 65.9862
2351 66.1025
2352 65.9148
2353 66.0143
2354 65.878
2355 65.8635
2356 66.0726
2357 65.952
2358 65.6583
2359 65.9591
2360 65.8567
2361 66.0724
2362 65.7779
2363 66.0775
2364 65.865
2365 66.0336
2366 66.0668
2367 65.8295
2368 65.676
2369 65.9659
2370 66.308
2371 66.1497
2372 66.175
2373 66.0358
2374 66.0622
2375 66.4488
2376 66.0273
2377 66.1068
2378 66.3446
2379 65.635
2380 65.8509
2381 66.0275
2382 66.1251
2383 66.0084
2384 66.245
2385 66.0201
2386 66.2504
2387 65.7703
2388 65.9449
2389 66.0192
2390 65.6069
2391 65.85
2392 66.0303
2393 66.3545
2394 66.307
2395 66.1017
2396 65.8233
2397 65.844
2398 65.9546
2399 65.8729
2400 65.8978
2401 65.8564
2402 66.0208
2403 66.1593
2404 65.8216
2405 65.9633
2406 65.9185
2407 65.9825
2408 65.7354
2409 65.7429
2410 66.1736
2411 66.3119
2412 66.0243
2413 66.0178
2414 65.7964
2415 65.7976
2416 66.2246
2417 65.9958
2418 66.2069
2419 66.1936
2420 66.3929
2421 66.0141
2422 65.5117
2423 65.9552
2424 65.9675
2425 65.6439
2426 65.8734
2427 65.7473
2428 65.7369
2429 65.9933
2430 66.1163
2431 66.2098
2432 66.0661
2433 66.0159
2434 65.9696
2435 65.9838
2436 65.7524
2437 65.599
2438 65.9132
2439 65.8001
2440 65.644
2441 65.5832
2442 65.757
2443 65.8654
2444 65.8879
2445 65.9396
2446 65.9869
2447 65.6078
2448 65.9327
2449 66.1381
2450 66.082
2451 65.9326
2452 66.275
2453 66.3559
2454 65.8645
2455 65.9694
2456 66.2402
2457 66.0882
2458 65.678
2459 66.1628
2460 65.8341
2461 65.6906
2462 65.8964
2463 65.7978
2464 65.7264
2465 66.1198
2466 65.8243
2467 65.8451
2468 66.127
2469 65.9984
2470 65.8588
2471 66.0114
2472 66.3504
2473 66.2763
2474 66.2512
2475 66.2015
2476 65.7704
2477 65.9546
2478 66.2022
2479 66.0636
2480 65.7237
2481 65.7116
2482 66.0723
2483 65.6006
2484 65.7672
2485 65.7884
2486 65.8384
2487 65.8532
2488 65.8387
2489 65.8455
2490 65.7874
2491 65.9817
2492 65.9991
2493 66.0856
2494 65.7255
2495 65.9115
2496 65.956
2497 65.8465
2498 65.8959
2499 66.1281
2500 66.1755
2501 65.7345
2502 66.1783
2503 66.0228
2504 66.259
2505 65.7805
2506 65.9103
2507 65.7629
2508 65.9113
2509 65.5154
2510 65.9047
2511 65.7743
2512 65.7948
2513 65.9233
2514 65.8931
2515 65.8986
2516 65.716
2517 65.739
2518 65.9336
2519 65.9535
2520 65.7941
2521 65.7729
2522 66.2618
2523 66.1504
2524 65.81
2525 65.9627
2526 66.1722
2527 66.0645
2528 65.8342
2529 65.8697
2530 65.8889
2531 65.8568
2532 66.0907
2533 66.023
2534 65.8353
2535 65.9343
2536 66.0309
2537 66.3129
2538 66.2951
2539 65.8354
2540 65.7792
2541 65.7917
2542 65.6356
2543 65.6928
2544 65.8543
2545 65.7252
2546 65.8205
2547 65.6605
2548 65.9981
2549 65.6342
2550 66.0713
2551 65.8158
2552 65.9298
2553 65.6824
2554 65.7549
2555 66.1009
2556 66.1278
2557 65.9304
2558 65.9912
2559 66.0176
2560 66.1185
2561 65.5922
2562 65.7356
2563 65.8494
2564 66.038
2565 66.0683
2566 65.976
2567 65.6967
2568 65.9279
2569 65.9692
2570 66.0718
2571 65.9207
2572 66.2634
2573 66.2222
2574 66.1006
2575 65.6499
2576 66.1069
2577 65.9523
2578 65.7493
2579 65.7225
2580 65.5719
2581 65.9699
2582 65.8775
2583 66.122
2584 66.0469
2585 65.9671
2586 66.1607
2587 66.0493
2588 65.7377
2589 65.9745
2590 66.3206
2591 65.9994
2592 65.5684
2593 65.4356
2594 65.5181
2595 65.8078
2596 65.9034
2597 65.9307
2598 65.8183
2599 65.994
2600 66.0927
2601 65.9485
2602 65.7187
2603 66.095
2604 66.0852
2605 66.0861
2606 65.9148
2607 66.0739
2608 65.9053
2609 66.1635
2610 66.1114
2611 65.8329
2612 65.5433
2613 65.7021
2614 66.1547
2615 66.0967
2616 65.713
2617 65.93
2618 66.0298
2619 65.7791
2620 65.549
2621 65.8711
2622 65.7356
2623 65.8088
2624 66.0688
2625 65.9659
2626 66.1862
2627 66.0984
2628 65.8464
2629 65.8289
2630 65.7856
2631 65.8161
2632 65.5653
2633 65.8066
2634 66.0844
2635 65.8151
2636 65.9093
2637 65.8775
2638 66.1241
2639 66.0374
2640 66.3176
2641 66.0576
2642 66.0597
2643 65.9673
2644 65.8374
2645 65.9388
2646 65.91
2647 66.0048
2648 65.859
2649 65.931
2650 65.8519
2651 65.7232
2652 65.9035
2653 66.0865
2654 65.8277
2655 66.2312
2656 66.0216
2657 65.9255
2658 65.7181
2659 65.4456
2660 66.0882
2661 65.607
2662 65.6862
2663 65.7259
2664 66.0702
2665 66.0844
2666 66.1587
2667 66.129
2668 66.1793
2669 66.1002
2670 65.9769
2671 65.7453
2672 65.9523
2673 65.7411
2674 65.958
2675 65.7326
2676 65.8438
2677 65.67
2678 65.9542
2679 65.9738
2680 65.8633
2681 66.0252
2682 65.7593
2683 66.1202
2684 66.2809
2685 66.1534
2686 66.0312
2687 65.9877
2688 66.0624
2689 65.7285
2690 66.064
2691 65.7473
2692 66.255
2693 66.1108
2694 65.8828
2695 66.0659
2696 65.9606
2697 66.0403
2698 66.2232
2699 65.6753
2700 65.9155
2701 66.2339
2702 65.9972
2703 66.0005
2704 66.049
2705 65.9486
2706 65.8966
2707 65.8573
2708 65.8405
2709 65.8899
2710 65.7662
2711 66.0161
2712 65.9683
2713 66.0989
2714 65.6844
2715 65.9982
2716 66.0222
2717 65.755
2718 65.7984
2719 66.2843
2720 65.9119
2721 66.0704
2722 66.1166
2723 65.6321
2724 65.8052
2725 66.1365
2726 66.1777
2727 66.3655
2728 65.9461
2729 65.989
2730 66.0372
2731 65.6268
2732 65.92
2733 65.886
2734 65.9093
2735 66.0971
2736 65.998
2737 65.7428
2738 65.9021
2739 65.8412
2740 65.7126
2741 65.7976
2742 65.8698
2743 66.1404
2744 65.8816
2745 65.8273
2746 66.0352
2747 65.9649
2748 66.0797
2749 65.913
2750 65.7881
2751 65.9506
2752 65.8702
2753 65.7334
2754 65.7644
2755 65.9777
2756 66.4598
2757 66.1702
2758 66.137
2759 66.051
2760 65.7711
2761 65.8839
2762 66.0521
2763 66.2065
2764 66.1648
2765 66.1458
2766 65.819
2767 66.0227
2768 66.1177
2769 66.2106
2770 66.1544
2771 65.9844
2772 65.7229
2773 66.0085
2774 65.8645
2775 65.8355
2776 66.2293
2777 65.8295
2778 65.8546
2779 65.8783
2780 65.891
2781 65.9748
2782 65.9815
2783 66.1018
2784 65.769
2785 65.5709
2786 66.2357
2787 65.8502
2788 65.9462
2789 65.8395
2790 66.3075
2791 65.9862
2792 65.8605
2793 65.9971
2794 66.1726
2795 65.9878
2796 65.7355
2797 65.8011
2798 66.0305
2799 66.3214
2800 65.8304
2801 65.8448
2802 65.7147
2803 65.6851
2804 65.752
2805 65.4684
2806 65.6445
2807 66.1191
2808 66.0805
2809 65.7244
2810 65.9531
2811 65.771
2812 65.834
2813 66.073
2814 66.106
2815 65.9133
2816 65.6807
2817 65.7803
2818 65.9424
2819 66.3159
2820 65.8579
2821 66.1286
2822 65.8015
2823 66.129
2824 65.8621
2825 65.776
2826 66.1021
2827 66.0019
2828 66.1032
2829 66.3197
2830 65.9229
2831 65.7337
2832 65.6967
2833 65.6824
2834 66.0725
2835 65.7354
2836 65.9669
2837 65.8792
2838 66.0522
2839 65.7265
2840 65.9577
2841 65.9709
2842 65.6936
2843 65.6123
2844 65.8538
2845 65.7188
2846 65.7816
2847 66.0779
2848 66.0632
2849 65.5924
2850 65.7734
2851 66.1484
2852 66.0486
2853 65.768
2854 65.9675
2855 65.6909
2856 66.0379
2857 66.0399
2858 66.0465
2859 66.3795
2860 66.025
2861 65.8013
2862 65.9777
2863 65.9529
2864 65.9612
2865 66.1305
2866 65.9736
2867 65.8614
2868 65.905
2869 66.0917
2870 65.6811
2871 65.8508
2872 66.0149
2873 66.4343
2874 65.8666
2875 65.993
2876 65.5746
2877 65.8911
2878 65.9221
2879 65.9379
2880 65.7708
2881 65.792
2882 66.1218
2883 65.7121
2884 66.1422
2885 65.8704
2886 66.0125
2887 65.8275
2888 65.9822
2889 66.1104
2890 66.0344
2891 66.0017
2892 66.0109
2893 65.8231
2894 66.0733
2895 65.9043
2896 66.0786
2897 65.8284
2898 66.2064
2899 66.1056
2900 66.1697
2901 66.2428
2902 65.9409
2903 65.9563
2904 66.1055
2905 66.0288
2906 66.0572
2907 66.5647
2908 65.9324
2909 65.9652
2910 65.8235
2911 65.8874
2912 66.134
2913 66.0846
2914 66.1619
2915 65.8512
2916 65.9503
2917 66.0271
2918 65.9798
2919 66.0957
2920 66.1216
2921 66.1315
2922 65.82
2923 65.9849
2924 65.9964
2925 65.7783
2926 65.9243
2927 65.789
2928 65.8925
2929 66.0406
2930 66.2363
2931 66.3103
2932 66.2917
2933 66.1299
2934 65.9741
2935 65.8459
2936 65.6799
2937 65.8342
2938 65.9069
2939 66.2414
2940 65.9718
2941 65.958
2942 65.8737
2943 65.9261
2944 66.2194
2945 66.3697
2946 66.1983
2947 66.0807
2948 66.1608
2949 65.943
2950 65.9565
2951 65.902
2952 65.9848
2953 65.9266
2954 65.9539
2955 66.0542
2956 66.0641
2957 65.8574
2958 65.7602
2959 65.7792
2960 66.2648
2961 66.0754
2962 65.9975
2963 65.893
2964 65.996
2965 65.6626
2966 65.6511
2967 66.1766
2968 65.9723
2969 65.7613
2970 66.149
2971 65.9255
2972 65.6707
2973 65.6514
2974 65.7094
2975 65.7833
2976 65.6287
2977 65.4956
2978 66.1602
2979 66.1886
2980 66.0627
2981 66.1269
2982 66.1316
2983 65.8327
2984 65.9448
2985 66.2066
2986 65.8098
2987 66.0067
2988 66.305
2989 65.9954
2990 66.192
2991 65.9107
2992 65.8668
2993 66.0064
2994 66.0937
2995 66.0321
2996 66.2577
2997 66.1235
2998 66.0043
2999 66.3522
3000 66.1984
3001 65.6665
3002 65.9165
3003 65.8373
3004 66.0735
3005 65.9465
3006 65.8444
3007 65.8356
3008 65.9067
3009 65.7538
3010 66.0342
3011 65.9838
3012 66.1785
3013 66.2985
3014 66.1375
3015 66.1498
3016 65.8845
3017 65.8731
3018 65.8862
3019 65.8172
3020 66.154
3021 65.9711
3022 65.6768
3023 65.8528
3024 66.049
3025 65.7825
3026 66.1368
3027 65.923
3028 65.7657
3029 65.8911
3030 66.1168
3031 65.9766
3032 65.7596
3033 65.824
3034 66.0504
3035 65.957
3036 65.8817
3037 66.0028
3038 65.9752
3039 66.0498
3040 65.8293
3041 66.1986
3042 66.168
3043 66.2513
3044 66.1407
3045 65.8598
3046 65.7328
3047 66.0972
3048 65.7037
3049 65.6798
3050 65.6131
3051 65.761
3052 65.9586
3053 65.8767
3054 66.0953
3055 65.7756
3056 65.884
3057 65.6715
3058 65.5517
3059 65.8119
3060 65.6286
3061 66.0403
3062 65.9668
3063 65.9343
3064 65.7491
3065 65.7088
3066 66.1606
3067 66.0616
3068 66.1051
3069 65.9113
3070 65.9798
3071 65.9006
3072 65.9781
3073 66.0446
3074 66.0464
3075 66.0835
3076 65.7283
3077 65.8873
3078 66.0906
3079 66.0207
3080 66.1842
3081 66.2359
3082 66.1394
3083 65.8224
3084 65.6783
3085 65.9512
3086 65.8886
3087 65.6354
3088 65.8828
3089 66.2129
3090 65.9228
3091 66.1496
3092 66.1335
3093 65.7288
3094 65.6624
3095 65.5297
3096 65.7588
3097 65.8484
3098 65.8665
3099 66.2689
3100 66.0427
3101 66.0117
3102 66.0727
3103 65.857
3104 65.869
3105 66.4192
3106 65.8046
3107 66.0266
3108 66.1623
3109 66.1813
3110 65.8352
3111 66.0673
3112 65.9652
3113 65.7904
3114 65.3443
3115 65.8895
3116 65.6765
3117 65.7905
3118 65.9247
3119 65.5414
3120 65.8052
3121 65.8925
3122 65.8474
3123 66.0704
3124 65.9283
3125 65.5642
3126 65.4832
3127 65.5697
3128 66.166
3129 65.8072
3130 65.8124
3131 65.7997
3132 66.2273
3133 65.8012
3134 65.7353
3135 65.616
3136 65.8377
3137 66.0372
3138 65.7432
3139 65.8523
3140 65.9361
3141 66.3641
3142 66.5176
3143 65.9536
3144 65.8328
3145 66.0003
3146 65.9677
3147 65.821
3148 65.6801
3149 66.0558
3150 65.5509
3151 66.0646
3152 65.7513
3153 66.2204
3154 66.0704
3155 66.0804
3156 65.9687
3157 65.8286
3158 65.7701
3159 65.8953
3160 65.6149
3161 65.8003
3162 65.9143
3163 66.3457
3164 66.3105
3165 66.0806
3166 66.0812
3167 66.0274
3168 66.0099
3169 66.2165
3170 66.229
3171 65.9689
3172 66.1745
3173 66.0397
3174 65.7362
3175 65.622
3176 65.764
3177 65.6667
3178 65.849
3179 66.2405
3180 66.1869
3181 65.9219
3182 65.9689
3183 65.9083
3184 65.8505
3185 65.7596
3186 65.8154
3187 66.0393
3188 66.0477
3189 66.0728
3190 65.8128
3191 65.9593
3192 66.0035
3193 65.9933
3194 65.8837
3195 65.8191
3196 65.6452
3197 65.9193
3198 65.9318
3199 66.1271
3200 65.8212
3201 65.8859
3202 65.9851
3203 66.0254
3204 65.7242
3205 65.8232
3206 65.6687
3207 65.9816
3208 65.948
3209 65.9373
3210 66.1175
3211 66.0267
3212 66.3447
3213 65.9089
3214 66.0513
3215 65.8218
3216 65.8303
3217 66.1695
3218 65.8286
3219 65.7275
3220 65.691
3221 65.8188
3222 65.8161
3223 65.7595
3224 65.7334
3225 65.9002
3226 65.959
3227 65.6726
3228 65.8461
3229 65.8903
3230 65.7683
3231 65.8299
3232 65.7532
3233 65.9124
3234 65.9074
3235 65.7001
3236 65.7924
3237 65.8012
3238 65.8362
3239 66.3508
3240 66.4432
3241 66.2474
3242 65.9313
3243 66.1589
3244 65.8775
3245 66.0745
3246 65.7264
3247 65.7047
3248 65.9442
3249 66.1421
3250 65.9195
3251 66.1877
3252 66.1645
3253 66.2894
3254 65.9593
3255 66.0504
3256 65.8346
3257 66.1722
3258 66.2456
3259 66.2728
3260 66.0731
3261 65.9841
3262 65.9146
3263 65.697
3264 66.0033
3265 65.9866
3266 65.7333
3267 65.8799
3268 66.0401
3269 65.8831
3270 65.8525
3271 66.1026
3272 65.8597
3273 65.8532
3274 66.1228
3275 66.0007
3276 65.8962
3277 65.921
3278 65.9304
3279 65.7886
3280 65.8726
3281 65.7372
3282 65.7435
3283 65.92
3284 66.0707
3285 65.9129
3286 65.9995
3287 65.9315
3288 66.2513
3289 66.334
3290 65.7337
3291 65.9608
3292 65.9874
3293 65.9347
3294 65.8452
3295 66.0681
3296 65.9505
3297 65.5112
3298 65.6962
3299 66.0722
3300 66.0085
3301 65.7172
3302 65.9413
3303 65.9322
3304 65.7407
3305 65.926
3306 65.5721
3307 65.7506
3308 65.7324
3309 66.3038
3310 65.9554
3311 66.0196
3312 65.6847
3313 66.0162
3314 65.9355
3315 66.1088
3316 66.2826
3317 65.9445
3318 65.6413
3319 65.878
3320 65.8627
3321 66.1243
3322 66.243
3323 65.9264
3324 65.7257
3325 65.671
3326 65.8765
3327 65.9766
3328 65.5967
3329 65.6288
3330 65.6606
3331 65.9782
3332 66.0185
3333 65.9138
3334 65.9816
3335 66.5114
3336 66.2121
3337 66.0668
3338 65.8092
3339 65.5947
3340 65.901
3341 66.1162
3342 66.0911
3343 65.9263
3344 66.1221
3345 65.9497
3346 65.8424
3347 65.5887
3348 65.8474
3349 66.3276
3350 65.8737
3351 65.7233
3352 65.7698
3353 66.0504
3354 66.3127
3355 66.0157
3356 65.758
3357 65.8992
3358 65.6252
3359 65.8435
3360 65.9658
3361 66.0931
3362 65.9816
3363 65.7541
3364 65.9593
3365 65.8446
3366 66.2417
3367 65.9369
3368 65.8749
3369 65.8019
3370 65.6462
3371 65.7835
3372 65.999
3373 65.6728
3374 65.739
3375 65.8076
3376 65.7624
3377 65.6831
3378 65.8313
3379 65.6839
3380 65.7124
3381 66.0047
3382 65.6828
3383 65.7691
3384 65.7422
3385 65.987
3386 66.2848
3387 66.0629
3388 66.1121
3389 66.1551
3390 65.9
3391 66.139
3392 65.9117
3393 66.0408
3394 65.6274
3395 65.975
3396 65.9459
3397 65.8165
3398 65.7302
3399 65.9429
3400 65.8183
3401 66.0429
3402 65.6587
3403 65.9432
3404 65.8269
3405 66.2341
3406 65.7976
3407 65.8707
3408 65.8009
3409 66.2896
3410 65.9111
3411 65.9938
3412 65.9051
3413 65.8886
3414 66.1594
3415 66.0206
3416 65.5686
3417 66.0265
3418 65.673
3419 65.5539
3420 65.8759
3421 66.1524
3422 65.9964
3423 65.7089
3424 65.9794
3425 66.0486
3426 65.924
3427 65.799
3428 65.8737
3429 65.718
3430 65.8682
3431 66.1416
3432 65.7125
3433 65.7532
3434 65.9642
3435 66.0986
3436 65.8702
3437 65.999
3438 66.2302
3439 65.8987
3440 65.8171
3441 65.6002
3442 65.6777
3443 65.8171
3444 65.6782
3445 65.6867
3446 65.9215
3447 65.9084
3448 65.9083
3449 65.8746
3450 66.0447
3451 65.9764
3452 66.0386
3453 65.688
3454 65.8053
3455 66.0125
3456 65.6525
3457 65.9492
3458 65.8583
3459 65.8433
3460 65.8968
3461 65.7715
3462 66.1821
3463 65.8629
3464 66.0302
3465 65.9141
3466 65.6516
3467 65.7413
3468 65.8762
3469 65.9228
3470 66.4211
3471 65.8871
3472 65.947
3473 65.8786
3474 66.1031
3475 65.8863
3476 66.3508
3477 66.2775
3478 65.7663
3479 66.0721
3480 65.6839
3481 65.552
3482 65.7147
3483 65.6885
3484 65.9959
3485 65.7415
3486 65.6464
3487 65.5539
3488 65.6147
3489 66.1191
3490 66.1996
3491 65.9085
3492 66.0499
3493 66.139
3494 66.0362
3495 65.8641
3496 66.1664
3497 66.0553
3498 65.922
3499 66.1098
3500 66.0442
