1 405.489
2 362.557
3 352.571
4 337.688
5 325.895
6 309.982
7 303.865
8 296.677
9 284.845
10 276.455
11 265.503
12 257.955
13 249.015
14 242.254
15 236.716
16 231.64
17 221.965
18 218.082
19 211.461
20 208.449
21 202.908
22 196.939
23 193.282
24 189.985
25 185.885
26 181.807
27 177.374
28 174.765
29 172.93
30 171.219
31 168.525
32 166.836
33 165.205
34 163.204
35 159.413
36 157.299
37 155.836
38 154.249
39 153.403
40 152.251
41 150.307
42 148.61
43 145.829
44 144.974
45 143.435
46 141.405
47 140.011
48 137.729
49 136.169
50 135.54
51 132.626
52 130.895
53 129.978
54 128.079
55 126.535
56 125.59
57 124.043
58 122.52
59 121.042
60 117.647
61 117.327
62 116.026
63 115.077
64 113.83
65 112.72
66 111.633
67 110.51
68 109.035
69 107.621
70 107.233
71 105.995
72 105.497
73 104.455
74 104.114
75 103.37
76 103.029
77 102.45
78 101.689
79 100.781
80 99.5974
81 98.3794
82 97.6086
83 96.3749
84 95.9635
85 95.589
86 94.5517
87 92.6697
88 92.1906
89 91.4204
90 91.2491
91 90.4789
92 90.4211
93 90.2723
94 89.8564
95 88.4186
96 88.2193
97 88.1025
98 87.6598
99 85.7882
100 85.2383
101 85.2383
102 84.8379
103 84.4591
104 84.1635
105 83.4771
106 82.8355
107 82.5544
108 82.4227
109 82.052
110 80.7035
111 80.7035
112 80.7035
113 80.493
114 80.2441
115 79.9093
116 79.807
117 79.3271
118 79.2857
119 79.2135
120 79.1164
121 78.7608
122 78.3865
123 78.2894
124 78.2894
125 78.2894
126 78.2894
127 78.2894
128 78.2389
129 77.7208
130 77.4539
131 77.1349
132 76.9293
133 76.9293
134 76.9293
135 76.9293
136 75.8624
137 75.8624
138 75.7183
139 75.5946
140 75.4504
141 75.3893
142 75.3893
143 75.3893
144 75.3893
145 75.3202
146 75.3202
147 75.3202
148 75.3202
149 75.3202
150 72.6015
151 72.4154
152 72.4154
153 72.4154
154 72.4154
155 72.4154
156 72.4154
157 71.9341
158 71.5919
159 71.5919
160 71.5919
161 71.5919
162 71.5919
163 71.5919
164 71.5919
165 71.5919
166 71.5919
167 71.5919
168 71.5919
169 71.2189
170 71.2189
171 71.2189
172 71.2189
173 71.2189
174 71.2189
175 71.2189
176 71.2189
177 71.2189
178 71.2189
179 71.2189
180 71.2189
181 71.2189
182 71.2189
183 71.2189
184 71.2189
185 71.2189
186 71.2189
187 71.2189
188 71.2189
189 71.2189
190 71.2189
191 71.2133
192 71.2133
193 71.2133
194 71.2133
195 71.2133
196 71.2133
197 71.2133
198 71.2133
199 71.2133
200 71.2133
201 71.2133
202 71.2133
203 70.9055
204 70.9055
205 70.9055
206 70.9055
207 70.9055
208 70.7565
209 70.7565
210 70.7565
211 70.7565
212 70.7565
213 70.7565
214 70.7565
215 70.7565
216 70.7565
217 70.7565
218 70.7565
219 70.7565
220 70.7565
221 70.7565
222 70.7565
223 70.7565
224 70.5441
225 70.5441
226 70.5441
227 70.5441
228 70.5441
229 70.1549
230 70.1549
231 70.1549
232 70.1549
233 70.1549
234 70.1549
235 70.1549
236 70.1549
237 70.1549
238 70.1549
239 70.1549
240 70.1549
241 70.1549
242 70.1549
243 70.1549
244 70.1549
245 70.1549
246 70.1549
247 70.1549
248 70.1549
249 70.1549
250 70.1549
251 70.1549
252 70.1549
253 70.1549
254 70.1549
255 70.1549
256 70.1549
257 70.1549
258 70.1549
259 70.1549
260 70.1549
261 70.1549
262 70.1549
263 70.1549
264 70.1549
265 70.1549
266 70.1549
267 70.1549
268 70.1549
269 70.1549
270 68.717
271 68.717
272 68.717
273 68.717
274 68.717
275 68.717
276 68.717
277 68.717
278 68.717
279 68.717
280 68.717
281 68.717
282 68.717
283 68.717
284 68.717
285 68.717
286 68.717
287 68.717
288 68.717
289 68.717
290 68.717
291 68.717
292 68.717
293 68.717
294 68.717
295 68.717
296 68.717
297 68.717
298 68.717
299 68.717
300 68.717
301 68.717
302 68.717
303 68.717
304 68.717
305 68.717
306 68.717
307 68.717
308 68.717
309 68.5745
310 68.5745
311 68.5745
312 68.5745
313 68.5745
314 68.5745
315 68.5745
316 68.5745
317 68.5745
318 68.5745
319 68.5745
320 68.5745
321 68.5745
322 68.5745
323 68.5745
324 68.5745
325 68.5745
326 68.5745
327 68.5745
328 68.5745
329 68.5745
330 68.5745
331 68.5745
332 68.5745
333 68.5745
334 68.5745
335 68.5745
336 68.5745
337 68.5745
338 68.5745
339 68.5745
340 68.5745
341 68.5745
342 68.5745
343 68.5745
344 68.5745
345 68.5745
346 68.5745
347 68.5745
348 68.5745
349 68.5745
350 68.5745
351 68.5745
352 68.5745
353 68.5745
354 68.5745
355 68.5745
356 68.5745
357 68.5745
358 68.5745
359 68.5745
360 68.5745
361 68.5745
362 68.5745
363 68.5745
364 68.5745
365 68.5745
366 68.5745
367 68.3435
368 68.3435
369 68.3435
370 68.3435
371 68.3435
372 68.3435
373 68.3435
374 68.3435
375 68.3435
376 68.3435
377 68.151
378 68.151
379 68.151
380 68.151
381 68.151
382 68.151
383 68.151
384 68.151
385 68.151
386 68.151
387 68.151
388 68.151
389 68.151
390 68.151
391 68.151
392 68.151
393 68.151
394 68.151
395 68.151
396 68.151
397 68.151
398 68.151
399 68.151
400 68.151
401 68.151
402 68.151
403 68.151
404 68.151
405 68.151
406 68.151
407 68.151
408 68.151
409 68.151
410 68.151
411 68.151
412 68.151
413 68.151
414 68.151
415 68.151
416 68.151
417 68.151
418 68.151
419 68.151
420 66.5435
421 66.5435
422 66.5435
423 66.5435
424 66.5435
425 66.5435
426 66.5435
427 66.5435
428 66.5435
429 66.5435
430 66.5435
431 66.5435
432 66.5435
433 66.5435
434 66.5435
435 66.5435
436 66.5435
437 66.5435
438 66.5435
439 66.5435
440 66.5435
441 66.5435
442 66.5435
443 66.5435
444 66.5435
445 66.5435
446 66.5435
447 66.5435
448 66.5435
449 66.5435
450 66.5435
451 66.5435
452 66.5435
453 66.5435
454 66.5435
455 66.5435
456 66.5435
457 66.5435
458 66.5435
459 66.5435
460 66.5435
461 66.5435
462 66.5435
463 66.5435
464 66.5435
465 66.5435
466 66.5435
467 66.5435
468 66.5435
469 66.5435
470 66.5435
471 66.5435
472 66.5435
473 66.5435
474 66.5435
475 66.5435
476 66.5435
477 66.5435
478 66.5435
479 66.5435
480 66.5435
481 66.5435
482 66.5435
483 66.5435
484 66.5435
485 66.5435
486 66.5435
487 66.5435
488 66.5435
489 66.5435
490 66.5435
491 66.5435
492 66.5435
493 66.5435
494 66.5435
495 66.5435
496 66.5435
497 66.5435
498 66.5435
499 66.5435
500 66.5435
501 66.5435
502 66.5435
503 66.5435
504 66.5435
505 66.5435
506 66.5435
507 66.5435
508 66.5435
509 66.5435
510 66.5435
511 66.5435
512 66.5435
513 66.5435
514 66.5435
515 66.5435
516 66.5435
517 66.5435
518 66.5435
519 66.5435
520 66.5435
521 66.5435
522 66.5435
523 66.5435
524 66.5435
525 66.5435
526 66.5435
527 66.5435
528 66.5435
529 66.5435
530 66.5435
531 66.5435
532 66.5435
533 66.5435
534 66.5435
535 66.5435
536 66.5435
537 66.5435
538 66.5435
539 66.5435
540 66.5435
541 66.5435
542 66.5435
543 66.5435
544 66.5435
545 66.5435
546 66.5435
547 66.5435
548 66.5435
549 66.5435
550 66.5435
551 66.5435
552 66.5435
553 66.5435
554 66.5435
555 66.5435
556 66.5435
557 66.5435
558 66.5435
559 66.5435
560 66.5435
561 66.5435
562 66.5435
563 66.5435
564 66.5435
565 66.5435
566 66.5435
567 66.5435
568 66.5435
569 66.5435
570 66.5435
571 66.5435
572 66.5435
573 66.5435
574 66.5435
575 66.5435
576 66.5435
577 66.5435
578 66.5435
579 66.5435
580 66.5435
581 66.5435
582 66.5435
583 66.5435
584 66.5435
585 66.5435
586 66.5435
587 66.5435
588 66.5435
589 66.5435
590 66.5435
591 66.5435
592 66.5435
593 66.5435
594 66.5435
595 66.5435
596 66.5435
597 66.5435
598 66.5435
599 66.5435
600 66.5435
601 66.5435
602 66.5435
603 66.5435
604 66.5435
605 66.5435
606 66.5435
607 66.5435
608 66.5435
609 66.5435
610 66.5435
611 66.5435
612 66.5435
613 66.5435
614 66.5435
615 66.5435
616 66.5435
617 66.5435
618 66.5435
619 66.5435
620 66.5435
621 66.5435
622 66.5435
623 66.5435
624 66.5435
625 66.5435
626 66.5435
627 66.5435
628 66.5435
629 66.5435
630 66.5435
631 66.5435
632 66.5435
633 66.5435
634 66.5435
635 66.5435
636 66.5435
637 66.5435
638 66.5435
639 66.5435
640 66.5435
641 66.5435
642 66.5435
643 66.5435
644 66.5435
645 66.5435
646 66.5435
647 66.5435
648 66.5435
649 66.5435
650 66.5435
651 66.5435
652 66.5435
653 66.5435
654 66.5435
655 66.5435
656 66.5435
657 66.5435
658 66.5435
659 66.5435
660 66.5435
661 66.5435
662 66.5435
663 66.5435
664 66.5435
665 66.5435
666 66.5435
667 66.5435
668 66.5435
669 66.5435
670 66.5435
671 66.5435
672 66.5435
673 66.5435
674 66.5435
675 66.5435
676 66.5435
677 66.5435
678 66.5435
679 66.5435
680 66.5435
681 66.5435
682 66.5435
683 66.5435
684 66.5435
685 66.5435
686 66.5435
687 66.5435
688 66.5435
689 66.5435
690 66.5435
691 66.5435
692 66.5435
693 66.5435
694 66.5435
695 66.5435
696 66.5435
697 66.5435
698 66.5435
699 66.5435
700 66.5435
701 66.5435
702 66.5435
703 66.5435
704 66.5435
705 66.5435
706 66.5435
707 66.5435
708 66.5435
709 66.5435
710 66.5435
711 66.5435
712 66.5435
713 66.5435
714 66.5435
715 66.5435
716 66.5435
717 66.5435
718 66.5435
719 66.5435
720 66.5435
721 66.5435
722 66.5435
723 66.5435
724 66.5435
725 66.5435
726 66.5435
727 66.5435
728 66.5435
729 66.5435
730 66.5435
731 66.5435
732 66.5435
733 66.5435
734 66.5435
735 66.5435
736 66.5435
737 66.5435
738 66.5435
739 66.5435
740 66.5435
741 66.5435
742 66.5435
743 66.5435
744 66.5435
745 66.5435
746 66.5435
747 66.5435
748 66.5435
749 66.5435
750 66.5435
751 66.5435
752 66.5435
753 66.5435
754 66.5435
755 66.5435
756 66.5435
757 66.5435
758 66.5435
759 66.5435
760 66.5435
761 66.5435
762 66.5435
763 66.5435
764 66.5435
765 66.5435
766 66.5435
767 66.5435
768 66.5435
769 66.5435
770 66.5435
771 66.5435
772 66.5435
773 66.5435
774 66.5435
775 66.5435
776 66.5435
777 66.5435
778 66.5435
779 66.5435
780 66.5435
781 66.5435
782 66.5435
783 66.5435
784 66.1599
785 66.1599
786 66.1599
787 66.1599
788 66.1599
789 66.1599
790 66.1599
791 66.1599
792 66.1599
793 66.1599
794 66.1599
795 66.1599
796 66.1599
797 66.1599
798 66.1599
799 66.1599
800 66.1599
801 66.1599
802 66.1599
803 66.1599
804 66.1599
805 66.1599
806 66.1599
807 66.1599
808 66.1599
809 66.1599
810 66.1599
811 66.1599
812 66.1599
813 66.1599
814 66.1599
815 66.1599
816 66.1599
817 66.1599
818 66.1599
819 66.1599
820 66.1599
821 66.1599
822 66.1599
823 66.1599
824 66.1599
825 66.1599
826 66.1599
827 66.1599
828 66.1599
829 66.1599
830 66.1599
831 66.1599
832 66.1599
833 66.1599
834 66.1599
835 66.1599
836 66.1599
837 66.1599
838 66.1599
839 66.1599
840 66.1599
841 66.1599
842 66.1599
843 66.1599
844 66.1599
845 66.1599
846 66.1599
847 66.1599
848 66.1599
849 66.1599
850 66.1599
851 66.1599
852 66.1599
853 66.1599
854 66.1599
855 66.1599
856 66.1599
857 66.1599
858 66.1599
859 66.1599
860 66.1599
861 66.1599
862 66.1599
863 66.1599
864 66.1599
865 66.1599
866 66.1599
867 66.1599
868 66.1599
869 66.1599
870 66.1599
871 66.1599
872 66.1599
873 66.1599
874 66.1599
875 66.1599
876 66.1599
877 66.1599
878 66.1599
879 66.1599
880 66.1599
881 66.1599
882 66.1599
883 66.1599
884 66.1599
885 66.1599
886 66.1599
887 66.1599
888 66.1599
889 66.1599
890 66.1599
891 66.1599
892 66.1599
893 66.1599
894 66.1599
895 66.1599
896 66.1599
897 66.1599
898 66.1599
899 66.1599
900 66.1599
901 66.1599
902 66.1599
903 66.1599
904 66.1599
905 66.1599
906 66.1599
907 66.1599
908 66.1599
909 66.1599
910 66.1599
911 66.1599
912 66.1599
913 66.1599
914 66.1599
915 66.1599
916 66.1599
917 66.1599
918 66.1599
919 66.1599
920 66.1599
921 66.1599
922 66.1599
923 66.1599
924 66.1599
925 66.1599
926 66.1599
927 66.1599
928 66.1599
929 66.1599
930 66.1599
931 66.1599
932 66.1599
933 66.1599
934 66.1599
935 66.1599
936 66.1599
937 66.1599
938 66.1599
939 66.1599
940 66.1599
941 66.1599
942 66.1599
943 66.1599
944 66.1599
945 66.1599
946 66.1599
947 66.1599
948 66.1599
949 66.1599
950 66.1599
951 66.1599
952 66.1599
953 66.1599
954 66.1599
955 66.1599
956 66.1599
957 66.1599
958 66.1599
959 66.1599
960 65.517
961 65.517
962 65.517
963 65.517
964 65.517
965 65.517
966 65.517
967 65.517
968 65.517
969 65.517
970 65.517
971 65.517
972 65.517
973 65.517
974 65.517
975 65.517
976 65.517
977 65.517
978 65.517
979 65.517
980 65.517
981 65.517
982 65.517
983 65.517
984 65.517
985 65.517
986 65.517
987 65.517
988 65.517
989 65.517
990 65.517
991 65.517
992 65.517
993 65.517
994 65.517
995 65.517
996 65.517
997 65.517
998 65.517
999 65.517
1000 65.517
1001 65.517
1002 65.517
1003 65.517
1004 65.517
1005 65.517
1006 65.517
1007 65.517
1008 65.517
1009 65.517
1010 65.517
1011 65.517
1012 65.517
1013 65.517
1014 65.517
1015 65.517
1016 65.517
1017 65.517
1018 65.517
1019 65.517
1020 65.517
1021 65.517
1022 65.517
1023 65.517
1024 65.517
1025 65.517
1026 65.517
1027 65.517
1028 65.517
1029 65.517
1030 65.517
1031 65.517
1032 65.517
1033 65.517
1034 65.517
1035 65.517
1036 65.517
1037 65.517
1038 65.517
1039 65.517
1040 65.517
1041 65.517
1042 65.517
1043 65.517
1044 65.517
1045 65.517
1046 65.517
1047 65.517
1048 65.517
1049 65.517
1050 65.517
1051 65.517
1052 65.517
1053 65.517
1054 65.517
1055 65.517
1056 65.517
1057 65.517
1058 65.517
1059 65.517
1060 65.517
1061 65.517
1062 65.517
1063 65.517
1064 65.517
1065 65.517
1066 65.517
1067 65.517
1068 65.517
1069 65.517
1070 65.517
1071 65.517
1072 65.517
1073 65.517
1074 65.517
1075 65.517
1076 65.517
1077 65.517
1078 65.517
1079 65.517
1080 65.517
1081 65.517
1082 65.517
1083 65.517
1084 65.517
1085 65.517
1086 65.517
1087 65.517
1088 65.517
1089 65.517
1090 65.517
1091 65.517
1092 65.517
1093 65.517
1094 65.517
1095 65.517
1096 65.517
1097 65.517
1098 65.517
1099 65.517
1100 65.517
1101 65.517
1102 65.517
1103 65.517
1104 65.517
1105 65.517
1106 65.517
1107 65.517
1108 65.517
1109 65.517
1110 65.517
1111 65.517
1112 65.517
1113 65.517
1114 65.517
1115 65.517
1116 65.517
1117 65.517
1118 65.517
1119 65.517
1120 65.517
1121 65.517
1122 65.517
1123 65.517
1124 65.517
1125 65.517
1126 65.517
1127 65.517
1128 65.517
1129 65.517
1130 65.517
1131 65.517
1132 65.517
1133 65.517
1134 65.517
1135 65.517
1136 65.517
1137 65.517
1138 65.517
1139 65.517
1140 65.517
1141 65.517
1142 65.517
1143 65.517
1144 65.517
1145 65.517
1146 65.517
1147 65.517
1148 65.517
1149 65.517
1150 65.517
1151 65.517
1152 65.517
1153 65.517
1154 65.517
1155 65.517
1156 65.517
1157 65.517
1158 65.517
1159 65.517
1160 65.517
1161 65.517
1162 65.517
1163 65.517
1164 65.517
1165 65.517
1166 65.517
1167 65.517
1168 65.517
1169 65.517
1170 65.517
1171 65.517
1172 65.517
1173 65.517
1174 65.517
1175 65.517
1176 65.517
1177 65.517
1178 65.517
1179 65.517
1180 65.517
1181 65.517
1182 65.517
1183 65.517
1184 65.517
1185 65.517
1186 65.517
1187 65.517
1188 65.517
1189 65.517
1190 65.517
1191 65.517
1192 65.517
1193 65.517
1194 65.517
1195 65.517
1196 65.517
1197 65.517
1198 65.517
1199 65.517
1200 65.4566
1201 65.4566
1202 65.4566
1203 65.4566
1204 65.4566
1205 65.4566
1206 65.4566
1207 65.4566
1208 65.4566
1209 65.4566
1210 65.4566
1211 65.4566
1212 65.4566
1213 65.4566
1214 65.4566
1215 65.4566
1216 65.4566
1217 65.4566
1218 65.4566
1219 65.4566
1220 65.4566
1221 65.4566
1222 65.4566
1223 65.4566
1224 65.4566
1225 65.4566
1226 65.4566
1227 65.4566
1228 65.4566
1229 65.4566
1230 65.4566
1231 65.4566
1232 65.4566
1233 65.4566
1234 65.4566
1235 65.4566
1236 65.4566
1237 65.4566
1238 65.4566
1239 65.4566
1240 65.4566
1241 65.4566
1242 65.4566
1243 65.4566
1244 65.4566
1245 65.4566
1246 65.4566
1247 65.4566
1248 65.4566
1249 65.4566
1250 65.4566
1251 65.4566
1252 65.4566
1253 65.4566
1254 65.4566
1255 65.4566
1256 65.4566
1257 65.4566
1258 65.4566
1259 65.4566
1260 65.4566
1261 65.4566
1262 65.4566
1263 65.4566
1264 65.4566
1265 65.4566
1266 65.4566
1267 65.4566
1268 65.4566
1269 65.4566
1270 65.4566
1271 65.4566
1272 65.4566
1273 65.4566
1274 65.4566
1275 65.4566
1276 65.4566
1277 65.4566
1278 65.4566
1279 65.4566
1280 65.4566
1281 65.4566
1282 65.4566
1283 65.4566
1284 65.4566
1285 65.4566
1286 65.4566
1287 65.4566
1288 65.4566
1289 65.4566
1290 65.4566
1291 65.4566
1292 65.4566
1293 65.4566
1294 65.4566
1295 65.4566
1296 65.4566
1297 65.4566
1298 65.4566
1299 65.4566
1300 65.4566
1301 65.4566
1302 65.4566
1303 65.4566
1304 65.4566
1305 65.4566
1306 65.4566
1307 65.4566
1308 65.4566
1309 65.4566
1310 65.4566
1311 65.4566
1312 65.4566
1313 65.4566
1314 65.4566
1315 65.4566
1316 65.4566
1317 65.4566
1318 65.4566
1319 65.4566
1320 65.4566
1321 65.4566
1322 65.4566
1323 65.4566
1324 65.4566
1325 65.4566
1326 65.4566
1327 65.4566
1328 65.4566
1329 65.4566
1330 65.4566
1331 65.4566
1332 65.4566
1333 65.4566
1334 65.4566
1335 65.4566
1336 65.4566
1337 65.4566
1338 65.4566
1339 65.4566
1340 65.4566
1341 65.4566
1342 65.4566
1343 65.4566
1344 65.4566
1345 65.4566
1346 65.4566
1347 65.4566
1348 65.4566
1349 65.4566
1350 65.4566
1351 65.4566
1352 65.4566
1353 65.4566
1354 65.4566
1355 65.4566
1356 65.4566
1357 65.4566
1358 65.4566
1359 65.4566
1360 65.4566
1361 65.4566
1362 65.4566
1363 65.4566
1364 65.4566
1365 65.4566
1366 65.4566
1367 65.4566
1368 65.4566
1369 65.4566
1370 65.4566
1371 65.4566
1372 65.4566
1373 65.4566
1374 65.4566
1375 65.4566
1376 65.4566
1377 65.4566
1378 65.4566
1379 65.4566
1380 65.4566
1381 65.4566
1382 65.4566
1383 65.4566
1384 65.4566
1385 65.4566
1386 65.4566
1387 65.4566
1388 65.4566
1389 65.4566
1390 65.4566
1391 65.4566
1392 65.4566
1393 65.4566
1394 65.4566
1395 65.4566
1396 65.4566
1397 65.4566
1398 65.4566
1399 65.4566
1400 65.4566
1401 65.4566
1402 65.4566
1403 65.4566
1404 65.4566
1405 65.4566
1406 65.4566
1407 65.4566
1408 65.4566
1409 65.4566
1410 65.4566
1411 65.4566
1412 65.4566
1413 65.4566
1414 65.4566
1415 65.4566
1416 65.4566
1417 65.4566
1418 65.4566
1419 65.4566
1420 65.4566
1421 65.4566
1422 65.4566
1423 65.4566
1424 65.4566
1425 65.4566
1426 65.4566
1427 65.4566
1428 65.4566
1429 65.4566
1430 65.4566
1431 65.4566
1432 65.4566
1433 65.4566
1434 65.4566
1435 65.4566
1436 65.4566
1437 65.4566
1438 65.4566
1439 65.4566
1440 65.4566
1441 65.4566
1442 65.4566
1443 65.4566
1444 65.4566
1445 65.4566
1446 65.4566
1447 65.4566
1448 65.4566
1449 65.4566
1450 65.4566
1451 65.4566
1452 65.4566
1453 65.4566
1454 65.4566
1455 65.4566
1456 65.4566
1457 65.4566
1458 65.4566
1459 65.4566
1460 65.4566
1461 65.4566
1462 65.4566
1463 65.4566
1464 65.4566
1465 65.4566
1466 65.4566
1467 65.4566
1468 65.4566
1469 65.4566
1470 65.4566
1471 65.4566
1472 65.4566
1473 65.4566
1474 65.4566
1475 65.4566
1476 65.4566
1477 65.4566
1478 65.4566
1479 65.4566
1480 65.4566
1481 65.4566
1482 65.4566
1483 65.4566
1484 65.4566
1485 65.4566
1486 65.4566
1487 65.4566
1488 65.4566
1489 65.4566
1490 65.4566
1491 65.4566
1492 65.4566
1493 65.4566
1494 65.4566
1495 65.4566
1496 65.4566
1497 65.4566
1498 65.4566
1499 65.4566
1500 65.4566
1501 65.4566
1502 65.4566
1503 65.4566
1504 65.4566
1505 65.4566
1506 65.4566
1507 65.4566
1508 65.4566
1509 65.4566
1510 65.4566
1511 65.4566
1512 65.4566
1513 65.4566
1514 65.4566
1515 65.4566
1516 65.4566
1517 65.4566
1518 65.4566
1519 65.4566
1520 65.4566
1521 65.4566
1522 65.4566
1523 65.4566
1524 65.4566
1525 65.4566
1526 65.4566
1527 65.4566
1528 65.4566
1529 65.4566
1530 65.4566
1531 65.4566
1532 65.4566
1533 65.4566
1534 65.4566
1535 65.4566
1536 65.4566
1537 65.4566
1538 65.4566
1539 65.4566
1540 65.4566
1541 65.4566
1542 65.4566
1543 65.4566
1544 65.4566
1545 65.4566
1546 65.4566
1547 65.4566
1548 65.4566
1549 65.4566
1550 65.4566
1551 65.4566
1552 65.4566
1553 65.4566
1554 65.4566
1555 65.4566
1556 65.4566
1557 65.4566
1558 65.4566
1559 65.4566
1560 65.4566
1561 65.4566
1562 65.4566
1563 65.4566
1564 65.4566
1565 65.4566
1566 65.4566
1567 65.4566
1568 65.4566
1569 65.4566
1570 65.4566
1571 65.4566
1572 65.4566
1573 65.4566
1574 65.4566
1575 65.4566
1576 65.4566
1577 65.4566
1578 65.4566
1579 65.4566
1580 65.4566
1581 65.4566
1582 65.4566
1583 65.4566
1584 65.4566
1585 65.4566
1586 65.4566
1587 65.4566
1588 65.4566
1589 65.4566
1590 65.4566
1591 65.4566
1592 65.4566
1593 65.4566
1594 65.4566
1595 65.4566
1596 65.4566
1597 65.4566
1598 65.4566
1599 65.4566
1600 65.4566
1601 65.4566
1602 65.4566
1603 65.4566
1604 65.4566
1605 65.4566
1606 65.4566
1607 65.4566
1608 65.4566
1609 65.4566
1610 65.4566
1611 65.4566
1612 65.4566
1613 65.4566
1614 65.4566
1615 65.4566
1616 65.4566
1617 65.4566
1618 65.4566
1619 65.4566
1620 65.4566
1621 65.4566
1622 65.4566
1623 65.4566
1624 65.4566
1625 65.4566
1626 65.4566
1627 65.4566
1628 65.4566
1629 65.4566
1630 65.4566
1631 65.4566
1632 65.4566
1633 65.4566
1634 65.4566
1635 65.4566
1636 65.4566
1637 65.4566
1638 65.4566
1639 65.4566
1640 65.4566
1641 65.4566
1642 65.4566
1643 65.4566
1644 65.4566
1645 65.4566
1646 65.4566
1647 65.4566
1648 65.4566
1649 65.4566
1650 65.4566
1651 65.4566
1652 65.4566
1653 65.4566
1654 65.4566
1655 65.4566
1656 65.4566
1657 65.4566
1658 65.4566
1659 65.4566
1660 65.4566
1661 65.4566
1662 65.4566
1663 65.4566
1664 65.4566
1665 65.4566
1666 65.4566
1667 65.4566
1668 65.4566
1669 65.4566
1670 65.4566
1671 65.4566
1672 65.4566
1673 65.4566
1674 65.4566
1675 65.4566
1676 65.4566
1677 65.4566
1678 65.4566
1679 65.4566
1680 65.4566
1681 65.4566
1682 65.4566
1683 65.4566
1684 65.4566
1685 65.4566
1686 65.4566
1687 65.4566
1688 65.4566
1689 65.4566
1690 65.4566
1691 65.4566
1692 65.4566
1693 65.4566
1694 65.4566
1695 65.4566
1696 65.4566
1697 65.4566
1698 65.4566
1699 65.4566
1700 65.4566
1701 65.4566
1702 65.4566
1703 65.4566
1704 65.4566
1705 65.4566
1706 65.4566
1707 65.4566
1708 65.4566
1709 65.4566
1710 65.4566
1711 65.4566
1712 65.4566
1713 65.4566
1714 65.4566
1715 65.4566
1716 65.4566
1717 65.4566
1718 65.4566
1719 65.4566
1720 65.4566
1721 65.4566
1722 65.4566
1723 65.4566
1724 65.4566
1725 65.4566
1726 65.4566
1727 65.4566
1728 65.4566
1729 65.4566
1730 65.4566
1731 65.4566
1732 65.4566
1733 65.4566
1734 65.4566
1735 65.4566
1736 65.4566
1737 65.4566
1738 65.4566
1739 65.4566
1740 65.4566
1741 65.4566
1742 65.4566
1743 65.4566
1744 65.4566
1745 65.4566
1746 65.4566
1747 65.4566
1748 65.4566
1749 65.4566
1750 65.4566
1751 65.4566
1752 65.4566
1753 65.4566
1754 65.4566
1755 65.4566
1756 65.4566
1757 65.4566
1758 65.4566
1759 65.4566
1760 65.4566
1761 65.4566
1762 65.4566
1763 65.4566
1764 65.4566
1765 65.4566
1766 65.4566
1767 65.4566
1768 65.4566
1769 65.4566
1770 65.4566
1771 65.4566
1772 65.4566
1773 65.4566
1774 65.4566
1775 65.4566
1776 65.4566
1777 65.4566
1778 65.4566
1779 65.4566
1780 65.4566
1781 65.4566
1782 65.4566
1783 65.4566
1784 65.4566
1785 65.4566
1786 65.4566
1787 65.4566
1788 65.4566
1789 65.4566
1790 65.4566
1791 65.4566
1792 65.4566
1793 65.4566
1794 65.4566
1795 65.4566
1796 65.4566
1797 65.4566
1798 65.4566
1799 65.4566
1800 65.4566
1801 65.4566
1802 65.4566
1803 65.4566
1804 65.4566
1805 65.4566
1806 65.4566
1807 65.4566
1808 65.4566
1809 65.4566
1810 65.4566
1811 65.4566
1812 65.4566
1813 65.4566
1814 65.4566
1815 65.4566
1816 65.4566
1817 65.4566
1818 65.4566
1819 65.4566
1820 65.4566
1821 65.4566
1822 65.4566
1823 65.4566
1824 65.4566
1825 65.4566
1826 65.4566
1827 65.4566
1828 65.4566
1829 65.4566
1830 65.4566
1831 65.4566
1832 65.4566
1833 65.4566
1834 65.4566
1835 65.4566
1836 65.4566
1837 65.4566
1838 65.4566
1839 65.4566
1840 65.4566
1841 65.4566
1842 65.4566
1843 65.4566
1844 65.4566
1845 65.4566
1846 65.4566
1847 65.4566
1848 65.4566
1849 65.4566
1850 65.4566
1851 65.4566
1852 65.4566
1853 65.4566
1854 65.4566
1855 65.4566
1856 65.4566
1857 65.4566
1858 65.4566
1859 65.4566
1860 65.4566
1861 65.4566
1862 65.4566
1863 65.4566
1864 65.4566
1865 65.4566
1866 65.4566
1867 65.4566
1868 65.4566
1869 65.4566
1870 65.4566
1871 65.4566
1872 65.4566
1873 65.4566
1874 65.4566
1875 65.4566
1876 65.4566
1877 65.4566
1878 65.4566
1879 65.4566
1880 65.4566
1881 65.4566
1882 65.4566
1883 65.4566
1884 65.4566
1885 65.4566
1886 65.4566
1887 65.4566
1888 65.4566
1889 65.4566
1890 64.723
1891 64.723
1892 64.723
1893 64.723
1894 64.723
1895 64.723
1896 64.723
1897 64.723
1898 64.723
1899 64.723
1900 64.723
1901 64.723
1902 64.723
1903 64.723
1904 64.723
1905 64.723
1906 64.723
1907 64.723
1908 64.723
1909 64.723
1910 64.723
1911 64.723
1912 64.723
1913 64.723
1914 64.723
1915 64.723
1916 64.723
1917 64.723
1918 64.723
1919 64.723
1920 64.723
1921 64.723
1922 64.723
1923 64.723
1924 64.723
1925 64.723
1926 64.723
1927 64.723
1928 64.723
1929 64.723
1930 64.723
1931 64.723
1932 64.723
1933 64.723
1934 64.723
1935 64.723
1936 64.723
1937 64.723
1938 64.723
1939 64.723
1940 64.723
1941 64.723
1942 64.723
1943 64.723
1944 64.723
1945 64.723
1946 64.723
1947 64.723
1948 64.723
1949 64.723
1950 64.723
1951 64.723
1952 64.723
1953 64.723
1954 64.723
1955 64.723
1956 64.723
1957 64.723
1958 64.723
1959 64.723
1960 64.723
1961 64.723
1962 64.723
1963 64.723
1964 64.723
1965 64.723
1966 64.723
1967 64.723
1968 64.723
1969 64.723
1970 64.723
1971 64.723
1972 64.723
1973 64.723
1974 64.723
1975 64.723
1976 64.723
1977 64.723
1978 64.723
1979 64.723
1980 64.723
1981 64.723
1982 64.723
1983 64.723
1984 64.723
1985 64.723
1986 64.723
1987 64.723
1988 64.723
1989 64.723
1990 64.723
1991 64.723
1992 64.723
1993 64.723
1994 64.723
1995 64.723
1996 64.723
1997 64.723
1998 64.723
1999 64.723
2000 64.723
2001 64.723
2002 64.723
2003 64.723
2004 64.723
2005 64.723
2006 64.723
2007 64.723
2008 64.723
2009 64.723
2010 64.723
2011 64.723
2012 64.723
2013 64.723
2014 64.723
2015 64.723
2016 64.723
2017 64.723
2018 64.723
2019 64.723
2020 64.723
2021 64.723
2022 64.723
2023 64.723
2024 64.723
2025 64.723
2026 64.723
2027 64.723
2028 64.723
2029 64.723
2030 64.723
2031 64.723
2032 64.723
2033 64.723
2034 64.723
2035 64.723
2036 64.723
2037 64.723
2038 64.723
2039 64.723
2040 64.723
2041 64.723
2042 64.723
2043 64.723
2044 64.723
2045 64.723
2046 64.723
2047 64.723
2048 64.723
2049 64.723
2050 64.723
2051 64.723
2052 64.723
2053 64.723
2054 64.723
2055 64.723
2056 64.723
2057 64.723
2058 64.723
2059 64.723
2060 64.723
2061 64.723
2062 64.723
2063 64.723
2064 64.723
2065 64.723
2066 64.723
2067 64.723
2068 64.723
2069 64.723
2070 64.723
2071 64.723
2072 64.723
2073 64.723
2074 64.723
2075 64.723
2076 64.723
2077 64.723
2078 64.723
2079 64.723
2080 64.723
2081 64.723
2082 64.723
2083 64.723
2084 64.723
2085 64.723
2086 64.723
2087 64.723
2088 64.723
2089 64.723
2090 64.723
2091 64.723
2092 64.723
2093 64.723
2094 64.723
2095 64.723
2096 64.723
2097 64.723
2098 64.723
2099 64.723
2100 64.723
2101 64.723
2102 64.723
2103 64.723
2104 64.723
2105 64.723
2106 64.723
2107 64.723
2108 64.723
2109 64.723
2110 64.723
2111 64.723
2112 64.723
2113 64.723
2114 64.723
2115 64.723
2116 64.723
2117 64.723
2118 64.723
2119 64.723
2120 64.723
2121 64.723
2122 64.723
2123 64.723
2124 64.723
2125 64.723
2126 64.723
2127 64.723
2128 64.723
2129 64.723
2130 64.723
2131 64.723
2132 64.723
2133 64.723
2134 64.723
2135 64.723
2136 64.723
2137 64.723
2138 64.723
2139 64.723
2140 64.723
2141 64.723
2142 64.723
2143 64.723
2144 64.723
2145 64.723
2146 64.723
2147 64.723
2148 64.723
2149 64.723
2150 64.723
2151 64.723
2152 64.723
2153 64.723
2154 64.723
2155 64.723
2156 64.723
2157 64.723
2158 64.723
2159 64.723
2160 64.723
2161 64.723
2162 64.723
2163 64.723
2164 64.723
2165 64.723
2166 64.723
2167 64.723
2168 64.723
2169 64.723
2170 64.723
2171 64.723
2172 64.723
2173 64.723
2174 64.723
2175 64.723
2176 64.723
2177 64.723
2178 64.723
2179 64.723
2180 64.723
2181 64.723
2182 64.723
2183 64.723
2184 64.723
2185 64.723
2186 64.723
2187 64.723
2188 64.723
2189 64.723
2190 64.723
2191 64.723
2192 64.723
2193 64.723
2194 64.723
2195 64.723
2196 64.723
2197 64.723
2198 64.723
2199 64.723
2200 64.723
2201 64.723
2202 64.723
2203 64.723
2204 64.723
2205 64.723
2206 64.723
2207 64.723
2208 64.723
2209 64.723
2210 64.723
2211 64.723
2212 64.723
2213 64.723
2214 64.723
2215 64.723
2216 64.723
2217 64.723
2218 64.723
2219 64.723
2220 64.723
2221 64.723
2222 64.723
2223 64.723
2224 64.723
2225 64.723
2226 64.723
2227 64.723
2228 64.723
2229 64.723
2230 64.723
2231 64.723
2232 64.723
2233 64.723
2234 64.723
2235 64.723
2236 64.723
2237 64.723
2238 64.723
2239 64.723
2240 64.723
2241 64.723
2242 64.723
2243 64.723
2244 64.723
2245 64.723
2246 64.723
2247 64.723
2248 64.723
2249 64.723
2250 64.723
2251 64.723
2252 64.723
2253 64.723
2254 64.723
2255 64.723
2256 64.723
2257 64.723
2258 64.723
2259 64.723
2260 64.723
2261 64.723
2262 64.723
2263 64.723
2264 64.723
2265 64.723
2266 64.723
2267 64.723
2268 64.723
2269 64.723
2270 64.723
2271 64.723
2272 64.723
2273 64.723
2274 64.723
2275 64.723
2276 64.723
2277 64.723
2278 64.723
2279 64.723
2280 64.723
2281 64.723
2282 64.723
2283 64.723
2284 64.723
2285 64.723
2286 64.723
2287 64.723
2288 64.723
2289 64.723
2290 64.723
2291 64.723
2292 64.723
2293 64.723
2294 64.723
2295 64.723
2296 64.723
2297 64.723
2298 64.723
2299 64.723
2300 64.723
2301 64.723
2302 64.723
2303 64.723
2304 64.723
2305 64.723
2306 64.723
2307 64.723
2308 64.723
2309 64.723
2310 64.723
2311 64.723
2312 64.723
2313 64.723
2314 64.723
2315 64.723
2316 64.723
2317 64.723
2318 64.723
2319 64.723
2320 64.723
2321 64.723
2322 64.723
2323 64.723
2324 64.723
2325 64.723
2326 64.723
2327 64.723
2328 64.723
2329 64.723
2330 64.723
2331 64.723
2332 64.723
2333 64.723
2334 64.723
2335 64.723
2336 64.723
2337 64.723
2338 64.723
2339 64.723
2340 64.723
2341 64.723
2342 64.723
2343 64.723
2344 64.723
2345 64.723
2346 64.723
2347 64.723
2348 64.723
2349 64.723
2350 64.723
2351 64.723
2352 64.723
2353 64.723
2354 64.723
2355 64.723
2356 64.723
2357 64.723
2358 64.723
2359 64.723
2360 64.723
2361 64.723
2362 64.723
2363 64.723
2364 64.723
2365 64.723
2366 64.723
2367 64.723
2368 64.723
2369 64.723
2370 64.723
2371 64.723
2372 64.723
2373 64.723
2374 64.723
2375 64.723
2376 64.723
2377 64.723
2378 64.723
2379 64.723
2380 64.723
2381 64.723
2382 64.723
2383 64.723
2384 64.723
2385 64.723
2386 64.723
2387 64.723
2388 64.723
2389 64.723
2390 64.723
2391 64.723
2392 64.723
2393 64.723
2394 64.723
2395 64.723
2396 64.723
2397 64.723
2398 64.723
2399 64.723
2400 64.723
2401 64.723
2402 64.723
2403 64.723
2404 64.723
2405 64.723
2406 64.723
2407 64.723
2408 64.723
2409 64.723
2410 64.723
2411 64.723
2412 64.723
2413 64.723
2414 64.723
2415 64.723
2416 64.723
2417 64.723
2418 64.723
2419 64.723
2420 64.723
2421 64.723
2422 64.723
2423 64.723
2424 64.723
2425 64.723
2426 64.723
2427 64.723
2428 64.723
2429 64.723
2430 64.723
2431 64.723
2432 64.723
2433 64.723
2434 64.723
2435 64.723
2436 64.723
2437 64.723
2438 64.723
2439 64.723
2440 64.723
2441 64.723
2442 64.723
2443 64.723
2444 64.723
2445 64.723
2446 64.723
2447 64.723
2448 64.723
2449 64.723
2450 64.723
2451 64.723
2452 64.723
2453 64.723
2454 64.723
2455 64.723
2456 64.723
2457 64.723
2458 64.723
2459 64.723
2460 64.723
2461 64.723
2462 64.723
2463 64.723
2464 64.723
2465 64.723
2466 64.723
2467 64.723
2468 64.723
2469 64.723
2470 64.723
2471 64.723
2472 64.723
2473 64.723
2474 64.723
2475 64.723
2476 64.723
2477 64.723
2478 64.723
2479 64.723
2480 64.723
2481 64.723
2482 64.723
2483 64.723
2484 64.723
2485 64.723
2486 64.723
2487 64.723
2488 64.723
2489 64.723
2490 64.723
2491 64.723
2492 64.723
2493 64.723
2494 64.723
2495 64.723
2496 64.723
2497 64.723
2498 64.723
2499 64.723
2500 64.723
2501 64.723
2502 64.723
2503 64.723
2504 64.723
2505 64.723
2506 64.723
2507 64.723
2508 64.723
2509 64.723
2510 64.723
2511 64.723
2512 64.723
2513 64.723
2514 64.723
2515 64.723
2516 64.723
2517 64.723
2518 64.723
2519 64.723
2520 64.723
2521 64.723
2522 64.723
2523 64.723
2524 64.723
2525 64.723
2526 64.723
2527 64.723
2528 64.723
2529 64.723
2530 64.723
2531 64.723
2532 64.723
2533 64.723
2534 64.723
2535 64.723
2536 64.723
2537 64.723
2538 64.723
2539 64.723
2540 64.723
2541 64.723
2542 64.723
2543 64.723
2544 64.723
2545 64.723
2546 64.723
2547 64.723
2548 64.723
2549 64.723
2550 64.723
2551 64.723
2552 64.723
2553 64.723
2554 64.723
2555 64.723
2556 64.723
2557 64.723
2558 64.723
2559 64.723
2560 64.723
2561 64.723
2562 64.723
2563 64.723
2564 64.723
2565 64.723
2566 64.723
2567 64.723
2568 64.723
2569 64.723
2570 64.723
2571 64.723
2572 64.723
2573 64.723
2574 64.723
2575 64.723
2576 64.723
2577 64.723
2578 64.723
2579 64.723
2580 64.723
2581 64.723
2582 64.723
2583 64.723
2584 64.723
2585 64.723
2586 64.723
2587 64.723
2588 64.723
2589 64.723
2590 64.723
2591 64.723
2592 64.723
2593 64.723
2594 64.723
2595 64.723
2596 64.723
2597 64.723
2598 64.723
2599 64.723
2600 64.723
2601 64.723
2602 64.723
2603 64.723
2604 64.723
2605 64.723
2606 64.723
2607 64.723
2608 64.723
2609 64.723
2610 64.723
2611 64.723
2612 64.723
2613 64.723
2614 64.723
2615 64.723
2616 64.723
2617 64.723
2618 64.723
2619 64.723
2620 64.723
2621 64.723
2622 64.723
2623 64.723
2624 64.723
2625 64.723
2626 64.723
2627 64.723
2628 64.723
2629 64.723
2630 64.723
2631 64.723
2632 64.723
2633 64.723
2634 64.723
2635 64.723
2636 64.723
2637 64.723
2638 64.723
2639 64.723
2640 64.723
2641 64.723
2642 64.723
2643 64.723
2644 64.723
2645 64.723
2646 64.723
2647 64.723
2648 64.723
2649 64.723
2650 64.723
2651 64.723
2652 64.723
2653 64.723
2654 64.723
2655 64.723
2656 64.723
2657 64.723
2658 64.723
2659 64.723
2660 64.723
2661 64.723
2662 64.723
2663 64.723
2664 64.723
2665 64.723
2666 64.723
2667 64.723
2668 64.723
2669 64.723
2670 64.723
2671 64.723
2672 64.723
2673 64.723
2674 64.723
2675 64.723
2676 64.723
2677 64.723
2678 64.723
2679 64.723
2680 64.723
2681 64.723
2682 64.723
2683 64.723
2684 64.723
2685 64.723
2686 64.723
2687 64.723
2688 64.723
2689 64.723
2690 64.723
2691 64.723
2692 64.723
2693 64.723
2694 64.723
2695 64.723
2696 64.723
2697 64.723
2698 64.723
2699 64.723
2700 64.723
2701 64.723
2702 64.723
2703 64.723
2704 64.723
2705 64.723
2706 64.723
2707 64.723
2708 64.723
2709 64.723
2710 64.723
2711 64.723
2712 64.723
2713 64.723
2714 64.723
2715 64.723
2716 64.723
2717 64.723
2718 64.723
2719 64.723
2720 64.723
2721 64.723
2722 64.723
2723 64.723
2724 64.723
2725 64.723
2726 64.723
2727 64.723
2728 64.723
2729 64.723
2730 64.723
2731 64.723
2732 64.723
2733 64.723
2734 64.723
2735 64.723
2736 64.723
2737 64.723
2738 64.723
2739 64.723
2740 64.723
2741 64.723
2742 64.723
2743 64.723
2744 64.723
2745 64.723
2746 64.723
2747 64.723
2748 64.723
2749 64.723
2750 64.723
2751 64.723
2752 64.723
2753 64.723
2754 64.723
2755 64.723
2756 64.723
2757 64.723
2758 64.723
2759 64.723
2760 64.723
2761 64.723
2762 64.723
2763 64.723
2764 64.723
2765 64.723
2766 64.723
2767 64.723
2768 64.723
2769 64.723
2770 64.723
2771 64.723
2772 64.723
2773 64.723
2774 64.723
2775 64.723
2776 64.723
2777 64.723
2778 64.723
2779 64.723
2780 64.723
2781 64.723
2782 64.723
2783 64.723
2784 64.723
2785 64.723
2786 64.723
2787 64.723
2788 64.723
2789 64.723
2790 64.723
2791 64.723
2792 64.723
2793 64.723
2794 64.723
2795 64.723
2796 64.723
2797 64.723
2798 64.723
2799 64.723
2800 64.723
2801 64.723
2802 64.723
2803 64.723
2804 64.723
2805 64.723
2806 64.723
2807 64.723
2808 64.723
2809 64.723
2810 64.723
2811 64.723
2812 64.723
2813 64.723
2814 64.723
2815 64.723
2816 64.723
2817 64.723
2818 64.723
2819 64.723
2820 64.723
2821 64.723
2822 64.723
2823 64.723
2824 64.723
2825 64.723
2826 64.723
2827 64.723
2828 64.723
2829 64.723
2830 64.723
2831 64.723
2832 64.723
2833 64.723
2834 64.723
2835 64.723
2836 64.723
2837 64.723
2838 64.723
2839 64.723
2840 64.723
2841 64.723
2842 64.723
2843 64.723
2844 64.723
2845 64.723
2846 64.723
2847 64.723
2848 64.723
2849 64.723
2850 64.723
2851 64.723
2852 64.723
2853 64.723
2854 64.723
2855 64.723
2856 64.723
2857 64.723
2858 64.723
2859 64.723
2860 64.723
2861 64.723
2862 64.723
2863 64.723
2864 64.723
2865 64.723
2866 64.723
2867 64.723
2868 64.723
2869 64.723
2870 64.723
2871 64.723
2872 64.723
2873 64.723
2874 64.723
2875 64.723
2876 64.723
2877 64.723
2878 64.723
2879 64.723
2880 64.723
2881 64.723
2882 64.723
2883 64.723
2884 64.723
2885 64.723
2886 64.723
2887 64.723
2888 64.723
2889 64.723
2890 64.723
2891 64.723
2892 64.723
2893 64.723
2894 64.723
2895 64.723
2896 64.723
2897 64.723
2898 64.723
2899 64.723
2900 64.723
2901 64.723
2902 64.723
2903 64.723
2904 64.723
2905 64.723
2906 64.723
2907 64.723
2908 64.723
2909 64.723
2910 64.723
2911 64.723
2912 64.723
2913 64.723
2914 64.723
2915 64.723
2916 64.723
2917 64.723
2918 64.723
2919 64.723
2920 64.723
2921 64.723
2922 64.723
2923 64.723
2924 64.723
2925 64.723
2926 64.723
2927 64.723
2928 64.723
2929 64.723
2930 64.723
2931 64.723
2932 64.723
2933 64.723
2934 64.723
2935 64.723
2936 64.723
2937 64.723
2938 64.723
2939 64.723
2940 64.723
2941 64.723
2942 64.723
2943 64.723
2944 64.723
2945 64.723
2946 64.723
2947 64.723
2948 64.723
2949 64.723
2950 64.723
2951 64.723
2952 64.723
2953 64.723
2954 64.723
2955 64.723
2956 64.723
2957 64.723
2958 64.723
2959 64.723
2960 64.723
2961 64.723
2962 64.723
2963 64.723
2964 64.723
2965 64.723
2966 64.723
2967 64.723
2968 64.723
2969 64.723
2970 64.723
2971 64.723
2972 64.723
2973 64.723
2974 64.723
2975 64.723
2976 64.723
2977 64.723
2978 64.723
2979 64.723
2980 64.723
2981 64.723
2982 64.723
2983 64.723
2984 64.723
2985 64.723
2986 64.723
2987 64.723
2988 64.723
2989 64.723
2990 64.723
2991 64.723
2992 64.723
2993 64.723
2994 64.723
2995 64.723
2996 64.723
2997 64.723
2998 64.723
2999 64.723
3000 64.723
3001 64.723
3002 64.723
3003 64.723
3004 64.723
3005 64.723
3006 64.723
3007 64.723
3008 64.723
3009 64.723
3010 64.723
3011 64.723
3012 64.723
3013 64.723
3014 64.723
3015 64.723
3016 64.723
3017 64.723
3018 64.723
3019 64.723
3020 64.723
3021 64.723
3022 64.723
3023 64.723
3024 64.723
3025 64.723
3026 64.723
3027 64.723
3028 64.723
3029 64.723
3030 64.723
3031 64.723
3032 64.723
3033 64.723
3034 64.723
3035 64.723
3036 64.723
3037 64.723
3038 64.723
3039 64.723
3040 64.723
3041 64.723
3042 64.723
3043 64.723
3044 64.723
3045 64.723
3046 64.723
3047 64.723
3048 64.723
3049 64.723
3050 64.723
3051 64.723
3052 64.723
3053 64.723
3054 64.723
3055 64.723
3056 64.723
3057 64.723
3058 64.723
3059 64.723
3060 64.723
3061 64.723
3062 64.723
3063 64.723
3064 64.723
3065 64.723
3066 64.723
3067 64.723
3068 64.723
3069 64.723
3070 64.723
3071 64.723
3072 64.723
3073 64.723
3074 64.723
3075 64.723
3076 64.723
3077 64.723
3078 64.723
3079 64.723
3080 64.723
3081 64.723
3082 64.723
3083 64.723
3084 64.723
3085 64.723
3086 64.723
3087 64.723
3088 64.723
3089 64.723
3090 64.723
3091 64.723
3092 64.723
3093 64.723
3094 64.723
3095 64.723
3096 64.723
3097 64.723
3098 64.723
3099 64.723
3100 64.723
3101 64.723
3102 64.723
3103 64.723
3104 64.723
3105 64.723
3106 64.723
3107 64.723
3108 64.723
3109 64.723
3110 64.723
3111 64.723
3112 64.723
3113 64.723
3114 64.723
3115 64.723
3116 64.723
3117 64.723
3118 64.723
3119 64.723
3120 64.723
3121 64.723
3122 64.723
3123 64.723
3124 64.723
3125 64.723
3126 64.723
3127 64.723
3128 64.723
3129 64.723
3130 64.723
3131 64.723
3132 64.723
3133 64.723
3134 64.723
3135 64.723
3136 64.723
3137 64.723
3138 64.723
3139 64.723
3140 64.723
3141 64.723
3142 64.723
3143 64.723
3144 64.723
3145 64.723
3146 64.723
3147 64.723
3148 64.723
3149 64.723
3150 64.723
3151 64.723
3152 64.723
3153 64.723
3154 64.723
3155 64.723
3156 64.723
3157 64.723
3158 64.723
3159 64.723
3160 64.723
3161 64.723
3162 64.723
3163 64.723
3164 64.723
3165 64.723
3166 64.723
3167 64.723
3168 64.723
3169 64.723
3170 64.723
3171 64.723
3172 64.723
3173 64.723
3174 64.723
3175 64.723
3176 64.723
3177 64.723
3178 64.723
3179 64.723
3180 64.723
3181 64.723
3182 64.723
3183 64.723
3184 64.723
3185 64.723
3186 64.723
3187 64.723
3188 64.723
3189 64.723
3190 64.723
3191 64.723
3192 64.723
3193 64.723
3194 64.723
3195 64.723
3196 64.723
3197 64.723
3198 64.723
3199 64.723
3200 64.723
3201 64.723
3202 64.723
3203 64.723
3204 64.723
3205 64.723
3206 64.723
3207 64.723
3208 64.723
3209 64.723
3210 64.723
3211 64.723
3212 64.723
3213 64.723
3214 64.723
3215 64.723
3216 64.723
3217 64.723
3218 64.723
3219 64.723
3220 64.723
3221 64.723
3222 64.723
3223 64.723
3224 64.723
3225 64.723
3226 64.723
3227 64.723
3228 64.723
3229 64.723
3230 64.723
3231 64.723
3232 64.723
3233 64.723
3234 64.723
3235 64.723
3236 64.723
3237 64.723
3238 64.723
3239 64.723
3240 64.723
3241 64.723
3242 64.723
3243 64.723
3244 64.723
3245 64.723
3246 64.723
3247 64.723
3248 64.723
3249 64.723
3250 64.723
3251 64.723
3252 64.723
3253 64.723
3254 64.723
3255 64.723
3256 64.723
3257 64.723
3258 64.723
3259 64.723
3260 64.723
3261 64.723
3262 64.723
3263 64.723
3264 64.723
3265 64.723
3266 64.723
3267 64.723
3268 64.723
3269 64.723
3270 64.723
3271 64.723
3272 64.723
3273 64.723
3274 64.723
3275 64.723
3276 64.723
3277 64.723
3278 64.723
3279 64.723
3280 64.723
3281 64.723
3282 64.723
3283 64.723
3284 64.723
3285 64.723
3286 64.723
3287 64.723
3288 64.723
3289 64.723
3290 64.723
3291 64.723
3292 64.723
3293 64.723
3294 64.723
3295 64.723
3296 64.723
3297 64.723
3298 64.723
3299 64.723
3300 64.723
3301 64.723
3302 64.723
3303 64.723
3304 64.723
3305 64.723
3306 64.723
3307 64.723
3308 64.723
3309 64.723
3310 64.723
3311 64.723
3312 64.723
3313 64.723
3314 64.723
3315 64.723
3316 64.723
3317 64.723
3318 64.723
3319 64.723
3320 64.723
3321 64.723
3322 64.723
3323 64.723
3324 64.723
3325 64.723
3326 64.723
3327 64.723
3328 64.723
3329 64.723
3330 64.723
3331 64.723
3332 64.723
3333 64.723
3334 64.723
3335 64.723
3336 64.723
3337 64.723
3338 64.723
3339 64.723
3340 64.723
3341 64.723
3342 64.723
3343 64.723
3344 64.723
3345 64.723
3346 64.723
3347 64.723
3348 64.723
3349 64.723
3350 64.723
3351 64.723
3352 64.723
3353 64.723
3354 64.723
3355 64.723
3356 64.723
3357 64.723
3358 64.723
3359 64.723
3360 64.723
3361 64.723
3362 64.723
3363 64.723
3364 64.723
3365 64.723
3366 64.723
3367 64.723
3368 64.723
3369 64.723
3370 64.723
3371 64.723
3372 64.723
3373 64.723
3374 64.723
3375 64.723
3376 64.723
3377 64.723
3378 64.723
3379 64.723
3380 64.723
3381 64.723
3382 64.723
3383 64.723
3384 64.723
3385 64.723
3386 64.723
3387 64.723
3388 64.723
3389 64.723
3390 64.723
3391 64.723
3392 64.723
3393 64.723
3394 64.723
3395 64.723
3396 64.723
3397 64.723
3398 64.723
3399 64.723
3400 64.723
3401 64.723
3402 64.723
3403 64.723
3404 64.723
3405 64.723
3406 64.723
3407 64.723
3408 64.723
3409 64.723
3410 64.723
3411 64.723
3412 64.723
3413 64.723
3414 64.723
3415 64.723
3416 64.723
3417 64.723
3418 64.723
3419 64.723
3420 64.723
3421 64.723
3422 64.723
3423 64.723
3424 64.723
3425 64.723
3426 64.723
3427 64.723
3428 64.723
3429 64.723
3430 64.723
3431 64.723
3432 64.723
3433 64.723
3434 64.723
3435 64.723
3436 64.723
3437 64.723
3438 64.723
3439 64.723
3440 64.723
3441 64.723
3442 64.723
3443 64.723
3444 64.723
3445 64.723
3446 64.723
3447 64.723
3448 64.723
3449 64.723
3450 64.723
3451 64.723
3452 64.723
3453 64.723
3454 64.723
3455 64.723
3456 64.723
3457 64.723
3458 64.723
3459 64.723
3460 64.723
3461 64.723
3462 64.723
3463 64.723
3464 64.723
3465 64.723
3466 64.723
3467 64.723
3468 64.723
3469 64.723
3470 64.723
3471 64.723
3472 64.723
3473 64.723
3474 64.723
3475 64.723
3476 64.723
3477 64.723
3478 64.723
3479 64.723
3480 64.723
3481 64.723
3482 64.723
3483 64.723
3484 64.723
3485 64.723
3486 64.723
3487 64.723
3488 64.723
3489 64.723
3490 64.723
3491 64.723
3492 64.723
3493 64.723
3494 64.723
3495 64.723
3496 64.723
3497 64.723
3498 64.723
3499 64.723
3500 64.723
