1 400.566
2 387.018
3 373.497
4 358.084
5 342.477
6 325.244
7 312.528
8 304.502
9 294.557
10 287.281
11 279.254
12 268.312
13 262.694
14 256.637
15 252.567
16 245.389
17 240.672
18 237.654
19 231.238
20 226.724
21 219.445
22 213.836
23 210.057
24 207.769
25 204.114
26 201.255
27 200.471
28 197.877
29 195.995
30 193.559
31 189.434
32 187.495
33 183.136
34 176.313
35 175.249
36 173.343
37 169.031
38 167.738
39 164.801
40 163.534
41 162.335
42 158.839
43 157.591
44 155.331
45 154.042
46 151.245
47 148.992
48 148.574
49 144.578
50 143.188
51 141.916
52 141.089
53 139.742
54 137.4
55 135.877
56 134.043
57 133.358
58 131.946
59 129.821
60 129.812
61 126.13
62 125.036
63 124.129
64 123.273
65 122.445
66 121.722
67 121.036
68 120.785
69 120.383
70 118.791
71 117.566
72 116.296
73 114.301
74 112.492
75 112.468
76 111.173
77 110.915
78 110.109
79 108.774
80 107.479
81 107.221
82 106.249
83 106.249
84 105.683
85 105.033
86 104.744
87 104.143
88 103.727
89 103.727
90 103.727
91 103.029
92 102.385
93 101.556
94 100.99
95 100.552
96 99.767
97 99.767
98 97.3068
99 97.1561
100 96.2435
101 95.9682
102 94.9728
103 94.4417
104 93.6539
105 91.3844
106 90.5606
107 90.3815
108 89.9012
109 89.592
110 89.387
111 89.057
112 88.9675
113 88.6578
114 86.2423
115 86.2423
116 86.185
117 86.185
118 85.7736
119 85.4177
120 85.3997
121 85.2127
122 84.9237
123 84.5855
124 84.3336
125 84.1644
126 84.1644
127 83.8452
128 83.2414
129 83.2414
130 82.8628
131 82.8628
132 81.9485
133 81.9485
134 81.9485
135 81.4721
136 81.1686
137 80.5922
138 80.1158
139 79.802
140 79.3861
141 78.9267
142 78.6129
143 78.4182
144 78.4182
145 78.342
146 78.1472
147 78.1472
148 78.0559
149 77.3349
150 77.3349
151 77.1545
152 76.7271
153 76.5466
154 76.3653
155 76.3081
156 76.074
157 76.0168
158 76.0168
159 76.0168
160 75.8819
161 75.4932
162 75.4932
163 75.4932
164 75.4932
165 75.4932
166 75.3823
167 75.0634
168 74.9364
169 74.7843
170 74.7843
171 74.7843
172 74.7843
173 74.7843
174 74.7843
175 74.7843
176 74.7843
177 74.7835
178 74.7835
179 74.2481
180 73.8606
181 73.7743
182 73.7743
183 73.7743
184 73.7743
185 73.745
186 73.745
187 73.7374
188 73.7374
189 73.7374
190 73.7224
191 73.7148
192 73.7148
193 73.7148
194 73.6635
195 72.6376
196 72.6376
197 72.6376
198 72.6376
199 72.6376
200 72.6376
201 72.6376
202 72.6376
203 72.6376
204 72.6376
205 72.6376
206 72.6376
207 72.6376
208 72.6376
209 72.6376
210 72.6376
211 72.6376
212 72.5429
213 72.5374
214 72.5374
215 72.5374
216 72.5374
217 72.5374
218 72.5374
219 72.5374
220 72.5374
221 72.5374
222 72.5374
223 72.5374
224 72.5374
225 72.5374
226 72.5374
227 72.5374
228 72.5374
229 72.5374
230 72.5374
231 72.5374
232 72.4511
233 72.4511
234 72.4511
235 72.4511
236 72.4511
237 72.4511
238 72.3834
239 72.3834
240 72.3834
241 72.3834
242 72.3834
243 72.3834
244 72.1834
245 72.1834
246 72.1834
247 72.1834
248 72.1834
249 72.1834
250 72.1834
251 72.1834
252 72.1834
253 72.1834
254 71.9909
255 71.9909
256 71.9909
257 71.9909
258 71.9909
259 71.8444
260 71.7042
261 71.7042
262 71.7042
263 71.7042
264 71.7042
265 71.7042
266 71.7042
267 71.7042
268 71.6015
269 71.365
270 71.365
271 71.365
272 71.365
273 71.365
274 71.365
275 71.365
276 71.365
277 71.365
278 70.483
279 70.483
280 70.483
281 70.1006
282 69.9836
283 69.9836
284 69.9836
285 69.9836
286 69.9836
287 69.9836
288 69.9836
289 69.9836
290 69.9836
291 69.9836
292 69.9836
293 69.9836
294 69.9836
295 69.9836
296 69.9836
297 69.9836
298 69.9836
299 69.9836
300 69.9836
301 69.9836
302 69.9836
303 69.9836
304 69.9836
305 69.9836
306 69.9836
307 69.9836
308 69.9836
309 69.9836
310 69.9836
311 69.9836
312 69.9836
313 69.9836
314 69.9836
315 69.9836
316 69.9836
317 69.9836
318 69.9836
319 69.9836
320 69.9836
321 69.9836
322 69.9836
323 69.9836
324 69.9836
325 69.9836
326 69.9836
327 69.9836
328 69.9836
329 69.9836
330 69.9836
331 69.9836
332 69.9836
333 69.9836
334 69.9836
335 69.9836
336 69.9836
337 69.9836
338 69.8963
339 69.8963
340 69.8963
341 69.8963
342 69.8963
343 69.8963
344 69.8963
345 69.8963
346 69.8963
347 69.8963
348 69.8963
349 69.8963
350 69.8963
351 69.8963
352 69.8963
353 69.8963
354 69.8963
355 69.8963
356 69.8963
357 69.8963
358 69.8963
359 69.8963
360 69.8963
361 69.8963
362 69.8963
363 69.8963
364 69.8963
365 69.8963
366 69.8963
367 69.8963
368 69.8963
369 69.8963
370 69.8963
371 69.8963
372 69.8963
373 69.8963
374 69.8963
375 69.8963
376 69.8963
377 69.8963
378 69.8963
379 69.8963
380 69.8963
381 69.8963
382 69.8963
383 69.8963
384 69.8963
385 69.8963
386 69.8963
387 69.8963
388 69.8963
389 69.8963
390 69.8963
391 69.8963
392 69.8963
393 69.8963
394 69.8963
395 69.8963
396 69.8963
397 69.8963
398 69.8963
399 69.8963
400 69.8963
401 69.8963
402 69.8963
403 69.8963
404 69.8963
405 69.8963
406 69.8963
407 69.8963
408 69.8963
409 69.8963
410 69.8963
411 69.8963
412 69.706
413 69.706
414 69.706
415 69.706
416 69.706
417 69.706
418 69.6906
419 69.6906
420 69.6906
421 69.6906
422 69.6906
423 69.6906
424 69.6906
425 69.6706
426 69.6706
427 69.6706
428 69.6706
429 69.6706
430 69.6706
431 69.6706
432 69.6706
433 69.6706
434 69.6706
435 69.6706
436 69.6706
437 69.6706
438 69.6706
439 69.6706
440 69.6706
441 69.6706
442 69.6706
443 69.6706
444 69.6706
445 69.6706
446 69.6706
447 69.6706
448 69.6706
449 69.6706
450 69.6706
451 69.6706
452 69.6706
453 69.6706
454 69.6706
455 69.6706
456 69.6706
457 69.6706
458 69.6706
459 69.6706
460 69.6706
461 69.6706
462 69.6706
463 69.6706
464 69.6706
465 69.6706
466 69.6706
467 69.6706
468 69.6706
469 69.6706
470 69.6706
471 69.6706
472 69.6706
473 69.6706
474 69.6706
475 69.6706
476 69.6706
477 69.6706
478 69.6706
479 69.6706
480 69.6706
481 69.6706
482 69.6706
483 69.6706
484 69.6706
485 69.6706
486 69.6706
487 69.6706
488 69.6706
489 69.6706
490 69.6706
491 69.6706
492 69.6706
493 69.6706
494 69.6706
495 69.6706
496 69.6706
497 69.6706
498 69.6706
499 69.6706
500 69.6706
501 69.6706
502 69.6706
503 69.6706
504 69.6706
505 69.6706
506 69.6706
507 69.6706
508 69.6706
509 69.6706
510 69.6706
511 69.6706
512 69.6706
513 69.6706
514 69.6706
515 69.6706
516 69.6706
517 69.6706
518 69.6706
519 69.6706
520 69.6706
521 69.6706
522 69.6706
523 69.6706
524 69.6706
525 69.6706
526 69.6706
527 69.6706
528 69.6386
529 69.6386
530 69.2041
531 69.0288
532 69.0288
533 69.0288
534 69.0288
535 69.0288
536 69.0288
537 69.0288
538 69.0288
539 69.0288
540 69.0288
541 69.0288
542 69.0288
543 68.7284
544 68.4159
545 68.4159
546 68.39
547 68.0256
548 68.0256
549 68.0256
550 68.0256
551 67.7715
552 67.7715
553 67.7715
554 67.7715
555 67.7715
556 67.7715
557 67.7715
558 67.7715
559 67.7715
560 67.7715
561 67.7715
562 67.7715
563 67.7715
564 67.7715
565 67.7715
566 67.7715
567 67.7715
568 67.7715
569 67.7715
570 67.7715
571 67.7715
572 67.7715
573 67.7715
574 67.7715
575 67.7715
576 67.7715
577 67.7715
578 67.7715
579 67.7715
580 67.7715
581 67.7715
582 67.7715
583 67.7715
584 67.7715
585 67.7715
586 67.7715
587 67.7715
588 67.7715
589 67.7715
590 67.7715
591 67.7715
592 67.7715
593 67.7715
594 67.7715
595 67.7715
596 67.7715
597 67.7715
598 67.7715
599 67.7715
600 67.7715
601 67.7715
602 67.7715
603 67.7715
604 67.7715
605 67.7715
606 67.7715
607 67.7715
608 67.7715
609 67.7715
610 67.7715
611 67.7715
612 67.7715
613 67.7715
614 67.7715
615 67.7715
616 67.7715
617 67.7715
618 67.7715
619 67.7715
620 67.7715
621 67.7715
622 67.7715
623 67.7715
624 67.7715
625 67.7715
626 67.7715
627 67.7715
628 67.7715
629 67.7715
630 67.7715
631 67.7715
632 67.7715
633 67.7715
634 67.7715
635 67.7715
636 67.7715
637 67.7715
638 67.7715
639 67.7715
640 67.7715
641 67.7715
642 67.7715
643 67.7715
644 67.7715
645 67.7715
646 67.7715
647 67.7715
648 67.7715
649 67.7715
650 67.7715
651 67.7715
652 67.7715
653 67.7715
654 67.7715
655 67.7715
656 67.7715
657 67.7715
658 67.7715
659 67.7715
660 67.7715
661 67.7715
662 67.7715
663 67.7715
664 67.7715
665 67.7715
666 67.7715
667 67.7715
668 67.7715
669 67.7715
670 67.7715
671 67.7715
672 67.7715
673 67.7715
674 67.7715
675 67.7715
676 67.7715
677 67.7715
678 67.7715
679 67.7715
680 67.7715
681 67.7715
682 67.7715
683 67.7715
684 67.7715
685 67.7715
686 67.7715
687 67.7715
688 67.7715
689 67.7715
690 67.7715
691 67.7715
692 67.7715
693 67.7715
694 67.7715
695 67.7715
696 67.7715
697 67.7715
698 67.7715
699 67.7715
700 67.7715
701 67.7715
702 67.7715
703 67.7715
704 67.7715
705 67.7715
706 67.7715
707 67.7715
708 67.7715
709 67.7715
710 67.7715
711 67.7715
712 67.7715
713 67.7715
714 67.7715
715 67.7715
716 67.7715
717 67.7715
718 67.7715
719 67.7715
720 67.7715
721 67.7715
722 67.7715
723 67.7715
724 67.7715
725 67.7715
726 67.7715
727 67.7715
728 67.7715
729 67.7715
730 67.7715
731 67.7715
732 67.7715
733 67.7715
734 67.7715
735 67.7715
736 67.7715
737 67.7715
738 67.7715
739 67.7715
740 67.7715
741 67.7715
742 67.7715
743 67.7715
744 67.7715
745 67.7715
746 67.7715
747 67.7715
748 67.7715
749 67.7715
750 67.7715
751 67.7715
752 67.7715
753 67.7715
754 67.7715
755 67.7715
756 67.7715
757 67.7715
758 67.7715
759 67.7715
760 67.7715
761 67.7715
762 67.7715
763 67.7715
764 67.7715
765 67.7715
766 67.7715
767 67.7715
768 67.7715
769 67.7715
770 67.7715
771 67.7715
772 67.7715
773 67.7715
774 67.7715
775 67.7715
776 67.7715
777 67.7715
778 67.7715
779 67.7715
780 67.7715
781 67.7715
782 67.7715
783 67.7715
784 67.7715
785 67.7715
786 67.7715
787 67.7715
788 67.7715
789 67.7715
790 67.7715
791 67.7715
792 67.7715
793 67.7715
794 67.7715
795 67.7715
796 67.7715
797 67.7715
798 67.7715
799 67.7715
800 67.7715
801 67.7715
802 67.7715
803 67.7715
804 67.7715
805 67.7715
806 67.7715
807 67.7715
808 67.7715
809 67.7715
810 67.7715
811 67.7715
812 67.7715
813 67.7715
814 67.7715
815 67.7715
816 67.7715
817 67.7715
818 67.7715
819 67.7715
820 67.7715
821 67.7715
822 67.7715
823 67.7715
824 67.7715
825 67.7715
826 67.7715
827 67.7715
828 67.7715
829 67.7715
830 67.7715
831 67.7715
832 67.7715
833 67.7715
834 67.7715
835 67.7715
836 67.7715
837 67.7715
838 67.7715
839 67.7715
840 67.7715
841 67.7715
842 67.7715
843 67.7715
844 67.7715
845 67.7715
846 67.7715
847 67.7715
848 67.7715
849 67.7715
850 67.7715
851 67.7715
852 67.7715
853 67.7715
854 67.7715
855 67.7715
856 67.7715
857 67.7715
858 67.7715
859 67.7715
860 67.7715
861 67.7715
862 67.7715
863 67.7715
864 67.7715
865 67.7715
866 67.7715
867 67.7715
868 67.7715
869 67.7715
870 67.7715
871 67.7715
872 67.7715
873 67.7715
874 67.7715
875 67.7715
876 67.7715
877 67.7715
878 67.7715
879 67.7715
880 67.7715
881 67.7715
882 67.7715
883 67.7715
884 67.7715
885 67.7715
886 67.7715
887 67.7715
888 67.7715
889 67.7715
890 67.7715
891 67.7715
892 67.7715
893 67.7715
894 67.7715
895 67.7715
896 67.7715
897 67.7715
898 67.7715
899 67.7715
900 67.7715
901 67.7715
902 67.7715
903 67.7715
904 67.7715
905 67.7715
906 67.7715
907 67.7715
908 67.7715
909 67.7715
910 67.7715
911 67.7715
912 67.7715
913 67.7715
914 67.7715
915 67.7715
916 67.7715
917 67.7715
918 67.7715
919 67.7715
920 67.7715
921 67.7715
922 67.7715
923 67.7715
924 67.7715
925 67.7715
926 67.7715
927 67.7715
928 67.7715
929 67.7715
930 67.7715
931 67.7715
932 67.7715
933 67.7715
934 67.7715
935 67.7715
936 67.7715
937 67.7715
938 67.7715
939 67.7715
940 67.7715
941 67.7715
942 67.7715
943 67.7715
944 67.7715
945 67.7715
946 67.7715
947 67.7715
948 67.7715
949 67.7715
950 67.7715
951 67.7715
952 67.7715
953 67.7715
954 67.7715
955 67.7715
956 67.7715
957 67.7715
958 67.7715
959 67.7715
960 67.7715
961 67.7715
962 67.7715
963 67.7715
964 67.7715
965 67.7715
966 67.7715
967 67.7715
968 67.7715
969 67.7715
970 67.7715
971 67.7715
972 67.7715
973 67.7715
974 67.7715
975 67.7715
976 67.7715
977 67.7715
978 67.7715
979 67.7715
980 67.7715
981 67.7715
982 67.7715
983 67.7715
984 67.7715
985 67.7715
986 67.7715
987 67.7715
988 67.7715
989 67.7715
990 67.7715
991 67.7715
992 67.7715
993 67.7715
994 67.7715
995 67.7715
996 67.7715
997 67.7715
998 67.7715
999 67.7715
1000 67.7715
1001 67.7715
1002 67.7715
1003 67.7715
1004 67.7715
1005 67.7715
1006 67.7715
1007 67.7715
1008 67.7715
1009 67.7715
1010 67.7715
1011 67.7715
1012 67.7715
1013 67.7715
1014 67.7715
1015 67.7715
1016 67.7715
1017 67.7715
1018 67.7715
1019 67.7715
1020 67.7715
1021 67.7715
1022 67.7715
1023 67.7715
1024 67.7715
1025 67.7715
1026 67.7715
1027 67.7715
1028 67.7715
1029 67.7715
1030 67.7715
1031 67.7715
1032 67.7715
1033 67.7715
1034 67.7715
1035 67.7715
1036 67.7715
1037 67.7715
1038 67.7715
1039 67.7715
1040 67.7715
1041 67.7715
1042 67.7715
1043 67.7715
1044 67.7715
1045 67.7715
1046 67.7715
1047 67.7715
1048 67.7715
1049 67.7715
1050 67.7715
1051 67.7715
1052 67.7715
1053 67.7715
1054 67.7715
1055 67.7715
1056 67.7715
1057 67.7715
1058 67.7715
1059 67.7715
1060 67.7715
1061 67.7715
1062 67.7715
1063 67.7715
1064 67.7715
1065 67.7715
1066 67.7715
1067 67.7715
1068 67.7715
1069 67.7715
1070 67.7715
1071 67.7715
1072 67.7715
1073 67.7715
1074 67.7715
1075 67.7715
1076 67.7715
1077 67.7715
1078 67.7715
1079 67.7715
1080 67.7715
1081 67.7715
1082 67.7715
1083 67.7715
1084 67.7715
1085 67.7715
1086 67.7715
1087 67.7715
1088 67.7715
1089 67.7715
1090 67.7715
1091 67.7715
1092 67.7715
1093 67.7715
1094 67.7715
1095 67.7715
1096 67.7715
1097 67.7715
1098 67.7715
1099 67.7715
1100 67.7715
1101 67.7715
1102 67.7715
1103 67.7715
1104 67.7715
1105 67.7214
1106 67.6785
1107 67.6785
1108 67.6785
1109 67.6785
1110 67.6785
1111 67.6785
1112 67.4593
1113 67.4593
1114 67.4593
1115 67.4593
1116 67.4593
1117 67.4593
1118 67.4593
1119 67.4593
1120 67.4593
1121 67.4593
1122 67.4593
1123 67.3049
1124 67.3049
1125 67.3049
1126 67.3049
1127 67.3049
1128 67.3049
1129 67.3049
1130 67.3049
1131 67.3049
1132 67.3049
1133 67.3049
1134 67.3049
1135 67.3049
1136 67.3049
1137 67.3049
1138 67.3049
1139 67.3049
1140 67.3049
1141 67.3049
1142 66.936
1143 66.936
1144 66.936
1145 66.936
1146 66.936
1147 66.936
1148 66.936
1149 66.936
1150 66.936
1151 66.936
1152 66.936
1153 66.936
1154 66.936
1155 66.936
1156 66.936
1157 66.936
1158 66.936
1159 66.936
1160 66.936
1161 66.936
1162 66.936
1163 66.936
1164 66.936
1165 66.936
1166 66.936
1167 66.936
1168 66.8862
1169 66.8862
1170 66.8862
1171 66.8862
1172 66.8862
1173 66.8862
1174 66.8862
1175 66.8862
1176 66.8862
1177 66.8862
1178 66.8862
1179 66.8862
1180 66.8862
1181 66.8862
1182 66.8862
1183 66.8862
1184 66.8862
1185 66.8862
1186 66.8862
1187 66.8862
1188 66.8862
1189 66.8862
1190 66.8862
1191 66.8862
1192 66.8862
1193 66.8862
1194 66.8862
1195 66.8862
1196 66.8862
1197 66.8862
1198 66.8862
1199 66.8862
1200 66.8862
1201 66.8862
1202 66.8862
1203 66.8862
1204 66.8862
1205 66.8862
1206 66.8862
1207 66.8862
1208 66.8862
1209 66.8862
1210 66.8862
1211 66.8862
1212 66.8862
1213 66.8862
1214 66.8862
1215 66.8862
1216 66.8862
1217 66.8862
1218 66.8862
1219 66.8862
1220 66.8862
1221 66.8862
1222 66.8862
1223 66.8862
1224 66.8862
1225 66.8862
1226 66.8862
1227 66.8862
1228 66.8862
1229 66.8862
1230 66.8862
1231 66.8862
1232 66.8862
1233 66.8862
1234 66.8862
1235 66.8862
1236 66.8862
1237 66.8862
1238 66.8862
1239 66.8862
1240 66.8862
1241 66.8862
1242 66.8862
1243 66.8862
1244 66.8862
1245 66.8862
1246 66.8862
1247 66.8862
1248 66.8862
1249 66.8862
1250 66.8862
1251 66.8862
1252 66.8862
1253 66.8862
1254 66.8862
1255 66.8862
1256 66.8862
1257 66.8862
1258 66.8862
1259 66.8862
1260 66.8862
1261 66.8862
1262 66.8862
1263 66.8862
1264 66.8862
1265 66.8862
1266 66.8862
1267 66.8862
1268 66.8862
1269 66.8862
1270 66.8862
1271 66.8862
1272 66.8862
1273 66.8862
1274 66.8862
1275 66.8862
1276 66.8862
1277 66.8862
1278 66.8862
1279 66.8862
1280 66.8862
1281 66.8862
1282 66.8862
1283 66.8862
1284 66.8862
1285 66.8862
1286 66.8862
1287 66.8862
1288 66.8862
1289 66.8862
1290 66.8862
1291 66.8862
1292 66.8862
1293 66.8862
1294 66.8862
1295 66.8862
1296 66.8862
1297 66.8862
1298 66.8862
1299 66.8862
1300 66.8862
1301 66.8862
1302 66.8862
1303 66.8862
1304 66.8862
1305 66.8862
1306 66.8862
1307 66.8862
1308 66.8862
1309 66.8862
1310 66.8862
1311 66.8862
1312 66.8862
1313 66.8862
1314 66.8862
1315 66.8862
1316 66.8862
1317 66.8862
1318 66.8862
1319 66.8862
1320 66.8862
1321 66.8862
1322 66.8862
1323 66.8862
1324 66.8862
1325 66.8862
1326 66.8862
1327 66.8862
1328 66.8862
1329 66.8862
1330 66.8862
1331 66.8862
1332 66.8862
1333 66.8862
1334 66.8862
1335 66.8862
1336 66.8862
1337 66.8862
1338 66.8862
1339 66.8862
1340 66.8862
1341 66.8862
1342 66.8862
1343 66.8862
1344 66.8862
1345 66.8862
1346 66.8862
1347 66.8862
1348 66.8862
1349 66.8862
1350 66.8862
1351 66.8862
1352 66.8862
1353 66.8862
1354 66.8862
1355 66.8862
1356 66.8862
1357 66.8862
1358 66.8862
1359 66.8862
1360 66.8862
1361 66.8862
1362 66.8862
1363 66.8862
1364 66.8862
1365 66.8862
1366 66.8862
1367 66.8862
1368 66.8862
1369 66.8862
1370 66.8862
1371 66.8862
1372 66.8862
1373 66.8862
1374 66.8862
1375 66.8862
1376 66.8862
1377 66.8862
1378 66.8862
1379 66.8862
1380 66.8862
1381 66.8862
1382 66.8862
1383 66.8862
1384 66.8862
1385 66.8862
1386 66.8862
1387 66.8862
1388 66.8862
1389 66.8862
1390 66.8862
1391 66.8862
1392 66.8862
1393 66.8862
1394 66.8862
1395 66.8862
1396 66.8862
1397 66.8862
1398 66.8862
1399 66.8862
1400 66.8862
1401 66.8862
1402 66.8862
1403 66.8862
1404 66.8862
1405 66.8862
1406 66.8862
1407 66.8862
1408 66.8862
1409 66.8862
1410 66.8862
1411 66.8862
1412 66.8862
1413 66.8862
1414 66.8862
1415 66.8862
1416 66.8862
1417 66.8862
1418 66.8862
1419 66.8862
1420 66.8862
1421 66.8862
1422 66.8862
1423 66.8862
1424 66.8862
1425 66.8862
1426 66.8862
1427 66.8862
1428 66.8862
1429 66.8862
1430 66.8862
1431 66.8862
1432 66.8862
1433 66.8862
1434 66.8862
1435 66.8862
1436 66.8862
1437 66.8862
1438 66.8862
1439 66.8862
1440 66.8862
1441 66.8862
1442 66.8862
1443 66.8862
1444 66.8862
1445 66.8862
1446 66.8862
1447 66.8862
1448 66.8862
1449 66.8862
1450 66.8862
1451 66.8862
1452 66.8862
1453 66.8862
1454 66.8862
1455 66.8862
1456 66.8862
1457 66.8862
1458 66.8862
1459 66.8862
1460 66.8862
1461 66.8862
1462 66.8862
1463 66.8862
1464 66.8862
1465 66.8862
1466 66.8862
1467 66.8862
1468 66.8862
1469 66.8862
1470 66.8862
1471 66.8862
1472 66.8862
1473 66.8862
1474 66.8862
1475 66.8862
1476 66.8862
1477 66.8862
1478 66.8862
1479 66.8862
1480 66.8862
1481 66.8862
1482 66.8862
1483 66.8862
1484 66.8862
1485 66.8862
1486 66.8862
1487 66.8862
1488 66.8862
1489 66.8862
1490 66.8862
1491 66.8862
1492 66.8862
1493 66.8862
1494 66.8862
1495 66.8862
1496 66.8862
1497 66.8862
1498 66.8862
1499 66.8862
1500 66.8862
1501 66.8862
1502 66.8862
1503 66.8862
1504 66.8862
1505 66.8862
1506 66.8862
1507 66.8862
1508 66.8862
1509 66.8862
1510 66.8862
1511 66.8862
1512 66.8862
1513 66.8862
1514 66.8862
1515 66.8862
1516 66.8862
1517 66.8862
1518 66.8862
1519 66.8862
1520 66.8862
1521 66.8862
1522 66.8862
1523 66.8862
1524 66.8862
1525 66.8862
1526 66.8862
1527 66.8862
1528 66.8862
1529 66.8862
1530 66.8862
1531 66.8862
1532 66.8862
1533 66.8862
1534 66.8862
1535 66.8862
1536 66.8862
1537 66.8862
1538 66.8862
1539 66.8862
1540 66.8862
1541 66.8862
1542 66.8862
1543 66.8862
1544 66.8862
1545 66.8862
1546 66.8862
1547 66.8862
1548 66.8862
1549 66.8862
1550 66.8862
1551 66.8862
1552 66.8862
1553 66.8862
1554 66.8862
1555 66.8862
1556 66.8862
1557 66.8862
1558 66.8862
1559 66.8862
1560 66.8862
1561 66.8862
1562 66.8862
1563 66.8862
1564 66.8862
1565 66.8862
1566 66.8862
1567 66.8862
1568 66.8862
1569 66.8862
1570 66.8862
1571 66.8862
1572 66.8862
1573 66.8862
1574 66.8035
1575 66.8035
1576 66.8035
1577 66.8035
1578 66.8035
1579 66.8035
1580 66.8035
1581 66.8035
1582 66.8035
1583 66.8035
1584 66.8035
1585 66.8035
1586 66.8035
1587 66.8035
1588 66.8035
1589 66.8035
1590 66.8035
1591 66.8035
1592 66.8035
1593 66.8035
1594 66.8035
1595 66.8035
1596 66.8035
1597 66.8035
1598 66.8035
1599 66.8035
1600 66.8035
1601 66.8035
1602 66.8035
1603 66.8035
1604 66.8035
1605 66.8035
1606 66.8035
1607 66.8035
1608 66.8035
1609 66.8035
1610 66.8035
1611 66.8035
1612 66.8035
1613 66.8035
1614 66.8035
1615 66.8035
1616 66.8035
1617 66.8035
1618 66.8035
1619 66.8035
1620 66.8035
1621 66.8035
1622 66.8035
1623 66.8035
1624 66.8035
1625 66.8035
1626 66.8035
1627 66.8035
1628 66.8035
1629 66.8035
1630 66.8035
1631 66.8035
1632 66.8035
1633 66.8035
1634 66.8035
1635 66.8035
1636 66.8035
1637 66.8035
1638 66.8035
1639 66.8035
1640 66.8035
1641 66.8035
1642 66.8035
1643 66.8035
1644 66.8035
1645 66.8035
1646 66.8035
1647 66.8035
1648 66.8035
1649 66.8035
1650 66.8035
1651 66.8035
1652 66.8035
1653 66.8035
1654 66.8035
1655 66.8035
1656 66.8035
1657 66.8035
1658 66.8035
1659 66.8035
1660 66.8035
1661 66.8035
1662 66.8035
1663 66.8035
1664 66.8035
1665 66.8035
1666 66.8035
1667 66.8035
1668 66.8035
1669 66.8035
1670 66.8035
1671 66.8035
1672 66.8035
1673 66.8035
1674 66.8035
1675 66.8035
1676 66.8035
1677 66.8035
1678 66.8035
1679 66.8035
1680 66.8035
1681 66.8035
1682 66.8035
1683 66.8035
1684 66.8035
1685 66.8035
1686 66.8035
1687 66.8035
1688 66.8035
1689 66.8035
1690 66.8035
1691 66.8035
1692 66.8035
1693 66.8035
1694 66.8035
1695 66.8035
1696 66.8035
1697 66.8035
1698 66.8035
1699 66.8035
1700 66.8035
1701 66.8035
1702 66.8035
1703 66.8035
1704 66.8035
1705 66.8035
1706 66.8035
1707 66.8035
1708 66.8035
1709 66.8035
1710 66.8035
1711 66.8035
1712 66.8035
1713 66.8035
1714 66.8035
1715 66.8035
1716 66.8035
1717 66.8035
1718 66.8035
1719 66.8035
1720 66.8035
1721 66.8035
1722 66.8035
1723 66.8035
1724 66.8035
1725 66.8035
1726 66.8035
1727 66.8035
1728 66.8035
1729 66.8035
1730 66.8035
1731 66.8035
1732 66.8035
1733 66.8035
1734 66.8035
1735 66.8035
1736 66.8035
1737 66.8035
1738 66.8035
1739 66.8035
1740 66.8035
1741 66.8035
1742 66.8035
1743 66.8035
1744 66.8035
1745 66.8035
1746 66.8035
1747 66.8035
1748 66.8035
1749 66.8035
1750 66.8035
1751 66.8035
1752 66.8035
1753 66.8035
1754 66.8035
1755 66.8035
1756 66.8035
1757 66.8035
1758 66.8035
1759 66.8035
1760 66.8035
1761 66.8035
1762 66.8035
1763 66.8035
1764 66.8035
1765 66.8035
1766 66.8035
1767 66.8035
1768 66.8035
1769 66.8035
1770 66.8035
1771 66.8035
1772 66.8035
1773 66.8035
1774 66.8035
1775 66.8035
1776 66.8035
1777 66.8035
1778 66.8035
1779 66.8035
1780 66.8035
1781 66.8035
1782 66.8035
1783 66.8035
1784 66.8035
1785 66.8035
1786 66.8035
1787 66.8035
1788 66.8035
1789 66.8035
1790 66.8035
1791 66.8035
1792 66.8035
1793 66.8035
1794 66.8035
1795 66.8035
1796 66.8035
1797 66.8035
1798 66.8035
1799 66.8035
1800 66.8035
1801 66.8035
1802 66.8035
1803 66.8035
1804 66.8035
1805 66.8035
1806 66.8035
1807 66.8035
1808 66.8035
1809 66.8035
1810 66.8035
1811 66.8035
1812 66.8035
1813 66.8035
1814 66.8035
1815 66.8035
1816 66.8035
1817 66.8035
1818 66.8035
1819 66.8035
1820 66.8035
1821 66.8035
1822 66.8035
1823 66.8035
1824 66.8035
1825 66.8035
1826 66.8035
1827 66.8035
1828 66.8035
1829 66.8035
1830 66.8035
1831 66.8035
1832 66.8035
1833 66.8035
1834 66.8035
1835 66.8035
1836 66.8035
1837 66.8035
1838 66.8035
1839 66.8035
1840 66.8035
1841 66.8035
1842 66.8035
1843 66.8035
1844 66.8035
1845 66.8035
1846 66.8035
1847 66.8035
1848 66.8035
1849 66.8035
1850 66.8035
1851 66.8035
1852 66.8035
1853 66.8035
1854 66.8035
1855 66.8035
1856 66.8035
1857 66.8035
1858 66.8035
1859 66.8035
1860 66.8035
1861 66.8035
1862 66.8035
1863 66.8035
1864 66.8035
1865 66.8035
1866 66.8035
1867 66.8035
1868 66.8035
1869 66.8035
1870 66.8035
1871 66.8035
1872 66.8035
1873 66.8035
1874 66.8035
1875 66.8035
1876 66.8035
1877 66.8035
1878 66.8035
1879 66.8035
1880 66.8035
1881 66.8035
1882 66.8035
1883 66.8035
1884 66.8035
1885 66.8035
1886 66.8035
1887 66.8035
1888 66.8035
1889 66.8035
1890 66.8035
1891 66.8035
1892 66.8035
1893 66.8035
1894 66.8035
1895 66.8035
1896 66.8035
1897 66.8035
1898 66.8035
1899 66.8035
1900 66.8035
1901 66.8035
1902 66.8035
1903 66.8035
1904 66.8035
1905 66.8035
1906 66.8035
1907 66.8035
1908 66.8035
1909 66.8035
1910 66.8035
1911 66.8035
1912 66.8035
1913 66.8035
1914 66.8035
1915 66.8035
1916 66.8035
1917 66.8035
1918 66.8035
1919 66.8035
1920 66.8035
1921 66.8035
1922 66.8035
1923 66.8035
1924 66.8035
1925 66.8035
1926 66.8035
1927 66.8035
1928 66.8035
1929 66.8035
1930 66.8035
1931 66.8035
1932 66.8035
1933 66.8035
1934 66.8035
1935 66.8035
1936 66.8035
1937 66.8035
1938 66.8035
1939 66.8035
1940 66.8035
1941 66.8035
1942 66.8035
1943 66.8035
1944 66.8035
1945 66.8035
1946 66.8035
1947 66.8035
1948 66.8035
1949 66.8035
1950 66.8035
1951 66.8035
1952 66.8035
1953 66.8035
1954 66.8035
1955 66.8035
1956 66.8035
1957 66.8035
1958 66.8035
1959 66.8035
1960 66.8035
1961 66.8035
1962 66.8035
1963 66.8035
1964 66.8035
1965 66.8035
1966 66.8035
1967 66.8035
1968 66.8035
1969 66.8035
1970 66.8035
1971 66.8035
1972 66.8035
1973 66.8035
1974 66.8035
1975 66.8035
1976 66.8035
1977 66.8035
1978 66.8035
1979 66.8035
1980 66.8035
1981 66.8035
1982 66.8035
1983 66.8035
1984 66.8035
1985 66.8035
1986 66.8035
1987 66.8035
1988 66.8035
1989 66.8035
1990 66.8035
1991 66.8035
1992 66.8035
1993 66.8035
1994 66.8035
1995 66.8035
1996 66.8035
1997 66.8035
1998 66.8035
1999 66.8035
2000 66.8035
