0 509.986
1 449.485
2 410.993
3 379.81
4 356.435
5 338.637
6 327.915
7 312.094
8 299.267
9 287.632
10 276.669
11 269.804
12 263.084
13 259.593
14 255.759
15 247.378
16 238.901
17 230.733
18 223.645
19 219.261
20 215.049
21 210.383
22 203.684
23 199.023
24 193.576
25 189.258
26 185.852
27 182.912
28 180.222
29 176.668
30 172.9
31 169.68
32 167.757
33 166.766
34 164.525
35 161.225
36 159.535
37 154.782
38 150.517
39 148.251
40 146.074
41 143.572
42 141.992
43 140.22
44 138.437
45 136.63
46 134.357
47 132.413
48 133.651
49 132.825
50 129.511
51 127.337
52 126.096
53 124.456
54 123.575
55 122.35
56 120.981
57 119.903
58 119.519
59 118.285
60 116.251
61 115.181
62 113.755
63 112.479
64 110.758
65 109.637
66 109.97
67 108.755
68 107.781
69 106.054
70 104.108
71 103.05
72 103.097
73 102.426
74 101.318
75 103.737
76 104.506
77 102.196
78 100.568
79 99.2353
80 98.6859
81 97.9834
82 96.7179
83 96.2016
84 96.1131
85 95.3992
86 94.788
87 94.2839
88 94.1458
89 93.2424
90 94.4298
91 93.8411
92 91.8072
93 90.8737
94 89.7127
95 89.2186
96 89.431
97 88.6489
98 87.1547
99 86.4412
100 86.0058
101 86.2007
102 86.2237
103 85.9494
104 88.8421
105 89.6016
106 86.4696
107 85.3694
108 85.1518
109 84.7387
110 83.7858
111 83.683
112 83.4846
113 82.8686
114 82.3408
115 82.0229
116 81.5495
117 82.1257
118 81.9344
119 81.6398
120 81.3334
121 80.6716
122 80.5793
123 80.4599
124 80.106
125 80.0182
126 79.8922
127 79.5257
128 82.1817
129 82.4569
130 80.435
131 78.7001
132 77.7966
133 77.0953
134 76.6746
135 76.4117
136 76.1649
137 75.7262
138 76.4249
139 76.0513
140 75.1601
141 75.2424
142 75.0275
143 78.4885
144 78.7799
145 76.8985
146 75.1021
147 74.3825
148 74.2358
149 73.8941
150 73.6709
151 73.9023
152 73.752
153 73.8474
154 74.0388
155 73.8996
156 73.6714
157 73.5838
158 73.5939
159 73.4253
160 72.8165
161 72.732
162 73.1582
163 72.8831
164 72.68
165 72.8079
166 72.9414
167 72.5547
168 72.261
169 72.2418
170 72.4557
171 72.2002
172 72.289
173 72.2644
174 72.2181
175 71.9835
176 72.1509
177 72.2543
178 71.9268
179 72.3122
180 72.105
181 72.0075
182 72.1094
183 71.9434
184 71.9186
185 71.7894
186 71.6028
187 71.5002
188 71.3753
189 71.2544
190 71.2775
191 71.2501
192 71.178
193 70.9065
194 70.7529
195 70.5578
196 70.1249
197 70.2128
198 70.2346
199 70.3274
200 70.372
201 70.4538
202 70.4112
203 69.8737
204 69.8527
205 69.2407
206 69.9546
207 69.4496
208 69.5197
209 69.7962
210 69.6423
211 69.8369
212 69.4551
213 69.8788
214 69.6444
215 69.5875
216 69.4516
217 69.691
218 69.7361
219 69.4002
220 69.4265
221 69.7146
222 69.6408
223 69.2948
224 69.5134
225 69.3782
226 69.6781
227 69.4589
228 69.3178
229 69.3766
230 69.2658
231 69.2541
232 69.4807
233 69.4888
234 69.6805
235 69.3784
236 69.0826
237 69.2566
238 69.5844
239 69.4807
240 69.4207
241 69.5956
242 69.3341
243 69.2715
244 69.4476
245 69.9011
246 69.5223
247 69.3356
248 69.3086
249 69.4954
250 69.4666
251 69.2517
252 69.3785
253 68.96
254 69.4364
255 69.4675
256 69.4662
257 69.6999
258 69.093
259 68.9306
260 69.1039
261 69.5982
262 69.2173
263 69.4964
264 69.4576
265 69.4402
266 69.7119
267 69.328
268 69.7351
269 69.4307
270 69.3146
271 69.5937
272 69.3202
273 69.5253
274 69.5079
275 69.2834
276 69.0056
277 68.2968
278 68.2652
279 68.394
280 68.5406
281 68.0265
282 68.099
283 68.5754
284 68.2606
285 68.0599
286 67.8052
287 68.032
288 68.2565
289 68.0479
290 68.5142
291 68.1853
292 68.2842
293 68.5355
294 68.0233
295 68.1635
296 67.8611
297 68.2652
298 68.1112
299 68.2456
300 68.1366
301 67.9396
302 68.1924
303 68.384
304 68.0868
305 67.8905
306 68.3466
307 68.024
308 68.3534
309 68.1415
310 68.0853
311 68.2281
312 68.0644
313 68.3395
314 68.0549
315 68.0062
316 68.1656
317 68.0292
318 68.158
319 68.4098
320 68.2288
321 68.3932
322 68.2077
323 68.012
324 67.9406
325 67.7953
326 67.9858
327 67.9501
328 68.0425
329 67.9044
330 67.6953
331 68.0364
332 68.1398
333 68.0243
334 68.0369
335 67.9384
336 67.941
337 68.3831
338 67.9123
339 67.8745
340 68.3746
341 68.2912
342 67.8386
343 68.0961
344 68.4616
345 68.2884
346 67.7975
347 68.122
348 68.2031
349 68.1722
350 68.0899
351 67.9745
352 68.338
353 68.0787
354 68.0776
355 68.5456
356 68.3256
357 68.0678
358 67.762
359 67.8246
360 68.2193
361 67.9188
362 68.2749
363 68.4095
364 67.975
365 68.217
366 68.0937
367 68.4389
368 68.0905
369 68.0605
370 68.0696
371 68.158
372 67.9459
373 68.0366
374 68.0771
375 68.19
376 68.2819
377 68.1537
378 68.0567
379 68.0598
380 68.1129
381 68.4847
382 68.3045
383 68.147
384 68.1555
385 67.853
386 67.6797
387 68.0993
388 68.3602
389 67.9799
390 68.2025
391 68.2321
392 68.1567
393 68.4166
394 68.0425
395 68.2375
396 68.1787
397 67.9893
398 67.9842
399 67.7852
400 68.1215
401 68.3417
402 68.1166
403 67.7842
404 67.9337
405 67.7496
406 68.3384
407 68.2571
408 68.2051
409 68.2839
410 68.0854
411 67.9894
412 68.1285
413 68.0471
414 68.2593
415 67.7453
416 68.2084
417 68.4042
418 68.3222
419 68.2495
420 68.4132
421 68.1128
422 67.9913
423 68.0326
424 68.3739
425 68.0427
426 67.9651
427 68.0735
428 68.0734
429 68.0137
430 68.1217
431 68.2537
432 68.2722
433 68.4111
434 68.1309
435 67.6937
436 67.881
437 67.7849
438 68.0617
439 67.692
440 68.2871
441 67.9806
442 68.1859
443 68.2472
444 68.0659
445 68.1566
446 67.9078
447 67.9761
448 68.1374
449 68.2087
450 68.1831
451 68.0765
452 67.996
453 67.9554
454 68.3653
455 68.4766
456 67.9806
457 68.2268
458 68.3042
459 68.3003
460 68.2254
461 67.8193
462 68.129
463 68.0817
464 68.3847
465 68.0382
466 67.8485
467 67.9636
468 68.0206
469 67.9863
470 68.1101
471 67.753
472 67.9984
473 68.1925
474 68.298
475 68.0872
476 67.9255
477 68.2927
478 68.2509
479 67.9785
480 68.3893
481 68.1649
482 67.769
483 67.9252
484 67.909
485 68.2958
486 68.2755
487 68.3189
488 68.0282
489 68.083
490 68.0328
491 68.0896
492 68.1816
493 68.2615
494 68.1371
495 67.6669
496 68.2461
497 68.0788
498 67.867
499 68.1629
500 68.6354
501 68.2028
502 67.9884
503 67.9525
504 68.0459
505 68.0212
506 68.1486
507 68.1389
508 68.327
509 68.5822
510 68.3296
511 68.252
512 68.0122
513 68.286
514 67.8962
515 67.9772
516 68.0909
517 68.1263
518 67.8854
519 67.9057
520 68.223
521 68.152
522 68.14
523 68.1229
524 68.1526
525 68.1671
526 68.005
527 67.8327
528 67.963
529 68.0263
530 68.1391
531 68.2508
532 67.9483
533 67.9417
534 68.005
535 68.0712
536 68.2128
537 68.2803
538 67.9899
539 68.1232
540 68.1086
541 67.903
542 67.9663
543 67.9632
544 67.9733
545 68.0234
546 68.4298
547 68.4464
548 68.0849
549 67.9759
550 68.088
551 68.0395
552 68.4339
553 67.9932
554 67.6412
555 67.8005
556 68.1134
557 68.1186
558 68.5594
559 68.2254
560 68.4193
561 68.1345
562 68.2245
563 68.219
564 68.2004
565 68.0078
566 68.2308
567 68.0062
568 68.121
569 67.8049
570 67.8835
571 67.8929
572 67.8532
573 68.0975
574 68.1838
575 68.0256
576 67.9767
577 67.9644
578 68.0278
579 68.1879
580 67.9115
581 68.0598
582 67.8721
583 67.7592
584 68.3006
585 67.9691
586 68.0151
587 67.936
588 68.0678
589 68.1369
590 67.8692
591 67.8195
592 67.9425
593 67.8514
594 68.0099
595 68.2368
596 67.8534
597 68.1957
598 68.2216
599 68.1173
600 67.9213
601 68.1678
602 68.0987
603 68.0604
604 67.9776
605 68.2244
606 67.7544
607 67.7766
608 67.9299
609 68.1781
610 67.9257
611 67.9914
612 68.0337
613 67.8189
614 67.8149
615 68.0053
616 67.7211
617 67.9491
618 68.0321
619 67.8089
620 67.8587
621 67.8405
622 67.991
623 68.1518
624 68.1484
625 68.1011
626 67.9179
627 67.8693
628 68.2941
629 68.3239
630 67.8867
631 67.9049
632 68.1384
633 68.2849
634 68.0899
635 68.0849
636 67.8772
637 67.8961
638 68.2089
639 68.1031
640 68.1074
641 68.1707
642 68.1657
643 67.9405
644 67.9952
645 68.5386
646 67.8684
647 68.1144
648 68.0652
649 67.8983
650 67.9919
651 67.9712
652 68.0605
653 68.5885
654 68.3051
655 68.0843
656 68.2968
657 67.9351
658 67.9303
659 68.2178
660 67.9257
661 68.0724
662 67.7283
663 67.9672
664 67.9999
665 67.7827
666 68.1928
667 68.2616
668 68.2545
669 68.2867
670 68.1301
671 67.962
672 67.923
673 68.1811
674 68.4054
675 68.0255
676 67.9833
677 68.22
678 68.0415
679 68.1046
680 68.0508
681 68.2686
682 67.9959
683 68.0168
684 67.9132
685 67.8707
686 67.893
687 67.72
688 67.936
689 68.4513
690 68.0382
691 68.2564
692 68.1728
693 68.0127
694 68.0806
695 68.2557
696 68.2013
697 68.1524
698 68.2131
699 68.1063
700 68.1367
701 68.1022
702 68.5392
703 68.2498
704 68.3603
705 68.0035
706 68.2761
707 68.0356
708 68.1548
709 68.0881
710 67.791
711 68.171
712 68.4087
713 68.1223
714 68.0737
715 67.6697
716 67.8809
717 68.1929
718 68.0924
719 68.2509
720 68.134
721 68.0312
722 68.2215
723 67.933
724 68.1583
725 67.939
726 68.2072
727 67.9858
728 67.9936
729 68.0094
730 67.902
731 68.3504
732 68.2212
733 68.3267
734 68.2926
735 67.8724
736 68.168
737 68.0966
738 67.7898
739 67.9745
740 67.9889
741 67.8659
742 68.1373
743 68.5344
744 68.4065
745 67.9556
746 68.1752
747 67.9595
748 67.9239
749 67.7912
750 68.0785
751 68.0058
752 67.7855
753 67.8077
754 67.9886
755 68.1191
756 67.8567
757 67.9039
758 68.1518
759 68.1637
760 67.9231
761 68.0819
762 67.9255
763 67.8731
764 68.3597
765 68.078
766 68.1263
767 67.9566
768 68.1794
769 67.8264
770 68.2824
771 67.9514
772 68.1481
773 68.3393
774 68.1363
775 67.9712
776 67.6162
777 68.3767
778 68.4831
779 68.13
780 68.009
781 68.0758
782 68.1144
783 68.3298
784 68.2144
785 68.157
786 67.9555
787 67.5904
788 68.1269
789 67.9732
790 68.0359
791 67.8553
792 68.1446
793 68.369
794 68.0126
795 68.1586
796 68.0151
797 68.2875
798 68.1671
799 68.0192
800 68.19
801 68.3894
802 68.298
803 67.788
804 68.2811
805 68.3984
806 68.5172
807 68.4058
808 68.1663
809 68.0782
810 67.8208
811 68.0816
812 68.0366
813 67.9816
814 68.0171
815 68.1089
816 67.8473
817 67.9625
818 67.9804
819 68.1282
820 68.1388
821 68.2867
822 68.304
823 68.0954
824 68.0483
825 67.8228
826 68.3205
827 68.1088
828 67.9017
829 68.0038
830 68.0229
831 67.8808
832 67.8687
833 68.2621
834 68.1609
835 68.1381
836 67.8957
837 68.1802
838 67.9969
839 68.2112
840 68.1545
841 68.453
842 68.249
843 68.2562
844 67.8353
845 68.1499
846 67.8696
847 67.7371
848 68.0949
849 67.829
850 68.1159
851 67.5832
852 67.2485
853 67.4289
854 67.7628
855 67.6504
856 67.2502
857 67.3627
858 67.8417
859 67.7467
860 67.6685
861 67.5303
862 67.5716
863 67.7487
864 67.4547
865 67.7017
866 68.0518
867 67.6503
868 67.8981
869 67.8581
870 67.4739
871 67.5531
872 67.6955
873 67.6692
874 67.1941
875 67.5468
876 67.5342
877 67.6455
878 67.3614
879 67.4609
880 67.4781
881 67.2262
882 67.6315
883 67.4426
884 67.3388
885 67.3844
886 67.4833
887 67.722
888 67.5533
889 67.3899
890 67.4073
891 67.5546
892 67.5785
893 67.5782
894 67.49
895 71.2882
896 72.6442
897 69.8443
898 68.6832
899 68.0486
900 67.9735
901 67.6205
902 67.5119
903 67.4394
904 67.5142
905 67.491
906 67.7564
907 67.9357
908 67.7226
909 67.8871
910 67.7697
911 67.8394
912 67.4808
913 67.499
914 67.6905
915 67.6349
916 68.0965
917 67.7853
918 67.5214
919 67.2856
920 67.3539
921 67.758
922 67.7653
923 67.507
924 67.6282
925 67.4995
926 67.5954
927 67.7461
928 67.5683
929 67.504
930 67.6914
931 67.8302
932 67.6959
933 67.3901
934 67.0493
935 67.5888
936 67.4291
937 67.44
938 67.473
939 67.6473
940 67.5094
941 67.5872
942 67.7966
943 67.9336
944 67.3899
945 67.7055
946 68.1253
947 67.7163
948 67.5537
949 67.7599
950 67.6857
951 67.7132
952 67.3301
953 67.5314
954 67.5249
955 67.5054
956 67.4826
957 67.3414
958 67.4928
959 67.7337
960 67.5538
961 67.5134
962 67.6945
963 67.5496
964 67.6962
965 67.7031
966 67.4627
967 67.5309
968 67.5229
969 67.3055
970 67.2453
971 67.7807
972 67.7188
973 67.542
974 67.7784
975 67.7008
976 67.3934
977 67.7505
978 67.4548
979 67.6241
980 67.5588
981 67.5331
982 67.3801
983 67.7241
984 67.52
985 67.6896
986 67.5094
987 67.0665
988 67.3667
989 67.5987
990 67.5696
991 67.4468
992 67.6204
993 67.5312
994 67.5745
995 67.4346
996 67.4384
997 67.397
998 67.5103
999 67.2866
1000 67.4793
1001 67.4935
1002 67.2862
1003 67.7043
1004 67.4724
1005 67.4757
1006 67.7556
1007 67.5998
1008 67.4214
1009 67.1818
1010 67.7526
1011 67.4694
1012 67.5775
1013 67.489
1014 67.8777
1015 67.5124
1016 67.7019
1017 67.2317
1018 67.4095
1019 67.6476
1020 67.2964
1021 67.5417
1022 67.475
1023 67.3495
1024 67.3838
1025 67.7822
1026 67.7431
1027 67.6594
1028 67.5101
1029 67.6242
1030 67.3652
1031 67.811
1032 67.4897
1033 67.7456
1034 67.5059
1035 67.7251
1036 67.5924
1037 67.4296
1038 67.3253
1039 67.1043
1040 66.6153
1041 66.8984
1042 67.05
1043 66.6668
1044 66.6909
1045 66.8439
1046 66.6049
1047 67.0207
1048 66.9969
1049 66.4829
1050 66.5754
1051 66.6346
1052 66.6525
1053 66.5613
1054 66.7911
1055 66.6418
1056 66.4572
1057 66.8049
1058 66.7872
1059 66.9155
1060 66.9764
1061 66.8074
1062 66.6528
1063 66.7415
1064 66.4079
1065 66.5643
1066 66.6538
1067 66.5783
1068 66.5295
1069 66.7218
1070 66.4489
1071 66.6081
1072 66.4439
1073 66.5184
1074 66.8049
1075 66.8256
1076 66.5908
1077 66.749
1078 66.7671
1079 66.454
1080 67.0587
1081 66.5494
1082 66.2542
1083 66.4272
1084 66.6873
1085 66.9481
1086 66.8138
1087 66.6621
1088 66.7672
1089 66.5404
1090 66.823
1091 66.7398
1092 66.7751
1093 66.3928
1094 66.8844
1095 66.7569
1096 66.4291
1097 66.5817
1098 66.8026
1099 66.9082
1100 66.4461
1101 66.6319
1102 66.3523
1103 66.4955
1104 66.5214
1105 66.6638
1106 66.4482
1107 66.2462
1108 66.5341
1109 66.5544
1110 66.7141
1111 66.383
1112 66.4558
1113 66.4158
1114 66.7248
1115 66.5795
1116 67.0546
1117 66.906
1118 66.4836
1119 66.5143
1120 66.6737
1121 66.5729
1122 66.4312
1123 66.6191
1124 66.7273
1125 66.4244
1126 66.6304
1127 66.5705
1128 66.502
1129 66.604
1130 66.7537
1131 66.5965
1132 66.732
1133 66.7082
1134 66.9119
1135 66.4809
1136 66.4899
1137 66.5853
1138 66.3637
1139 66.775
1140 66.674
1141 66.4779
1142 66.4123
1143 66.5459
1144 66.8403
1145 66.719
1146 66.5705
1147 66.7767
1148 66.67
1149 66.4109
1150 66.9986
1151 67.1963
1152 66.8602
1153 67.0743
1154 66.7947
1155 66.7436
1156 66.9625
1157 66.7733
1158 66.911
1159 66.8007
1160 66.452
1161 66.3356
1162 66.5236
1163 66.7423
1164 66.3874
1165 66.6008
1166 67.1942
1167 66.5011
1168 66.5601
1169 66.4323
1170 66.9472
1171 66.8147
1172 66.7129
1173 66.2293
1174 66.4253
1175 66.4
1176 66.4189
1177 66.5043
1178 67.1327
1179 66.7956
1180 66.8048
1181 66.6094
1182 66.8647
1183 66.8074
1184 66.6358
1185 66.5508
1186 66.6128
1187 66.6646
1188 66.738
1189 66.6135
1190 66.9955
1191 66.5996
1192 66.5979
1193 66.6433
1194 66.5035
1195 66.4143
1196 66.4703
1197 66.8374
1198 66.7387
1199 66.7169
1200 66.8095
1201 66.8795
1202 66.4942
1203 66.6729
1204 66.5527
1205 66.6756
1206 66.416
1207 66.6291
1208 66.9367
1209 66.9754
1210 66.4041
1211 66.7836
1212 66.854
1213 66.5957
1214 66.7146
1215 66.6967
1216 66.5831
1217 66.3024
1218 66.6996
1219 66.5057
1220 66.3528
1221 66.3388
1222 66.7039
1223 66.4706
1224 66.5075
1225 66.6121
1226 66.584
1227 66.8011
1228 66.5143
1229 66.7128
1230 66.4856
1231 66.7107
1232 66.4163
1233 67.0364
1234 66.7425
1235 66.7383
1236 67.0113
1237 66.9695
1238 67.0074
1239 66.3832
1240 66.6136
1241 66.8368
1242 66.8807
1243 66.5371
1244 66.6951
1245 66.8792
1246 66.8288
1247 66.904
1248 66.535
1249 66.4819
1250 66.489
1251 66.9046
1252 66.9406
1253 66.8151
1254 66.6566
1255 66.8118
1256 66.8087
1257 66.8814
1258 66.9637
1259 66.74
1260 66.6729
1261 66.6173
1262 66.694
1263 66.3634
1264 66.4861
1265 66.442
1266 66.7796
1267 66.8107
1268 67.1966
1269 66.673
1270 66.7898
1271 66.7771
1272 66.3988
1273 66.6524
1274 66.5081
1275 66.5757
1276 66.5449
1277 66.5321
1278 66.6875
1279 66.5087
1280 66.6756
1281 66.4693
1282 66.7317
1283 66.8342
1284 66.726
1285 66.7149
1286 66.8312
1287 66.3581
1288 66.6922
1289 66.5015
1290 66.7348
1291 66.6859
1292 66.7372
1293 66.6905
1294 67.0783
1295 66.8523
1296 66.7948
1297 66.8342
1298 66.9529
1299 66.8342
1300 67.1994
1301 67.0084
1302 66.8247
1303 66.7842
1304 66.4798
1305 66.7129
1306 66.5827
1307 66.594
1308 67.1081
1309 66.8144
1310 66.72
1311 66.8271
1312 66.5226
1313 66.8142
1314 66.487
1315 66.7259
1316 66.6272
1317 66.6352
1318 66.3461
1319 66.364
1320 66.6294
1321 66.5811
1322 66.7504
1323 66.7272
1324 66.7377
1325 66.6847
1326 67.1592
1327 67.0991
1328 66.854
1329 66.8907
1330 66.508
1331 66.8186
1332 66.9413
1333 66.9078
1334 66.6662
1335 66.8071
1336 66.7636
1337 66.5829
1338 66.7037
1339 66.8052
1340 66.4179
1341 66.6299
1342 66.7929
1343 66.7156
1344 66.8119
1345 66.4872
1346 66.2108
1347 66.463
1348 66.5589
1349 66.3714
1350 66.3454
1351 66.2633
1352 66.5173
1353 66.7793
1354 66.6725
1355 66.3113
1356 66.6497
1357 66.9346
1358 66.8788
1359 66.8036
1360 66.6817
1361 66.6572
1362 66.2517
1363 66.7218
1364 66.5516
1365 66.7156
1366 66.693
1367 66.7934
1368 66.8964
1369 66.8295
1370 66.872
1371 66.8768
1372 66.9031
1373 67.1089
1374 66.777
1375 66.501
1376 66.4554
1377 66.5806
1378 66.6297
1379 66.4445
1380 66.222
1381 66.6549
1382 66.7172
1383 66.8272
1384 67.0024
1385 66.721
1386 66.63
1387 66.6672
1388 66.5862
1389 66.5094
1390 66.748
1391 66.5575
1392 66.8382
1393 66.9166
1394 66.5716
1395 66.3066
1396 66.6029
1397 66.3821
1398 66.7068
1399 66.5022
1400 66.7177
1401 66.5187
1402 66.9989
1403 66.5271
1404 66.8055
1405 66.5405
1406 66.8264
1407 66.549
1408 66.3392
1409 66.203
1410 66.4209
1411 66.9536
1412 66.4884
1413 66.755
1414 66.7963
1415 66.4921
1416 66.3003
1417 66.5262
1418 66.6201
1419 66.6358
1420 66.3794
1421 66.5757
1422 66.557
1423 66.5023
1424 66.6342
1425 66.5782
1426 66.9035
1427 66.5207
1428 66.4021
1429 66.2736
1430 66.5446
1431 66.725
1432 66.7202
1433 66.4144
1434 66.5977
1435 66.3848
1436 66.4858
1437 66.8994
1438 66.7676
1439 66.8403
1440 66.6168
1441 66.7825
1442 66.3908
1443 66.517
1444 66.7737
1445 66.5782
1446 66.6499
1447 66.4585
1448 66.3871
1449 66.5715
1450 67.0001
1451 66.6706
1452 66.9775
1453 66.601
1454 66.518
1455 66.6916
1456 66.5658
1457 66.6796
1458 66.6631
1459 66.8056
1460 66.9379
1461 66.6452
1462 66.3052
1463 66.7315
1464 66.6857
1465 66.0985
1466 66.5722
1467 66.5372
1468 66.9619
1469 66.9015
1470 66.9802
1471 66.7294
1472 66.9968
1473 66.4247
1474 66.8011
1475 66.6444
1476 66.7193
1477 66.744
1478 66.5314
1479 66.6657
1480 66.7976
1481 66.6899
1482 66.6043
1483 66.8239
1484 66.6672
1485 66.5591
1486 66.5683
1487 66.7159
1488 66.6876
1489 66.4965
1490 66.7657
1491 66.774
1492 66.4725
1493 66.787
1494 66.8779
1495 66.8888
1496 66.6309
1497 66.7713
1498 66.7713
1499 66.9833
1500 66.8029
1501 66.6406
1502 66.5444
1503 66.8214
1504 66.2644
1505 66.2902
1506 66.5604
1507 66.7227
1508 66.5901
1509 66.5047
1510 66.6223
1511 66.6943
1512 66.7606
1513 66.3194
1514 66.5767
1515 66.4539
1516 66.6685
1517 66.9553
1518 66.6249
1519 66.7149
1520 66.8673
1521 66.9629
1522 66.7845
1523 66.9035
1524 66.6017
1525 66.8091
1526 66.7392
1527 66.5672
1528 66.4055
1529 66.4373
1530 66.7684
1531 67.1332
1532 66.8431
1533 66.4754
1534 66.4145
1535 66.2856
1536 66.7117
1537 66.8621
1538 66.6738
1539 66.3726
1540 66.4926
1541 66.7138
1542 66.7257
1543 66.5625
1544 67.1423
1545 66.4976
1546 66.6655
1547 67.0694
1548 66.7695
1549 66.7885
1550 66.7135
1551 66.7375
1552 66.5632
1553 66.9341
1554 66.4217
1555 66.4836
1556 66.6511
1557 66.4661
1558 66.8116
1559 66.8718
1560 66.5903
1561 66.8089
1562 66.6761
1563 66.5996
1564 66.8781
1565 66.5817
1566 66.4957
1567 66.9801
1568 66.6251
1569 66.8314
1570 66.9593
1571 67.0902
1572 67.1204
1573 66.5924
1574 66.4897
1575 66.5728
1576 66.6298
1577 66.68
1578 66.4858
1579 66.6512
1580 66.624
1581 66.7592
1582 66.9069
1583 66.4066
1584 66.4524
1585 66.3622
1586 66.4666
1587 66.4829
1588 66.6904
1589 66.4829
1590 66.2666
1591 66.5684
1592 66.4577
1593 66.7157
1594 66.6415
1595 66.7957
1596 66.6219
1597 66.8989
1598 66.7327
1599 66.8608
1600 66.7585
1601 66.8347
1602 66.7764
1603 66.5801
1604 66.771
1605 66.5415
1606 66.6784
1607 66.7665
1608 66.6507
1609 66.5643
1610 66.6072
1611 66.4514
1612 66.5379
1613 66.6054
1614 66.6406
1615 66.5774
1616 66.6784
1617 66.6607
1618 66.8281
1619 66.7284
1620 66.5408
1621 66.57
1622 66.8275
1623 66.7708
1624 66.8713
1625 66.6902
1626 66.5172
1627 66.5979
1628 66.5545
1629 66.5077
1630 66.4815
1631 66.5908
1632 66.7463
1633 66.5387
1634 66.7346
1635 66.7772
1636 66.6234
1637 66.5718
1638 66.4948
1639 66.5948
1640 66.8677
1641 66.9448
1642 66.713
1643 66.5812
1644 66.6034
1645 66.6065
1646 66.8245
1647 66.7084
1648 66.5982
1649 66.6747
1650 66.7092
1651 66.847
1652 67.0764
1653 66.7225
1654 67.2101
1655 66.9739
1656 66.8864
1657 66.7153
1658 66.4663
1659 66.2162
1660 66.5814
1661 66.7993
1662 66.7657
1663 66.7131
1664 66.7285
1665 66.5236
1666 66.5689
1667 66.8793
1668 66.7297
1669 66.5467
1670 66.6082
1671 66.9693
1672 66.7337
1673 66.5836
1674 66.5828
1675 66.5638
1676 66.5604
1677 66.5356
1678 66.4191
1679 67.0436
1680 67.0325
1681 66.4938
1682 66.4087
1683 66.5624
1684 66.5068
1685 66.3618
1686 66.6834
1687 66.6157
1688 66.8634
1689 66.4287
1690 66.4947
1691 66.4965
1692 66.7545
1693 66.7499
1694 66.5695
1695 66.7682
1696 66.5747
1697 66.5195
1698 66.9534
1699 66.9019
1700 66.8869
1701 66.5038
1702 66.6155
1703 66.7679
1704 66.8605
1705 66.5356
1706 66.8089
1707 66.9263
1708 66.5597
1709 66.4795
1710 66.6561
1711 66.7276
1712 66.5756
1713 66.8292
1714 66.6406
1715 66.673
1716 66.5563
1717 66.2688
1718 66.447
1719 66.7939
1720 66.9122
1721 66.7042
1722 66.5633
1723 66.684
1724 66.3124
1725 66.5412
1726 66.5532
1727 66.7644
1728 66.7407
1729 66.4882
1730 66.8172
1731 66.7339
1732 66.6556
1733 66.7386
1734 66.7955
1735 66.8649
1736 66.8617
1737 66.5579
1738 66.9008
1739 66.938
1740 66.6099
1741 66.5425
1742 66.3984
1743 66.4649
1744 66.6676
1745 66.3708
1746 66.8662
1747 66.9614
1748 66.3698
1749 66.1673
1750 66.4577
1751 66.5687
1752 66.644
1753 66.8985
1754 66.5862
1755 66.4239
1756 66.4718
1757 66.551
1758 66.5028
1759 66.5714
1760 66.5628
1761 66.7535
1762 66.7341
1763 66.46
1764 66.9345
1765 66.8027
1766 66.7234
1767 66.9658
1768 66.7429
1769 66.4896
1770 66.3314
1771 66.7213
1772 66.7806
1773 66.7566
1774 66.6284
1775 66.9117
1776 66.5989
1777 66.8657
1778 66.731
1779 66.7986
1780 66.9024
1781 66.7065
1782 66.7337
1783 66.581
1784 66.5749
1785 66.763
1786 66.6567
1787 67.1596
1788 66.8823
1789 66.5983
1790 66.6683
1791 66.6273
1792 66.9989
1793 67.0413
1794 66.8417
1795 66.8424
1796 66.5427
1797 66.4941
1798 66.4244
1799 66.6018
1800 66.6432
1801 66.2856
1802 66.6127
1803 66.6398
1804 66.935
1805 66.5968
1806 66.575
1807 66.4203
1808 66.5918
1809 67.1889
1810 66.4532
1811 66.8967
1812 66.4107
1813 66.5976
1814 66.526
1815 66.8052
1816 66.5606
1817 66.4749
1818 66.6357
1819 67.0465
1820 66.4746
1821 66.432
1822 66.6717
1823 66.7096
1824 66.8881
1825 66.8857
1826 66.8522
1827 66.6141
1828 66.8421
1829 67.0677
1830 66.6373
1831 66.4062
1832 66.3571
1833 66.4725
1834 66.6855
1835 66.3901
1836 66.3028
1837 66.5408
1838 66.434
1839 66.7159
1840 66.918
1841 66.9058
1842 66.6898
1843 66.4689
1844 66.7274
1845 66.5631
1846 66.616
1847 66.4607
1848 66.6669
1849 66.745
1850 66.7234
1851 66.8148
1852 66.6858
1853 66.511
1854 66.711
1855 66.795
1856 67.0727
1857 67.1463
1858 67.1014
1859 66.8925
1860 66.5682
1861 66.5408
1862 66.7116
1863 66.7014
1864 66.4141
1865 66.6756
1866 66.8745
1867 66.5991
1868 66.8845
1869 66.2973
1870 66.6285
1871 66.609
1872 66.5839
1873 66.6058
1874 66.4605
1875 66.6578
1876 66.559
1877 66.6958
1878 66.6174
1879 66.5972
1880 66.8293
1881 66.9741
1882 66.7957
1883 66.4598
1884 66.4008
1885 66.522
1886 66.6759
1887 66.8533
1888 66.4396
1889 66.3942
1890 66.9776
1891 66.5829
1892 66.4093
1893 66.8727
1894 66.7686
1895 66.2003
1896 66.7173
1897 66.6299
1898 66.5617
1899 66.8354
1900 66.6687
1901 66.6299
1902 66.427
1903 66.6085
1904 66.8053
1905 66.5975
1906 66.8997
1907 66.6531
1908 66.6198
1909 66.5835
1910 66.5584
1911 66.705
1912 66.6951
1913 66.3639
1914 66.6737
1915 66.8326
1916 66.3669
1917 66.5116
1918 66.4997
1919 66.4525
1920 66.3735
1921 66.6274
1922 66.4785
1923 66.5165
1924 66.7149
1925 66.8882
1926 66.4695
1927 66.5081
1928 66.6081
1929 66.5409
1930 66.6427
1931 66.3514
1932 66.5999
1933 66.5326
1934 66.6816
1935 66.483
1936 66.7145
1937 66.8094
1938 66.5423
1939 66.6791
1940 66.606
1941 66.7647
1942 66.5113
1943 66.6541
1944 66.5396
1945 66.3823
1946 66.5395
1947 66.6621
1948 66.7
1949 66.494
1950 66.7732
1951 66.7132
1952 66.5538
1953 66.4624
1954 66.3595
1955 66.7262
1956 67.0072
1957 66.8687
1958 66.5292
1959 66.4516
1960 66.7893
1961 66.3705
1962 66.6678
1963 66.535
1964 66.2444
1965 66.745
1966 66.7618
1967 66.6011
1968 66.6827
1969 66.6743
1970 66.8674
1971 66.8502
1972 66.6082
1973 66.8157
1974 66.6059
1975 66.5904
1976 66.6331
1977 66.6791
1978 66.5823
1979 66.6644
1980 66.6956
1981 66.5524
1982 66.5298
1983 66.2805
1984 66.5145
1985 66.5677
1986 66.9
1987 66.5845
1988 67.0687
1989 66.7336
1990 66.6734
1991 66.7828
1992 66.7681
1993 66.8519
1994 66.6881
1995 66.5587
1996 66.4354
1997 66.4068
1998 66.6483
1999 66.3821
2000 66.4944
2001 66.7773
2002 66.6969
2003 66.9661
2004 67.0016
2005 66.9419
2006 66.6045
2007 66.5508
2008 66.5367
2009 66.4263
2010 66.9604
2011 66.8047
2012 66.907
2013 66.5659
2014 66.7933
2015 67.0145
2016 66.5675
2017 66.7304
2018 66.5402
2019 66.4247
2020 66.866
2021 66.5133
2022 66.5153
2023 66.5357
2024 66.6742
2025 66.5998
2026 66.5862
2027 66.5221
2028 66.4665
2029 66.5027
2030 66.683
2031 66.6874
2032 66.7569
2033 66.5866
2034 66.5024
2035 66.3477
2036 66.9063
2037 67.1811
2038 66.7156
2039 66.5361
2040 66.8128
2041 66.5246
2042 66.3854
2043 66.5318
2044 66.5946
2045 66.614
2046 66.5659
2047 66.8214
2048 66.5401
2049 67.0746
2050 66.5818
2051 66.4756
2052 66.5849
2053 66.9605
2054 66.4674
2055 66.6602
2056 66.641
2057 66.8557
2058 66.8898
2059 66.3601
2060 66.3701
2061 66.6546
2062 66.4867
2063 66.6153
2064 66.5818
2065 66.5595
2066 66.7147
2067 66.4726
2068 66.4913
2069 66.374
2070 66.8183
2071 66.7457
2072 66.6385
2073 66.4662
2074 66.7742
2075 66.6583
2076 66.61
2077 66.5474
2078 66.8187
2079 66.6272
2080 66.4126
2081 66.3226
2082 66.5678
2083 66.7001
2084 66.7154
2085 66.6611
2086 66.6871
2087 66.7377
2088 66.7337
2089 66.8958
2090 66.7029
2091 66.6415
2092 66.5157
2093 66.6711
2094 66.4113
2095 66.9648
2096 66.8714
2097 66.6505
2098 66.9425
2099 66.7447
2100 66.4488
2101 66.7342
2102 66.6677
2103 66.6335
2104 66.7707
2105 66.772
2106 66.6951
2107 66.6918
2108 66.5831
2109 66.5822
2110 66.3464
2111 66.4018
2112 66.6146
2113 66.7693
2114 66.4952
2115 66.6589
2116 66.5734
2117 66.6442
2118 66.5836
2119 66.7488
2120 66.6919
2121 66.5771
2122 66.7813
2123 66.558
2124 66.8013
2125 66.6478
2126 66.5605
2127 66.4987
2128 66.5536
2129 66.439
2130 67.1084
2131 66.3783
2132 66.4136
2133 66.5528
2134 66.4525
2135 66.728
2136 66.5601
2137 66.5408
2138 66.5551
2139 66.7893
2140 66.536
2141 66.6452
2142 66.6358
2143 66.8128
2144 66.5593
2145 66.6886
2146 66.6235
2147 66.2968
2148 66.6876
2149 66.8694
2150 66.8621
2151 66.3757
2152 66.5214
2153 66.7754
2154 66.5508
2155 66.7489
2156 66.8126
2157 66.6064
2158 66.5089
2159 66.7347
2160 66.8083
2161 66.7649
2162 66.7364
2163 66.6415
2164 66.5995
2165 66.4799
2166 66.552
2167 66.7576
2168 66.5758
2169 66.7783
2170 66.9792
2171 66.5903
2172 66.4924
2173 66.3045
2174 66.5643
2175 66.5912
2176 66.6033
2177 66.5907
2178 67.1268
2179 67.055
2180 66.3756
2181 66.3248
2182 66.7962
2183 66.7995
2184 66.9441
2185 66.6641
2186 66.4933
2187 66.6116
2188 66.5219
2189 66.7009
2190 66.8991
2191 66.598
2192 66.7955
2193 66.6463
2194 66.779
2195 67.0036
2196 66.7206
2197 66.6816
2198 66.6899
2199 66.4969
2200 66.632
2201 66.4974
2202 66.5963
2203 66.7743
2204 66.6592
2205 66.7986
2206 66.583
2207 66.764
2208 66.6345
2209 66.5783
2210 66.5438
2211 66.7842
2212 66.7613
2213 66.6158
2214 66.7304
2215 66.4528
2216 66.6398
2217 66.605
2218 66.6393
2219 66.3427
2220 67.0619
2221 66.5233
2222 66.5482
2223 66.5927
2224 66.5114
2225 66.7442
2226 66.6135
2227 66.5854
2228 66.4848
2229 66.5189
2230 66.6803
2231 66.845
2232 66.5779
2233 66.5894
2234 67.0583
2235 66.824
2236 66.5859
2237 66.922
2238 66.4856
2239 66.4162
2240 66.3284
2241 66.462
2242 66.2105
2243 66.559
2244 66.7491
2245 66.8049
2246 66.4664
2247 66.3751
2248 66.7232
2249 66.8073
2250 66.692
2251 66.9313
2252 66.4574
2253 66.3621
2254 66.8443
2255 66.8476
2256 67.1825
2257 66.8047
2258 66.7941
2259 66.542
2260 66.569
2261 66.5251
2262 66.5049
2263 66.5136
2264 66.5062
2265 66.3939
2266 66.5251
2267 66.6709
2268 66.8074
2269 66.8458
2270 66.8443
2271 66.7504
2272 66.7212
2273 66.2077
2274 66.3681
2275 66.5798
2276 66.7375
2277 66.7933
2278 67.0258
2279 66.5492
2280 66.6626
2281 66.4021
2282 66.3894
2283 66.4997
2284 66.8842
2285 66.5795
2286 66.716
2287 66.5752
2288 66.55
2289 66.4906
2290 66.3226
2291 66.64
2292 66.7576
2293 66.9044
2294 66.6651
2295 66.7865
2296 66.4783
2297 66.6588
2298 66.515
2299 66.8471
2300 66.7103
2301 66.4908
2302 66.4547
2303 66.4472
2304 66.646
2305 66.3249
2306 66.7142
2307 66.8581
2308 66.8154
2309 67.0255
2310 67.0053
2311 66.7269
2312 66.7565
2313 66.7062
2314 66.7038
2315 66.4521
2316 66.591
2317 66.4552
2318 66.54
2319 66.5823
2320 66.7975
2321 66.4991
2322 66.542
2323 66.276
2324 66.4813
2325 66.7971
2326 66.7943
2327 66.8305
2328 66.6055
2329 66.6786
2330 66.7119
2331 66.3646
2332 66.4062
2333 66.6
2334 66.716
2335 66.6345
2336 66.5079
2337 66.5684
2338 66.6612
2339 66.8398
2340 66.6829
2341 66.4163
2342 66.4948
2343 66.5352
2344 66.4199
2345 66.6613
2346 66.7019
2347 66.6389
2348 66.6208
2349 66.7078
2350 66.4424
2351 66.3747
2352 67.1609
2353 66.9308
2354 66.6904
2355 66.7534
2356 66.5572
2357 66.5519
2358 66.3173
2359 66.5148
2360 66.8347
2361 66.5696
2362 66.7297
2363 66.6735
2364 66.7562
2365 66.4512
2366 67.045
2367 66.9404
2368 66.6285
2369 66.6978
2370 66.6831
2371 66.7748
2372 66.461
2373 66.6215
2374 66.6303
2375 66.8569
2376 66.5292
2377 66.6278
2378 66.5282
2379 66.3371
2380 66.6513
2381 66.4589
2382 66.5333
2383 66.5116
2384 66.4128
2385 66.5226
2386 66.8826
2387 66.8169
2388 66.6702
2389 66.7336
2390 66.8178
2391 66.6068
2392 66.3747
2393 66.5991
2394 66.8246
2395 66.7928
2396 66.4112
2397 66.8158
2398 66.5121
2399 66.3247
2400 66.3307
2401 66.537
2402 66.7887
2403 66.6576
2404 66.5924
2405 66.7951
2406 66.66
2407 66.7122
2408 66.665
2409 66.5879
2410 66.4493
2411 66.6081
2412 66.893
2413 66.8696
2414 66.7353
2415 66.6889
2416 66.6613
2417 66.4868
2418 66.5721
2419 66.8614
2420 66.5365
2421 66.5399
2422 66.4797
2423 66.6885
2424 66.4119
2425 66.6506
2426 66.5923
2427 66.6893
2428 66.6261
2429 66.7495
2430 66.6324
2431 66.6575
2432 67.0136
2433 67.0594
2434 66.7373
2435 66.5948
2436 66.718
2437 67.0338
2438 66.6108
2439 66.6731
2440 66.3939
2441 66.5337
2442 66.3429
2443 66.6244
2444 66.3579
2445 66.2956
2446 66.2272
2447 66.8591
2448 66.6527
2449 66.6794
2450 66.5242
2451 66.3893
2452 66.0992
2453 66.2776
2454 66.5222
2455 66.8499
2456 66.6686
2457 66.6177
2458 66.6267
2459 66.5819
2460 66.469
2461 66.5864
2462 66.8567
2463 66.4085
2464 66.7222
2465 66.3965
2466 66.4678
2467 66.7655
2468 66.5361
2469 66.8154
2470 66.5322
2471 66.7192
2472 66.6789
2473 66.6923
2474 66.4431
2475 66.6279
2476 66.6058
2477 66.7363
2478 66.3115
2479 66.486
2480 66.3463
2481 66.4313
2482 66.4146
2483 66.4875
2484 66.5506
2485 66.6891
2486 66.644
2487 66.4601
2488 66.7302
2489 66.6147
2490 66.8186
2491 66.8139
2492 66.4188
2493 66.8171
2494 66.8494
2495 66.7299
2496 66.5675
2497 66.8956
2498 66.5544
2499 66.5243
2500 66.8365
2501 66.6316
2502 66.4013
2503 66.7888
2504 66.4724
2505 66.4473
2506 66.5134
2507 66.7504
2508 66.7915
2509 66.2536
2510 66.5193
2511 66.3275
2512 66.7549
2513 66.5503
2514 66.5861
2515 66.3033
2516 66.4287
2517 66.4247
2518 66.7521
2519 66.5136
2520 66.6289
2521 66.8351
2522 66.4699
2523 66.7558
2524 66.529
2525 66.6539
2526 66.7331
2527 66.6393
2528 66.789
2529 66.7034
2530 66.401
2531 67.0848
2532 66.7892
2533 66.396
2534 66.3584
2535 66.4892
2536 66.7018
2537 66.5451
2538 66.7389
2539 66.8942
2540 66.7334
2541 66.4702
2542 66.5458
2543 66.9812
2544 66.825
2545 67.0998
2546 66.6803
2547 66.5867
2548 66.9962
2549 66.725
2550 66.4496
2551 66.9045
2552 66.6326
2553 66.6911
2554 66.4863
2555 66.8165
2556 66.7915
2557 66.5767
2558 66.5807
2559 66.5855
2560 66.3547
2561 66.5378
2562 66.7584
2563 66.9045
2564 66.591
2565 66.4526
2566 66.4334
2567 66.5484
2568 66.6298
2569 66.3586
2570 66.5838
2571 66.5233
2572 66.7211
2573 66.5128
2574 66.4682
2575 66.4768
2576 66.4953
2577 66.6616
2578 66.8089
2579 66.83
2580 66.4282
2581 66.4643
2582 66.4323
2583 66.5551
2584 66.5368
2585 66.6525
2586 66.5859
2587 66.8463
2588 66.7556
2589 67.0053
2590 66.725
2591 66.5516
2592 66.4705
2593 66.663
2594 66.6344
2595 66.5526
2596 66.645
2597 66.8443
2598 66.7601
2599 66.6167
2600 66.4701
2601 66.4839
2602 66.678
2603 66.9498
2604 66.4974
2605 66.6843
2606 66.5712
2607 66.3269
2608 66.3845
2609 66.2136
2610 66.6833
2611 66.7664
2612 66.8987
2613 66.6483
2614 66.718
2615 66.5293
2616 66.8859
2617 66.6445
2618 66.5709
2619 66.409
2620 66.5654
2621 66.718
2622 66.5904
2623 66.5098
2624 66.5008
2625 66.4133
2626 66.8816
2627 66.7133
2628 66.5163
2629 66.6216
2630 66.6333
2631 66.5758
2632 66.4597
2633 66.6923
2634 66.6749
2635 66.702
2636 66.9481
2637 66.5553
2638 66.6292
2639 66.5586
2640 66.7319
2641 67.1359
2642 66.65
2643 66.5197
2644 66.3555
2645 66.4965
2646 66.6253
2647 66.705
2648 66.844
2649 67.0348
2650 66.5705
2651 66.3277
2652 66.7555
2653 66.7517
2654 66.4871
2655 66.5589
2656 66.449
2657 66.8829
2658 66.8631
2659 66.6936
2660 66.6063
2661 66.7293
2662 66.4938
2663 66.9397
2664 66.7644
2665 66.5745
2666 66.8337
2667 66.8441
2668 66.2399
2669 66.7412
2670 66.7001
2671 66.7081
2672 66.793
2673 66.5672
2674 66.8092
2675 66.7054
2676 66.8209
2677 66.5288
2678 66.5899
2679 66.751
2680 66.4476
2681 66.8381
2682 66.5992
2683 66.864
2684 66.8411
2685 66.4325
2686 66.5124
2687 66.323
2688 66.8112
2689 66.7237
2690 66.7608
2691 66.7473
2692 66.6911
2693 66.7482
2694 66.9447
2695 66.3737
2696 66.7964
2697 66.4841
2698 66.7091
2699 66.4892
2700 66.579
2701 66.6864
2702 66.8118
2703 66.5353
2704 66.4108
2705 66.312
2706 66.6564
2707 66.4453
2708 66.7051
2709 66.6241
2710 66.2922
2711 66.504
2712 66.6805
2713 66.8833
2714 66.4618
2715 66.9818
2716 67.0469
2717 66.8544
2718 66.6321
2719 66.5871
2720 66.5404
2721 66.4739
2722 66.5905
2723 66.5759
2724 66.561
2725 66.6096
2726 66.9168
2727 66.862
2728 66.4686
2729 66.6056
2730 66.6251
2731 66.927
2732 66.5194
2733 66.6722
2734 66.6414
2735 66.3524
2736 66.6456
2737 66.6751
2738 66.7261
2739 66.4977
2740 66.8401
2741 66.7946
2742 67.0005
2743 66.7639
2744 66.6062
2745 66.6526
2746 66.7419
2747 66.7662
2748 66.3717
2749 66.8164
2750 66.4655
2751 66.6646
2752 66.382
2753 66.7155
2754 66.6361
2755 66.5244
2756 66.8885
2757 66.7615
2758 66.8116
2759 66.7772
2760 66.8067
2761 66.3294
2762 66.4586
2763 66.3427
2764 66.7448
2765 66.4362
2766 66.5323
2767 66.7547
2768 66.5559
2769 66.3994
2770 66.4863
2771 66.5419
2772 66.4664
2773 66.4139
2774 66.9722
2775 66.8081
2776 66.7262
2777 67.1129
2778 66.7603
2779 66.8358
2780 66.8194
2781 66.5935
2782 66.6047
2783 66.5504
2784 66.5786
2785 66.5994
2786 66.5522
2787 66.5134
2788 66.7667
2789 66.5805
2790 66.7768
2791 66.8743
2792 66.5185
2793 66.5931
2794 66.7457
2795 66.6323
2796 66.3606
2797 66.6935
2798 66.7021
2799 66.6653
2800 66.4578
2801 66.5452
2802 66.4691
2803 66.3851
2804 66.6366
2805 66.4848
2806 66.5916
2807 66.9631
2808 66.7746
2809 66.7953
2810 66.4785
2811 66.8555
2812 66.7033
2813 66.8815
2814 66.7395
2815 66.8261
2816 66.612
2817 66.5148
2818 66.6199
2819 67.1269
2820 66.6096
2821 66.7374
2822 67.159
2823 66.5496
2824 66.449
2825 66.4261
2826 66.3339
2827 66.3212
2828 66.5935
2829 66.6434
2830 67.0075
2831 66.7025
2832 66.7786
2833 66.4546
2834 66.8419
2835 66.8809
2836 66.9577
2837 66.8331
2838 66.5847
2839 66.4819
2840 66.5897
2841 66.5116
2842 66.485
2843 66.7108
2844 66.7404
2845 66.7998
2846 66.6693
2847 66.696
2848 66.3928
2849 66.4653
2850 66.4519
2851 66.5616
2852 66.6389
2853 66.6593
2854 66.6809
2855 67.128
2856 66.4252
2857 66.7299
2858 66.7577
2859 66.8712
2860 66.9714
2861 66.7444
2862 66.7304
2863 66.432
2864 66.6146
2865 66.4706
2866 66.7435
2867 66.54
2868 66.4864
2869 66.4314
2870 66.6383
2871 66.8052
2872 66.7617
2873 66.5364
2874 66.6207
2875 66.8192
2876 66.7468
2877 67.0248
2878 66.5843
2879 66.5596
2880 66.7783
2881 66.9545
2882 66.6781
2883 67.0189
2884 66.6755
2885 66.2981
2886 66.4731
2887 66.5921
2888 66.6822
2889 66.8137
2890 66.7324
2891 66.6355
2892 66.8129
2893 66.8918
2894 66.7275
2895 66.7931
2896 66.6404
2897 66.8279
2898 66.9695
2899 66.5786
2900 66.64
2901 66.896
2902 66.8009
2903 66.8554
2904 66.4938
2905 66.6643
2906 66.8026
2907 67.1139
2908 66.7999
2909 66.5132
2910 66.5632
2911 66.813
2912 66.6406
2913 66.6584
2914 66.5568
2915 66.4723
2916 66.6663
2917 66.2735
2918 66.5641
2919 66.7771
2920 66.5174
2921 66.4547
2922 66.4214
2923 66.408
2924 66.6532
2925 66.9272
2926 66.9216
2927 66.4781
2928 66.244
2929 66.6345
2930 66.5663
2931 66.7712
2932 66.9925
2933 66.6328
2934 66.5839
2935 66.6226
2936 66.5524
2937 66.5972
2938 66.359
2939 66.9871
2940 66.9335
2941 67.0887
2942 66.6791
2943 66.7556
2944 66.7695
2945 66.9377
2946 67.0373
2947 66.5969
2948 66.7104
2949 66.5429
2950 66.6498
2951 67.1096
2952 66.8567
2953 66.6429
2954 66.5678
2955 66.5088
2956 66.296
2957 66.9395
2958 66.5501
2959 66.5575
2960 66.7097
2961 66.7624
2962 66.6652
2963 66.7391
2964 66.8495
2965 66.74
2966 66.7641
2967 66.3162
2968 66.5325
2969 66.3909
2970 66.6117
2971 67.1528
2972 66.5023
2973 66.7499
2974 66.3737
2975 66.7747
2976 66.7263
2977 66.5521
2978 66.4537
2979 66.7386
2980 66.6135
2981 66.5426
2982 66.6857
2983 66.7312
2984 66.6085
2985 66.3651
2986 66.6282
2987 66.8901
2988 66.7093
2989 66.6604
2990 66.884
2991 66.5379
2992 66.7757
2993 66.5399
2994 66.5394
2995 66.8027
2996 66.5282
2997 66.876
2998 66.4879
2999 66.6176
3000 66.5008
3001 66.9127
3002 66.743
3003 66.7538
3004 66.4211
3005 66.6711
3006 66.5554
3007 66.6629
3008 66.2216
3009 66.647
3010 66.8128
3011 66.5026
3012 66.5474
3013 66.8267
3014 66.8385
3015 66.4225
3016 66.8423
3017 66.2667
3018 66.758
3019 66.7457
3020 66.592
3021 66.8818
3022 66.6389
3023 66.9144
3024 66.6485
3025 66.3669
3026 66.6969
3027 66.8075
3028 66.7721
3029 66.6537
3030 66.6785
3031 66.5917
3032 66.5547
3033 66.8011
3034 66.5822
3035 66.6505
3036 66.454
3037 66.6264
3038 66.5268
3039 66.2794
3040 66.4595
3041 66.7334
3042 66.8405
3043 66.5529
3044 66.5841
3045 66.4852
3046 66.6173
3047 66.78
3048 66.6219
3049 66.7456
3050 66.6204
3051 66.5518
3052 66.6646
3053 66.5723
3054 66.8756
3055 66.8749
3056 66.4713
3057 66.7695
3058 66.7383
3059 66.5532
3060 66.7166
3061 66.8966
3062 66.7242
3063 66.3666
3064 66.7245
3065 67.1476
3066 66.7928
3067 66.8222
3068 66.4436
3069 66.5589
3070 66.6051
3071 66.6513
3072 66.6301
3073 66.6039
3074 66.4158
3075 66.7198
3076 66.6668
3077 66.7036
3078 67.1433
3079 66.4982
3080 66.4972
3081 66.4248
3082 66.806
3083 66.4699
3084 66.7858
3085 66.7061
3086 66.6802
3087 66.581
3088 66.6455
3089 66.752
3090 66.4384
3091 66.5619
3092 66.639
3093 66.8314
3094 66.6651
3095 66.6663
3096 66.7717
3097 66.5219
3098 66.3751
3099 66.6252
3100 66.5835
3101 66.5712
3102 66.6735
3103 66.7626
3104 66.9639
3105 66.7446
3106 66.5787
3107 66.6858
3108 66.5325
3109 66.7482
3110 66.5142
3111 66.5623
3112 66.5936
3113 67.174
3114 66.5684
3115 66.6717
3116 66.6013
3117 66.6986
3118 66.7753
3119 66.6692
3120 66.6302
3121 66.8424
3122 66.8132
3123 66.5374
3124 66.2091
3125 66.6562
3126 66.4251
3127 66.5861
3128 66.7822
3129 66.418
3130 66.4507
3131 66.6934
3132 66.9101
3133 66.5353
3134 66.5112
3135 66.7851
3136 66.511
3137 66.9768
3138 66.6369
3139 66.367
3140 66.264
3141 66.684
3142 66.5922
3143 66.7308
3144 66.6967
3145 66.7322
3146 66.1969
3147 66.776
3148 66.3255
3149 66.6186
3150 66.6228
3151 66.5502
3152 66.8455
3153 66.793
3154 66.7631
3155 66.5733
3156 66.8239
3157 66.8469
3158 66.4573
3159 66.5202
3160 66.343
3161 66.288
3162 66.358
3163 66.8498
3164 66.5734
3165 66.2478
3166 66.4233
3167 67.0933
3168 66.8492
3169 66.4723
3170 66.1848
3171 66.3907
3172 66.3633
3173 66.7006
3174 66.6269
3175 66.5785
3176 66.6596
3177 66.7203
3178 66.7051
3179 66.7273
3180 66.5325
3181 66.3203
3182 66.4898
3183 66.4203
3184 66.4962
3185 66.789
3186 66.747
3187 66.642
3188 66.6644
3189 66.58
3190 66.6616
3191 66.6642
3192 66.7017
3193 66.8392
3194 66.9532
3195 66.7505
3196 66.4057
3197 66.4521
3198 66.6745
3199 66.843
3200 66.8244
3201 66.4444
3202 66.9093
3203 66.8656
3204 66.9979
3205 66.7053
3206 66.5031
3207 66.7328
3208 66.5523
3209 66.4964
3210 66.3491
3211 66.9536
3212 66.6699
3213 66.59
3214 66.7953
3215 66.9431
3216 66.7734
3217 66.5445
3218 66.6711
3219 66.7025
3220 66.4679
3221 66.6451
3222 66.4162
3223 67.0895
3224 66.6793
3225 66.4659
3226 66.5676
3227 66.5597
3228 66.7605
3229 66.2661
3230 66.8257
3231 66.4983
3232 66.9667
3233 66.6602
3234 66.4293
3235 66.5536
3236 66.3677
3237 66.6981
3238 66.84
3239 66.6652
3240 66.7893
3241 66.6666
3242 67.1575
3243 66.5013
3244 66.5121
3245 66.8886
3246 66.9259
3247 66.647
3248 66.9415
3249 66.5611
3250 66.6991
3251 66.6005
3252 66.7385
3253 66.9573
3254 66.7078
3255 66.8191
3256 66.7551
3257 66.7654
3258 67.0022
3259 66.7116
3260 66.6019
3261 66.6553
3262 66.7639
3263 66.6671
3264 66.5597
3265 66.4228
3266 66.5258
3267 66.6483
3268 66.7203
3269 66.854
3270 66.6791
3271 66.6893
3272 66.9592
3273 66.9036
3274 66.7068
3275 66.5099
3276 66.7511
3277 66.7384
3278 66.481
3279 66.4731
3280 66.2664
3281 66.2817
3282 66.409
3283 66.5728
3284 66.6202
3285 66.9986
3286 66.6384
3287 66.6611
3288 66.6556
3289 66.9168
3290 66.7989
3291 66.7174
3292 66.7029
3293 66.2723
3294 67.0103
3295 67.3456
3296 66.6658
3297 66.7654
3298 66.6005
3299 66.5508
3300 66.7032
3301 66.8738
3302 66.8261
3303 66.5688
3304 66.9081
3305 66.9893
3306 66.6409
3307 66.7526
3308 66.7204
3309 66.4977
3310 66.6946
3311 67.0694
3312 66.9196
3313 66.686
3314 66.8587
3315 66.6908
3316 66.7725
3317 66.8031
3318 66.7385
3319 66.8423
3320 66.5408
3321 66.7006
3322 66.3841
3323 66.6789
3324 66.66
3325 66.7821
3326 66.7983
3327 66.5635
3328 66.6172
3329 66.747
3330 67.0492
3331 67.0255
3332 66.7916
3333 66.75
3334 66.3594
3335 66.5409
3336 66.7793
3337 66.71
3338 66.6852
3339 66.6332
3340 66.771
3341 66.3471
3342 66.4798
3343 66.7463
3344 66.6712
3345 66.725
3346 66.9204
3347 66.8497
3348 66.951
3349 66.6838
3350 66.5584
3351 66.9597
3352 66.9235
3353 66.7825
3354 66.5954
3355 66.4371
3356 66.2687
3357 66.5273
3358 66.7963
3359 66.3686
3360 66.5684
3361 66.4801
3362 66.3685
3363 66.3859
3364 66.5883
3365 66.6455
3366 66.6265
3367 66.4287
3368 66.5277
3369 66.6528
3370 67.1265
3371 66.9316
3372 66.7388
3373 66.6372
3374 66.4137
3375 66.7426
3376 66.7592
3377 66.6329
3378 66.7638
3379 66.799
3380 66.5661
3381 66.5753
3382 66.5285
3383 66.7707
3384 66.6605
3385 66.8921
3386 66.6038
3387 66.419
3388 66.6483
3389 66.8501
3390 67.2382
3391 66.6217
3392 66.4666
3393 66.6293
3394 66.4506
3395 66.3927
3396 66.575
3397 66.6032
3398 66.6698
3399 66.5386
3400 66.272
3401 66.4426
3402 66.6327
3403 66.4289
3404 66.4144
3405 66.6848
3406 66.8637
3407 66.5322
3408 66.64
3409 66.6395
3410 66.7094
3411 66.6466
3412 66.5222
3413 66.4891
3414 66.5933
3415 66.4092
3416 66.3238
3417 66.2753
3418 66.3746
3419 66.4345
3420 66.8497
3421 66.7681
3422 66.5111
3423 66.4319
3424 66.3189
3425 66.554
3426 66.7227
3427 66.5869
3428 66.4503
3429 66.7584
3430 66.8021
3431 66.726
3432 66.6456
3433 66.452
3434 66.6667
3435 66.6598
3436 66.8187
3437 66.533
3438 66.7379
3439 66.9789
3440 66.3544
3441 66.6802
3442 66.7624
3443 66.9766
3444 66.4657
3445 66.695
3446 66.9118
3447 66.3055
3448 66.7231
3449 66.7895
3450 66.4615
3451 66.2321
3452 66.7147
3453 66.6495
3454 66.4047
3455 66.3516
3456 66.6459
3457 66.7143
3458 66.5091
3459 66.4059
3460 66.5384
3461 66.7356
3462 66.9545
3463 66.6272
3464 66.6193
3465 66.1736
3466 66.6434
3467 66.6829
3468 66.855
3469 66.5905
3470 66.7787
3471 66.5549
3472 66.5416
3473 66.6139
3474 66.9744
3475 66.5479
3476 66.6563
3477 66.6709
3478 66.519
3479 66.5815
3480 66.7354
3481 66.5505
3482 66.8579
3483 66.4133
3484 66.5924
3485 66.5076
3486 66.8149
3487 66.6657
3488 66.3164
3489 66.6767
3490 66.5975
3491 66.9417
3492 66.8975
3493 66.6544
3494 66.892
3495 66.6005
3496 66.8525
3497 66.9843
3498 66.6477
3499 66.5998
3500 66.9278
