1 394.508
2 375.098
3 360.983
4 347.788
5 333.248
6 327.499
7 317.228
8 302.557
9 293.11
10 281.261
11 273.082
12 268.681
13 264.371
14 259.17
15 255.45
16 250.727
17 245.811
18 237.483
19 236.114
20 230.288
21 228.152
22 220.562
23 217.118
24 213.386
25 209.966
26 206.655
27 203.657
28 200.95
29 197.064
30 192.341
31 186.47
32 183.985
33 181.708
34 179.144
35 176.488
36 174.076
37 171.777
38 170.566
39 168.89
40 166.544
41 165.147
42 163.499
43 160.924
44 159.628
45 156.452
46 153.093
47 150.23
48 147.948
49 146.888
50 146.888
51 146.307
52 144.131
53 140.611
54 140.029
55 138.532
56 138.06
57 136.956
58 135.604
59 134.197
60 132.094
61 130.479
62 127.414
63 127.395
64 123.268
65 123.071
66 121.454
67 120.251
68 118.629
69 117.548
70 116.651
71 115.84
72 114.642
73 113.826
74 112.955
75 110.577
76 109.622
77 109.004
78 107.913
79 106.905
80 105.89
81 105.104
82 104.38
83 103.579
84 103.151
85 102.749
86 101.577
87 99.3381
88 98.3521
89 97.6268
90 97.0397
91 96.1485
92 94.7421
93 94.3879
94 93.9472
95 93.1006
96 92.8987
97 92.0077
98 91.6605
99 91.0665
100 90.853
101 88.6593
102 87.3926
103 87.3926
104 86.7225
105 85.8588
106 85.8588
107 85.7443
108 84.7482
109 84.2997
110 83.8465
111 83.7264
112 83.3555
113 82.7163
114 82.4426
115 82.4426
116 81.7937
117 81.7773
118 81.0009
119 80.7681
120 80.7681
121 80.4958
122 80.1793
123 79.9301
124 79.624
125 79.3703
126 78.6869
127 78.6367
128 77.8564
129 77.8061
130 77.0462
131 76.6815
132 76.2871
133 75.8758
134 75.1889
135 75.155
136 75.1344
137 75.0063
138 74.5312
139 73.8895
140 73.8349
141 73.8349
142 73.0605
143 73.0605
144 73.0605
145 72.9507
146 72.7548
147 72.6451
148 72.6451
149 72.6451
150 72.6451
151 72.4061
152 72.4061
153 72.1041
154 71.4557
155 71.1766
156 71.1766
157 71.1766
158 71.1766
159 71.1766
160 70.9717
161 70.9717
162 70.9717
163 70.6762
164 70.4207
165 70.4207
166 70.4207
167 70.4207
168 70.4207
169 70.4207
170 70.4207
171 70.4207
172 69.9478
173 69.9478
174 69.9478
175 69.9478
176 69.9478
177 69.9478
178 69.9478
179 69.9478
180 69.9478
181 69.9478
182 69.9478
183 69.9478
184 69.9478
185 69.9478
186 69.7314
187 69.7314
188 69.7314
189 69.7314
190 69.7314
191 69.7314
192 69.7314
193 69.7314
194 69.7314
195 69.7314
196 69.7314
197 69.7314
198 69.7314
199 69.7314
200 69.7314
201 69.7314
202 69.7314
203 69.7314
204 69.7314
205 69.7314
206 69.7314
207 69.7314
208 69.7314
209 69.7314
210 69.3916
211 69.3916
212 69.3916
213 69.3916
214 69.3866
215 68.9311
216 68.9311
217 68.9311
218 68.9311
219 68.9311
220 68.9311
221 68.9311
222 68.9311
223 68.9311
224 68.9311
225 68.9311
226 68.9311
227 68.9311
228 68.9311
229 68.9311
230 68.9311
231 68.9311
232 68.9311
233 68.9311
234 68.9311
235 68.9311
236 68.9311
237 68.9311
238 68.9311
239 68.9311
240 68.9311
241 68.9311
242 68.9311
243 68.9311
244 68.9311
245 68.9311
246 68.9311
247 68.9311
248 68.9311
249 68.9311
250 68.9311
251 68.9311
252 68.9311
253 68.9311
254 68.9311
255 68.9311
256 68.9311
257 68.9311
258 68.8485
259 68.8485
260 68.8485
261 68.8485
262 68.8485
263 68.8485
264 68.8485
265 68.8485
266 68.8485
267 68.8485
268 68.8485
269 68.8485
270 68.8485
271 68.8485
272 68.8485
273 68.8485
274 68.8485
275 68.8485
276 68.8485
277 68.8485
278 68.8485
279 68.8485
280 68.8485
281 68.6601
282 68.6222
283 68.213
284 68.213
285 68.213
286 67.8823
287 67.8823
288 67.8823
289 67.8823
290 67.8823
291 67.7703
292 67.2742
293 67.2742
294 67.2742
295 67.2742
296 67.2742
297 67.2742
298 67.2742
299 67.2742
300 67.2742
301 67.2742
302 67.2742
303 67.2742
304 67.2742
305 67.2742
306 67.2742
307 67.2742
308 67.2742
309 67.2742
310 67.2742
311 67.2742
312 67.2742
313 67.2742
314 67.2742
315 67.2742
316 67.2742
317 67.2742
318 67.2742
319 67.2742
320 67.2742
321 67.2742
322 67.2742
323 67.2742
324 67.2742
325 67.2742
326 67.2742
327 67.2742
328 67.2742
329 67.2742
330 67.2742
331 67.2742
332 67.2742
333 67.2742
334 67.2742
335 67.2742
336 67.2742
337 67.2742
338 67.2042
339 67.0208
340 66.9408
341 66.9408
342 66.9408
343 66.9408
344 66.9408
345 66.9408
346 66.9408
347 66.9408
348 66.9408
349 66.9408
350 66.9408
351 66.9408
352 66.9408
353 66.9408
354 66.9408
355 66.9408
356 66.9408
357 66.9408
358 66.9408
359 66.9408
360 66.9408
361 66.9408
362 66.9408
363 66.9408
364 66.9408
365 66.9408
366 66.9408
367 66.9408
368 66.9408
369 66.9408
370 66.9408
371 66.9408
372 66.9408
373 66.9408
374 66.9408
375 66.9408
376 66.9408
377 66.9408
378 66.9408
379 66.9408
380 66.9408
381 66.9408
382 66.9408
383 66.9408
384 66.9408
385 66.9408
386 66.9408
387 66.9408
388 66.9408
389 66.9408
390 66.9408
391 66.9408
392 66.9408
393 66.9408
394 66.9408
395 66.9408
396 66.9408
397 66.9408
398 66.9408
399 66.9408
400 66.9408
401 66.9408
402 66.9408
403 66.9408
404 66.9408
405 66.9408
406 66.9408
407 66.9408
408 66.9408
409 66.9408
410 66.9408
411 66.9408
412 66.9408
413 66.9408
414 66.9408
415 66.9408
416 66.9408
417 66.9408
418 66.9408
419 66.9408
420 66.9408
421 66.9408
422 66.9408
423 66.9408
424 66.9408
425 66.9408
426 66.9408
427 66.9408
428 66.9408
429 66.9408
430 66.9408
431 66.9408
432 66.9408
433 66.9408
434 66.9408
435 66.9408
436 66.9408
437 66.9408
438 66.9408
439 66.9408
440 66.9408
441 66.7525
442 66.7525
443 66.6902
444 66.6902
445 66.6902
446 66.6902
447 66.6902
448 66.6902
449 66.6902
450 66.6902
451 66.5391
452 66.5391
453 66.5391
454 66.5391
455 66.5391
456 66.5391
457 66.5391
458 66.5391
459 66.5391
460 66.5391
461 66.5391
462 66.5391
463 66.5391
464 66.5391
465 66.5391
466 66.536
467 66.3961
468 66.3961
469 66.3961
470 66.3961
471 66.3961
472 66.3961
473 66.3961
474 66.3961
475 66.3961
476 66.3961
477 66.3961
478 66.3961
479 66.3961
480 66.3961
481 66.3961
482 66.3961
483 66.3961
484 66.3961
485 66.3961
486 66.3961
487 66.3961
488 66.3961
489 66.3961
490 66.3961
491 66.3961
492 66.3961
493 66.3961
494 66.3961
495 66.3961
496 66.3961
497 66.3961
498 66.3961
499 66.3961
500 66.3961
501 66.3961
502 66.3961
503 66.3961
504 66.3961
505 66.3961
506 66.3961
507 66.3961
508 66.3961
509 66.3961
510 66.3961
511 66.3961
512 66.3961
513 66.3961
514 66.3961
515 66.3961
516 66.3961
517 66.3961
518 66.3961
519 66.3961
520 66.3961
521 66.3961
522 66.3961
523 66.3961
524 66.3961
525 66.3961
526 66.3961
527 66.3961
528 66.3961
529 66.3961
530 66.3961
531 66.3961
532 66.3961
533 66.3961
534 66.3961
535 66.3961
536 66.3961
537 66.3961
538 66.3961
539 66.3961
540 66.3961
541 66.3961
542 66.3961
543 66.3961
544 66.3961
545 66.3961
546 66.3961
547 66.3961
548 66.3961
549 66.3961
550 66.3961
551 66.3961
552 66.3961
553 66.3961
554 66.3961
555 66.3961
556 66.3961
557 66.3961
558 66.3961
559 66.3961
560 66.3961
561 66.3961
562 66.3961
563 66.3961
564 66.3961
565 66.3961
566 66.3961
567 66.3961
568 66.3961
569 66.3961
570 66.3961
571 66.3961
572 66.3961
573 66.3961
574 66.3961
575 66.3961
576 66.3961
577 66.3961
578 66.3961
579 66.3961
580 66.3961
581 66.3961
582 66.3961
583 66.3961
584 66.3961
585 66.3961
586 66.3961
587 66.3961
588 66.3961
589 66.3961
590 66.3961
591 66.3961
592 66.3961
593 66.3961
594 66.3961
595 66.3961
596 66.3961
597 66.3961
598 66.3961
599 66.3961
600 66.3961
601 66.3961
602 66.3961
603 66.3961
604 66.3961
605 66.3961
606 66.3961
607 66.3961
608 66.3961
609 66.3961
610 66.3961
611 66.3961
612 66.3961
613 66.3961
614 66.3961
615 66.3961
616 66.3961
617 66.3961
618 66.3961
619 66.3961
620 66.3961
621 66.3961
622 66.3961
623 66.3961
624 66.3961
625 66.3961
626 66.3961
627 66.3961
628 66.3961
629 66.3961
630 66.3961
631 66.3961
632 66.3961
633 66.3961
634 66.3961
635 66.3961
636 66.3961
637 66.3961
638 66.3961
639 66.3961
640 66.3961
641 66.3961
642 66.3961
643 66.3961
644 66.3961
645 66.3961
646 66.3961
647 66.3961
648 66.3961
649 66.3961
650 66.3961
651 66.3961
652 66.3961
653 66.3961
654 66.3961
655 66.3961
656 66.3961
657 66.3961
658 66.3961
659 66.3961
660 66.3961
661 66.3961
662 66.3961
663 66.3961
664 66.3961
665 66.3961
666 66.3961
667 66.3961
668 66.3961
669 66.3961
670 66.3961
671 66.3961
672 66.3961
673 66.3961
674 66.3961
675 66.3961
676 66.3961
677 66.3961
678 66.3961
679 66.3961
680 66.3961
681 66.3961
682 66.3961
683 66.3961
684 66.3961
685 66.3961
686 66.3961
687 66.3961
688 66.3961
689 66.3961
690 66.3961
691 66.3961
692 66.3961
693 66.3961
694 66.3961
695 66.3961
696 66.3961
697 66.3961
698 66.3961
699 66.3961
700 66.3961
701 66.3961
702 66.3961
703 66.3961
704 66.3961
705 66.3961
706 66.3961
707 66.3961
708 66.3961
709 66.3961
710 66.3961
711 66.3961
712 66.3961
713 66.3961
714 66.3961
715 66.3961
716 66.3961
717 66.3961
718 66.3961
719 66.3961
720 66.3961
721 66.3961
722 66.3961
723 66.3961
724 66.3961
725 66.3961
726 66.3961
727 66.3961
728 66.3961
729 66.3961
730 66.3961
731 66.3961
732 66.3961
733 66.3961
734 66.3961
735 66.3961
736 66.3961
737 66.3961
738 66.3961
739 66.3961
740 66.3961
741 66.3961
742 66.3961
743 66.3961
744 66.3961
745 66.3961
746 66.3961
747 66.3961
748 66.3961
749 66.3961
750 66.3961
751 66.3961
752 66.3961
753 66.3961
754 66.3961
755 66.3961
756 66.3961
757 66.3961
758 66.3961
759 66.3961
760 66.3961
761 66.3961
762 66.3961
763 66.3961
764 66.3961
765 66.3961
766 66.3961
767 66.3961
768 66.3961
769 66.3961
770 66.3961
771 66.3961
772 66.3961
773 66.3961
774 66.3961
775 66.3961
776 66.3961
777 66.3961
778 66.3961
779 66.3961
780 66.3961
781 66.3961
782 66.3961
783 66.3961
784 66.3961
785 66.3961
786 66.3961
787 66.3961
788 66.3961
789 66.3961
790 66.3961
791 66.3961
792 66.3961
793 66.3961
794 66.3961
795 66.3961
796 66.3961
797 66.3961
798 66.3961
799 66.3961
800 66.3961
801 66.3961
802 66.3961
803 66.3961
804 66.3961
805 66.3961
806 66.3961
807 66.3961
808 66.3961
809 66.3961
810 66.3961
811 66.3961
812 66.3961
813 66.3961
814 66.3961
815 66.3961
816 66.3961
817 66.3961
818 66.3961
819 66.3961
820 66.3961
821 66.3961
822 66.3961
823 66.3961
824 66.3961
825 66.3961
826 66.3961
827 66.3961
828 66.3961
829 66.3961
830 66.3961
831 66.3961
832 66.3961
833 66.3961
834 66.3961
835 66.3961
836 66.3961
837 66.3961
838 66.3961
839 66.3961
840 66.3961
841 66.3961
842 66.3961
843 66.3961
844 66.3961
845 66.3961
846 66.3961
847 66.3961
848 66.3961
849 66.3961
850 66.3961
851 66.3961
852 66.3961
853 66.3961
854 66.3961
855 66.3961
856 66.3961
857 66.3961
858 66.3961
859 66.3961
860 66.3961
861 66.3961
862 66.3961
863 66.3961
864 66.3961
865 66.3961
866 66.3961
867 66.3961
868 66.3961
869 66.3961
870 66.3961
871 66.3961
872 66.3961
873 66.3961
874 66.3961
875 66.3961
876 66.3961
877 66.3961
878 66.3961
879 66.3961
880 66.3961
881 66.3961
882 66.3961
883 66.3961
884 66.3961
885 66.3961
886 66.3961
887 66.3961
888 66.3961
889 66.3961
890 66.3961
891 66.3961
892 66.3961
893 66.3961
894 66.3961
895 66.3961
896 66.3961
897 66.3961
898 66.3961
899 66.3961
900 66.3961
901 66.3961
902 66.3961
903 66.3961
904 66.3961
905 66.3961
906 66.3961
907 66.3961
908 66.3961
909 66.3961
910 66.3961
911 66.3961
912 66.3961
913 66.3961
914 66.3961
915 66.3961
916 66.3961
917 66.3961
918 66.3961
919 66.3961
920 66.3961
921 66.3961
922 66.3961
923 66.3961
924 66.3961
925 66.3961
926 66.3961
927 66.3961
928 66.3961
929 66.3961
930 66.3961
931 66.3961
932 66.3961
933 66.3961
934 66.3961
935 66.3961
936 66.3961
937 66.3961
938 66.3961
939 66.3961
940 66.3961
941 66.3961
942 66.3961
943 66.3961
944 66.3961
945 66.3961
946 66.3961
947 66.3961
948 66.3961
949 66.3961
950 66.3961
951 66.3961
952 66.3961
953 66.3961
954 66.3961
955 66.3961
956 66.3961
957 66.3961
958 66.3961
959 66.3961
960 66.3961
961 66.3961
962 66.3961
963 66.3961
964 66.3961
965 66.3961
966 66.3961
967 66.3961
968 66.3961
969 66.3961
970 66.3961
971 66.3961
972 66.3961
973 66.3961
974 66.3961
975 66.3961
976 66.3961
977 66.3961
978 66.3961
979 66.3961
980 66.3961
981 66.3961
982 66.3961
983 66.3961
984 66.3961
985 66.3961
986 66.3961
987 66.3961
988 66.3961
989 66.3961
990 66.3961
991 66.3961
992 66.3961
993 66.3961
994 66.3961
995 66.3961
996 66.3961
997 66.3961
998 66.3961
999 66.3961
1000 66.3961
1001 66.3961
1002 66.3961
1003 66.3961
1004 66.3961
1005 66.3961
1006 66.3961
1007 66.3961
1008 66.3961
1009 66.3961
1010 66.3961
1011 66.3961
1012 66.3961
1013 66.3961
1014 66.3961
1015 66.3961
1016 66.3961
1017 66.3961
1018 66.3961
1019 66.3961
1020 66.3961
1021 66.3961
1022 66.3961
1023 66.3961
1024 66.3961
1025 66.3961
1026 66.3961
1027 66.3961
1028 66.3961
1029 66.3961
1030 66.3961
1031 66.3961
1032 66.3961
1033 66.3961
1034 66.3961
1035 66.3961
1036 66.3961
1037 66.3961
1038 66.3961
1039 66.3961
1040 66.3961
1041 66.3961
1042 66.3961
1043 66.3961
1044 66.3961
1045 66.3961
1046 66.3961
1047 66.3961
1048 66.3961
1049 66.3961
1050 66.3961
1051 66.3961
1052 66.3961
1053 66.3961
1054 66.3961
1055 66.3961
1056 66.3961
1057 66.3961
1058 66.3961
1059 66.3961
1060 66.3961
1061 66.3961
1062 66.3961
1063 66.3961
1064 66.3961
1065 66.3961
1066 66.3961
1067 66.3961
1068 66.3961
1069 66.3961
1070 66.3961
1071 66.3961
1072 66.3961
1073 66.3961
1074 66.3961
1075 66.3961
1076 66.3961
1077 66.3961
1078 66.3961
1079 66.3961
1080 66.3961
1081 66.3961
1082 66.3961
1083 66.3961
1084 66.3961
1085 66.3961
1086 66.3961
1087 66.3961
1088 66.3961
1089 66.3961
1090 66.3961
1091 66.3961
1092 66.3961
1093 66.3961
1094 66.3961
1095 66.3961
1096 66.3961
1097 66.3961
1098 66.3961
1099 66.3961
1100 66.3961
1101 66.3961
1102 66.3961
1103 66.3961
1104 66.3961
1105 66.3961
1106 66.3961
1107 66.3961
1108 66.3961
1109 66.3961
1110 66.3961
1111 66.3961
1112 66.3961
1113 66.3961
1114 66.3961
1115 66.3961
1116 66.3961
1117 66.3961
1118 66.3961
1119 66.3961
1120 66.3961
1121 66.3961
1122 66.3961
1123 66.3961
1124 66.3961
1125 66.3961
1126 66.3961
1127 66.3961
1128 66.3961
1129 66.3961
1130 66.3961
1131 66.3961
1132 66.3961
1133 66.3961
1134 66.3961
1135 66.3961
1136 66.3961
1137 66.3961
1138 66.3961
1139 66.3961
1140 66.3961
1141 66.3961
1142 66.3961
1143 66.3961
1144 66.3961
1145 66.3961
1146 66.3961
1147 66.3961
1148 66.3961
1149 66.3961
1150 66.3961
1151 66.3961
1152 66.3961
1153 66.3961
1154 66.3961
1155 66.3961
1156 66.3961
1157 66.3961
1158 66.3961
1159 66.3961
1160 66.3961
1161 66.3961
1162 66.3961
1163 66.3961
1164 66.3961
1165 66.3961
1166 66.3961
1167 66.3961
1168 66.3961
1169 66.3961
1170 66.3961
1171 66.3961
1172 66.3961
1173 66.3961
1174 66.3961
1175 66.3961
1176 66.3961
1177 66.3961
1178 66.3961
1179 66.3961
1180 66.3961
1181 66.3961
1182 66.3961
1183 66.3961
1184 66.3961
1185 66.3961
1186 66.3961
1187 66.3961
1188 66.3961
1189 66.3961
1190 66.3961
1191 66.3961
1192 66.3961
1193 66.3961
1194 66.3961
1195 66.3961
1196 66.3961
1197 66.3961
1198 66.3961
1199 66.3961
1200 66.3961
1201 66.3961
1202 66.3961
1203 66.3961
1204 66.3961
1205 66.3961
1206 66.3961
1207 66.3961
1208 66.3961
1209 66.3961
1210 66.3961
1211 66.3961
1212 66.3961
1213 66.3961
1214 66.3961
1215 66.3961
1216 66.3961
1217 66.3961
1218 66.3961
1219 66.3961
1220 66.3961
1221 66.3961
1222 66.3961
1223 66.3961
1224 66.3961
1225 66.3961
1226 66.3961
1227 66.3961
1228 66.3961
1229 66.3961
1230 66.3961
1231 66.3961
1232 66.3961
1233 66.3961
1234 66.3961
1235 66.3961
1236 66.3961
1237 66.3961
1238 66.3961
1239 66.3961
1240 66.3961
1241 66.3961
1242 66.3961
1243 66.3961
1244 66.3961
1245 66.3961
1246 66.3961
1247 66.3961
1248 66.3961
1249 66.3961
1250 66.3961
1251 66.3961
1252 66.3961
1253 66.3961
1254 66.3961
1255 66.3961
1256 66.3961
1257 66.3961
1258 66.3961
1259 66.3961
1260 66.3961
1261 66.3961
1262 66.3961
1263 66.3961
1264 66.3961
1265 66.3961
1266 66.3961
1267 66.3961
1268 66.3961
1269 66.3961
1270 66.3961
1271 66.3961
1272 66.3961
1273 66.3961
1274 66.3961
1275 66.3961
1276 66.3961
1277 66.3961
1278 66.3961
1279 66.3961
1280 66.3961
1281 66.3961
1282 66.3961
1283 66.3961
1284 66.3961
1285 66.3961
1286 66.3961
1287 66.3961
1288 66.3961
1289 66.3961
1290 66.3961
1291 66.3961
1292 66.3961
1293 66.3961
1294 66.3961
1295 66.3961
1296 66.3961
1297 66.3961
1298 66.3961
1299 66.3961
1300 66.3961
1301 66.3961
1302 66.3961
1303 66.3961
1304 66.3961
1305 66.3961
1306 66.3961
1307 66.3961
1308 66.3961
1309 66.3961
1310 66.3961
1311 66.3961
1312 66.3961
1313 66.3961
1314 66.3961
1315 66.3961
1316 66.3961
1317 66.3961
1318 66.3961
1319 66.3961
1320 66.3961
1321 66.3961
1322 66.3961
1323 66.3961
1324 66.3961
1325 66.3961
1326 66.3961
1327 66.3961
1328 66.3961
1329 66.3961
1330 66.3961
1331 66.3961
1332 66.3961
1333 66.3961
1334 66.3961
1335 66.3961
1336 66.3961
1337 66.3961
1338 66.3961
1339 66.3961
1340 66.3961
1341 66.3961
1342 66.3961
1343 66.3961
1344 66.3961
1345 66.3961
1346 66.3961
1347 66.3961
1348 66.3961
1349 66.3961
1350 66.3961
1351 66.3961
1352 66.3961
1353 66.3961
1354 66.3961
1355 66.3961
1356 66.3961
1357 66.3961
1358 66.3961
1359 66.3961
1360 66.3961
1361 66.3961
1362 66.3961
1363 66.3961
1364 66.3961
1365 66.3961
1366 66.3961
1367 66.3961
1368 66.3961
1369 66.3961
1370 66.3961
1371 66.3961
1372 66.3961
1373 66.3961
1374 66.3961
1375 66.3961
1376 66.3961
1377 66.3961
1378 66.3961
1379 66.3961
1380 66.3961
1381 66.3961
1382 66.3961
1383 66.3961
1384 66.3961
1385 66.3961
1386 66.3961
1387 66.3961
1388 66.3961
1389 66.3961
1390 66.3961
1391 66.3961
1392 66.3961
1393 66.3961
1394 66.3961
1395 66.3961
1396 66.3961
1397 66.3961
1398 66.3961
1399 66.3961
1400 66.3961
1401 66.3961
1402 66.3961
1403 66.3961
1404 66.3961
1405 66.3961
1406 66.3961
1407 66.3961
1408 66.3961
1409 66.3961
1410 66.3961
1411 66.3961
1412 66.3961
1413 66.3961
1414 66.3961
1415 66.3961
1416 66.3961
1417 66.3961
1418 66.3961
1419 66.3961
1420 66.3961
1421 66.3961
1422 66.3961
1423 66.3961
1424 66.3961
1425 66.3961
1426 66.3961
1427 66.3961
1428 66.3961
1429 66.3961
1430 66.3961
1431 66.3961
1432 66.3961
1433 66.3961
1434 66.3961
1435 66.3961
1436 66.3961
1437 66.3961
1438 66.3961
1439 66.3961
1440 66.3961
1441 66.3961
1442 66.3961
1443 66.3961
1444 66.3961
1445 66.3961
1446 66.3961
1447 66.3961
1448 66.3961
1449 66.3961
1450 66.3961
1451 66.3961
1452 66.3961
1453 66.3961
1454 66.3961
1455 66.3961
1456 66.3961
1457 66.3961
1458 66.3961
1459 66.3961
1460 66.3961
1461 66.3961
1462 66.3961
1463 66.3961
1464 66.3961
1465 66.3961
1466 66.3961
1467 66.3961
1468 66.3961
1469 66.3961
1470 66.3961
1471 66.3961
1472 66.3961
1473 66.3961
1474 66.3961
1475 66.3961
1476 66.3961
1477 66.3961
1478 66.3961
1479 66.3961
1480 66.3961
1481 66.3961
1482 66.3961
1483 66.3961
1484 66.3961
1485 66.3961
1486 66.3961
1487 66.3961
1488 66.3961
1489 66.3961
1490 66.3961
1491 66.3961
1492 66.3961
1493 66.3961
1494 66.3961
1495 66.3961
1496 66.3961
1497 66.3961
1498 66.3961
1499 66.3961
1500 66.3961
1501 66.3961
1502 66.3961
1503 66.3961
1504 66.3961
1505 66.3961
1506 66.3961
1507 66.3961
1508 66.3961
1509 66.3961
1510 66.3961
1511 66.3961
1512 66.3961
1513 66.3961
1514 66.3961
1515 66.3961
1516 66.3961
1517 66.3961
1518 66.3961
1519 66.3961
1520 66.3961
1521 66.3961
1522 66.3961
1523 66.3961
1524 66.3961
1525 66.3961
1526 66.3961
1527 66.3961
1528 66.3961
1529 66.3961
1530 66.3961
1531 66.3961
1532 66.3961
1533 66.3961
1534 66.3961
1535 66.3961
1536 66.3961
1537 66.3961
1538 66.3961
1539 66.3961
1540 66.3961
1541 66.3961
1542 66.3961
1543 66.3961
1544 66.3961
1545 66.3961
1546 66.3961
1547 66.3961
1548 66.3961
1549 66.3961
1550 66.3961
1551 66.3961
1552 66.3961
1553 66.3961
1554 66.3961
1555 66.3961
1556 66.3961
1557 66.3961
1558 66.3961
1559 66.3961
1560 66.3961
1561 66.3961
1562 66.3961
1563 66.3961
1564 66.3961
1565 66.3961
1566 66.3961
1567 66.3961
1568 66.3961
1569 66.3961
1570 66.3961
1571 66.3961
1572 66.3961
1573 66.3961
1574 66.3961
1575 66.3961
1576 66.3961
1577 66.3961
1578 66.3961
1579 66.3961
1580 66.3961
1581 66.3961
1582 66.3961
1583 66.3961
1584 66.3961
1585 66.3961
1586 66.3961
1587 66.3961
1588 66.3961
1589 66.3961
1590 66.3961
1591 66.3961
1592 66.3961
1593 66.3961
1594 66.3961
1595 66.3961
1596 66.3961
1597 66.3961
1598 66.3961
1599 66.3961
1600 66.3961
1601 66.3961
1602 66.3961
1603 66.3961
1604 66.3961
1605 66.3961
1606 66.3961
1607 66.3961
1608 66.3961
1609 66.3961
1610 66.3961
1611 66.3961
1612 66.3961
1613 66.3961
1614 66.3961
1615 66.3961
1616 66.3961
1617 66.3961
1618 66.3961
1619 66.3961
1620 66.3961
1621 66.3961
1622 66.3961
1623 66.3961
1624 66.3961
1625 66.3961
1626 66.3961
1627 66.3961
1628 66.3961
1629 66.3961
1630 66.3961
1631 66.3961
1632 66.3961
1633 66.3961
1634 66.3961
1635 66.3961
1636 66.3961
1637 66.3961
1638 66.3961
1639 66.3961
1640 66.3961
1641 66.3961
1642 66.3961
1643 66.3961
1644 66.3961
1645 66.3961
1646 66.3961
1647 66.3961
1648 66.3961
1649 66.3961
1650 66.3961
1651 66.3961
1652 66.3961
1653 66.3961
1654 66.3961
1655 66.3961
1656 66.3961
1657 66.3961
1658 66.3961
1659 66.3961
1660 66.3961
1661 66.3961
1662 66.3961
1663 66.3961
1664 66.3961
1665 66.3961
1666 66.3961
1667 66.3961
1668 66.3961
1669 66.3961
1670 66.3961
1671 66.3961
1672 66.3961
1673 66.3961
1674 66.3961
1675 66.3961
1676 66.3961
1677 66.3961
1678 66.3961
1679 66.3961
1680 66.3961
1681 66.3961
1682 66.3961
1683 66.3961
1684 66.3961
1685 66.3961
1686 66.3961
1687 66.3961
1688 66.3961
1689 66.3961
1690 66.3961
1691 66.3961
1692 66.3961
1693 66.3961
1694 66.3961
1695 66.3961
1696 66.3961
1697 66.3961
1698 66.3961
1699 66.3961
1700 66.3961
1701 66.3961
1702 66.3961
1703 66.3961
1704 66.3961
1705 66.3961
1706 66.3961
1707 66.3961
1708 66.3961
1709 66.3961
1710 66.3961
1711 66.3961
1712 66.3961
1713 66.3961
1714 66.3961
1715 66.3961
1716 66.3961
1717 66.3961
1718 66.3961
1719 66.3961
1720 66.3961
1721 66.3961
1722 66.3961
1723 66.3961
1724 66.3961
1725 66.3961
1726 66.3961
1727 66.3961
1728 66.3961
1729 66.3961
1730 66.3961
1731 66.3961
1732 66.3961
1733 66.3961
1734 66.3961
1735 66.3961
1736 66.3961
1737 66.3961
1738 66.3961
1739 66.3961
1740 66.3961
1741 66.3961
1742 66.3961
1743 66.3961
1744 66.3961
1745 66.3961
1746 66.3961
1747 66.3961
1748 66.3961
1749 66.3961
1750 66.3961
1751 66.3961
1752 66.3961
1753 66.3961
1754 66.3961
1755 66.3961
1756 66.3961
1757 66.3961
1758 66.3961
1759 66.3961
1760 66.3961
1761 66.3961
1762 66.3961
1763 66.3961
1764 66.3961
1765 66.3961
1766 66.3961
1767 66.3961
1768 66.3961
1769 66.3961
1770 66.3961
1771 66.3961
1772 66.3961
1773 66.3961
1774 66.3961
1775 66.3961
1776 66.3961
1777 66.3961
1778 66.3961
1779 66.3961
1780 66.3961
1781 66.3961
1782 66.3961
1783 66.3961
1784 66.3961
1785 66.3961
1786 66.3961
1787 66.3961
1788 66.3961
1789 66.3961
1790 66.3961
1791 66.3961
1792 66.3961
1793 66.3961
1794 66.3961
1795 66.3961
1796 66.3961
1797 66.3961
1798 66.3961
1799 66.3961
1800 66.3961
1801 66.3961
1802 66.3961
1803 66.3961
1804 66.3961
1805 66.3961
1806 66.3961
1807 66.3961
1808 66.3961
1809 66.3961
1810 66.3961
1811 66.3961
1812 66.3961
1813 66.3961
1814 66.3961
1815 66.3961
1816 66.3961
1817 66.3961
1818 66.3961
1819 66.3961
1820 66.3961
1821 66.3961
1822 66.3961
1823 66.3961
1824 66.3961
1825 66.3961
1826 66.3961
1827 66.3961
1828 66.3961
1829 66.3961
1830 66.3961
1831 66.3961
1832 66.3961
1833 66.3961
1834 66.3961
1835 66.3961
1836 66.3961
1837 66.3961
1838 66.3961
1839 66.3961
1840 66.3961
1841 66.3961
1842 66.3961
1843 66.3961
1844 66.3961
1845 66.3961
1846 66.3961
1847 66.3961
1848 66.3961
1849 66.3961
1850 66.3961
1851 66.3961
1852 66.3961
1853 66.3961
1854 66.3961
1855 66.3961
1856 66.3961
1857 66.3961
1858 66.3961
1859 66.3961
1860 66.3961
1861 66.3961
1862 66.3961
1863 66.3961
1864 66.3961
1865 66.3961
1866 66.3961
1867 66.3961
1868 66.3961
1869 66.3961
1870 66.3961
1871 66.3961
1872 66.3961
1873 66.3961
1874 66.3961
1875 66.3961
1876 66.3961
1877 66.3961
1878 66.3961
1879 66.3961
1880 66.3961
1881 66.3961
1882 66.3961
1883 66.3961
1884 66.3961
1885 66.3961
1886 66.3961
1887 66.3961
1888 66.3961
1889 66.3961
1890 66.3961
1891 66.3961
1892 66.3961
1893 66.3961
1894 66.3961
1895 66.3961
1896 66.3961
1897 66.3961
1898 66.3961
1899 66.3961
1900 66.3961
1901 66.3961
1902 66.3961
1903 66.3961
1904 66.3961
1905 66.3961
1906 66.3961
1907 66.3961
1908 66.3961
1909 66.3961
1910 66.3961
1911 66.3961
1912 66.3961
1913 66.3961
1914 66.3961
1915 66.3961
1916 66.3961
1917 66.3961
1918 66.3961
1919 66.3961
1920 66.3961
1921 66.3961
1922 66.3961
1923 66.3961
1924 66.3961
1925 66.3961
1926 66.3961
1927 66.3961
1928 66.3961
1929 66.3961
1930 66.3961
1931 66.3961
1932 66.3961
1933 66.3961
1934 66.3961
1935 66.3961
1936 66.3961
1937 66.3961
1938 66.3961
1939 66.3961
1940 66.3961
1941 66.3961
1942 66.3961
1943 66.3961
1944 66.3961
1945 66.3961
1946 66.3961
1947 66.3961
1948 66.3961
1949 66.3961
1950 66.3961
1951 66.3961
1952 66.3961
1953 66.3961
1954 66.3961
1955 66.3961
1956 66.3961
1957 66.3961
1958 66.3961
1959 66.3961
1960 66.3961
1961 66.3961
1962 66.3961
1963 66.3961
1964 66.3961
1965 66.3961
1966 66.3961
1967 66.3961
1968 66.3961
1969 66.3961
1970 66.3961
1971 66.3961
1972 66.3961
1973 66.3961
1974 66.3961
1975 66.3961
1976 66.3961
1977 66.3961
1978 66.3961
1979 66.3961
1980 66.3961
1981 66.3961
1982 66.3961
1983 66.3961
1984 66.3961
1985 66.3961
1986 66.3961
1987 66.3961
1988 66.3961
1989 66.3961
1990 66.3961
1991 66.3961
1992 66.3961
1993 66.3961
1994 66.3961
1995 66.3961
1996 66.3961
1997 66.3961
1998 66.3961
1999 66.3961
2000 66.3961
