0 509.814
1 450.099
2 416.868
3 391.31
4 368.736
5 347.684
6 330.015
7 321.218
8 313.748
9 305.376
10 295.389
11 286.008
12 278.351
13 270.826
14 265.219
15 259.898
16 251.16
17 241.423
18 233.576
19 227.069
20 221.834
21 215.621
22 211.905
23 207.837
24 205.388
25 201.382
26 198.094
27 195.392
28 194.316
29 191.869
30 187.282
31 183.696
32 181.79
33 179.191
34 176.273
35 173.05
36 170.573
37 169.541
38 167.644
39 163.83
40 159.003
41 157.158
42 154.943
43 152.497
44 149.693
45 147.455
46 146.547
47 145.099
48 144.024
49 142.188
50 139.361
51 136.128
52 132.434
53 129.567
54 127.402
55 124.542
56 124.639
57 124.688
58 123.092
59 120.886
60 119.119
61 118.151
62 116.845
63 115.405
64 114.546
65 114.008
66 113.244
67 112.704
68 112.19
69 111.847
70 110.12
71 108.654
72 107.402
73 107.296
74 106.85
75 106.185
76 105.666
77 105.048
78 104.297
79 104.635
80 104.927
81 104.214
82 103.174
83 102.209
84 104.855
85 107.017
86 104.917
87 100.831
88 97.8334
89 97.559
90 96.7876
91 96.1244
92 94.8602
93 94.5679
94 94.4488
95 93.635
96 93.2248
97 92.9089
98 92.2665
99 91.427
100 91.2705
101 91.803
102 91.2033
103 92.8803
104 92.7947
105 90.4453
106 87.7484
107 86.8421
108 86.6229
109 86.2095
110 86.0561
111 85.6064
112 84.831
113 84.7471
114 84.4413
115 84.3851
116 83.8227
117 82.7913
118 82.139
119 81.1747
120 80.6918
121 80.1838
122 80.3546
123 79.9855
124 80.601
125 79.761
126 79.9696
127 79.6775
128 79.3397
129 79.0965
130 78.926
131 78.2671
132 77.2656
133 79.0639
134 79.4829
135 78.1551
136 77.1745
137 76.6844
138 76.5765
139 80.0277
140 80.8381
141 78.7762
142 76.8972
143 76.308
144 75.9351
145 75.6626
146 75.3826
147 75.2155
148 75.3643
149 75.5879
150 75.5774
151 75.5407
152 75.0566
153 74.6348
154 74.8295
155 74.6435
156 74.5294
157 74.602
158 74.4145
159 74.158
160 74.5662
161 74.6907
162 74.2842
163 74.5419
164 74.2031
165 74.1829
166 74.1976
167 74.3899
168 74.0075
169 73.8515
170 73.7663
171 74.1108
172 73.9277
173 74.059
174 73.8535
175 73.7057
176 73.8251
177 74.0392
178 73.7234
179 73.6915
180 73.2495
181 73.4221
182 73.0193
183 73.1752
184 73.5064
185 73.1384
186 73.4552
187 73.1858
188 73.2995
189 73.0711
190 72.9875
191 73.1458
192 72.9463
193 72.9302
194 72.8044
195 72.6672
196 73.0632
197 72.9823
198 72.5989
199 72.7147
200 72.762
201 72.6453
202 72.4043
203 72.3508
204 72.7877
205 72.8357
206 72.8592
207 72.3475
208 72.2466
209 72.123
210 72.1742
211 72.0332
212 72.1479
213 72.1048
214 72.3301
215 72.2487
216 71.9449
217 72.1802
218 71.9986
219 72.1453
220 72.0698
221 71.8555
222 71.704
223 71.9055
224 71.7502
225 71.8174
226 72.3072
227 71.7412
228 71.8906
229 71.8635
230 71.7056
231 71.9668
232 71.9792
233 71.9663
234 72.105
235 71.8236
236 71.8057
237 71.3905
238 71.8165
239 72.0663
240 71.9656
241 71.8934
242 71.7216
243 72.066
244 71.8862
245 72.7253
246 72.4229
247 71.9018
248 71.6187
249 71.5969
250 71.5663
251 71.6783
252 71.396
253 71.4557
254 71.4128
255 71.6217
256 71.4083
257 71.5487
258 71.5142
259 72.0398
260 71.5806
261 71.5826
262 71.8159
263 71.2601
264 71.1437
265 71.0526
266 71.0701
267 71.2561
268 71.218
269 71.1666
270 71.0649
271 70.9234
272 71.1774
273 71.141
274 71.1676
275 71.0182
276 70.9392
277 71.0683
278 70.973
279 71.2717
280 70.8632
281 71.0951
282 71.1923
283 71.1585
284 71.5779
285 70.7796
286 70.9496
287 71.1388
288 71.0958
289 70.974
290 71.1494
291 71.3517
292 71.2395
293 70.9859
294 71.1993
295 70.8631
296 71.1944
297 70.871
298 71.1685
299 71.2023
300 71.0852
301 70.9935
302 71.2725
303 71.1795
304 71.1138
305 70.9262
306 71.2365
307 71.0606
308 70.7624
309 70.7601
310 70.9781
311 71.2572
312 70.9128
313 70.7076
314 70.7994
315 70.9566
316 71.2565
317 71.3771
318 71.0993
319 70.9233
320 71.1268
321 71.0501
322 70.8559
323 71.0277
324 71.0337
325 70.9679
326 71.0457
327 71.1133
328 70.9817
329 71.3057
330 70.9961
331 70.9076
332 71.0862
333 71.0249
334 70.9637
335 70.8959
336 70.9402
337 71.0017
338 70.9615
339 71.0135
340 71.1057
341 71.1013
342 71.0307
343 71.0503
344 71.1067
345 71.0968
346 70.8561
347 71.0039
348 70.9976
349 71.0397
350 71.0163
351 70.9601
352 71.0501
353 71.2874
354 71.2034
355 71.1108
356 71.0373
357 71.4715
358 71.1541
359 71.3912
360 70.9857
361 70.9948
362 71.2556
363 70.957
364 70.8649
365 71.2659
366 71.2279
367 71.121
368 71.2157
369 71.0548
370 71.4633
371 71.2051
372 71.4387
373 71.1141
374 71.2928
375 70.9831
376 71.1517
377 71.3804
378 71.2806
379 70.9605
380 71.0306
381 70.8838
382 70.8425
383 70.8787
384 70.9669
385 71.0063
386 70.9038
387 71.1687
388 71.21
389 71.1513
390 71.1083
391 71.1205
392 70.9109
393 71.072
394 71.3689
395 71.5448
396 71.2762
397 71.2215
398 71.3404
399 70.899
400 70.7696
401 71.1005
402 71.0293
403 71.0278
404 71.562
405 71.4023
406 71.2338
407 71.1094
408 71.0151
409 70.767
410 70.9595
411 70.9898
412 71.2726
413 71.2366
414 71.1275
415 71.3753
416 71.2671
417 71.1274
418 71.2502
419 71.0921
420 71.2903
421 70.9598
422 71.2264
423 71.0566
424 71.2953
425 70.9881
426 71.0264
427 71.1031
428 70.9502
429 71.1134
430 71.027
431 71.1199
432 71.1529
433 70.9895
434 71.221
435 71.2701
436 70.9011
437 70.969
438 71.0613
439 70.9645
440 70.9525
441 70.8589
442 71.3318
443 71.2275
444 71.5431
445 71.3575
446 71.112
447 70.9452
448 71.0521
449 70.9575
450 71.1084
451 71.0195
452 70.9677
453 71.2641
454 71.0557
455 71.2788
456 70.9781
457 71.4017
458 70.9747
459 71.0535
460 71.2671
461 71.1881
462 71.1519
463 70.9861
464 71.0974
465 71.2034
466 71.3165
467 71.2338
468 71.2409
469 71.3089
470 71.0234
471 70.9294
472 71.078
473 71.243
474 71.313
475 71.074
476 70.8845
477 71.129
478 71.2113
479 71.3702
480 70.8195
481 70.9335
482 71.3734
483 71.0834
484 71.0566
485 70.9683
486 71.0307
487 71.0327
488 70.9708
489 71.0097
490 70.867
491 71.121
492 71.036
493 70.9631
494 71.4577
495 71.2303
496 71.1195
497 71.0873
498 71.1552
499 71.3596
500 70.9465
501 71.1098
502 71.0122
503 71.4906
504 71.1446
505 71.1732
506 70.9937
507 70.8285
508 70.9581
509 71.0934
510 71.3726
511 71.1197
512 70.8361
513 70.9523
514 71.139
515 71.1133
516 71.137
517 71.2488
518 71.4778
519 71.1911
520 71.1713
521 70.8975
522 71.0844
523 71.3418
524 70.9287
525 70.9404
526 71.1732
527 71.1894
528 70.9852
529 70.9935
530 71.0899
531 71.0214
532 70.7478
533 71.0442
534 71.1735
535 71.12
536 70.8754
537 70.7959
538 70.9014
539 71.5593
540 71.6445
541 71.3675
542 71.2126
543 71.0027
544 71.0508
545 71.1265
546 70.7185
547 71.0334
548 71.2791
549 71.2738
550 71.5773
551 71.1511
552 70.7958
553 71.0253
554 71.1923
555 71.0356
556 71.1863
557 71.133
558 71.2306
559 71.3204
560 71.2443
561 71.3375
562 71.0501
563 71.0079
564 70.9552
565 71.0181
566 70.9843
567 71.1416
568 70.9145
569 71.1284
570 70.9983
571 71.0782
572 71.0839
573 70.9589
574 71.0396
575 71.2038
576 70.7083
577 71.0971
578 71.1097
579 70.8157
580 71.1063
581 70.9456
582 70.7535
583 71.3312
584 71.5076
585 71.1188
586 70.9384
587 70.9631
588 71.1153
589 71.1314
590 71.0568
591 71.077
592 71.2014
593 71.0594
594 71.2632
595 71.2942
596 70.9077
597 70.9127
598 70.9747
599 70.9959
600 70.9301
601 70.9481
602 70.8568
603 71.134
604 71.1858
605 71.2024
606 71.0352
607 71.0317
608 70.8884
609 71.1906
610 71.1353
611 70.8359
612 70.7486
613 71.1009
614 71.0521
615 71.1436
616 71.1667
617 71.0183
618 71.1987
619 71.1063
620 70.9593
621 71.4876
622 70.9405
623 71.1373
624 71.0419
625 71.2681
626 71.0204
627 71.0211
628 71.2148
629 71.1346
630 71.1861
631 70.9572
632 71.3414
633 71.2975
634 71.1085
635 71.0099
636 71.2588
637 71.1648
638 71.1448
639 71.0435
640 70.6479
641 70.9021
642 71.0613
643 71.0278
644 71.0412
645 70.9267
646 71.1757
647 70.8792
648 71.0997
649 71.2214
650 71.2621
651 71.1568
652 71.2462
653 71.2892
654 71.339
655 71.0622
656 71.0651
657 70.9753
658 71.3248
659 71.091
660 70.7248
661 70.9817
662 70.7863
663 71.1783
664 70.7599
665 71.0728
666 71.0025
667 71.1361
668 71.1022
669 71.5944
670 71.015
671 71.1594
672 71.0363
673 71.1769
674 71.2858
675 71.0877
676 71.2339
677 71.2161
678 71.4428
679 71.1316
680 70.9635
681 70.8346
682 71.0204
683 71.3715
684 70.9939
685 71.4484
686 71.1523
687 71.1225
688 71.0139
689 71.0987
690 71.3514
691 71.2728
692 71.3092
693 71.5391
694 71.2857
695 71.1123
696 71.1422
697 70.9648
698 70.8762
699 71.0222
700 70.8685
701 71.2182
702 71.0166
703 71.3189
704 71.2356
705 71.3034
706 71.3581
707 71.351
708 71.238
709 70.9495
710 71.2291
711 71.1551
712 71.3851
713 70.981
714 71.2214
715 71.1944
716 71.1158
717 71.139
718 71.2786
719 71.1044
720 71.0311
721 71.1274
722 71.2613
723 70.7617
724 71.0721
725 71.1804
726 71.1369
727 70.9051
728 71.0738
729 71.2238
730 71.1439
731 71.37
732 71.4181
733 71.3681
734 70.9275
735 70.8251
736 71.0665
737 71.0937
738 71.0373
739 70.7803
740 71.0541
741 71.0997
742 70.9573
743 70.9501
744 71.1072
745 71.3178
746 71.3387
747 71.0891
748 71.1453
749 71.4366
750 71.4089
751 71.1233
752 71.2627
753 71.3682
754 71.4424
755 70.8966
756 71.18
757 71.1446
758 71.3008
759 71.2637
760 70.9925
761 71.1117
762 71.0507
763 70.8482
764 70.7965
765 70.9382
766 71.0481
767 70.6653
768 71.0412
769 71.0618
770 71.1035
771 71.1586
772 71.0171
773 70.9192
774 71.2156
775 71.0494
776 71.2506
777 71.1598
778 71.0313
779 71.1171
780 71.1067
781 70.9868
782 71.124
783 71.0418
784 70.8545
785 71.0117
786 71.1106
787 70.9664
788 70.9841
789 70.6624
790 70.8466
791 70.8382
792 71.0428
793 71.2022
794 71.2528
795 70.8803
796 71.0636
797 71.1667
798 71.0043
799 71.2292
800 71.2678
801 71.0683
802 71.0587
803 71.0023
804 71.2426
805 71.0527
806 71.066
807 70.9198
808 70.6686
809 71.2379
810 71.135
811 70.9684
812 71.0926
813 71.0599
814 71.0695
815 70.8018
816 70.94
817 70.7814
818 70.6438
819 70.945
820 70.7726
821 70.8578
822 71.0091
823 70.7818
824 70.9287
825 71.0025
826 71.1508
827 71.3023
828 71.2345
829 71.3746
830 70.8699
831 70.9156
832 70.857
833 71.276
834 71.1284
835 71.187
836 70.9505
837 70.9893
838 71.1732
839 71.0136
840 71.0897
841 70.902
842 71.2575
843 70.8223
844 71.0946
845 71.327
846 71.1981
847 70.9968
848 71.2128
849 71.1459
850 70.9424
851 71.1264
852 70.7821
853 71.2679
854 71.3637
855 70.7554
856 71.19
857 70.8313
858 71.0834
859 71.1821
860 71.2967
861 70.9712
862 71.2003
863 70.8306
864 71.0605
865 70.9422
866 71.0712
867 71.1025
868 71.426
869 70.9926
870 70.9806
871 71.2729
872 70.7699
873 70.9528
874 70.946
875 71.0172
876 70.9788
877 71.1762
878 71.1415
879 70.8685
880 71.2209
881 71.1212
882 71.0253
883 71.0701
884 71.0789
885 70.9069
886 71.3228
887 71.0092
888 70.9996
889 71.0181
890 71.0261
891 71.0174
892 70.88
893 70.8781
894 71.1673
895 71.4229
896 71.2012
897 71.2151
898 70.7634
899 71.0408
900 70.886
901 70.9266
902 70.9894
903 70.9053
904 71.0762
905 71.0167
906 71.0686
907 70.9778
908 71.007
909 71.0744
910 70.8133
911 71.1609
912 71.2287
913 71.0854
914 71.2447
915 71.2779
916 70.8353
917 71.2232
918 71.1971
919 71.3219
920 70.9878
921 71.1213
922 71.1953
923 70.9551
924 71.2236
925 71.3137
926 70.9403
927 71.1531
928 71.0298
929 71.0273
930 71.2287
931 71.2501
932 71.1157
933 70.9892
934 71.015
935 71.1849
936 71.2066
937 71.0942
938 71.1233
939 70.998
940 71.0118
941 71.0291
942 70.838
943 71.006
944 70.8086
945 70.7236
946 71.3624
947 71.0115
948 71.3321
949 71.3345
950 71.2051
951 71.0625
952 71.1796
953 71.089
954 70.8713
955 71.0289
956 70.9395
957 71.0946
958 70.9643
959 70.8103
960 71.0697
961 71.0863
962 71.1373
963 70.6837
964 71.0448
965 70.965
966 71.0302
967 70.9319
968 70.9791
969 71.2222
970 71.1943
971 71.1516
972 71.12
973 70.8963
974 71.11
975 71.1623
976 70.8347
977 70.9579
978 70.8595
979 71.1628
980 71.0734
981 71.4318
982 71.0949
983 71.2296
984 71.0501
985 71.1019
986 71.159
987 71.3084
988 71.5401
989 71.0325
990 71.0415
991 71.1946
992 71.0949
993 70.9423
994 71.1547
995 70.9574
996 70.7162
997 71.3328
998 71.5146
999 70.9733
1000 71.2228
1001 70.9901
1002 71.0179
1003 70.5176
1004 71.0356
1005 70.8686
1006 71.0283
1007 71.3158
1008 70.7873
1009 70.7826
1010 70.8954
1011 71.0587
1012 70.9373
1013 71.115
1014 71.052
1015 71.1047
1016 71.4693
1017 71.1171
1018 71.0224
1019 70.9598
1020 71.2252
1021 71.1083
1022 71.2537
1023 71.48
1024 71.1468
1025 71.1542
1026 70.9604
1027 70.936
1028 71.0857
1029 70.8981
1030 71.0503
1031 71.0284
1032 70.9377
1033 70.9845
1034 71.4309
1035 71.0538
1036 70.8602
1037 71.0167
1038 70.9471
1039 71.0993
1040 71.2252
1041 71.184
1042 71.2006
1043 71.0003
1044 71.2427
1045 71.3978
1046 70.9311
1047 70.8674
1048 71.0631
1049 71.3586
1050 71.2209
1051 71.1901
1052 70.7399
1053 70.7162
1054 71.018
1055 71.0844
1056 71.087
1057 70.8594
1058 70.7661
1059 71.0866
1060 71.1477
1061 71.2076
1062 71.0749
1063 71.2855
1064 70.979
1065 71.0608
1066 70.8677
1067 70.8455
1068 71.1051
1069 70.8871
1070 71.0386
1071 70.7011
1072 71.0907
1073 71.0655
1074 70.8802
1075 71.1069
1076 71.0641
1077 71.4251
1078 71.0245
1079 71.0742
1080 70.6829
1081 71.0575
1082 71.0265
1083 70.9922
1084 71.0182
1085 71.1408
1086 70.7949
1087 70.9555
1088 71.1317
1089 71.1672
1090 70.9707
1091 71.1807
1092 70.9619
1093 71.0637
1094 71.1076
1095 71.0644
1096 70.9614
1097 71.0858
1098 71.1685
1099 70.8864
1100 71.058
1101 71.1669
1102 71.1244
1103 71.0267
1104 71.1298
1105 71.0101
1106 71.037
1107 70.7453
1108 70.7305
1109 70.9151
1110 70.834
1111 70.7944
1112 70.8261
1113 71.0764
1114 70.9299
1115 70.9561
1116 70.9221
1117 71.115
1118 71.2339
1119 71.4134
1120 71.0372
1121 71.1227
1122 71.1387
1123 71.032
1124 71.0584
1125 71.0361
1126 71.2852
1127 71.3979
1128 71.1285
1129 71.1885
1130 71.0803
1131 71.4001
1132 70.7683
1133 71.2255
1134 71.3247
1135 70.8277
1136 70.8903
1137 70.8244
1138 70.6396
1139 71.0539
1140 70.8902
1141 71.0679
1142 70.9737
1143 70.8454
1144 70.9691
1145 70.8613
1146 70.6562
1147 70.9195
1148 71.12
1149 71.297
1150 71.4536
1151 71.222
1152 71.4381
1153 71.1402
1154 71.1002
1155 71.2583
1156 71.0765
1157 71.109
1158 70.7922
1159 71.0797
1160 71.1051
1161 71.0015
1162 70.8843
1163 71.0878
1164 70.9702
1165 71.0562
1166 71.0558
1167 71.2834
1168 71.1464
1169 70.9782
1170 70.9752
1171 71.0093
1172 71.1436
1173 71.0912
1174 71.1762
1175 70.959
1176 70.7549
1177 71.0501
1178 71.1166
1179 71.0254
1180 70.8694
1181 71.0545
1182 70.9224
1183 70.8259
1184 70.9519
1185 70.802
1186 70.8699
1187 70.9698
1188 71.0133
1189 70.691
1190 70.9074
1191 70.6548
1192 70.5456
1193 70.9822
1194 70.9705
1195 70.9533
1196 71.2125
1197 70.7915
1198 70.9666
1199 70.8578
1200 71.0881
1201 71.1214
1202 71.3847
1203 71.272
1204 71.0501
1205 70.7486
1206 71.137
1207 71.268
1208 70.9806
1209 71.0433
1210 71.36
1211 71.0986
1212 71.1539
1213 71.1407
1214 71.2178
1215 70.8456
1216 71.0605
1217 71.1127
1218 71.1534
1219 70.914
1220 70.9522
1221 70.9032
1222 71.293
1223 70.9877
1224 70.8809
1225 70.95
1226 71.0806
1227 71.6513
1228 71.0511
1229 70.8509
1230 70.9383
1231 71.0129
1232 70.9749
1233 71.0531
1234 71.1905
1235 71.0254
1236 70.8215
1237 70.7584
1238 71.4763
1239 71.4246
1240 71.0758
1241 71.0492
1242 70.887
1243 70.9497
1244 70.9333
1245 70.8511
1246 70.8825
1247 70.8035
1248 70.6781
1249 70.9054
1250 71.1534
1251 71.0466
1252 71.2482
1253 71.0514
1254 70.8862
1255 70.916
1256 70.8953
1257 71.2302
1258 70.7577
1259 70.6175
1260 70.7579
1261 71.482
1262 71.5509
1263 71.6296
1264 71.1386
1265 70.6962
1266 71.0044
1267 70.9365
1268 71.1016
1269 70.8864
1270 71.2513
1271 70.8631
1272 71.0174
1273 70.9389
1274 71.0201
1275 70.9082
1276 70.8116
1277 71.0932
1278 70.9059
1279 71.1361
1280 70.8641
1281 71.0425
1282 71.0496
1283 71.0306
1284 71.0849
1285 71.1245
1286 71.124
1287 71.0802
1288 70.8871
1289 70.7634
1290 70.8044
1291 71.1128
1292 70.812
1293 70.9174
1294 70.8568
1295 70.8384
1296 70.6084
1297 70.8498
1298 71.1571
1299 70.9768
1300 70.9174
1301 71.0997
1302 70.9521
1303 70.8753
1304 70.9417
1305 71.3746
1306 71.3246
1307 70.9043
1308 70.858
1309 70.8136
1310 71.0721
1311 71.1159
1312 71.2373
1313 70.8865
1314 70.9098
1315 70.8413
1316 70.9679
1317 70.7699
1318 70.9726
1319 70.9499
1320 70.9491
1321 70.8834
1322 70.9727
1323 71.3282
1324 71.4955
1325 71.1128
1326 71.0142
1327 70.8043
1328 70.9549
1329 71.1714
1330 71.0079
1331 70.9794
1332 71.0938
1333 71.092
1334 70.9823
1335 70.7144
1336 70.9179
1337 71.0022
1338 71.0253
1339 71.1157
1340 71.1488
1341 71.2411
1342 71.0293
1343 71.045
1344 71.3195
1345 71.1249
1346 71.0291
1347 70.901
1348 71.0222
1349 70.7781
1350 70.6862
1351 71.1298
1352 71.3138
1353 71.1021
1354 71.2036
1355 70.8835
1356 71.0435
1357 71.0061
1358 71.0456
1359 71.5433
1360 71.4916
1361 71.2505
1362 71.0451
1363 71.0266
1364 70.9482
1365 70.9944
1366 70.9176
1367 71.0321
1368 71.083
1369 71.1568
1370 71.3467
1371 70.6992
1372 70.7337
1373 71.0494
1374 70.9438
1375 70.8115
1376 70.9419
1377 71.3311
1378 71.0775
1379 71.0478
1380 71.0027
1381 71.044
1382 71.3978
1383 71.1574
1384 70.9907
1385 71.0517
1386 71.2387
1387 71.1397
1388 71.0173
1389 71.0115
1390 71.0975
1391 71.0884
1392 71.0143
1393 70.9298
1394 71.001
1395 70.8813
1396 71.0064
1397 70.9391
1398 71.2377
1399 71.0527
1400 70.9075
1401 70.9129
1402 70.9499
1403 70.7386
1404 70.632
1405 71.0814
1406 70.9573
1407 71.3481
1408 70.9457
1409 70.9576
1410 70.843
1411 71.0887
1412 70.7503
1413 70.8966
1414 70.934
1415 70.6581
1416 70.9285
1417 71.055
1418 71.0584
1419 71.0472
1420 71.0446
1421 71.1619
1422 70.8851
1423 70.7899
1424 71.0956
1425 70.8507
1426 70.642
1427 70.811
1428 70.9455
1429 70.9336
1430 71.1661
1431 70.9565
1432 70.6776
1433 71.0306
1434 70.9292
1435 70.9514
1436 71.0828
1437 71.1898
1438 70.867
1439 71.1298
1440 71.4977
1441 71.0765
1442 70.9361
1443 71.2345
1444 70.9236
1445 71.143
1446 71.1737
1447 70.9333
1448 70.9994
1449 70.8647
1450 71.1112
1451 71.0303
1452 70.7734
1453 70.7726
1454 70.9187
1455 71.1121
1456 71.1478
1457 70.8716
1458 70.8429
1459 70.8146
1460 70.9021
1461 70.9429
1462 70.9422
1463 71.329
1464 71.2368
1465 71.1273
1466 70.981
1467 70.9846
1468 70.9383
1469 71.1111
1470 71.1602
1471 70.7107
1472 70.8516
1473 71.1311
1474 71.4185
1475 71.3801
1476 71.4959
1477 71.4221
1478 71.1685
1479 70.9856
1480 71.0502
1481 70.8127
1482 70.999
1483 70.8859
1484 71.2826
1485 71.286
1486 71.0765
1487 71.0468
1488 71.0261
1489 70.9407
1490 70.733
1491 70.7563
1492 70.8785
1493 70.9308
1494 71.2373
1495 70.9343
1496 70.5901
1497 71.0125
1498 71.1345
1499 71.3805
1500 71.3167
1501 71.1752
1502 71.1295
1503 70.9102
1504 71.0556
1505 71.1377
1506 71.0537
1507 71.0644
1508 71.0472
1509 71.2163
1510 71.0703
1511 71.1604
1512 71.0821
1513 71.3344
1514 70.8643
1515 71.15
1516 71.3922
1517 70.6867
1518 71.2847
1519 71.0983
1520 71.019
1521 70.9642
1522 71.1227
1523 71.1716
1524 71.2634
1525 71.3738
1526 71.3021
1527 71.2766
1528 70.9989
1529 71.0814
1530 71.1081
1531 70.7622
1532 70.82
1533 71.0871
1534 70.8967
1535 70.9145
1536 71.1533
1537 71.0112
1538 70.9718
1539 70.9375
1540 71.1351
1541 71.1683
1542 70.9922
1543 71.1378
1544 71.1554
1545 71.1681
1546 70.9408
1547 71.1044
1548 70.8399
1549 71.0357
1550 71.2138
1551 70.8761
1552 71.0976
1553 71.1137
1554 70.8945
1555 71.1766
1556 71.1397
1557 71.2048
1558 70.9321
1559 71.0596
1560 70.7952
1561 71.0765
1562 70.9792
1563 71.2393
1564 70.9404
1565 71.1027
1566 70.9979
1567 71.0948
1568 71.0325
1569 70.9623
1570 71.0249
1571 71.1059
1572 70.8453
1573 71.038
1574 70.8366
1575 70.9305
1576 71.4198
1577 70.9569
1578 71.1474
1579 71.0897
1580 70.9888
1581 70.9901
1582 71.1288
1583 71.0404
1584 71.2854
1585 71.2658
1586 71.097
1587 71.2101
1588 71.0917
1589 70.8429
1590 71.0414
1591 71.2601
1592 70.8799
1593 71.2458
1594 71.1988
1595 70.9606
1596 71.153
1597 71.0905
1598 70.9637
1599 71.0651
1600 71.0231
1601 71.058
1602 71.0108
1603 70.9425
1604 70.9653
1605 70.8949
1606 71.0441
1607 71.2454
1608 71.3525
1609 71.1212
1610 70.8304
1611 70.7168
1612 70.813
1613 71.1048
1614 71.3134
1615 70.9149
1616 70.9895
1617 71.0539
1618 71.3033
1619 70.8785
1620 70.919
1621 70.8288
1622 71.035
1623 71.0656
1624 71.2945
1625 71.1484
1626 70.8564
1627 71.0321
1628 71.1177
1629 70.9089
1630 71.0172
1631 71.2542
1632 71.2195
1633 70.7537
1634 70.9914
1635 70.8518
1636 70.8679
1637 70.9089
1638 71.1044
1639 71.0047
1640 70.9517
1641 71.0226
1642 71.0173
1643 70.8925
1644 70.7176
1645 70.8875
1646 71.1742
1647 70.8327
1648 70.8161
1649 71.2
1650 71.3232
1651 71.0219
1652 70.8245
1653 70.9937
1654 70.9317
1655 70.872
1656 70.9406
1657 70.8938
1658 70.6798
1659 70.9813
1660 70.8038
1661 70.9954
1662 71.2678
1663 70.9615
1664 70.9992
1665 71.0217
1666 71.2329
1667 70.9635
1668 70.669
1669 70.8348
1670 70.899
1671 70.9815
1672 70.8605
1673 70.9989
1674 70.8603
1675 71.3839
1676 70.8304
1677 70.993
1678 71.0479
1679 70.8858
1680 70.7411
1681 71.1193
1682 71.3444
1683 71.0247
1684 71.0162
1685 70.7908
1686 70.7784
1687 70.947
1688 71.1757
1689 70.9004
1690 70.6223
1691 70.8075
1692 70.6561
1693 70.8629
1694 70.9741
1695 70.7763
1696 70.7981
1697 71.0698
1698 71.0252
1699 70.7789
1700 70.9516
1701 70.8086
1702 70.9004
1703 70.8796
1704 70.726
1705 70.8281
1706 70.9032
1707 70.8686
1708 70.9232
1709 70.8177
1710 70.8211
1711 70.8313
1712 71.0642
1713 70.5543
1714 70.8738
1715 70.7618
1716 70.8278
1717 70.7715
1718 70.7833
1719 70.8248
1720 70.7771
1721 71.0776
1722 70.997
1723 71.1276
1724 70.9607
1725 71.0113
1726 70.9636
1727 70.8263
1728 70.6245
1729 70.7556
1730 70.9274
1731 71.0685
1732 70.7623
1733 70.9528
1734 71.0501
1735 70.685
1736 70.7226
1737 71.0274
1738 71.0077
1739 70.8209
1740 71.3279
1741 70.6333
1742 71.0261
1743 70.7789
1744 71.0574
1745 71.1285
1746 71.1092
1747 70.8748
1748 71.1615
1749 70.9285
1750 70.9212
1751 70.929
1752 71.251
1753 70.8169
1754 70.9515
1755 71.227
1756 70.8291
1757 71.3134
1758 70.8107
1759 70.9112
1760 70.5922
1761 70.7986
1762 70.91
1763 70.7876
1764 71.033
1765 71.0849
1766 70.9476
1767 70.7633
1768 70.9397
1769 70.6797
1770 71.318
1771 70.5761
1772 70.7418
1773 70.8707
1774 70.8544
1775 70.7874
1776 70.7725
1777 70.7204
1778 70.8898
1779 70.9698
1780 70.8869
1781 70.8238
1782 70.8837
1783 71.2152
1784 71.2183
1785 71.0288
1786 70.8798
1787 70.7145
1788 70.7836
1789 70.7613
1790 70.7809
1791 71.2421
1792 71.0014
1793 71.0407
1794 70.7403
1795 70.896
1796 70.6534
1797 70.8872
1798 70.8486
1799 70.9481
1800 71.144
1801 70.665
1802 70.6483
1803 71.0254
1804 70.9675
1805 71.4768
1806 71.0506
1807 70.6497
1808 70.7948
1809 70.7362
1810 71.1185
1811 70.6349
1812 70.7969
1813 70.7017
1814 70.8977
1815 70.7597
1816 70.746
1817 70.8801
1818 70.9604
1819 71.0225
1820 70.8699
1821 70.6893
1822 70.8233
1823 70.9341
1824 71.1786
1825 70.8689
1826 70.9645
1827 71.2451
1828 71.0962
1829 70.6878
1830 71.1508
1831 71.0272
1832 70.9272
1833 70.8283
1834 71.0898
1835 70.9969
1836 70.735
1837 70.8305
1838 70.6317
1839 71.0018
1840 70.7744
1841 70.7732
1842 71.0345
1843 71.2112
1844 71.4155
1845 71.0802
1846 71.3671
1847 70.6379
1848 70.718
1849 70.7962
1850 71.0982
1851 70.892
1852 70.6769
1853 71.065
1854 70.9828
1855 70.8593
1856 71.0014
1857 70.9771
1858 71.0517
1859 71.1552
1860 70.7523
1861 70.6343
1862 70.9363
1863 70.925
1864 70.9815
1865 70.6977
1866 70.9583
1867 70.6772
1868 70.8211
1869 70.9093
1870 71.1069
1871 71.1721
1872 71.0486
1873 70.7547
1874 70.7371
1875 70.7835
1876 71.3448
1877 70.8981
1878 70.8543
1879 71.0937
1880 70.9824
1881 71.1413
1882 71.4285
1883 70.8616
1884 71.1229
1885 71.1288
1886 71.1426
1887 71.0758
1888 70.9348
1889 70.9808
1890 70.7729
1891 71.2999
1892 71.2862
1893 70.9757
1894 70.8868
1895 70.6736
1896 70.9656
1897 70.9644
1898 70.9633
1899 70.8697
1900 71.0608
1901 71.1352
1902 71.0417
1903 71.2271
1904 71.0558
1905 71.0249
1906 71.1827
1907 71.1371
1908 71.3144
1909 70.6929
1910 70.8353
1911 71.3515
1912 71.1611
1913 71.0201
1914 70.6426
1915 70.9772
1916 71.0926
1917 71.2719
1918 71.4002
1919 71.1366
1920 71.0617
1921 70.6989
1922 70.56
1923 70.9023
1924 70.971
1925 70.6894
1926 70.7556
1927 70.8212
1928 70.7764
1929 70.8062
1930 71.1782
1931 70.7591
1932 70.5669
1933 71.0256
1934 71.0707
1935 70.8912
1936 71.3029
1937 70.691
1938 70.9347
1939 71.0205
1940 70.9393
1941 71.0104
1942 70.9627
1943 70.7042
1944 70.6195
1945 70.9264
1946 70.8598
1947 70.9062
1948 70.9305
1949 71.0203
1950 70.5895
1951 70.5169
1952 70.9517
1953 70.8418
1954 70.9069
1955 70.8522
1956 70.9868
1957 71.01
1958 70.9016
1959 70.9354
1960 71.0766
1961 71.1776
1962 71.1229
1963 71.0346
1964 70.8058
1965 71.1122
1966 71.2993
1967 70.9174
1968 70.9713
1969 70.9843
1970 71.0389
1971 70.9821
1972 70.8924
1973 70.6656
1974 70.8728
1975 71.0879
1976 71.0829
1977 70.6567
1978 70.8904
1979 70.7646
1980 70.8146
1981 71.0395
1982 70.8504
1983 70.9503
1984 70.8686
1985 70.7816
1986 70.9331
1987 71.1243
1988 71.2939
1989 70.8252
1990 70.4789
1991 70.628
1992 70.6381
1993 70.8176
1994 70.8966
1995 70.9996
1996 71.168
1997 71.1268
1998 71.1411
1999 71.3522
2000 71.1021
2001 70.6608
2002 71.0988
2003 70.9074
2004 70.7783
2005 71.3926
2006 70.8895
2007 70.8106
2008 71.0523
2009 70.9302
2010 70.9303
2011 70.8964
2012 70.6994
2013 71.1036
2014 70.688
2015 70.2697
2016 70.8861
2017 71.0011
2018 71.0668
2019 70.9496
2020 71.1998
2021 71.1234
2022 70.9889
2023 71.0105
2024 70.8617
2025 70.7407
2026 70.6304
2027 70.9069
2028 71.0525
2029 70.9664
2030 71.0844
2031 70.8615
2032 70.7559
2033 70.8429
2034 71.3278
2035 70.9758
2036 71.0175
2037 70.8892
2038 70.6947
2039 71.1084
2040 71.1729
2041 71.3591
2042 70.924
2043 70.9257
2044 71.096
2045 70.991
2046 70.8333
2047 71.151
2048 70.7764
2049 70.8759
2050 70.968
2051 70.8713
2052 71.1926
2053 70.9812
2054 70.7344
2055 70.9505
2056 70.9886
2057 70.9525
2058 70.9305
2059 71.0677
2060 71.2182
2061 71.2045
2062 71.0245
2063 70.867
2064 70.9069
2065 70.6971
2066 70.904
2067 70.8599
2068 71.1352
2069 71.2065
2070 70.8347
2071 70.8325
2072 71.4435
2073 70.8305
2074 70.7977
2075 70.6594
2076 70.8151
2077 70.8679
2078 70.7758
2079 70.8447
2080 70.6256
2081 70.7681
2082 71.3779
2083 70.9096
2084 71.0376
2085 70.9017
2086 71.1837
2087 70.9579
2088 70.9005
2089 71.1124
2090 70.6723
2091 70.8709
2092 70.8211
2093 70.8891
2094 70.531
2095 70.9267
2096 70.9254
2097 70.8396
2098 71.0028
2099 70.8958
2100 71.0591
2101 71.0491
2102 71.2174
2103 70.9955
2104 70.9505
2105 71.0781
2106 70.979
2107 70.8178
2108 70.926
2109 70.9402
2110 70.966
2111 70.9713
2112 70.9779
2113 70.5866
2114 70.5558
2115 70.7177
2116 71.2874
2117 71.1416
2118 71.1581
2119 70.8253
2120 70.8633
2121 71.0251
2122 70.8127
2123 70.8421
2124 71.0118
2125 71.2634
2126 71.257
2127 71.0287
2128 70.8319
2129 71.2397
2130 71.0037
2131 71.0347
2132 71.0644
2133 71.1897
2134 71.0392
2135 70.9361
2136 70.7221
2137 70.8072
2138 70.9288
2139 70.7583
2140 70.6771
2141 70.9264
2142 71.0534
2143 70.8602
2144 70.7555
2145 70.8901
2146 71.0506
2147 71.1272
2148 70.9205
2149 70.8154
2150 71.1476
2151 70.8845
2152 71.0325
2153 71.0029
2154 70.7469
2155 71.0466
2156 71.2412
2157 70.9776
2158 70.8575
2159 70.8182
2160 70.7945
2161 70.7579
2162 70.8526
2163 71.2531
2164 71.1334
2165 71.2121
2166 70.5591
2167 70.5794
2168 70.907
2169 70.887
2170 71.0925
2171 71.096
2172 70.8752
2173 71.0074
2174 70.8576
2175 71.0759
2176 70.9704
2177 70.8
2178 70.8382
2179 71.0576
2180 70.9464
2181 71.0873
2182 71.3651
2183 70.9655
2184 70.8876
2185 70.869
2186 70.9481
2187 70.7482
2188 71.0062
2189 71.474
2190 71.1004
2191 70.8779
2192 71.1759
2193 71.0437
2194 70.7378
2195 70.768
2196 70.8064
2197 70.9421
2198 70.8819
2199 70.8278
2200 70.7092
2201 70.8924
2202 70.6996
2203 70.8608
2204 70.906
2205 71.418
2206 70.9391
2207 70.8768
2208 70.7664
2209 71.0243
2210 70.8696
2211 70.7448
2212 71.0135
2213 70.8312
2214 70.7467
2215 70.8761
2216 70.9948
2217 70.8378
2218 70.8989
2219 70.965
2220 71.1931
2221 71.033
2222 70.8442
2223 70.9633
2224 70.9409
2225 70.747
2226 70.6962
2227 70.7315
2228 70.768
2229 71.0609
2230 71.0307
2231 70.8686
2232 71.0012
2233 71.0396
2234 70.6473
2235 70.783
2236 70.6969
2237 70.8333
2238 70.9128
2239 71.0793
2240 70.9744
2241 71.1115
2242 70.8025
2243 71.1044
2244 71.4589
2245 71.2655
2246 71.019
2247 71.0285
2248 71.0326
2249 71.2019
2250 71.0243
2251 71.0787
2252 71.1777
2253 71.1003
2254 70.8399
2255 71.2445
2256 71.3184
2257 70.953
2258 70.7165
2259 71.1151
2260 70.9916
2261 70.8876
2262 70.7112
2263 71.0277
2264 71.0533
2265 70.8764
2266 70.9403
2267 70.8861
2268 70.8199
2269 70.8642
2270 70.9904
2271 70.8416
2272 70.8397
2273 71.1249
2274 71.0087
2275 70.8808
2276 71.0743
2277 70.9147
2278 70.9296
2279 70.8574
2280 70.9675
2281 70.7826
2282 71.1273
2283 70.9858
2284 70.6649
2285 70.8261
2286 70.9881
2287 70.7946
2288 71.0521
2289 70.8421
2290 70.7609
2291 70.6103
2292 70.7893
2293 71.1775
2294 71.2154
2295 70.9175
2296 70.7903
2297 70.7111
2298 71.106
2299 70.8254
2300 70.8852
2301 70.895
2302 70.9563
2303 70.9823
2304 71.2016
2305 71.0981
2306 70.8912
2307 71.0908
2308 71.1057
2309 70.8932
2310 71.1701
2311 71.1315
2312 71.0331
2313 70.8309
2314 70.8707
2315 70.673
2316 70.8562
2317 70.6823
2318 70.7374
2319 70.9715
2320 71.0512
2321 71.0894
2322 71.0147
2323 71.1973
2324 71.1131
2325 70.9008
2326 70.5069
2327 71.2255
2328 71.3409
2329 70.8393
2330 71.0533
2331 70.8574
2332 70.7117
2333 70.8421
2334 71.3757
2335 70.9438
2336 70.7679
2337 70.8401
2338 70.9358
2339 70.579
2340 70.4302
2341 70.5583
2342 70.3746
2343 70.882
2344 70.3148
2345 70.3169
2346 70.0974
2347 70.4091
2348 70.2401
2349 70.6282
2350 70.3129
2351 70.6199
2352 70.7434
2353 70.5983
2354 70.39
2355 70.4833
2356 70.4886
2357 70.5011
2358 70.7023
2359 70.298
2360 70.5758
2361 70.5739
2362 70.6395
2363 70.4943
2364 70.3301
2365 70.2724
2366 70.6443
2367 70.4465
2368 70.5795
2369 70.709
2370 70.9963
2371 70.67
2372 70.8166
2373 70.6549
2374 70.5246
2375 70.7461
2376 70.3582
2377 70.7058
2378 70.7421
2379 70.3376
2380 70.4033
2381 70.3667
2382 70.3043
2383 70.4387
2384 70.581
2385 70.8665
2386 70.5173
2387 70.235
2388 70.3958
2389 70.2955
2390 70.5091
2391 70.5525
2392 70.379
2393 70.7582
2394 70.3951
2395 70.534
2396 70.4862
2397 70.4474
2398 70.6508
2399 70.6188
2400 70.5142
2401 70.5601
2402 70.368
2403 70.5796
2404 70.1562
2405 70.8251
2406 70.7871
2407 70.6535
2408 70.333
2409 70.3442
2410 70.6753
2411 70.2831
2412 70.2889
2413 70.5121
2414 70.7967
2415 70.4401
2416 70.5208
2417 70.5777
2418 70.5162
2419 70.588
2420 70.2897
2421 70.3152
2422 70.4046
2423 70.5705
2424 70.7033
2425 70.4279
2426 70.2222
2427 70.1674
2428 70.1268
2429 70.4106
2430 70.3179
2431 70.5731
2432 70.7153
2433 70.3854
2434 70.4962
2435 70.5345
2436 70.5092
2437 70.4286
2438 70.6069
2439 70.5787
2440 70.492
2441 70.7473
2442 70.576
2443 70.508
2444 70.3915
2445 70.3871
2446 70.3924
2447 70.6436
2448 70.5401
2449 70.4734
2450 70.516
2451 70.2391
2452 70.5277
2453 70.5235
2454 70.4275
2455 70.4131
2456 70.5761
2457 70.5356
2458 70.3762
2459 70.6191
2460 70.539
2461 70.4979
2462 70.633
2463 70.6512
2464 70.2318
2465 70.2949
2466 70.3286
2467 70.2881
2468 70.4247
2469 70.7491
2470 70.8386
2471 70.784
2472 70.5223
2473 70.5767
2474 70.5839
2475 70.5179
2476 70.6412
2477 70.5221
2478 70.3585
2479 70.5288
2480 70.6565
2481 70.6571
2482 70.4563
2483 70.5228
2484 70.4306
2485 70.2353
2486 70.4292
2487 70.4412
2488 70.2646
2489 70.3737
2490 70.6269
2491 70.2145
2492 70.0814
2493 70.5106
2494 70.4068
2495 70.6738
2496 70.9033
2497 70.8211
2498 70.6972
2499 70.6065
2500 70.6439
2501 70.7653
2502 70.5676
2503 70.4556
2504 70.3737
2505 70.3712
2506 70.2319
2507 70.1403
2508 70.4437
2509 70.6492
2510 70.7772
2511 70.5787
2512 70.4945
2513 70.5927
2514 70.5003
2515 70.3808
2516 70.3632
2517 70.5256
2518 70.2976
2519 70.3061
2520 70.2699
2521 70.338
2522 70.3635
2523 70.2734
2524 70.8787
2525 70.7241
2526 70.8077
2527 70.3137
2528 70.2138
2529 70.5969
2530 70.6295
2531 70.6285
2532 70.7949
2533 70.4026
2534 70.8367
2535 70.5782
2536 70.4854
2537 70.6078
2538 70.9383
2539 70.7225
2540 70.6318
2541 70.8024
2542 70.5585
2543 70.4578
2544 70.4931
2545 70.3738
2546 70.4903
2547 70.9543
2548 70.5552
2549 70.5259
2550 70.3511
2551 70.4687
2552 70.524
2553 70.3816
2554 70.7122
2555 70.5468
2556 70.9269
2557 70.3206
2558 70.4122
2559 70.5149
2560 70.5543
2561 71.0004
2562 70.4538
2563 70.4676
2564 70.5552
2565 70.3874
2566 70.4045
2567 70.6738
2568 70.5407
2569 70.5552
2570 70.3426
2571 70.7576
2572 70.8854
2573 70.4268
2574 70.3483
2575 70.5421
2576 70.4834
2577 70.7158
2578 70.4542
2579 70.3817
2580 70.2242
2581 70.4565
2582 70.5405
2583 70.5666
2584 70.5949
2585 70.8766
2586 70.7092
2587 70.5861
2588 70.4472
2589 70.4218
2590 70.3377
2591 70.385
2592 70.5632
2593 70.57
2594 70.4769
2595 70.544
2596 70.5339
2597 70.2753
2598 70.3185
2599 70.5621
2600 70.4433
2601 70.1553
2602 70.4667
2603 70.4368
2604 70.424
2605 70.283
2606 70.6647
2607 70.5499
2608 70.7233
2609 70.3764
2610 70.4002
2611 70.3054
2612 70.4411
2613 70.3978
2614 70.3486
2615 70.4977
2616 70.8107
2617 70.8797
2618 70.4613
2619 70.7144
2620 70.3997
2621 70.4426
2622 70.6704
2623 70.5805
2624 70.4431
2625 70.4755
2626 70.654
2627 70.6453
2628 70.6293
2629 70.5662
2630 70.7047
2631 70.58
2632 70.4352
2633 70.4223
2634 70.1297
2635 70.3024
2636 70.181
2637 70.3103
2638 70.4863
2639 70.6757
2640 70.5354
2641 70.2803
2642 70.4673
2643 70.5249
2644 70.3248
2645 70.3487
2646 70.3104
2647 70.6215
2648 70.2357
2649 70.6148
2650 70.5275
2651 70.4739
2652 70.2394
2653 70.7975
2654 70.5931
2655 70.3065
2656 70.0479
2657 70.4429
2658 70.4049
2659 70.5274
2660 70.3556
2661 70.3435
2662 70.2005
2663 70.8418
2664 70.6083
2665 70.5072
2666 70.5519
2667 70.5291
2668 70.4097
2669 70.6493
2670 70.3522
2671 70.7151
2672 70.6407
2673 70.3703
2674 70.3458
2675 70.2392
2676 70.1241
2677 70.4446
2678 70.7312
2679 70.6013
2680 70.7662
2681 70.4098
2682 70.5344
2683 70.3753
2684 70.7137
2685 70.4333
2686 70.4602
2687 70.5668
2688 70.2322
2689 70.5368
2690 70.3144
2691 70.4689
2692 70.2141
2693 70.4663
2694 70.3254
2695 70.3754
2696 70.4211
2697 70.3048
2698 70.5343
2699 70.5528
2700 70.9657
2701 70.5218
2702 71.0611
2703 70.7367
2704 70.9135
2705 70.8178
2706 70.6238
2707 70.1424
2708 70.5165
2709 70.9231
2710 70.4946
2711 70.5896
2712 70.2466
2713 70.2933
2714 70.341
2715 70.4826
2716 70.7536
2717 70.9197
2718 70.721
2719 70.31
2720 70.3476
2721 70.698
2722 70.3565
2723 70.3468
2724 70.5523
2725 70.2214
2726 70.4613
2727 70.55
2728 70.504
2729 70.612
2730 70.6842
2731 70.7453
2732 70.5462
2733 70.6209
2734 70.4603
2735 70.7804
2736 70.626
2737 70.2399
2738 70.7046
2739 70.3212
2740 70.6352
2741 70.6302
2742 70.4603
2743 70.4688
2744 70.3412
2745 70.6793
2746 70.3531
2747 70.5518
2748 70.4475
2749 70.3164
2750 70.5554
2751 70.3969
2752 70.474
2753 70.5283
2754 70.2439
2755 70.6519
2756 70.8119
2757 70.5974
2758 70.3638
2759 70.2499
2760 70.5889
2761 70.7129
2762 70.8507
2763 70.6708
2764 70.3917
2765 70.2781
2766 70.0062
2767 70.4519
2768 70.224
2769 70.5248
2770 70.2766
2771 70.2928
2772 70.2137
2773 70.3777
2774 70.3661
2775 70.4528
2776 70.1615
2777 70.5196
2778 70.7024
2779 70.5761
2780 70.5456
2781 70.5591
2782 70.5917
2783 70.4271
2784 70.3958
2785 70.3556
2786 70.8523
2787 70.5008
2788 70.5125
2789 70.7925
2790 70.3614
2791 70.4187
2792 70.3925
2793 70.6497
2794 70.2596
2795 70.2171
2796 70.0741
2797 70.4574
2798 70.3225
2799 70.0327
2800 70.4654
2801 70.5458
2802 70.5927
2803 70.3103
2804 70.4358
2805 70.1526
2806 70.5812
2807 70.3941
2808 70.6451
2809 70.4702
2810 70.3613
2811 70.5604
2812 70.6403
2813 70.5313
2814 70.2813
2815 70.3253
2816 70.0641
2817 70.3992
2818 70.5938
2819 70.6284
2820 70.3652
2821 70.5337
2822 70.262
2823 70.4175
2824 70.4634
2825 70.2633
2826 70.5668
2827 70.2435
2828 70.3077
2829 70.3811
2830 70.2204
2831 70.5779
2832 70.7184
2833 70.7149
2834 70.7777
2835 70.4955
2836 70.8595
2837 70.5929
2838 70.4566
2839 70.6843
2840 70.5701
2841 70.2889
2842 70.52
2843 70.6436
2844 70.8124
2845 71.1279
2846 70.6831
2847 70.5856
2848 70.4193
2849 70.2855
2850 70.3449
2851 70.2887
2852 70.276
2853 70.5652
2854 70.5688
2855 70.4668
2856 70.6069
2857 70.4632
2858 70.7166
2859 70.8882
2860 70.4827
2861 70.4039
2862 70.4017
2863 70.5829
2864 70.7515
2865 70.3679
2866 70.3801
2867 70.6621
2868 70.4751
2869 70.7482
2870 70.6353
2871 70.7598
2872 70.9119
2873 70.7353
2874 70.4205
2875 70.449
2876 70.715
2877 70.4038
2878 70.3557
2879 70.6371
2880 70.5552
2881 70.3892
2882 70.2214
2883 70.1755
2884 70.2535
2885 70.431
2886 70.4466
2887 70.3831
2888 70.3021
2889 70.5873
2890 70.3684
2891 70.2065
2892 70.7751
2893 70.5169
2894 70.5543
2895 70.6679
2896 70.4672
2897 70.721
2898 70.3869
2899 70.4032
2900 70.8827
2901 70.5
2902 70.5908
2903 70.5459
2904 70.6082
2905 70.6775
2906 70.7215
2907 70.6872
2908 70.8572
2909 70.3614
2910 70.3232
2911 70.2022
2912 70.1275
2913 70.6227
2914 70.6385
2915 70.6036
2916 70.5877
2917 70.581
2918 70.4737
2919 70.4325
2920 70.2004
2921 70.4802
2922 70.7526
2923 70.9542
2924 70.776
2925 70.5977
2926 70.4861
2927 70.2922
2928 70.34
2929 70.6374
2930 70.3643
2931 70.5092
2932 70.352
2933 70.3235
2934 70.2623
2935 70.5245
2936 70.7029
2937 70.4516
2938 70.2613
2939 70.5089
2940 70.5782
2941 70.389
2942 70.1645
2943 70.3348
2944 70.3618
2945 70.7036
2946 70.4908
2947 70.3195
2948 70.3613
2949 70.5994
2950 70.6016
2951 70.4131
2952 70.5158
2953 70.7082
2954 70.2686
2955 70.5121
2956 70.6628
2957 70.6968
2958 70.5057
2959 70.5677
2960 70.6875
2961 70.6811
2962 70.6532
2963 70.8227
2964 70.199
2965 70.516
2966 70.6468
2967 70.4812
2968 70.3964
2969 70.7507
2970 70.5488
2971 70.2436
2972 70.619
2973 70.4127
2974 70.5222
2975 70.5252
2976 70.594
2977 70.4633
2978 70.669
2979 70.7795
2980 70.6287
2981 70.4748
2982 70.4539
2983 70.4481
2984 70.6867
2985 70.6505
2986 70.4137
2987 70.575
2988 70.4951
2989 70.7752
2990 70.5185
2991 70.3562
2992 70.2412
2993 70.3747
2994 70.4757
2995 70.2665
2996 70.2998
2997 70.5229
2998 71.06
2999 70.873
3000 70.5424
3001 70.4074
3002 70.6212
3003 70.5325
3004 70.4234
3005 70.2819
3006 70.5237
3007 70.1022
3008 70.6785
3009 70.4802
3010 70.5051
3011 70.3184
3012 70.2999
3013 70.4304
3014 70.5781
3015 70.4829
3016 70.3518
3017 70.3669
3018 71.0915
3019 70.5482
3020 70.2017
3021 70.6467
3022 70.455
3023 70.6803
3024 70.5602
3025 70.5654
3026 70.2387
3027 70.5105
3028 70.7128
3029 70.5428
3030 70.2941
3031 70.5396
3032 70.4167
3033 70.3068
3034 70.1123
3035 70.6331
3036 70.5439
3037 70.4076
3038 70.6259
3039 70.3626
3040 70.3534
3041 70.6246
3042 70.2799
3043 70.2085
3044 70.3701
3045 70.4313
3046 70.4935
3047 70.3875
3048 70.6092
3049 70.3159
3050 70.3162
3051 70.3246
3052 70.7167
3053 70.5797
3054 70.6862
3055 70.8682
3056 70.5358
3057 70.3983
3058 70.5232
3059 70.604
3060 70.1925
3061 70.3302
3062 70.4965
3063 70.618
3064 70.3047
3065 70.319
3066 70.631
3067 70.3967
3068 70.5392
3069 70.506
3070 70.3894
3071 70.422
3072 71.0895
3073 70.6795
3074 70.7464
3075 70.6552
3076 70.6182
3077 70.5422
3078 70.7575
3079 70.4091
3080 70.5387
3081 70.4479
3082 70.5945
3083 70.3761
3084 70.1617
3085 70.49
3086 70.6105
3087 70.4764
3088 70.7664
3089 70.5074
3090 70.6175
3091 70.4328
3092 70.4232
3093 70.5043
3094 70.314
3095 70.4006
3096 70.3184
3097 70.3713
3098 70.5017
3099 70.4078
3100 70.4248
3101 70.7246
3102 70.412
3103 70.2779
3104 70.6492
3105 70.6463
3106 70.5983
3107 70.4015
3108 70.3558
3109 70.4167
3110 70.7199
3111 70.3693
3112 70.6746
3113 70.3416
3114 70.5134
3115 70.5409
3116 70.6011
3117 70.5051
3118 70.2854
3119 70.4173
3120 70.5611
3121 70.3725
3122 70.5846
3123 70.5379
3124 70.3623
3125 70.5182
3126 70.4115
3127 70.3114
3128 70.3857
3129 70.7385
3130 70.226
3131 70.6598
3132 70.5363
3133 70.6993
3134 70.4288
3135 70.4299
3136 70.7396
3137 70.5931
3138 70.3521
3139 70.2358
3140 70.6879
3141 70.567
3142 70.2
3143 70.466
3144 70.3985
3145 70.5445
3146 70.8818
3147 70.5431
3148 70.6267
3149 70.7304
3150 70.7332
3151 70.7564
3152 70.3612
3153 70.4137
3154 70.1151
3155 70.3045
3156 70.4918
3157 70.2026
3158 70.3875
3159 70.3583
3160 70.6812
3161 70.428
3162 70.2889
3163 70.6867
3164 70.6099
3165 70.6528
3166 70.8316
3167 70.2048
3168 70.5581
3169 70.3911
3170 70.695
3171 70.6245
3172 70.9239
3173 70.7954
3174 70.3855
3175 70.498
3176 70.3425
3177 70.5117
3178 70.6068
3179 70.6343
3180 70.3619
3181 70.5185
3182 70.2721
3183 70.6111
3184 70.5414
3185 70.1789
3186 70.3424
3187 70.3285
3188 70.3714
3189 70.2038
3190 70.5816
3191 70.4258
3192 70.3533
3193 70.6494
3194 70.5814
3195 70.5838
3196 70.3157
3197 70.4667
3198 70.6793
3199 70.658
3200 70.6324
3201 70.7831
3202 70.2399
3203 70.4442
3204 70.585
3205 70.6047
3206 70.1931
3207 70.3732
3208 70.3312
3209 70.4305
3210 70.4953
3211 71.0115
3212 71.0802
3213 70.4821
3214 70.347
3215 70.3593
3216 70.3675
3217 70.3762
3218 70.4413
3219 70.1494
3220 70.1155
3221 70.0406
3222 70.0458
3223 69.9547
3224 70.2301
3225 70.3259
3226 70.075
3227 70.3249
3228 70.1365
3229 70.02
3230 69.9136
3231 70.2235
3232 70.3459
3233 70.1989
3234 70.0217
3235 70.5744
3236 69.9446
3237 70.3727
3238 70.105
3239 70.3614
3240 70.45
3241 69.9436
3242 70.1468
3243 70.2382
3244 69.8161
3245 69.9854
3246 70.0819
3247 70.1924
3248 69.8374
3249 69.8713
3250 70.3554
3251 69.9248
3252 70.1628
3253 69.9074
3254 70.2622
3255 70.429
3256 70.0173
3257 70.1487
3258 70.2026
3259 70.2578
3260 70.0323
3261 69.9072
3262 70.0729
3263 70.2389
3264 70.5328
3265 70.1671
3266 70.4083
3267 70.377
3268 70.1225
3269 69.8868
3270 70.1433
3271 70.1865
3272 70.0931
3273 70.4164
3274 70.4065
3275 70.4264
3276 70.3751
3277 69.7833
3278 70.0987
3279 70.0947
3280 70.1637
3281 70.215
3282 70.2587
3283 70.1706
3284 70.1711
3285 70.0919
3286 70.0297
3287 69.9075
3288 69.8896
3289 70.0094
3290 70.2339
3291 70.1214
3292 69.9844
3293 70.2691
3294 69.8647
3295 70.0323
3296 69.9611
3297 70.3491
3298 70.1468
3299 69.7249
3300 69.9939
3301 70.176
3302 70.1618
3303 70.047
3304 69.8845
3305 69.7466
3306 69.8861
3307 70.2089
3308 70.2354
3309 70.0345
3310 70.2928
3311 70.46
3312 70.0069
3313 69.8759
3314 70.1122
3315 70.1848
3316 69.8083
3317 70.3345
3318 70.058
3319 70.0324
3320 70.4142
3321 70.1986
3322 70.2202
3323 70.3386
3324 69.7395
3325 70.2605
3326 70.1935
3327 70.2028
3328 70.3683
3329 70.2376
3330 69.9326
3331 70.173
3332 69.9107
3333 69.9265
3334 70.0255
3335 70.0201
3336 70.0332
3337 70.4138
3338 70.2396
3339 70.1558
3340 70.2521
3341 70.1177
3342 70.2219
3343 70.1144
3344 70.2111
3345 70.3333
3346 70.2158
3347 70.1236
3348 70.339
3349 69.9252
3350 70.0937
3351 70.1599
3352 70.3308
3353 70.0475
3354 70.422
3355 70.2419
3356 70.0847
3357 70.0119
3358 70.0967
3359 70.2798
3360 70.2926
3361 70.1661
3362 70.1637
3363 70.1168
3364 70.5763
3365 70.4531
3366 70.1066
3367 70.1669
3368 69.9044
3369 69.9986
3370 69.9944
3371 70.3362
3372 70.2323
3373 70.4682
3374 70.3702
3375 70.0648
3376 70.3439
3377 70.3136
3378 70.0595
3379 70.2759
3380 70.1085
3381 70.2087
3382 70.1966
3383 70.2364
3384 70.1584
3385 70.4184
3386 70.3589
3387 70.3384
3388 70.067
3389 70.2931
3390 70.3785
3391 70.0955
3392 70.3514
3393 70.2192
3394 70.051
3395 70.0645
3396 70.0789
3397 70.1713
3398 69.997
3399 70.2425
3400 70.0123
3401 70.3284
3402 69.9536
3403 70.1537
3404 70.1147
3405 70.423
3406 70.2557
3407 70.1042
3408 70.1338
3409 70.1214
3410 70.4241
3411 70.3558
3412 70.0228
3413 69.7264
3414 70.1485
3415 69.7867
3416 70.1167
3417 70.5998
3418 70.3041
3419 70.1414
3420 70.6539
3421 70.5182
3422 70.1598
3423 70.0943
3424 70.1529
3425 70.238
3426 69.9892
3427 70.0593
3428 70.3335
3429 70.4597
3430 70.1945
3431 70.1413
3432 69.8633
3433 70.2108
3434 69.891
3435 70.276
3436 70.1577
3437 69.7461
3438 70.0941
3439 69.808
3440 70.3773
3441 70.3375
3442 70.0631
3443 70.0802
3444 69.8883
3445 69.9812
3446 69.9308
3447 70.0192
3448 70.3148
3449 70.7212
3450 70.4079
3451 70.2111
3452 70.4738
3453 70.5032
3454 70.213
3455 69.8378
3456 70.1963
3457 70.2107
3458 69.8701
3459 70.238
3460 69.9691
3461 70.1269
3462 70.1029
3463 70.2429
3464 70.0795
3465 69.8514
3466 69.9601
3467 69.972
3468 70.135
3469 70.391
3470 70.2311
3471 70.2144
3472 70.1171
3473 69.9835
3474 69.9611
3475 70.2615
3476 69.8482
3477 69.9416
3478 69.9801
3479 70.0291
3480 70.0934
3481 69.8306
3482 70.0642
3483 70.4175
3484 70.2466
3485 70.5521
3486 69.9425
3487 70.3362
3488 70.0561
3489 69.956
3490 69.8899
3491 70.152
3492 69.9888
3493 69.6739
3494 70.1085
3495 70.4155
3496 70.151
3497 70.2667
3498 70.0266
3499 69.8475
3500 70.2514
