1 404.83
2 378.888
3 354.049
4 336.669
5 321.602
6 312.967
7 306.133
8 297.867
9 288.335
10 278.92
11 271.215
12 262.984
13 255.89
14 249.456
15 240.718
16 233.597
17 226.043
18 221.336
19 215.144
20 210.322
21 206.581
22 202.625
23 199.049
24 195.649
25 193.004
26 190.415
27 188.066
28 186.001
29 183.166
30 180.779
31 179.002
32 175.396
33 171.379
34 169.262
35 166.551
36 166.205
37 163.72
38 159.472
39 153.15
40 150.323
41 149.115
42 147.704
43 145.589
44 144.441
45 143.68
46 142.503
47 141.4
48 138.138
49 134.938
50 132.229
51 127.995
52 126.033
53 123.88
54 121.207
55 120.811
56 120.414
57 119.445
58 117.429
59 116.557
60 115.255
61 114.395
62 112.793
63 112.506
64 111.774
65 111.414
66 110.693
67 109.882
68 108.65
69 107.06
70 106.343
71 106.301
72 105.786
73 105.328
74 104.558
75 103.926
76 102.813
77 102.294
78 101.638
79 101.041
80 100.573
81 100.197
82 99.786
83 99.2993
84 98.805
85 97.7552
86 96.0532
87 95.3668
88 94.8984
89 94.31
90 93.9612
91 93.3729
92 93.1082
93 92.6408
94 92.0177
95 91.5396
96 91.1775
97 90.666
98 89.9263
99 89.6458
100 87.9918
101 87.106
102 85.7583
103 85.7264
104 85.4457
105 85.3351
106 85.3213
107 84.868
108 84.793
109 84.3589
110 83.8071
111 83.7166
112 83.0026
113 83.0026
114 82.531
115 80.7254
116 80.4385
117 79.7285
118 79.5229
119 79.46
120 79.2543
121 79.2543
122 79.2543
123 79.0934
124 78.7058
125 78.2795
126 78.0308
127 78.0308
128 77.5325
129 77.3879
130 75.6774
131 75.6774
132 75.6695
133 75.6695
134 75.6695
135 75.5249
136 75.5249
137 75.5249
138 75.02
139 75.02
140 75.02
141 74.4897
142 74.4897
143 74.4897
144 74.3486
145 74.3486
146 74.3486
147 74.3486
148 74.3486
149 74.3486
150 73.9886
151 73.1477
152 73.1477
153 73.1477
154 73.1477
155 73.1477
156 73.1477
157 73.1477
158 73.1477
159 73.1477
160 73.1477
161 73.1296
162 73.1296
163 73.1296
164 73.1296
165 73.1296
166 73.1296
167 73.1296
168 73.1296
169 72.8105
170 72.8105
171 72.8105
172 72.8105
173 72.6126
174 72.51
175 72.4364
176 72.4364
177 72.4364
178 72.3481
179 72.0039
180 72.0039
181 72.0039
182 72.0039
183 72.0039
184 72.0039
185 71.9416
186 71.9416
187 71.9416
188 71.9416
189 71.9416
190 71.4906
191 71.4906
192 71.4906
193 71.4906
194 71.4906
195 71.4906
196 71.4906
197 71.4906
198 71.4906
199 71.4906
200 71.4906
201 71.4906
202 71.4906
203 71.4906
204 71.4361
205 71.1707
206 71.0815
207 71.0815
208 71.0815
209 71.0815
210 71.0815
211 71.0815
212 71.0815
213 71.0815
214 71.0815
215 70.9101
216 70.7796
217 70.7796
218 70.7179
219 70.6653
220 70.6653
221 70.6653
222 70.6653
223 70.6653
224 70.6653
225 70.6653
226 70.6653
227 70.6653
228 70.6653
229 70.6653
230 70.6653
231 70.6653
232 70.6653
233 70.6653
234 70.6653
235 70.6653
236 70.6653
237 70.6653
238 70.6653
239 70.6653
240 70.6653
241 70.6653
242 70.6653
243 70.6653
244 70.353
245 70.353
246 70.353
247 70.353
248 70.353
249 70.353
250 70.353
251 70.353
252 70.353
253 70.353
254 70.353
255 70.353
256 70.353
257 70.353
258 70.2388
259 70.2388
260 70.2388
261 70.2388
262 70.2388
263 70.2388
264 70.2388
265 70.2388
266 69.9369
267 69.9369
268 69.9369
269 69.9369
270 69.9369
271 69.9369
272 69.9369
273 69.9369
274 69.9369
275 69.9369
276 69.9369
277 69.9369
278 69.9369
279 69.9369
280 69.9369
281 69.9267
282 69.9267
283 69.9267
284 69.9267
285 69.9267
286 69.9267
287 69.9267
288 69.9267
289 69.9267
290 69.9267
291 69.9267
292 69.9267
293 69.9267
294 69.9267
295 69.9267
296 69.9267
297 69.9267
298 69.9267
299 69.9267
300 69.9267
301 69.9267
302 69.9267
303 69.9267
304 69.9267
305 69.9267
306 69.9267
307 69.9267
308 69.9267
309 69.9267
310 69.9267
311 69.9267
312 69.9267
313 69.9267
314 69.9267
315 69.9267
316 69.9267
317 69.9267
318 69.9267
319 69.9267
320 69.9267
321 69.9267
322 69.9267
323 69.9267
324 69.9267
325 69.9267
326 69.9267
327 69.9267
328 69.9267
329 69.9267
330 69.9267
331 69.9267
332 69.9267
333 69.9267
334 69.9267
335 69.9267
336 69.9267
337 69.9267
338 69.9267
339 69.9267
340 69.9267
341 69.9267
342 69.9267
343 69.9267
344 69.9267
345 69.9267
346 69.9267
347 69.9267
348 69.9267
349 69.9267
350 69.9267
351 69.9267
352 69.9267
353 69.9267
354 69.9267
355 69.9267
356 69.9267
357 69.9267
358 69.9267
359 69.9267
360 69.9267
361 69.9267
362 69.9267
363 69.9267
364 69.9267
365 69.9267
366 69.9267
367 69.9267
368 69.9267
369 69.9267
370 69.9267
371 69.9267
372 69.9267
373 69.9267
374 69.9267
375 69.9267
376 69.9267
377 69.9267
378 69.9267
379 69.9267
380 69.9267
381 69.9267
382 69.9267
383 69.9267
384 69.9267
385 69.9267
386 69.9267
387 69.9267
388 69.9267
389 69.9267
390 69.9267
391 69.9267
392 69.9267
393 69.9267
394 69.9267
395 69.9267
396 69.9267
397 69.9267
398 69.9267
399 69.9267
400 69.9267
401 69.9267
402 69.9267
403 69.9267
404 69.9267
405 69.9267
406 69.9267
407 69.9267
408 69.9267
409 69.9267
410 69.9267
411 69.9267
412 69.9267
413 69.9267
414 69.9267
415 69.9267
416 69.9267
417 69.9267
418 69.9267
419 69.9267
420 69.9267
421 69.9267
422 69.9267
423 69.9267
424 69.9267
425 69.9267
426 69.9267
427 69.9267
428 69.9267
429 69.9267
430 69.9267
431 69.9267
432 69.9267
433 69.9267
434 69.9267
435 69.9267
436 69.9267
437 69.9267
438 69.9267
439 69.9267
440 69.9267
441 69.9267
442 69.9267
443 69.9267
444 69.9267
445 69.9267
446 69.9267
447 69.9267
448 69.9267
449 69.9267
450 69.9267
451 69.9267
452 69.9267
453 69.9267
454 69.9267
455 69.9267
456 69.9267
457 69.9267
458 69.9267
459 69.9267
460 69.9267
461 69.9267
462 69.9267
463 69.9267
464 69.9267
465 69.9267
466 69.9267
467 69.9267
468 69.9267
469 69.9267
470 69.9267
471 69.9267
472 69.9267
473 69.9267
474 69.9267
475 69.9267
476 69.9267
477 69.9267
478 69.9267
479 69.9267
480 69.9267
481 69.9267
482 69.9267
483 69.9267
484 69.9267
485 69.9267
486 69.9267
487 69.9267
488 69.9267
489 69.9267
490 69.9267
491 69.9267
492 69.9267
493 69.9267
494 69.9267
495 69.9267
496 69.9267
497 69.9267
498 69.9267
499 69.9267
500 69.9267
501 69.9267
502 69.9267
503 69.9267
504 69.9267
505 69.9267
506 69.9267
507 69.9267
508 69.9267
509 69.9267
510 69.9267
511 69.9267
512 69.9267
513 69.9267
514 69.9267
515 69.9267
516 69.9267
517 69.9267
518 69.9267
519 69.9267
520 69.9267
521 69.9267
522 69.9267
523 69.9267
524 69.9267
525 69.9267
526 69.9267
527 69.9267
528 69.9267
529 69.9267
530 69.9267
531 69.9267
532 69.9267
533 69.9267
534 69.9267
535 69.9267
536 69.9267
537 69.9267
538 69.9267
539 69.9267
540 69.9267
541 69.9267
542 69.9267
543 69.9267
544 69.9267
545 69.9267
546 69.9267
547 69.9267
548 69.9267
549 69.9267
550 69.9267
551 69.9267
552 69.9267
553 69.9267
554 69.9267
555 69.9267
556 69.9267
557 69.9267
558 69.9267
559 69.9267
560 69.9267
561 69.9267
562 69.9267
563 69.9267
564 69.9267
565 69.9267
566 69.9267
567 69.9267
568 69.9267
569 69.9267
570 69.9267
571 69.9267
572 69.9267
573 69.9267
574 69.9267
575 69.9267
576 69.9267
577 69.9267
578 69.9267
579 69.9267
580 69.9267
581 69.9267
582 69.9267
583 69.9267
584 69.9267
585 69.9267
586 69.9267
587 69.9267
588 69.9267
589 69.9267
590 69.9267
591 69.9267
592 69.9267
593 69.9267
594 69.9267
595 69.9267
596 69.9267
597 69.9267
598 69.9267
599 69.9267
600 69.9267
601 69.9267
602 69.9267
603 69.9267
604 69.9267
605 69.9267
606 69.9267
607 69.9267
608 69.9267
609 69.9267
610 69.9267
611 69.9267
612 69.9267
613 69.9267
614 69.9267
615 69.9267
616 69.9267
617 69.9267
618 69.9267
619 69.9267
620 69.9267
621 69.9267
622 69.9267
623 69.9267
624 69.9267
625 69.9267
626 69.9267
627 69.9267
628 69.9267
629 69.9267
630 69.9267
631 69.9267
632 69.9267
633 69.9267
634 69.9267
635 69.9267
636 69.9267
637 69.9267
638 69.9267
639 69.9267
640 69.9267
641 69.9267
642 69.9267
643 69.9267
644 69.9267
645 69.9267
646 69.9267
647 69.9267
648 69.9267
649 69.9267
650 69.9267
651 69.9267
652 69.9267
653 69.9267
654 69.9267
655 69.9267
656 69.9267
657 69.9267
658 69.9267
659 69.9267
660 69.9267
661 69.9267
662 69.9267
663 69.9267
664 69.9267
665 69.9267
666 69.9267
667 69.9267
668 69.9267
669 69.9267
670 69.9267
671 69.9267
672 69.9267
673 69.9267
674 69.9267
675 69.9267
676 69.9267
677 69.9267
678 69.9267
679 69.9267
680 69.9267
681 69.9267
682 69.9267
683 69.9267
684 69.9267
685 69.9267
686 69.9267
687 69.9267
688 69.9267
689 69.9267
690 69.9267
691 69.9267
692 69.9267
693 69.9267
694 69.9267
695 69.9267
696 69.9267
697 69.9267
698 69.9267
699 69.9267
700 69.9267
701 69.9267
702 69.9267
703 69.9267
704 69.9267
705 69.9267
706 69.9267
707 69.9267
708 69.9267
709 69.9267
710 69.9267
711 69.9267
712 69.9267
713 69.9267
714 69.9267
715 69.9267
716 69.9267
717 69.9267
718 69.9267
719 69.9267
720 69.9267
721 69.9267
722 69.9267
723 69.9267
724 69.9267
725 69.9267
726 69.9267
727 69.9267
728 69.9267
729 69.9267
730 69.9267
731 69.9267
732 69.9267
733 69.9267
734 69.9267
735 69.9267
736 69.9267
737 69.9267
738 69.9267
739 69.9267
740 69.9267
741 69.9267
742 69.9267
743 69.9267
744 69.9267
745 69.9267
746 69.9267
747 69.9267
748 69.9267
749 69.9267
750 69.9267
751 69.9267
752 69.9267
753 69.9267
754 69.9267
755 69.9267
756 69.9267
757 69.9267
758 69.9267
759 69.9267
760 69.9267
761 69.9267
762 69.9267
763 69.9267
764 69.9267
765 69.8929
766 69.8929
767 69.8929
768 69.8929
769 69.8929
770 69.8929
771 69.8929
772 69.8929
773 69.8929
774 69.8929
775 69.8929
776 69.8929
777 69.8929
778 69.8929
779 69.8929
780 69.8929
781 69.8929
782 69.8929
783 69.8929
784 69.8929
785 69.8929
786 69.8929
787 69.8929
788 69.8929
789 69.8929
790 69.8929
791 69.8929
792 69.8929
793 69.8929
794 69.8929
795 69.8929
796 69.8929
797 69.8929
798 69.8929
799 69.8929
800 69.8929
801 69.8929
802 69.8929
803 69.8929
804 69.8929
805 69.8929
806 69.8929
807 69.8929
808 69.8929
809 69.8929
810 69.8929
811 69.8929
812 69.8929
813 69.8929
814 69.8929
815 69.8929
816 69.8929
817 69.8929
818 69.8929
819 69.8929
820 69.8929
821 69.8929
822 69.8929
823 69.8929
824 69.8929
825 69.8929
826 69.8929
827 69.8929
828 69.8929
829 69.8929
830 69.8929
831 69.8929
832 69.8929
833 69.8929
834 69.8929
835 69.8929
836 69.8929
837 69.8929
838 69.8929
839 69.8929
840 69.8929
841 69.8929
842 69.8929
843 69.8929
844 69.8929
845 69.8929
846 69.8929
847 69.8929
848 69.8929
849 69.8929
850 69.8929
851 69.8929
852 69.8929
853 69.8929
854 69.8929
855 69.8929
856 69.8929
857 69.8929
858 69.8929
859 69.8929
860 69.8929
861 69.8929
862 69.8929
863 69.8929
864 69.8929
865 69.8929
866 69.8929
867 69.8929
868 69.8929
869 69.8929
870 69.8929
871 69.8929
872 69.8929
873 69.8929
874 69.8929
875 69.8929
876 69.8929
877 69.8929
878 69.8929
879 69.8929
880 69.8929
881 69.8929
882 69.8929
883 69.8929
884 69.8929
885 69.8929
886 69.8929
887 69.8929
888 69.8929
889 69.8929
890 69.8929
891 69.8929
892 69.8929
893 69.8929
894 69.8929
895 69.8929
896 69.8929
897 69.8929
898 69.8929
899 69.8929
900 69.8929
901 69.8929
902 69.8929
903 69.8929
904 69.8929
905 69.8929
906 69.8929
907 69.8929
908 69.8929
909 69.8929
910 69.8929
911 69.8929
912 69.8929
913 69.8929
914 69.8929
915 69.8929
916 69.8929
917 69.8929
918 69.8929
919 69.8929
920 69.8929
921 69.8929
922 69.8929
923 69.8929
924 69.8929
925 69.8929
926 69.8929
927 69.8929
928 69.8929
929 69.8929
930 69.8929
931 69.8929
932 69.8929
933 69.8929
934 69.8929
935 69.8929
936 69.8929
937 69.8929
938 69.8929
939 69.8929
940 69.8929
941 69.8929
942 69.8929
943 69.8929
944 69.8929
945 69.8929
946 69.8929
947 69.8929
948 69.8929
949 69.8929
950 69.8929
951 69.8929
952 69.8929
953 69.8929
954 69.8929
955 69.8929
956 69.8929
957 69.8929
958 69.8929
959 69.8929
960 69.8929
961 69.8929
962 69.8929
963 69.8929
964 69.8929
965 69.8929
966 69.8929
967 69.8929
968 69.8929
969 69.8929
970 69.8929
971 69.8929
972 69.8929
973 69.8929
974 69.8929
975 69.8929
976 69.8929
977 69.8929
978 69.8929
979 69.8929
980 69.8929
981 69.8929
982 69.8929
983 69.8929
984 69.8929
985 69.8929
986 69.8929
987 69.8929
988 69.8929
989 69.8929
990 69.8929
991 69.8929
992 69.8929
993 69.8929
994 69.8929
995 69.8929
996 69.8929
997 69.8929
998 69.8929
999 69.8929
1000 69.8929
1001 69.8929
1002 69.8929
1003 69.8929
1004 69.8929
1005 69.8929
1006 69.8929
1007 69.8929
1008 69.8929
1009 69.8929
1010 69.8929
1011 69.8929
1012 69.8929
1013 69.8929
1014 69.8929
1015 69.8929
1016 69.8929
1017 69.8929
1018 69.8929
1019 69.8929
1020 69.8929
1021 69.8929
1022 69.8929
1023 69.8929
1024 69.8929
1025 69.8929
1026 69.8929
1027 69.8929
1028 69.8929
1029 69.8929
1030 69.8929
1031 69.8929
1032 69.8929
1033 69.8929
1034 69.8929
1035 69.8929
1036 69.8929
1037 69.8929
1038 69.8929
1039 69.8929
1040 69.8929
1041 69.8929
1042 69.8929
1043 69.8929
1044 69.8463
1045 69.8463
1046 69.8463
1047 69.8463
1048 69.8463
1049 69.8463
1050 69.8463
1051 69.8463
1052 69.8463
1053 69.8463
1054 69.8463
1055 69.8463
1056 69.8463
1057 69.8463
1058 69.8463
1059 69.8463
1060 69.8463
1061 69.8463
1062 69.8463
1063 69.8463
1064 69.8463
1065 69.8463
1066 69.8463
1067 69.8463
1068 69.8463
1069 69.8463
1070 69.8463
1071 69.8463
1072 69.8463
1073 69.8463
1074 69.8463
1075 69.8463
1076 69.8463
1077 69.8463
1078 69.8463
1079 69.8463
1080 69.8463
1081 69.8463
1082 69.8463
1083 69.8463
1084 69.8463
1085 69.8463
1086 69.8463
1087 69.8463
1088 69.8463
1089 69.8463
1090 69.8463
1091 69.8463
1092 69.8463
1093 69.8463
1094 69.8463
1095 69.8463
1096 69.8463
1097 69.8463
1098 69.8463
1099 69.8463
1100 69.8463
1101 69.8463
1102 69.8463
1103 69.8463
1104 69.8463
1105 69.8463
1106 69.8463
1107 69.8463
1108 69.8463
1109 69.8463
1110 69.8463
1111 69.8463
1112 69.8463
1113 69.8463
1114 69.8463
1115 69.8463
1116 69.8463
1117 69.8463
1118 69.8463
1119 69.8463
1120 69.8463
1121 69.8463
1122 69.8463
1123 69.8463
1124 69.8463
1125 69.8463
1126 69.8463
1127 69.8463
1128 69.8463
1129 69.8463
1130 69.8463
1131 69.8463
1132 69.8463
1133 69.8463
1134 69.8463
1135 69.8463
1136 69.8463
1137 69.8463
1138 69.8463
1139 69.8463
1140 69.8463
1141 69.8463
1142 69.8463
1143 69.8463
1144 69.8463
1145 69.8463
1146 69.8463
1147 69.8463
1148 69.8463
1149 69.8463
1150 69.8463
1151 69.8463
1152 69.8463
1153 69.8463
1154 69.8463
1155 69.8463
1156 69.8463
1157 69.8463
1158 69.8463
1159 69.8463
1160 69.8463
1161 69.8463
1162 69.8463
1163 69.8463
1164 69.8463
1165 69.8463
1166 69.8463
1167 69.8463
1168 69.8463
1169 69.8463
1170 69.8463
1171 69.8463
1172 69.8463
1173 69.8463
1174 69.8463
1175 69.8463
1176 69.8463
1177 69.8463
1178 69.8463
1179 69.8463
1180 69.8463
1181 69.8463
1182 69.8463
1183 69.8463
1184 69.8463
1185 69.8463
1186 69.8463
1187 69.8463
1188 69.8463
1189 69.8463
1190 69.8463
1191 69.8463
1192 69.8463
1193 69.8463
1194 69.8463
1195 69.8463
1196 69.8463
1197 69.8463
1198 69.8463
1199 69.8463
1200 69.8463
1201 69.8463
1202 69.8463
1203 69.8463
1204 69.8463
1205 69.8463
1206 69.8463
1207 69.8463
1208 69.8463
1209 69.8463
1210 69.8463
1211 69.8463
1212 69.8463
1213 69.8463
1214 69.8463
1215 69.8463
1216 69.8463
1217 69.8463
1218 69.8463
1219 69.8463
1220 69.8463
1221 69.8463
1222 69.8463
1223 69.8463
1224 69.8463
1225 69.8463
1226 69.8463
1227 69.8463
1228 69.8463
1229 69.8463
1230 69.8463
1231 69.8463
1232 69.8463
1233 69.8463
1234 69.8463
1235 69.8463
1236 69.8463
1237 69.8463
1238 69.8463
1239 69.8463
1240 69.8463
1241 69.8463
1242 69.8463
1243 69.8463
1244 69.8463
1245 69.8463
1246 69.8463
1247 69.8463
1248 69.8463
1249 69.8463
1250 69.8463
1251 69.8463
1252 69.8463
1253 69.8463
1254 69.8463
1255 69.8463
1256 69.8463
1257 69.8463
1258 69.8463
1259 69.8463
1260 69.8463
1261 69.8463
1262 69.8463
1263 69.8463
1264 69.8463
1265 69.8463
1266 69.8463
1267 69.8463
1268 69.8463
1269 69.8463
1270 69.8463
1271 69.8463
1272 69.8463
1273 69.8463
1274 69.8463
1275 69.8463
1276 69.8463
1277 69.8463
1278 69.8463
1279 69.8463
1280 69.8463
1281 69.8463
1282 69.8463
1283 69.8463
1284 69.8463
1285 69.8463
1286 69.8463
1287 69.8463
1288 69.8463
1289 69.8463
1290 69.8463
1291 69.8463
1292 69.8463
1293 69.8463
1294 69.8463
1295 69.8463
1296 69.8463
1297 69.8463
1298 69.8463
1299 69.8463
1300 69.8463
1301 69.8463
1302 69.8463
1303 69.8463
1304 69.8463
1305 69.8463
1306 69.8463
1307 69.8463
1308 69.8463
1309 69.8463
1310 69.8463
1311 69.8463
1312 69.8463
1313 69.8463
1314 69.8463
1315 69.8463
1316 69.8463
1317 69.8463
1318 69.8463
1319 69.8463
1320 69.8463
1321 69.8463
1322 69.8463
1323 69.8463
1324 69.8463
1325 69.8463
1326 69.8463
1327 69.8463
1328 69.8463
1329 69.8463
1330 69.8463
1331 69.8463
1332 69.8463
1333 69.8463
1334 69.8463
1335 69.8463
1336 69.8463
1337 69.8463
1338 69.8463
1339 69.8463
1340 69.8463
1341 69.8463
1342 69.8463
1343 69.8463
1344 69.8463
1345 69.8463
1346 69.8463
1347 69.8463
1348 69.8463
1349 69.8463
1350 69.8463
1351 69.8463
1352 69.8463
1353 69.8463
1354 69.8463
1355 69.8463
1356 69.8463
1357 69.8463
1358 69.8463
1359 69.8463
1360 69.8463
1361 69.8463
1362 69.8463
1363 69.8463
1364 69.8463
1365 69.8463
1366 69.8463
1367 69.8463
1368 69.8463
1369 69.8463
1370 69.8463
1371 69.8463
1372 69.8463
1373 69.8463
1374 69.8463
1375 69.8463
1376 69.8463
1377 69.8463
1378 69.8463
1379 69.8463
1380 69.8463
1381 69.8463
1382 69.8463
1383 69.8463
1384 69.8463
1385 69.8463
1386 69.8463
1387 69.8463
1388 69.8463
1389 69.8463
1390 69.8463
1391 69.8463
1392 69.8463
1393 69.8463
1394 69.8463
1395 69.8463
1396 69.8463
1397 69.8463
1398 69.8463
1399 69.8463
1400 69.8463
1401 69.8463
1402 69.8463
1403 69.8463
1404 69.8463
1405 69.8463
1406 69.8463
1407 69.8463
1408 69.8463
1409 69.8463
1410 69.8463
1411 69.8463
1412 69.8463
1413 69.8463
1414 69.8463
1415 69.8463
1416 69.8463
1417 69.8463
1418 69.8463
1419 69.8463
1420 69.8463
1421 69.8463
1422 69.8463
1423 69.8463
1424 69.8463
1425 69.8463
1426 69.8463
1427 69.8463
1428 69.8463
1429 69.8463
1430 69.8463
1431 69.8463
1432 69.8463
1433 69.8463
1434 69.8463
1435 69.8463
1436 69.8463
1437 69.8463
1438 69.8463
1439 69.8463
1440 69.8463
1441 69.8463
1442 69.8463
1443 69.8463
1444 69.8463
1445 69.8463
1446 69.8463
1447 69.8463
1448 69.8463
1449 69.8463
1450 69.8463
1451 69.8463
1452 69.8463
1453 69.8463
1454 69.8463
1455 69.8463
1456 69.8463
1457 69.8463
1458 69.8463
1459 69.8463
1460 69.8463
1461 69.8463
1462 69.8463
1463 69.8463
1464 69.8463
1465 69.8463
1466 69.8463
1467 69.8463
1468 69.8463
1469 69.8463
1470 69.8463
1471 69.8463
1472 69.8463
1473 69.8463
1474 69.8463
1475 69.8463
1476 69.8463
1477 69.8463
1478 69.8463
1479 69.8463
1480 69.8463
1481 69.8463
1482 69.8463
1483 69.8463
1484 69.8463
1485 69.8463
1486 69.8463
1487 69.8463
1488 69.8463
1489 69.8463
1490 69.8463
1491 69.8463
1492 69.8463
1493 69.8463
1494 69.8463
1495 69.8463
1496 69.8463
1497 69.8463
1498 69.8463
1499 69.8463
1500 69.8463
1501 69.8463
1502 69.8463
1503 69.8463
1504 69.8463
1505 69.8463
1506 69.8463
1507 69.8463
1508 69.8463
1509 69.8463
1510 69.8463
1511 69.8463
1512 69.8463
1513 69.8463
1514 69.8463
1515 69.8463
1516 69.8463
1517 69.8463
1518 69.8463
1519 69.8463
1520 69.8463
1521 69.8463
1522 69.8463
1523 69.8463
1524 69.8463
1525 69.8463
1526 69.8463
1527 69.8463
1528 69.8463
1529 69.8463
1530 69.8463
1531 69.8463
1532 69.8463
1533 69.8463
1534 69.8463
1535 69.8463
1536 69.8463
1537 69.8463
1538 69.8463
1539 69.8463
1540 69.8463
1541 69.8463
1542 69.8463
1543 69.8463
1544 69.8463
1545 69.8463
1546 69.8463
1547 69.8463
1548 69.8463
1549 69.8463
1550 69.8463
1551 69.8463
1552 69.8463
1553 69.8463
1554 69.8463
1555 69.8463
1556 69.8463
1557 69.8463
1558 69.8463
1559 69.8463
1560 69.8463
1561 69.8463
1562 69.8463
1563 69.8463
1564 69.8463
1565 69.8463
1566 69.8463
1567 69.8463
1568 69.8463
1569 69.8463
1570 69.8463
1571 69.8463
1572 69.8463
1573 69.8463
1574 69.8463
1575 69.8463
1576 69.8463
1577 69.8463
1578 69.8463
1579 69.8463
1580 69.8463
1581 69.8463
1582 69.8463
1583 69.8463
1584 69.8463
1585 69.8463
1586 69.8463
1587 69.8463
1588 69.8463
1589 69.8463
1590 69.8463
1591 69.8463
1592 69.8463
1593 69.8463
1594 69.8463
1595 69.8463
1596 69.8463
1597 69.8463
1598 69.8463
1599 69.8463
1600 69.8463
1601 69.8463
1602 69.8463
1603 69.8463
1604 69.8463
1605 69.8463
1606 69.8463
1607 69.8463
1608 69.8463
1609 69.8463
1610 69.8463
1611 69.8463
1612 69.8463
1613 69.8463
1614 69.8463
1615 69.8463
1616 69.8463
1617 69.8463
1618 69.8463
1619 69.8463
1620 69.8463
1621 69.8463
1622 69.8463
1623 69.8463
1624 69.8463
1625 69.8463
1626 69.8463
1627 69.8463
1628 69.8463
1629 69.8463
1630 69.8463
1631 69.8463
1632 69.7594
1633 69.7594
1634 69.7594
1635 69.7594
1636 69.7594
1637 69.7594
1638 69.7594
1639 69.7594
1640 69.7594
1641 69.7594
1642 69.7594
1643 69.7594
1644 69.7594
1645 69.7594
1646 69.7594
1647 69.7594
1648 69.7594
1649 69.7594
1650 69.7594
1651 69.7594
1652 69.7594
1653 69.7594
1654 69.7594
1655 69.7594
1656 69.7594
1657 69.7594
1658 69.7594
1659 69.7594
1660 69.7594
1661 69.7594
1662 69.7594
1663 69.7594
1664 69.7594
1665 69.7594
1666 69.7594
1667 69.7594
1668 69.7594
1669 69.7594
1670 69.7594
1671 69.7594
1672 69.7594
1673 69.7594
1674 69.7594
1675 69.7594
1676 69.7594
1677 69.7594
1678 69.7594
1679 69.7594
1680 69.7594
1681 69.7594
1682 69.7594
1683 69.7594
1684 69.7594
1685 69.7594
1686 69.7594
1687 69.7594
1688 69.7594
1689 69.7594
1690 69.7594
1691 69.7594
1692 69.7594
1693 69.7594
1694 69.7594
1695 69.7594
1696 69.7594
1697 69.7594
1698 69.7594
1699 69.7594
1700 69.7594
1701 69.7594
1702 69.7594
1703 69.7594
1704 69.7594
1705 69.7594
1706 69.7594
1707 69.7594
1708 69.7594
1709 69.7594
1710 69.7594
1711 69.7594
1712 69.7594
1713 69.7594
1714 69.7594
1715 69.7594
1716 69.7594
1717 69.7594
1718 69.7594
1719 69.7594
1720 69.7594
1721 69.7594
1722 69.7594
1723 69.7594
1724 69.7594
1725 69.7594
1726 69.7594
1727 69.7594
1728 69.7594
1729 69.7594
1730 69.7594
1731 69.7594
1732 69.7594
1733 69.7594
1734 69.7594
1735 69.7594
1736 69.7594
1737 69.7594
1738 69.7594
1739 69.7594
1740 69.7594
1741 69.7594
1742 69.7594
1743 69.7594
1744 69.7594
1745 69.7594
1746 69.7594
1747 69.7594
1748 69.7594
1749 69.7594
1750 69.7594
1751 69.7594
1752 69.7594
1753 69.7594
1754 69.7594
1755 69.7594
1756 69.7594
1757 69.7594
1758 69.7594
1759 69.7594
1760 69.7594
1761 69.7594
1762 69.7594
1763 69.7594
1764 69.7594
1765 69.7594
1766 69.7594
1767 69.7594
1768 69.7594
1769 69.7594
1770 69.7594
1771 69.7594
1772 69.7594
1773 69.7594
1774 69.7594
1775 69.7594
1776 69.7594
1777 69.7594
1778 69.7594
1779 69.7594
1780 69.7594
1781 69.7594
1782 69.7594
1783 69.7594
1784 69.7594
1785 69.7594
1786 69.7594
1787 69.7594
1788 69.7594
1789 69.7594
1790 69.7594
1791 69.7594
1792 69.7594
1793 69.7594
1794 69.7594
1795 69.7594
1796 69.7594
1797 69.7594
1798 69.7594
1799 69.7594
1800 69.7594
1801 69.7594
1802 69.7594
1803 69.7594
1804 69.7594
1805 69.7594
1806 69.7594
1807 69.7594
1808 69.7594
1809 69.7594
1810 69.7594
1811 69.7594
1812 69.7594
1813 69.7594
1814 69.7594
1815 69.7594
1816 69.7594
1817 69.7594
1818 69.7594
1819 69.7594
1820 69.7594
1821 69.7594
1822 69.7594
1823 69.7594
1824 69.7594
1825 69.7594
1826 69.7594
1827 69.7594
1828 69.7594
1829 69.7594
1830 69.7594
1831 69.7594
1832 69.7594
1833 69.7594
1834 69.7594
1835 69.7594
1836 69.7594
1837 69.7594
1838 69.7594
1839 69.7594
1840 69.7594
1841 69.7594
1842 69.7594
1843 69.7594
1844 69.7594
1845 69.7594
1846 69.7594
1847 69.7594
1848 69.7594
1849 69.7594
1850 69.7594
1851 69.7594
1852 69.7594
1853 69.7594
1854 69.7594
1855 69.7594
1856 69.7594
1857 69.7594
1858 69.7594
1859 69.7594
1860 69.7594
1861 69.7594
1862 69.7594
1863 69.7594
1864 69.7594
1865 69.7594
1866 69.7594
1867 69.7594
1868 69.7594
1869 69.7594
1870 69.7594
1871 69.7594
1872 69.7594
1873 69.7594
1874 69.7594
1875 69.7594
1876 69.7594
1877 69.7594
1878 69.7594
1879 69.7594
1880 69.7594
1881 69.7594
1882 69.7594
1883 69.7594
1884 69.7594
1885 69.7594
1886 69.7594
1887 69.7594
1888 69.7594
1889 69.7594
1890 69.7594
1891 69.7594
1892 69.7594
1893 69.7594
1894 69.7594
1895 69.7594
1896 69.7594
1897 69.7594
1898 69.7594
1899 69.7594
1900 69.7594
1901 69.7594
1902 69.7594
1903 69.7594
1904 69.7594
1905 69.7594
1906 69.7594
1907 69.7594
1908 69.7594
1909 69.7594
1910 69.7594
1911 69.7594
1912 69.7594
1913 69.7594
1914 69.7594
1915 69.7594
1916 69.7594
1917 69.7594
1918 69.7594
1919 69.7594
1920 69.7594
1921 69.7594
1922 69.7594
1923 69.7594
1924 69.7594
1925 69.7594
1926 69.7594
1927 69.7594
1928 69.7594
1929 69.7594
1930 69.7594
1931 69.7594
1932 69.7594
1933 69.7594
1934 69.7594
1935 69.7594
1936 69.7594
1937 69.7594
1938 69.7594
1939 69.7594
1940 69.7594
1941 69.7594
1942 69.7594
1943 69.7594
1944 69.7594
1945 69.7594
1946 69.7594
1947 69.7594
1948 69.7594
1949 69.7594
1950 69.7594
1951 69.7594
1952 69.7594
1953 69.7594
1954 69.7594
1955 69.7594
1956 69.7594
1957 69.7594
1958 69.7594
1959 69.7594
1960 69.7594
1961 69.7594
1962 69.7594
1963 69.7594
1964 69.7594
1965 69.7594
1966 69.7594
1967 69.7594
1968 69.7594
1969 69.7594
1970 69.7594
1971 69.7594
1972 69.7594
1973 69.7594
1974 69.7594
1975 69.7594
1976 69.7594
1977 69.7594
1978 69.7594
1979 69.7594
1980 69.7594
1981 69.7594
1982 69.7594
1983 69.7594
1984 69.7594
1985 69.7594
1986 69.7594
1987 69.7594
1988 69.7594
1989 69.7594
1990 69.7594
1991 69.7594
1992 69.7594
1993 69.7594
1994 69.7594
1995 69.7594
1996 69.7594
1997 69.7594
1998 69.7594
1999 69.7594
2000 69.7594
2001 69.7594
2002 69.7594
2003 69.7594
2004 69.7594
2005 69.7594
2006 69.7594
2007 69.7594
2008 69.7594
2009 69.7594
2010 69.7594
2011 69.7594
2012 69.7594
2013 69.7594
2014 69.7594
2015 69.7594
2016 69.7594
2017 69.7594
2018 69.7594
2019 69.7594
2020 69.7594
2021 69.7594
2022 69.7594
2023 69.7594
2024 69.7594
2025 69.7594
2026 69.7594
2027 69.7594
2028 69.7594
2029 69.7594
2030 69.7594
2031 69.7594
2032 69.7594
2033 69.7594
2034 69.7594
2035 69.7594
2036 69.7594
2037 69.7594
2038 69.7594
2039 69.7594
2040 69.7594
2041 69.7594
2042 69.7594
2043 69.7594
2044 69.7594
2045 69.7594
2046 69.7594
2047 69.7594
2048 69.7594
2049 69.7594
2050 69.7594
2051 69.7594
2052 69.7594
2053 69.7594
2054 69.7594
2055 69.7594
2056 69.7594
2057 69.7594
2058 69.7594
2059 69.7594
2060 69.7594
2061 69.7594
2062 69.7594
2063 69.7594
2064 69.7594
2065 69.7594
2066 69.7594
2067 69.7594
2068 69.7594
2069 69.7594
2070 69.7594
2071 69.7594
2072 69.7594
2073 69.7594
2074 69.7594
2075 69.7594
2076 69.7594
2077 69.7594
2078 69.7594
2079 69.7594
2080 69.7594
2081 69.7594
2082 69.7594
2083 69.7594
2084 69.7594
2085 69.7594
2086 69.7594
2087 69.7594
2088 69.7594
2089 69.7594
2090 69.7594
2091 69.7594
2092 69.7594
2093 69.7594
2094 69.7594
2095 69.7594
2096 69.7594
2097 69.7594
2098 69.7594
2099 69.7594
2100 69.7594
2101 69.7594
2102 69.7594
2103 69.7594
2104 69.7594
2105 69.7594
2106 69.7594
2107 69.7594
2108 69.7594
2109 69.7594
2110 69.7594
2111 69.7594
2112 69.7594
2113 69.7594
2114 69.7594
2115 69.7594
2116 69.7594
2117 69.7594
2118 69.7594
2119 69.7594
2120 69.7594
2121 69.7594
2122 69.7594
2123 69.7594
2124 69.7594
2125 69.7594
2126 69.7594
2127 69.7594
2128 69.7594
2129 69.7594
2130 69.7594
2131 69.7594
2132 69.7594
2133 69.7594
2134 69.7594
2135 69.7594
2136 69.7594
2137 69.7594
2138 69.7594
2139 69.7594
2140 69.7594
2141 69.7594
2142 69.7594
2143 69.7594
2144 69.7594
2145 69.7594
2146 69.7594
2147 69.7594
2148 69.7594
2149 69.7594
2150 69.7594
2151 69.7594
2152 69.7594
2153 69.7594
2154 69.7594
2155 69.7594
2156 69.7594
2157 69.7594
2158 69.7594
2159 69.7594
2160 69.7594
2161 69.7594
2162 69.7594
2163 69.7594
2164 69.7594
2165 69.7594
2166 69.7594
2167 69.7594
2168 69.7594
2169 69.7594
2170 69.7594
2171 69.7594
2172 69.7594
2173 69.7594
2174 69.7594
2175 69.7594
2176 69.7594
2177 69.7594
2178 69.7594
2179 69.7594
2180 69.7594
2181 69.7594
2182 69.7594
2183 69.7594
2184 69.7594
2185 69.7594
2186 69.7594
2187 69.7594
2188 69.7594
2189 69.7594
2190 69.7594
2191 69.7594
2192 69.7594
2193 69.7594
2194 69.7594
2195 69.7594
2196 69.7594
2197 69.7594
2198 69.7594
2199 69.7594
2200 69.7594
2201 69.7594
2202 69.7594
2203 69.7594
2204 69.7594
2205 69.7594
2206 69.7594
2207 69.7594
2208 69.7594
2209 69.7594
2210 69.7594
2211 69.7594
2212 69.7594
2213 69.7594
2214 69.7594
2215 69.7594
2216 69.7594
2217 69.7594
2218 69.7594
2219 69.7594
2220 69.7594
2221 69.7594
2222 69.7594
2223 69.7594
2224 69.7594
2225 69.7594
2226 69.7594
2227 69.7594
2228 69.7594
2229 69.7594
2230 69.7594
2231 69.7594
2232 69.7594
2233 69.7594
2234 69.7594
2235 69.7594
2236 69.7594
2237 69.7594
2238 69.7594
2239 69.7594
2240 69.7594
2241 69.7594
2242 69.7594
2243 69.7594
2244 69.7594
2245 69.7594
2246 69.7594
2247 69.7594
2248 69.7594
2249 69.7594
2250 69.7594
2251 69.7594
2252 69.7594
2253 69.7594
2254 69.7594
2255 69.7594
2256 69.7594
2257 69.7594
2258 69.7594
2259 69.7594
2260 69.7594
2261 69.7594
2262 69.7594
2263 69.7594
2264 69.7594
2265 69.7594
2266 69.7594
2267 69.7594
2268 69.7594
2269 69.7594
2270 69.7594
2271 69.7594
2272 69.7594
2273 69.7594
2274 69.7594
2275 69.7594
2276 69.7594
2277 69.7594
2278 69.7594
2279 69.7594
2280 69.7594
2281 69.7594
2282 69.7594
2283 69.7594
2284 69.7594
2285 69.7594
2286 69.7594
2287 69.7594
2288 69.7594
2289 69.7594
2290 69.7594
2291 69.7594
2292 69.7594
2293 69.7594
2294 69.7594
2295 69.7594
2296 69.7594
2297 69.7594
2298 69.7594
2299 69.7594
2300 69.7594
2301 69.7594
2302 69.7594
2303 69.7594
2304 69.7594
2305 69.7594
2306 69.7594
2307 69.7594
2308 69.7594
2309 69.7594
2310 69.7594
2311 69.7594
2312 69.7594
2313 69.7594
2314 69.7594
2315 69.7594
2316 69.7594
2317 69.7594
2318 69.7594
2319 69.7594
2320 69.7594
2321 69.7594
2322 69.7594
2323 69.7594
2324 69.7594
2325 69.7594
2326 69.7594
2327 69.7594
2328 69.7594
2329 69.7594
2330 69.6475
2331 69.5627
2332 69.5627
2333 69.5627
2334 69.5627
2335 69.5627
2336 69.5627
2337 69.5627
2338 69.4532
2339 69.4532
2340 69.4532
2341 69.4532
2342 69.3085
2343 69.3085
2344 69.3085
2345 69.3085
2346 69.3085
2347 69.3085
2348 69.3085
2349 69.3085
2350 69.3085
2351 69.3085
2352 69.3085
2353 69.3085
2354 69.3085
2355 69.3085
2356 69.3085
2357 69.3085
2358 69.3085
2359 69.3085
2360 69.3085
2361 69.3085
2362 69.3085
2363 69.3085
2364 69.3085
2365 69.3085
2366 69.3085
2367 69.3085
2368 69.3085
2369 69.3085
2370 69.3085
2371 69.3085
2372 69.3085
2373 69.3085
2374 69.3085
2375 69.3085
2376 69.3085
2377 69.3085
2378 69.3085
2379 69.3085
2380 69.3085
2381 69.3085
2382 69.3085
2383 69.3085
2384 69.3085
2385 69.3085
2386 69.3085
2387 69.3085
2388 69.3085
2389 69.3085
2390 69.3085
2391 69.3085
2392 69.3085
2393 69.3085
2394 69.3085
2395 69.3085
2396 69.3085
2397 69.3085
2398 69.3085
2399 69.3085
2400 69.3085
2401 69.3085
2402 69.3085
2403 69.3085
2404 69.3085
2405 69.3085
2406 69.3085
2407 69.3085
2408 69.3085
2409 69.3085
2410 69.3085
2411 69.3085
2412 69.3085
2413 69.3085
2414 69.3085
2415 69.3085
2416 69.3085
2417 69.3085
2418 69.3085
2419 69.3085
2420 69.3085
2421 69.3085
2422 69.3085
2423 69.3085
2424 69.3085
2425 69.3085
2426 69.3085
2427 69.3085
2428 69.3085
2429 69.3085
2430 69.3085
2431 69.3085
2432 69.3085
2433 69.3085
2434 69.3085
2435 69.3085
2436 69.3085
2437 69.3085
2438 69.3085
2439 69.3085
2440 69.3085
2441 69.3085
2442 69.3085
2443 69.3085
2444 69.3085
2445 69.3085
2446 69.3085
2447 69.3085
2448 69.3085
2449 69.3085
2450 69.3085
2451 69.3085
2452 69.3085
2453 69.3085
2454 69.3085
2455 69.3085
2456 69.3085
2457 69.3085
2458 69.3085
2459 69.3085
2460 69.3085
2461 69.3085
2462 69.3085
2463 69.3085
2464 69.3085
2465 69.3085
2466 69.3085
2467 69.3085
2468 69.3085
2469 69.3085
2470 69.3085
2471 69.3085
2472 69.3085
2473 69.3085
2474 69.3085
2475 69.3085
2476 69.3085
2477 69.3085
2478 69.3085
2479 69.3085
2480 69.3085
2481 69.3085
2482 69.3085
2483 69.3085
2484 69.3085
2485 69.3085
2486 69.3085
2487 69.3085
2488 69.3085
2489 69.3085
2490 69.3085
2491 69.3085
2492 69.3085
2493 69.3085
2494 69.3085
2495 69.3085
2496 69.3085
2497 69.3085
2498 69.3085
2499 69.3085
2500 69.3085
2501 69.3085
2502 69.3085
2503 69.3085
2504 69.3085
2505 69.3085
2506 69.3085
2507 69.3085
2508 69.3085
2509 69.3085
2510 69.3085
2511 69.3085
2512 69.3085
2513 69.3085
2514 69.3085
2515 69.3085
2516 69.3085
2517 69.3085
2518 69.3085
2519 69.3085
2520 69.3085
2521 69.3085
2522 69.3085
2523 69.3085
2524 69.3085
2525 69.3085
2526 69.3085
2527 69.3085
2528 69.3085
2529 69.3085
2530 69.3085
2531 69.3085
2532 69.3085
2533 69.3085
2534 69.3085
2535 69.3085
2536 69.3085
2537 69.3085
2538 69.3085
2539 69.3085
2540 69.3085
2541 69.3085
2542 69.3085
2543 69.3085
2544 69.3085
2545 69.3085
2546 69.3085
2547 69.3085
2548 69.3085
2549 69.3085
2550 69.3085
2551 69.3085
2552 69.3085
2553 69.3085
2554 69.3085
2555 69.3085
2556 69.3085
2557 69.3085
2558 69.3085
2559 69.3085
2560 69.3085
2561 69.3085
2562 69.3085
2563 69.3085
2564 69.3085
2565 69.3085
2566 69.3085
2567 69.3085
2568 69.3085
2569 69.3085
2570 69.3085
2571 69.3085
2572 69.3085
2573 69.3085
2574 69.3085
2575 69.3085
2576 69.3085
2577 69.3085
2578 69.3085
2579 69.3085
2580 69.3085
2581 69.3085
2582 69.3085
2583 69.3085
2584 69.3085
2585 69.3085
2586 69.3085
2587 69.3085
2588 69.3085
2589 69.3085
2590 69.3085
2591 69.3085
2592 69.3085
2593 69.3085
2594 69.3085
2595 69.3085
2596 69.3085
2597 69.3085
2598 69.3085
2599 69.3085
2600 69.3085
2601 69.3085
2602 69.3085
2603 69.3085
2604 69.3085
2605 69.3085
2606 69.3085
2607 69.3085
2608 69.3085
2609 69.3085
2610 69.3085
2611 69.3085
2612 69.3085
2613 69.3085
2614 69.3085
2615 69.3085
2616 69.3085
2617 69.3085
2618 69.3085
2619 69.3085
2620 69.3085
2621 69.3085
2622 69.3085
2623 69.3085
2624 69.3085
2625 69.3085
2626 69.3085
2627 69.3085
2628 69.3085
2629 69.3085
2630 69.3085
2631 69.3085
2632 69.3085
2633 69.3085
2634 69.3085
2635 69.3085
2636 69.3085
2637 69.3085
2638 69.3085
2639 69.3085
2640 69.3085
2641 69.3085
2642 69.3085
2643 69.3085
2644 69.3085
2645 69.3085
2646 69.3085
2647 69.3085
2648 69.3085
2649 69.3085
2650 69.3085
2651 69.3085
2652 69.3085
2653 69.3085
2654 69.3085
2655 69.3085
2656 69.3085
2657 69.3085
2658 69.3085
2659 69.3085
2660 69.3085
2661 69.3085
2662 69.3085
2663 69.3085
2664 69.3085
2665 69.3085
2666 69.3085
2667 69.3085
2668 69.3085
2669 69.3085
2670 69.3085
2671 69.3085
2672 69.3085
2673 69.3085
2674 69.3085
2675 69.3085
2676 69.3085
2677 69.3085
2678 69.3085
2679 69.3085
2680 69.3085
2681 69.3085
2682 69.3085
2683 69.3085
2684 69.3085
2685 69.3085
2686 69.3085
2687 69.3085
2688 69.3085
2689 69.3085
2690 69.3085
2691 69.3085
2692 69.3085
2693 69.3085
2694 69.3085
2695 69.3085
2696 69.3085
2697 69.3085
2698 69.3085
2699 69.3085
2700 69.3085
2701 69.3085
2702 69.3085
2703 69.3085
2704 69.3085
2705 69.3085
2706 69.3085
2707 69.3085
2708 69.3085
2709 69.3085
2710 69.3085
2711 69.3085
2712 69.3085
2713 69.3085
2714 69.3085
2715 69.3085
2716 69.3085
2717 69.3085
2718 69.3085
2719 69.3085
2720 69.3085
2721 69.3085
2722 69.3085
2723 69.3085
2724 69.3085
2725 69.3085
2726 69.3085
2727 69.3085
2728 69.3085
2729 69.3085
2730 69.3085
2731 69.3085
2732 69.3085
2733 69.3085
2734 69.3085
2735 69.3085
2736 69.3085
2737 69.3085
2738 69.3085
2739 69.3085
2740 69.3085
2741 69.3085
2742 69.3085
2743 69.3085
2744 69.3085
2745 69.3085
2746 69.3085
2747 69.3085
2748 69.3085
2749 69.3085
2750 69.3085
2751 69.3085
2752 69.3085
2753 69.3085
2754 69.3085
2755 69.3085
2756 69.3085
2757 69.3085
2758 69.3085
2759 69.3085
2760 69.3085
2761 69.3085
2762 69.3085
2763 69.3085
2764 69.3085
2765 69.3085
2766 69.3085
2767 69.3085
2768 69.3085
2769 69.3085
2770 69.3085
2771 69.3085
2772 69.3085
2773 69.3085
2774 69.3085
2775 69.3085
2776 69.3085
2777 69.3085
2778 69.3085
2779 69.3085
2780 69.3085
2781 69.3085
2782 69.3085
2783 69.3085
2784 69.3085
2785 69.3085
2786 69.3085
2787 69.3085
2788 69.3085
2789 69.3085
2790 69.3085
2791 69.3085
2792 69.3085
2793 69.3085
2794 69.3085
2795 69.3085
2796 69.3085
2797 69.3085
2798 69.3085
2799 69.3085
2800 69.3085
2801 69.3085
2802 69.3085
2803 69.3085
2804 69.3085
2805 69.3085
2806 69.3085
2807 69.3085
2808 69.3085
2809 69.3085
2810 69.3085
2811 69.3085
2812 69.3085
2813 69.3085
2814 69.3085
2815 69.3085
2816 69.3085
2817 69.3085
2818 69.3085
2819 69.3085
2820 69.3085
2821 69.3085
2822 69.3085
2823 69.3085
2824 69.3085
2825 69.3085
2826 69.3085
2827 69.3085
2828 69.3085
2829 69.3085
2830 69.3085
2831 69.3085
2832 69.3085
2833 69.3085
2834 69.3085
2835 69.3085
2836 69.3085
2837 69.3085
2838 69.3085
2839 69.3085
2840 69.3085
2841 69.3085
2842 69.3085
2843 69.3085
2844 69.3085
2845 69.3085
2846 69.3085
2847 69.3085
2848 69.3085
2849 69.3085
2850 69.3085
2851 69.3085
2852 69.3085
2853 69.3085
2854 69.3085
2855 69.3085
2856 69.3085
2857 69.3085
2858 69.3085
2859 69.3085
2860 69.3085
2861 69.3085
2862 69.3085
2863 69.3085
2864 69.3085
2865 69.3085
2866 69.3085
2867 69.3085
2868 69.3085
2869 69.3085
2870 69.3085
2871 69.3085
2872 69.3085
2873 69.3085
2874 69.3085
2875 69.3085
2876 69.3085
2877 69.3085
2878 69.3085
2879 69.3085
2880 69.3085
2881 69.3085
2882 69.3085
2883 69.3085
2884 69.3085
2885 69.3085
2886 69.3085
2887 69.3085
2888 69.3085
2889 69.3085
2890 69.3085
2891 69.3085
2892 69.3085
2893 69.3085
2894 69.3085
2895 69.3085
2896 69.3085
2897 69.3085
2898 69.3085
2899 69.3085
2900 69.3085
2901 69.3085
2902 69.3085
2903 69.3085
2904 69.3085
2905 69.3085
2906 69.3085
2907 69.3085
2908 69.3085
2909 69.3085
2910 69.3085
2911 69.3085
2912 69.3085
2913 69.3085
2914 69.3085
2915 69.3085
2916 69.3085
2917 69.3085
2918 69.3085
2919 69.3085
2920 69.3085
2921 69.3085
2922 69.3085
2923 69.3085
2924 69.3085
2925 69.3085
2926 69.3085
2927 69.3085
2928 69.3085
2929 69.3085
2930 69.3085
2931 69.3085
2932 69.3085
2933 69.3085
2934 69.3085
2935 69.3085
2936 69.3085
2937 69.3085
2938 69.3085
2939 69.3085
2940 69.3085
2941 69.3085
2942 69.3085
2943 69.3085
2944 69.3085
2945 69.3085
2946 69.3085
2947 69.3085
2948 69.3085
2949 69.3085
2950 69.3085
2951 69.3085
2952 69.3085
2953 69.3085
2954 69.3085
2955 69.3085
2956 69.3085
2957 69.3085
2958 69.3085
2959 69.3085
2960 69.3085
2961 69.3085
2962 69.3085
2963 69.3085
2964 69.3085
2965 69.3085
2966 69.3085
2967 69.3085
2968 69.3085
2969 69.3085
2970 69.3085
2971 69.3085
2972 69.3085
2973 69.3085
2974 69.3085
2975 69.3085
2976 69.3085
2977 69.3085
2978 69.3085
2979 69.3085
2980 69.3085
2981 69.3085
2982 69.3085
2983 69.3085
2984 69.3085
2985 69.3085
2986 69.3085
2987 69.3085
2988 69.3085
2989 69.3085
2990 69.3085
2991 69.3085
2992 69.3085
2993 69.3085
2994 69.3085
2995 69.3085
2996 69.3085
2997 69.3085
2998 69.3085
2999 69.3085
3000 69.3085
3001 69.3085
3002 69.3085
3003 69.3085
3004 69.3085
3005 69.3085
3006 69.3085
3007 69.3085
3008 69.3085
3009 69.3085
3010 69.3085
3011 69.3085
3012 69.3085
3013 69.3085
3014 69.3085
3015 69.3085
3016 69.3085
3017 69.3085
3018 69.3085
3019 69.3085
3020 69.3085
3021 69.3085
3022 69.3085
3023 69.3085
3024 69.3085
3025 69.3085
3026 69.3085
3027 69.3085
3028 69.3085
3029 69.3085
3030 69.3085
3031 69.3085
3032 69.3085
3033 69.3085
3034 69.3085
3035 69.3085
3036 69.3085
3037 69.3085
3038 69.3085
3039 69.3085
3040 69.3085
3041 69.3085
3042 69.3085
3043 69.3085
3044 69.3085
3045 69.3085
3046 69.3085
3047 69.3085
3048 69.3085
3049 69.3085
3050 69.3085
3051 69.3085
3052 69.3085
3053 69.3085
3054 69.3085
3055 69.3085
3056 69.3085
3057 69.3085
3058 69.3085
3059 69.3085
3060 69.3085
3061 69.3085
3062 69.3085
3063 69.3085
3064 69.3085
3065 69.3085
3066 69.3085
3067 69.3085
3068 69.3085
3069 69.3085
3070 69.3085
3071 69.3085
3072 69.3085
3073 69.3085
3074 69.3085
3075 69.3085
3076 69.3085
3077 69.3085
3078 69.3085
3079 69.3085
3080 69.3085
3081 69.3085
3082 69.3085
3083 69.3085
3084 69.3085
3085 69.3085
3086 69.3085
3087 69.3085
3088 69.3085
3089 69.3085
3090 69.3085
3091 69.3085
3092 69.3085
3093 69.3085
3094 69.3085
3095 69.3085
3096 69.3085
3097 69.3085
3098 69.3085
3099 69.3085
3100 69.3085
3101 69.3085
3102 69.3085
3103 69.3085
3104 69.3085
3105 69.3085
3106 69.3085
3107 69.3085
3108 69.3085
3109 69.3085
3110 69.3085
3111 69.3085
3112 69.3085
3113 69.3085
3114 69.3085
3115 69.3085
3116 69.3085
3117 69.3085
3118 69.3085
3119 69.3085
3120 69.3085
3121 69.3085
3122 69.3085
3123 69.3085
3124 69.3085
3125 69.3085
3126 69.3085
3127 69.3085
3128 69.3085
3129 69.3085
3130 69.3085
3131 69.3085
3132 69.3085
3133 69.3085
3134 69.3085
3135 69.3085
3136 69.3085
3137 69.3085
3138 69.3085
3139 69.3085
3140 69.3085
3141 69.3085
3142 69.3085
3143 69.3085
3144 69.3085
3145 69.3085
3146 69.3085
3147 69.3085
3148 69.3085
3149 69.3085
3150 69.3085
3151 69.3085
3152 69.3085
3153 69.3085
3154 69.3085
3155 69.3085
3156 69.3085
3157 69.3085
3158 69.3085
3159 69.3085
3160 69.3085
3161 69.3085
3162 69.3085
3163 69.3085
3164 69.3085
3165 69.3085
3166 69.3085
3167 69.3085
3168 69.3085
3169 69.3085
3170 69.3085
3171 69.3085
3172 69.3085
3173 69.3085
3174 69.3085
3175 69.3085
3176 69.3085
3177 69.3085
3178 69.3085
3179 69.3085
3180 69.3085
3181 69.3085
3182 69.3085
3183 69.3085
3184 69.3085
3185 69.3085
3186 69.3085
3187 69.3085
3188 69.3085
3189 69.3085
3190 69.3085
3191 69.3085
3192 69.3085
3193 69.3085
3194 69.3085
3195 69.3085
3196 69.3085
3197 69.3085
3198 69.3085
3199 69.3085
3200 69.3085
3201 69.3085
3202 69.3085
3203 69.3085
3204 69.3085
3205 69.3085
3206 69.3085
3207 69.3085
3208 69.3085
3209 69.3085
3210 69.2792
3211 69.2792
3212 69.0556
3213 68.9651
3214 68.9651
3215 68.9651
3216 68.9651
3217 68.9651
3218 68.9651
3219 68.9651
3220 68.9651
3221 68.9651
3222 68.9651
3223 68.9651
3224 68.9651
3225 68.9651
3226 68.9651
3227 68.9651
3228 68.9651
3229 68.9651
3230 68.9651
3231 68.9651
3232 68.9651
3233 68.9651
3234 68.9651
3235 68.9651
3236 68.9651
3237 68.9651
3238 68.9651
3239 68.9651
3240 68.9651
3241 68.9651
3242 68.9651
3243 68.9651
3244 68.9651
3245 68.9651
3246 68.9651
3247 68.9651
3248 68.9651
3249 68.9651
3250 68.9651
3251 68.9651
3252 68.9651
3253 68.9651
3254 68.9651
3255 68.9651
3256 68.9651
3257 68.9651
3258 68.9651
3259 68.9651
3260 68.9651
3261 68.9651
3262 68.9651
3263 68.9651
3264 68.9651
3265 68.9651
3266 68.9651
3267 68.9651
3268 68.9651
3269 68.9651
3270 68.9651
3271 68.9651
3272 68.9651
3273 68.9651
3274 68.9651
3275 68.9651
3276 68.9651
3277 68.9651
3278 68.9651
3279 68.9651
3280 68.9651
3281 68.9651
3282 68.9651
3283 68.9651
3284 68.9651
3285 68.9651
3286 68.9651
3287 68.9651
3288 68.9651
3289 68.9651
3290 68.9651
3291 68.9651
3292 68.9651
3293 68.9651
3294 68.9651
3295 68.9651
3296 68.9651
3297 68.9651
3298 68.9651
3299 68.9651
3300 68.9651
3301 68.9651
3302 68.9651
3303 68.9651
3304 68.9651
3305 68.9651
3306 68.9651
3307 68.9651
3308 68.9651
3309 68.9651
3310 68.9651
3311 68.9651
3312 68.9651
3313 68.9651
3314 68.9651
3315 68.9651
3316 68.9651
3317 68.9651
3318 68.9651
3319 68.9651
3320 68.9651
3321 68.9651
3322 68.9651
3323 68.9651
3324 68.9651
3325 68.9651
3326 68.9651
3327 68.9651
3328 68.9651
3329 68.9651
3330 68.9651
3331 68.9651
3332 68.9651
3333 68.9651
3334 68.9651
3335 68.9651
3336 68.9651
3337 68.9651
3338 68.9651
3339 68.9651
3340 68.9651
3341 68.9651
3342 68.9651
3343 68.9651
3344 68.9651
3345 68.9651
3346 68.9651
3347 68.9651
3348 68.9651
3349 68.9651
3350 68.9651
3351 68.9651
3352 68.9651
3353 68.9651
3354 68.9651
3355 68.9651
3356 68.9651
3357 68.9651
3358 68.9651
3359 68.9651
3360 68.9651
3361 68.9651
3362 68.9651
3363 68.9651
3364 68.9651
3365 68.9651
3366 68.9651
3367 68.9651
3368 68.9651
3369 68.9651
3370 68.9651
3371 68.9651
3372 68.9651
3373 68.9651
3374 68.9651
3375 68.9651
3376 68.9651
3377 68.9651
3378 68.9651
3379 68.9651
3380 68.9651
3381 68.9651
3382 68.9651
3383 68.9651
3384 68.9651
3385 68.9651
3386 68.9651
3387 68.9651
3388 68.9651
3389 68.9651
3390 68.9651
3391 68.9651
3392 68.9651
3393 68.9651
3394 68.9651
3395 68.9651
3396 68.9651
3397 68.9651
3398 68.9651
3399 68.9651
3400 68.9651
3401 68.9651
3402 68.9651
3403 68.9651
3404 68.9651
3405 68.9651
3406 68.9651
3407 68.9651
3408 68.9651
3409 68.9651
3410 68.9651
3411 68.9651
3412 68.9651
3413 68.9651
3414 68.9651
3415 68.9651
3416 68.9651
3417 68.9651
3418 68.9651
3419 68.9651
3420 68.9651
3421 68.9651
3422 68.9651
3423 68.9651
3424 68.9651
3425 68.9651
3426 68.9651
3427 68.9651
3428 68.9651
3429 68.9651
3430 68.9651
3431 68.9651
3432 68.9651
3433 68.9651
3434 68.9651
3435 68.9651
3436 68.9651
3437 68.9651
3438 68.9651
3439 68.9651
3440 68.9651
3441 68.9651
3442 68.9651
3443 68.9651
3444 68.9651
3445 68.9651
3446 68.9651
3447 68.9651
3448 68.9651
3449 68.9651
3450 68.9651
3451 68.9651
3452 68.9651
3453 68.9651
3454 68.9651
3455 68.9651
3456 68.9651
3457 68.9651
3458 68.9651
3459 68.9651
3460 68.9651
3461 68.9651
3462 68.9651
3463 68.9651
3464 68.9651
3465 68.9651
3466 68.9651
3467 68.9651
3468 68.9651
3469 68.9651
3470 68.9651
3471 68.9651
3472 68.9651
3473 68.9651
3474 68.9651
3475 68.9651
3476 68.9651
3477 68.9651
3478 68.9651
3479 68.9651
3480 68.9651
3481 68.9651
3482 68.9651
3483 68.9651
3484 68.9651
3485 68.9651
3486 68.9651
3487 68.9651
3488 68.9651
3489 68.9651
3490 68.9651
3491 68.9651
3492 68.9651
3493 68.9651
3494 68.9651
3495 68.9651
3496 68.9651
3497 68.9651
3498 68.9651
3499 68.9651
3500 68.9651
