0 510.928
1 451.317
2 412.907
3 395.511
4 383.553
5 372.012
6 356.908
7 339.565
8 325.373
9 314.328
10 306.318
11 298.079
12 290.836
13 285.631
14 279.981
15 273.859
16 266.199
17 259.474
18 252.938
19 247.673
20 241.558
21 236.054
22 231.791
23 227.183
24 220.794
25 215.093
26 209.554
27 203.513
28 198.711
29 194.616
30 190.634
31 185.355
32 179.384
33 175.378
34 173.202
35 170.454
36 167
37 164.209
38 161.196
39 158.102
40 155.122
41 152.641
42 150.712
43 148.333
44 146.088
45 143.775
46 142.312
47 140.804
48 139.597
49 138.167
50 136.196
51 134.793
52 133.651
53 132.348
54 130.629
55 128.66
56 127.17
57 126.746
58 125.859
59 125.137
60 124.141
61 123.046
62 121.966
63 120.951
64 120.702
65 119.606
66 119.001
67 118.439
68 117.408
69 116.265
70 115.642
71 114.767
72 113.793
73 112.882
74 112.164
75 111.37
76 110.889
77 109.713
78 109.202
79 108.144
80 107.677
81 106.696
82 105.95
83 105.099
84 104.259
85 103.335
86 102.573
87 101.588
88 100.294
89 99.526
90 98.6177
91 98.2137
92 97.596
93 97.2033
94 96.2766
95 95.699
96 94.6942
97 94.5061
98 94.2015
99 94.1452
100 94.05
101 93.4321
102 92.8168
103 92.1281
104 89.8158
105 87.7776
106 86.6098
107 86.2832
108 85.6464
109 85.2276
110 84.7029
111 83.9241
112 82.9494
113 82.2221
114 81.9506
115 81.6307
116 81.8331
117 81.4038
118 81.3609
119 80.5274
120 79.8888
121 79.6758
122 79.1793
123 78.5967
124 78.3556
125 77.9494
126 77.8726
127 77.2809
128 77.1039
129 76.3576
130 76.2583
131 76.1254
132 75.9844
133 75.9315
134 76.1686
135 75.7921
136 76.654
137 76.8011
138 76.6765
139 76.914
140 76.8403
141 75.8897
142 74.9275
143 74.6194
144 74.2272
145 74.2198
146 74.0153
147 73.6581
148 75.3293
149 77.6088
150 77.022
151 75.2154
152 73.8482
153 72.961
154 73.3551
155 73.0662
156 73.1131
157 72.7894
158 72.7111
159 72.3933
160 72.3906
161 72.4524
162 72.4381
163 72.2387
164 72.1293
165 71.9437
166 71.7304
167 72.1167
168 72.1948
169 71.8347
170 72.0419
171 71.8232
172 71.5559
173 71.1384
174 70.6663
175 71.0971
176 71.0794
177 71.0634
178 71.1758
179 71.1245
180 71.3809
181 71.4013
182 71.4865
183 70.9473
184 71.1687
185 70.8962
186 70.7858
187 71.084
188 70.8245
189 70.4261
190 70.2075
191 70.0863
192 69.654
193 69.6181
194 69.8219
195 69.8321
196 69.6743
197 69.287
198 69.712
199 69.4598
200 69.5719
201 69.4347
202 69.2945
203 69.5309
204 69.1381
205 69.06
206 69.1302
207 69.2047
208 69.1633
209 69.3106
210 69.19
211 69.5349
212 69.5549
213 69.3993
214 68.97
215 68.8867
216 69.6431
217 69.1456
218 69.1688
219 68.9819
220 69.0263
221 68.7595
222 68.6072
223 68.8799
224 68.8544
225 68.7163
226 68.6766
227 68.5993
228 68.6447
229 68.7155
230 68.833
231 68.891
232 68.8355
233 69.0516
234 68.8743
235 68.7204
236 68.9198
237 68.5653
238 68.487
239 68.4951
240 68.4778
241 68.7245
242 68.8317
243 68.4705
244 68.8354
245 68.4741
246 68.3559
247 68.5006
248 68.7534
249 68.6934
250 68.9965
251 68.9016
252 68.6421
253 68.3409
254 68.7682
255 68.7073
256 69.0587
257 68.4734
258 68.4812
259 68.5558
260 68.7114
261 68.4358
262 68.5969
263 68.5517
264 68.6052
265 68.5843
266 68.7548
267 68.4903
268 68.4044
269 68.4898
270 68.3885
271 68.5504
272 68.759
273 68.5526
274 68.524
275 68.903
276 68.8455
277 68.9482
278 68.5779
279 68.5292
280 68.8086
281 69.0736
282 69.0107
283 68.8292
284 69.1179
285 68.909
286 68.6508
287 68.5839
288 68.575
289 68.7753
290 69.1206
291 70.5978
292 73.0332
293 73.0595
294 71.5337
295 70.3593
296 69.0676
297 69.1203
298 68.647
299 68.7348
300 68.6941
301 68.6465
302 68.5803
303 68.7581
304 68.7652
305 68.5048
306 68.5908
307 68.5378
308 68.7744
309 68.8513
310 68.758
311 68.7032
312 68.8098
313 68.4466
314 68.6941
315 68.5905
316 68.5995
317 68.8755
318 68.7049
319 68.6533
320 68.7195
321 68.6564
322 68.5041
323 68.6077
324 68.3174
325 68.5505
326 68.9065
327 68.7492
328 68.8886
329 69.1917
330 69.1543
331 68.8196
332 68.7186
333 68.5622
334 68.6926
335 68.8416
336 69.0556
337 68.8056
338 69.1587
339 68.7436
340 68.4109
341 68.5863
342 68.8145
343 68.9803
344 68.9448
345 68.8211
346 68.6016
347 68.7217
348 68.8712
349 69.0995
350 68.7125
351 68.6567
352 68.4676
353 68.4163
354 68.5974
355 68.4725
356 68.3019
357 68.6371
358 68.6802
359 68.8043
360 68.595
361 68.9859
362 68.4566
363 68.44
364 68.5726
365 68.9065
366 68.7908
367 68.8219
368 68.7735
369 69.0511
370 68.6626
371 69.0061
372 68.9624
373 68.5321
374 68.3422
375 68.3383
376 68.7557
377 68.5957
378 69.107
379 68.1848
380 68.3177
381 68.2689
382 68.2093
383 68.0501
384 68.5597
385 68.4996
386 68.589
387 68.548
388 68.5482
389 68.3781
390 68.1117
391 67.9293
392 67.9247
393 67.9585
394 67.865
395 67.8256
396 67.6646
397 67.963
398 67.5023
399 68.2531
400 68.0027
401 67.72
402 67.9244
403 67.892
404 67.7437
405 67.597
406 67.943
407 67.856
408 67.7849
409 67.89
410 68.1883
411 67.8596
412 67.8955
413 68.0883
414 67.8828
415 68.0092
416 67.8011
417 67.5881
418 67.8372
419 68.0105
420 67.6949
421 67.7045
422 67.8374
423 67.8873
424 67.9998
425 68.1245
426 68.1221
427 68.0267
428 67.6793
429 67.2332
430 67.8162
431 67.7688
432 67.496
433 67.363
434 68.0478
435 67.699
436 67.8844
437 67.6051
438 68.0263
439 68.0171
440 68.2533
441 67.8484
442 67.7439
443 67.8894
444 67.7981
445 67.8557
446 67.6672
447 67.9672
448 68.0322
449 68.0704
450 67.6823
451 67.8586
452 67.7457
453 68.1282
454 67.6868
455 67.6126
456 67.9047
457 68.1249
458 67.6353
459 67.6446
460 67.8926
461 67.8275
462 67.8381
463 67.9032
464 67.6043
465 67.8574
466 68.4502
467 67.6814
468 67.8976
469 67.753
470 67.8412
471 67.7177
472 68.0272
473 68.0998
474 67.9547
475 67.765
476 67.5766
477 67.479
478 68.0293
479 67.7795
480 67.844
481 67.7431
482 67.6916
483 67.927
484 67.719
485 68.1452
486 67.9318
487 67.7399
488 67.5238
489 67.5058
490 67.6972
491 67.8463
492 68.0462
493 67.8202
494 67.9087
495 67.8557
496 67.6479
497 68.1146
498 67.9033
499 67.968
500 67.8087
501 67.6289
502 67.6139
503 67.555
504 67.8617
505 67.5774
506 67.9945
507 68.2719
508 68.2576
509 67.779
510 68.0904
511 68.1228
512 67.9705
513 67.7678
514 67.7702
515 67.7726
516 68.2329
517 67.9228
518 67.9486
519 68.2227
520 68.5663
521 67.906
522 68.2533
523 68.1035
524 67.9412
525 67.6464
526 67.8463
527 67.6376
528 67.9492
529 67.648
530 67.861
531 67.7053
532 67.8418
533 67.6872
534 67.7436
535 67.7147
536 67.8801
537 68.0765
538 68.2365
539 68.0829
540 68.0356
541 68.1803
542 67.7887
543 67.7764
544 67.6983
545 68.1965
546 67.7406
547 67.9071
548 67.8337
549 67.7091
550 67.7863
551 67.7088
552 67.8734
553 67.5684
554 67.7219
555 67.5867
556 67.6134
557 67.8672
558 67.8204
559 67.6178
560 68.1336
561 68.2442
562 68.372
563 67.8663
564 67.9916
565 68.0428
566 67.6506
567 67.6528
568 67.79
569 67.8366
570 67.8421
571 67.7436
572 67.8056
573 67.7021
574 67.6291
575 67.9342
576 67.744
577 67.797
578 67.7444
579 67.5999
580 67.9589
581 67.8601
582 67.6725
583 67.8138
584 67.7342
585 67.9813
586 67.9588
587 67.8558
588 67.7958
589 67.946
590 68.1148
591 67.5918
592 67.6151
593 67.9189
594 67.904
595 68.2339
596 67.8872
597 67.7179
598 67.9889
599 68.1948
600 67.7137
601 67.7411
602 67.8029
603 67.7746
604 67.7844
605 67.8569
606 68.0474
607 68.4869
608 68.1481
609 67.862
610 67.9508
611 67.7431
612 67.6221
613 67.7773
614 67.7136
615 67.6447
616 67.4074
617 67.8019
618 67.7667
619 67.8898
620 67.5955
621 67.876
622 67.8472
623 67.8896
624 68.0791
625 67.8082
626 67.7166
627 67.8959
628 67.5296
629 67.8331
630 67.9686
631 67.4482
632 67.3798
633 67.3551
634 67.3596
635 67.8569
636 67.5571
637 67.6352
638 67.6358
639 68.0396
640 67.7617
641 67.7328
642 67.9753
643 67.9117
644 67.7361
645 67.6444
646 67.8583
647 67.6604
648 67.7626
649 67.9361
650 67.9649
651 68.1788
652 68.0767
653 68.0004
654 67.8734
655 67.6287
656 68.1841
657 67.7581
658 68.0432
659 67.3123
660 67.783
661 67.8262
662 67.49
663 67.8639
664 67.7402
665 67.8534
666 67.4761
667 67.4236
668 67.6909
669 67.9444
670 67.5736
671 67.373
672 67.4779
673 67.6793
674 68.2292
675 68.2439
676 68.214
677 67.778
678 67.8553
679 67.7527
680 68.045
681 68.1659
682 67.6489
683 67.7896
684 67.9527
685 67.6982
686 67.892
687 67.5103
688 67.356
689 67.3902
690 67.4679
691 67.7677
692 67.4235
693 67.4237
694 67.8662
695 68.0259
696 68.1185
697 68.0206
698 68.3829
699 68.1018
700 67.7333
701 67.8345
702 67.8804
703 67.5674
704 67.7787
705 68.0127
706 68.0219
707 68.0696
708 68.0473
709 68.0885
710 67.8745
711 68.2145
712 67.627
713 67.9565
714 67.6481
715 67.4441
716 67.6921
717 67.8913
718 67.8121
719 67.8676
720 67.8162
721 67.9708
722 68.1412
723 68.1241
724 68.2423
725 67.8211
726 67.7915
727 67.5976
728 67.5924
729 67.9453
730 68.1555
731 67.9987
732 67.6825
733 67.9741
734 68.0193
735 67.9156
736 67.7288
737 67.407
738 67.9218
739 67.3469
740 67.5199
741 67.7604
742 67.6274
743 67.363
744 67.4149
745 67.6933
746 67.7156
747 67.6258
748 67.5666
749 67.8797
750 67.9663
751 67.8353
752 67.5811
753 67.4789
754 67.1324
755 67.3056
756 68.112
757 67.8392
758 67.7246
759 67.3666
760 67.4117
761 67.5503
762 67.6556
763 67.7299
764 67.2239
765 67.2837
766 67.1658
767 67.5255
768 67.3476
769 67.209
770 67.7788
771 67.5667
772 67.4521
773 67.4337
774 67.4052
775 67.6361
776 67.1743
777 67.1892
778 67.5
779 67.2258
780 67.3679
781 67.3814
782 67.6438
783 67.6557
784 67.3828
785 67.4983
786 67.3973
787 67.4128
788 67.3782
789 67.3402
790 67.4486
791 67.7419
792 67.5173
793 67.5321
794 67.3243
795 67.2431
796 67.5425
797 67.6225
798 67.563
799 67.5615
800 67.6547
801 67.4924
802 67.5425
803 67.1744
804 67.3016
805 67.7879
806 67.4209
807 67.4558
808 67.6647
809 67.6399
810 67.4117
811 67.4836
812 67.3443
813 67.4354
814 67.7678
815 67.0577
816 67.4137
817 67.6584
818 67.3922
819 67.5605
820 67.773
821 67.6147
822 67.7866
823 67.9296
824 67.708
825 67.7476
826 67.7553
827 68.041
828 67.6235
829 67.3404
830 67.1782
831 67.4279
832 67.4924
833 67.6255
834 67.7305
835 67.6093
836 67.636
837 67.3661
838 67.2728
839 67.1595
840 67.0474
841 67.5146
842 67.5336
843 67.528
844 67.5966
845 67.5204
846 67.7114
847 67.4876
848 67.2838
849 67.4408
850 67.6229
851 67.5439
852 67.8473
853 67.4524
854 67.3292
855 67.3089
856 67.2977
857 67.1959
858 67.2023
859 67.6407
860 67.4258
861 67.5519
862 67.6613
863 67.7812
864 67.829
865 67.9568
866 67.6236
867 67.8687
868 68.0634
869 67.9594
870 67.5084
871 67.6309
872 67.6589
873 67.669
874 67.451
875 67.5564
876 67.4395
877 67.6609
878 67.4231
879 67.0194
880 67.4901
881 67.2266
882 67.2625
883 67.2507
884 67.1218
885 67.6979
886 67.4785
887 67.3344
888 67.6281
889 67.3077
890 67.5317
891 67.2702
892 67.1706
893 67.3906
894 68.0542
895 67.9718
896 67.0503
897 67.5312
898 67.6603
899 67.2695
900 67.7093
901 67.417
902 67.4309
903 67.5457
904 67.6603
905 67.8224
906 67.8415
907 67.6091
908 67.5038
909 67.7581
910 67.5563
911 67.7279
912 67.5487
913 67.8183
914 67.6543
915 67.8641
916 67.3415
917 67.4329
918 67.2693
919 67.2493
920 67.6759
921 67.3896
922 67.3312
923 67.7853
924 67.9297
925 67.6352
926 67.204
927 66.9602
928 67.066
929 67.4253
930 67.3672
931 68.0409
932 67.6405
933 67.7743
934 67.6002
935 67.94
936 67.5156
937 67.1086
938 67.4274
939 67.346
940 67.3806
941 67.3998
942 67.3319
943 67.79
944 67.6281
945 67.4878
946 67.8003
947 67.4814
948 67.5201
949 67.3885
950 67.7247
951 67.5797
952 67.4398
953 67.0255
954 67.7675
955 67.3735
956 67.205
957 67.3047
958 67.3725
959 67.4551
960 67.2184
961 67.4175
962 67.1815
963 67.4226
964 67.4604
965 67.4779
966 67.598
967 67.7372
968 67.4527
969 67.6953
970 67.6198
971 67.6207
972 67.335
973 67.464
974 67.1606
975 67.7507
976 67.5085
977 67.7746
978 67.4538
979 67.5404
980 67.1561
981 67.3076
982 67.9827
983 67.5828
984 67.4842
985 67.5712
986 67.3695
987 67.6366
988 67.5758
989 67.4511
990 67.3465
991 67.7544
992 67.6051
993 67.4365
994 67.6413
995 67.6286
996 67.6269
997 67.2693
998 67.1795
999 67.755
1000 67.4676
1001 67.6891
1002 67.6617
1003 67.6182
1004 67.5792
1005 67.4923
1006 67.5091
1007 67.2271
1008 67.1203
1009 67.3497
1010 67.7939
1011 67.8386
1012 67.2216
1013 67.8471
1014 67.9963
1015 67.6021
1016 67.4052
1017 67.2707
1018 67.7105
1019 67.6462
1020 67.4996
1021 67.7998
1022 67.1223
1023 67.2809
1024 67.3557
1025 67.1991
1026 67.3839
1027 67.3467
1028 67.8819
1029 67.6739
1030 67.5207
1031 67.5525
1032 67.7175
1033 67.5536
1034 67.7361
1035 67.5828
1036 67.4744
1037 67.2811
1038 67.7338
1039 67.9721
1040 67.7921
1041 67.1927
1042 67.194
1043 67.5982
1044 68.0624
1045 67.8426
1046 67.5617
1047 67.6525
1048 67.4541
1049 67.6749
1050 67.6659
1051 67.3556
1052 67.5394
1053 67.645
1054 67.7884
1055 67.634
1056 67.9019
1057 67.7447
1058 67.6377
1059 67.619
1060 67.4112
1061 67.4145
1062 67.4356
1063 67.8692
1064 67.6522
1065 67.5937
1066 67.2942
1067 67.4297
1068 67.524
1069 67.1246
1070 67.0111
1071 67.1632
1072 67.2893
1073 66.9554
1074 67.5825
1075 67.7871
1076 67.714
1077 67.5797
1078 67.9824
1079 67.5371
1080 67.4189
1081 67.9553
1082 67.4799
1083 67.4658
1084 67.2569
1085 67.4172
1086 67.6535
1087 67.5161
1088 67.2945
1089 67.3555
1090 67.2849
1091 67.3262
1092 67.5188
1093 67.3926
1094 67.6725
1095 67.7524
1096 67.815
1097 67.7187
1098 67.5897
1099 67.5085
1100 67.2418
1101 67.3887
1102 67.3126
1103 67.2667
1104 67.2107
1105 67.4125
1106 67.1038
1107 67.2259
1108 67.0529
1109 67.5005
1110 67.2575
1111 67.8358
1112 67.7434
1113 67.6204
1114 67.7575
1115 67.7533
1116 67.5074
1117 67.5536
1118 67.4196
1119 67.4843
1120 67.8705
1121 67.7454
1122 67.5104
1123 67.784
1124 67.3081
1125 67.7654
1126 67.561
1127 67.1553
1128 67.3605
1129 67.6656
1130 67.8717
1131 68.0019
1132 68.0144
1133 67.749
1134 67.3924
1135 67.0962
1136 67.3715
1137 67.3417
1138 67.1218
1139 67.3681
1140 67.568
1141 67.6621
1142 67.3424
1143 67.325
1144 67.2106
1145 67.172
1146 67.2396
1147 67.2538
1148 67.4979
1149 67.1591
1150 67.5696
1151 67.5892
1152 67.5874
1153 67.6918
1154 67.4697
1155 67.6466
1156 67.4283
1157 67.2122
1158 67.3621
1159 67.5441
1160 67.3764
1161 67.9149
1162 67.6107
1163 67.5502
1164 67.4404
1165 67.6408
1166 68.1275
1167 68.0533
1168 68.0403
1169 67.6905
1170 67.2845
1171 67.5857
1172 67.4087
1173 67.5307
1174 67.613
1175 67.5364
1176 67.3779
1177 67.5395
1178 67.3538
1179 67.3451
1180 67.826
1181 67.4829
1182 67.2889
1183 67.5896
1184 67.8616
1185 67.6815
1186 67.636
1187 67.6605
1188 67.6636
1189 67.7368
1190 67.625
1191 67.301
1192 67.2222
1193 67.4583
1194 67.7701
1195 67.9005
1196 67.7338
1197 67.6695
1198 67.5582
1199 67.6272
1200 67.8712
1201 67.6364
1202 67.794
1203 67.8503
1204 67.6364
1205 67.1355
1206 67.1711
1207 67.6538
1208 67.9026
1209 67.3991
1210 67.4064
1211 67.6202
1212 67.4348
1213 67.2735
1214 67.1025
1215 67.6192
1216 67.4027
1217 67.2793
1218 67.2971
1219 67.2644
1220 67.5599
1221 68.094
1222 67.2607
1223 67.4016
1224 67.5632
1225 67.7264
1226 67.6045
1227 67.0565
1228 67.5983
1229 67.5147
1230 67.3573
1231 67.3665
1232 67.6614
1233 67.7292
1234 67.6806
1235 67.6514
1236 67.6108
1237 67.5829
1238 67.609
1239 67.3509
1240 67.7702
1241 67.6717
1242 67.7386
1243 67.8156
1244 67.4799
1245 67.3325
1246 67.2273
1247 67.4142
1248 67.0292
1249 67.1681
1250 67.4483
1251 67.4633
1252 67.6712
1253 67.555
1254 67.7743
1255 67.4177
1256 67.1597
1257 67.4906
1258 67.2372
1259 67.2775
1260 67.2093
1261 67.3368
1262 67.8543
1263 67.2898
1264 67.2947
1265 67.4671
1266 67.4599
1267 67.2166
1268 67.6301
1269 67.3907
1270 67.7074
1271 67.5304
1272 68.1286
1273 67.6323
1274 67.672
1275 67.4474
1276 67.4162
1277 67.5784
1278 67.8128
1279 67.8856
1280 67.7322
1281 67.9722
1282 67.6832
1283 67.2771
1284 67.5888
1285 67.5016
1286 67.4167
1287 67.5141
1288 67.3324
1289 67.4988
1290 67.7557
1291 67.5393
1292 67.451
1293 67.1869
1294 67.1116
1295 67.1216
1296 67.3117
1297 67.618
1298 67.4968
1299 67.599
1300 67.5013
1301 67.7998
1302 67.8881
1303 67.5533
1304 67.3941
1305 67.4381
1306 67.5542
1307 67.7918
1308 67.3626
1309 67.5155
1310 67.071
1311 67.4487
1312 67.1855
1313 67.168
1314 67.3578
1315 67.6936
1316 67.7057
1317 67.4273
1318 67.2366
1319 67.3291
1320 66.9906
1321 67.4005
1322 67.3098
1323 67.3976
1324 66.9992
1325 67.0717
1326 67.2357
1327 66.9901
1328 67.1746
1329 67.638
1330 67.5447
1331 67.6663
1332 67.282
1333 67.5581
1334 67.9381
1335 67.8676
1336 67.8952
1337 67.7368
1338 67.7119
1339 67.4615
1340 67.5119
1341 67.0314
1342 67.3041
1343 67.0908
1344 67.1719
1345 67.1496
1346 67.4262
1347 67.3244
1348 67.2107
1349 67.2354
1350 67.0547
1351 67.2737
1352 67.2428
1353 67.2124
1354 67.5416
1355 67.4714
1356 67.5433
1357 67.7114
1358 67.6433
1359 67.6241
1360 67.6597
1361 67.5143
1362 67.0878
1363 67.0285
1364 67.283
1365 67.2976
1366 67.6032
1367 67.5972
1368 67.3472
1369 67.564
1370 67.7049
1371 67.4643
1372 67.325
1373 67.6067
1374 67.4973
1375 67.0463
1376 67.2849
1377 67.5924
1378 67.4347
1379 67.6548
1380 67.436
1381 67.4879
1382 67.2452
1383 67.0975
1384 67.6013
1385 67.7706
1386 67.6417
1387 67.6074
1388 67.8867
1389 67.3284
1390 67.3949
1391 67.6174
1392 67.2634
1393 66.9851
1394 67.3809
1395 67.5163
1396 67.7605
1397 67.3432
1398 67.0607
1399 67.7378
1400 67.6464
1401 67.5968
1402 67.6773
1403 67.4049
1404 67.4085
1405 67.6081
1406 67.5468
1407 67.6575
1408 67.8023
1409 67.8388
1410 67.9492
1411 67.8028
1412 67.3947
1413 67.4667
1414 67.8932
1415 67.6231
1416 67.8203
1417 67.4826
1418 67.3849
1419 67.289
1420 67.3581
1421 67.3441
1422 67.2809
1423 67.2243
1424 67.4185
1425 67.5392
1426 67.4169
1427 67.4748
1428 67.5466
1429 67.3627
1430 67.3596
1431 67.8526
1432 68.1018
1433 67.8028
1434 67.9465
1435 67.594
1436 67.2181
1437 67.4294
1438 67.674
1439 67.5017
1440 67.3583
1441 67.5729
1442 67.624
1443 67.1348
1444 66.9208
1445 67.2373
1446 67.573
1447 67.3798
1448 67.2985
1449 67.4236
1450 67.5389
1451 67.5977
1452 67.3693
1453 67.6669
1454 67.599
1455 67.4872
1456 67.2037
1457 67.28
1458 67.5525
1459 67.5265
1460 67.4326
1461 67.1162
1462 67.0888
1463 67.4479
1464 67.3229
1465 67.8266
1466 67.5799
1467 67.5498
1468 67.5258
1469 67.4224
1470 67.3844
1471 67.2486
1472 67.6132
1473 67.847
1474 67.5452
1475 67.346
1476 67.4158
1477 67.3349
1478 67.8433
1479 67.634
1480 67.3539
1481 67.4551
1482 67.4264
1483 67.3742
1484 67.4978
1485 67.3588
1486 67.5931
1487 67.3835
1488 67.4566
1489 67.3991
1490 67.4822
1491 67.2683
1492 67.496
1493 67.3264
1494 67.0637
1495 67.202
1496 67.2219
1497 67.2163
1498 67.4861
1499 67.4372
1500 67.4519
1501 67.1572
1502 67.2082
1503 67.1778
1504 67.5291
1505 67.3519
1506 67.2437
1507 67.3804
1508 67.4227
1509 67.3742
1510 67.1979
1511 67.3677
1512 67.5594
1513 67.2769
1514 67.331
1515 67.2078
1516 67.795
1517 67.2312
1518 67.4198
1519 67.8118
1520 67.4901
1521 67.6214
1522 67.4066
1523 67.7086
1524 67.6658
1525 67.4676
1526 67.321
1527 67.601
1528 67.6343
1529 68.0137
1530 67.5198
1531 67.2766
1532 67.4518
1533 67.5506
1534 67.1298
1535 67.3831
1536 67.3858
1537 67.3183
1538 67.4075
1539 67.1292
1540 67.7168
1541 67.1881
1542 67.2613
1543 67.2122
1544 67.1428
1545 67.2314
1546 67.5997
1547 67.5955
1548 67.3467
1549 67.1245
1550 67.63
1551 67.6796
1552 68.1347
1553 67.5349
1554 67.3621
1555 67.1523
1556 67.2936
1557 67.4832
1558 67.3015
1559 67.9443
1560 67.4393
1561 67.7941
1562 67.4516
1563 67.3425
1564 67.0423
1565 67.5354
1566 67.7078
1567 67.5076
1568 67.378
1569 67.4512
1570 67.4617
1571 67.6263
1572 67.2263
1573 67.3884
1574 67.3788
1575 67.3069
1576 67.3325
1577 67.7219
1578 67.5879
1579 67.9405
1580 67.5744
1581 67.344
1582 66.9991
1583 67.63
1584 67.4871
1585 67.407
1586 67.1366
1587 67.7093
1588 67.792
1589 67.3617
1590 67.579
1591 67.298
1592 67.1781
1593 67.833
1594 67.7638
1595 66.9939
1596 66.9761
1597 67.1954
1598 67.389
1599 67.5788
1600 67.4723
1601 67.3147
1602 67.5764
1603 67.4286
1604 67.8375
1605 67.8924
1606 67.2768
1607 67.6701
1608 67.6383
1609 67.7544
1610 67.7282
1611 67.6942
1612 67.4108
1613 67.4136
1614 67.2656
1615 67.2672
1616 67.7906
1617 67.12
1618 67.4299
1619 67.3931
1620 67.2098
1621 67.4831
1622 67.2733
1623 67.5026
1624 67.2717
1625 67.3927
1626 67.2495
1627 67.3443
1628 67.4772
1629 67.6871
1630 67.6066
1631 67.374
1632 67.1305
1633 67.6101
1634 67.7023
1635 67.411
1636 67.4103
1637 67.4804
1638 67.4582
1639 67.3817
1640 67.4799
1641 67.3028
1642 67.9998
1643 68.1258
1644 67.434
1645 67.4355
1646 67.1913
1647 67.7578
1648 67.4394
1649 67.3246
1650 67.4379
1651 67.4053
1652 67.1541
1653 67.2389
1654 67.1549
1655 67.2626
1656 67.2388
1657 67.4502
1658 67.6238
1659 67.3547
1660 67.4815
1661 67.6813
1662 67.5187
1663 67.4758
1664 67.6674
1665 67.5236
1666 67.7673
1667 67.742
1668 67.5065
1669 67.3088
1670 67.4705
1671 67.9162
1672 67.6755
1673 67.7272
1674 67.5823
1675 67.4487
1676 67.5137
1677 67.4321
1678 67.4766
1679 67.2069
1680 67.6155
1681 67.6236
1682 68.1317
1683 67.9574
1684 67.6572
1685 67.9315
1686 67.4713
1687 67.5199
1688 67.1995
1689 67.5018
1690 67.5599
1691 67.6782
1692 67.6256
1693 67.4617
1694 67.8788
1695 67.237
1696 67.2722
1697 67.6985
1698 67.7194
1699 67.4672
1700 67.5358
1701 67.6746
1702 66.9563
1703 67.4612
1704 67.1234
1705 67.3821
1706 67.6255
1707 67.5867
1708 67.2576
1709 67.3111
1710 67.8653
1711 67.5562
1712 67.6326
1713 67.3394
1714 67.5253
1715 67.255
1716 67.6054
1717 67.6382
1718 67.7736
1719 67.8613
1720 67.5519
1721 67.7867
1722 67.4363
1723 67.6384
1724 67.3815
1725 67.4761
1726 67.4265
1727 67.6863
1728 67.7769
1729 67.1526
1730 67.1354
1731 67.1029
1732 67.1746
1733 67.6442
1734 67.7648
1735 67.3971
1736 67.214
1737 67.4604
1738 67.4292
1739 67.2753
1740 67.2123
1741 67.571
1742 67.2327
1743 67.6765
1744 67.4913
1745 67.7776
1746 67.4685
1747 67.3242
1748 67.1673
1749 67.5107
1750 67.3729
1751 67.1849
1752 67.6529
1753 67.3799
1754 67.5771
1755 67.6616
1756 67.8598
1757 67.4211
1758 67.3613
1759 67.4835
1760 67.2094
1761 67.1477
1762 67.2311
1763 67.3339
1764 67.7416
1765 67.5748
1766 67.1934
1767 67.1258
1768 67.4586
1769 66.8537
1770 67.2905
1771 66.9396
1772 67.0835
1773 67.5003
1774 67.3629
1775 67.9522
1776 67.3461
1777 67.3178
1778 67.5813
1779 67.7346
1780 67.5696
1781 67.7711
1782 67.4912
1783 67.55
1784 67.0611
1785 67.2891
1786 67.3346
1787 67.4642
1788 66.9963
1789 67.6168
1790 67.8548
1791 67.3521
1792 67.35
1793 67.4405
1794 67.301
1795 67.2297
1796 67.2791
1797 67.3255
1798 67.3501
1799 67.4571
1800 67.6034
1801 67.7299
1802 67.5562
1803 67.5704
1804 67.2799
1805 67.655
1806 67.6675
1807 67.6675
1808 67.8692
1809 67.5376
1810 67.545
1811 67.2947
1812 67.3365
1813 67.0744
1814 67.4297
1815 67.5274
1816 67.9645
1817 67.6365
1818 67.3594
1819 67.4159
1820 67.49
1821 67.3873
1822 67.7552
1823 67.438
1824 67.5458
1825 67.4621
1826 67.6035
1827 67.2669
1828 66.9896
1829 67.4532
1830 67.5921
1831 67.3881
1832 67.7548
1833 67.9106
1834 67.28
1835 67.39
1836 67.5767
1837 67.5187
1838 67.3555
1839 67.1346
1840 67.7398
1841 67.7789
1842 67.4982
1843 67.4619
1844 67.1629
1845 67.1844
1846 67.3816
1847 67.1396
1848 66.8367
1849 67.1363
1850 67.4974
1851 67.2168
1852 67.4945
1853 67.5373
1854 67.5159
1855 67.3298
1856 67.188
1857 67.2321
1858 67.6387
1859 67.5
1860 67.4769
1861 67.5341
1862 67.4415
1863 67.4985
1864 67.7083
1865 67.5454
1866 67.7548
1867 67.8304
1868 67.4494
1869 67.4584
1870 67.8358
1871 67.3972
1872 67.4149
1873 67.5067
1874 67.1677
1875 67.4705
1876 67.3217
1877 67.0731
1878 67.4239
1879 67.7184
1880 67.1701
1881 67.8261
1882 67.5954
1883 67.0022
1884 67.2751
1885 67.5619
1886 67.2581
1887 67.2489
1888 67.4594
1889 67.3777
1890 67.6818
1891 67.4714
1892 67.3811
1893 67.3289
1894 67.5542
1895 67.4757
1896 67.3013
1897 67.2097
1898 67.4475
1899 67.2162
1900 67.3292
1901 67.3417
1902 67.5629
1903 67.2059
1904 67.7049
1905 67.456
1906 67.7111
1907 67.4038
1908 67.3721
1909 67.6559
1910 67.7279
1911 67.7316
1912 67.6193
1913 67.921
1914 67.3856
1915 67.3861
1916 67.6628
1917 68.078
1918 67.648
1919 67.6534
1920 67.0923
1921 67.5164
1922 67.7065
1923 67.2082
1924 67.5884
1925 67.5043
1926 67.2508
1927 67.6014
1928 67.0679
1929 67.3025
1930 67.2254
1931 67.5334
1932 67.5503
1933 67.1822
1934 67.1911
1935 67.3239
1936 67.1995
1937 67.2915
1938 67.5722
1939 67.5893
1940 67.4521
1941 67.4488
1942 67.5603
1943 67.4242
1944 67.7289
1945 67.0422
1946 67.1892
1947 67.2298
1948 67.1489
1949 67.3658
1950 67.2328
1951 67.3861
1952 67.4183
1953 67.6877
1954 67.5122
1955 67.5303
1956 67.4682
1957 67.7453
1958 67.6075
1959 67.4235
1960 67.711
1961 68.0638
1962 67.509
1963 67.351
1964 67.4902
1965 67.1146
1966 67.4187
1967 67.4713
1968 67.5843
1969 67.6969
1970 67.653
1971 67.263
1972 67.5321
1973 67.5214
1974 67.7221
1975 67.7306
1976 67.5758
1977 67.7461
1978 67.5279
1979 67.5628
1980 67.2411
1981 67.673
1982 67.5987
1983 68.1481
1984 67.6604
1985 67.5164
1986 67.7382
1987 67.3868
1988 67.1992
1989 67.3991
1990 67.6748
1991 67.2632
1992 66.9519
1993 67.2443
1994 67.1163
1995 67.5946
1996 67.3889
1997 67.3161
1998 67.5501
1999 67.3756
2000 67.2087
