0 4.22902 0.082467
1 -0.14121 0.0161415
2 -0.194475 0.0119255
3 -0.146117 0.00652417
4 4.34644 0.177635
5 1.25749 0.0644022
6 5.50047 0.145092
7 -0.374689 0.0035004
8 7.47841 0.131897
9 -0.0977121 0.0079235
10 0.436195 0.0320726
11 12.1219 0.314698
12 0.259766 0.016299
13 0.0924176 0.00933234
14 0.0701085 0.00668063
15 1.95087 0.0363078
16 3.71495 0.112307
17 1.51309 0.0225234
18 0.374126 0.0130926
19 81.2527 2.93376
20 123.696 3.48657
21 3.58338 0.0684449
22 -0.132374 0.00818673
23 7.1355 0.249217
24 0.205868 0.0302998
25 0.868373 0.0229203
26 2.19585 0.0386108
27 -0.191519 0.00636117
28 7.07914 0.150892
29 0.567195 0.0467222
30 0.00643595 0.022525
31 -0.3926 0.00462616
32 0.488268 0.0381196
33 1.04812 0.0521841
34 -0.284034 0.00514646
35 1.74902 0.0404027
36 -0.392204 0.00362893
37 0.126194 0.0249505
38 1.18777 0.0468199
39 -0.0216561 0.00751885
40 7.45244 0.159758
41 1.55222 0.0288794
42 0.847982 0.0281126
43 18.6166 0.42595
44 411.843 17.4103
45 2.42882 0.0575036
46 0.0152279 0.00959858
47 1.80187 0.0822772
48 8.28317 0.158656
49 -0.246514 0.00736993
50 -0.260843 0.00590132
51 -0.359485 0.00702066
52 14.8462 0.332687
53 5.63619 0.191637
54 41.1312 0.909287
55 39.6037 0.973789
56 52.0845 1.17568
57 58.0267 0.89281
58 35.4617 0.523363
59 16.0017 0.197943
60 23.8908 0.578387
61 13.6459 0.263303
62 45.475 1.12632
63 7.73711 0.154054
64 21.1476 0.195195
65 8.31634 0.19945
66 11.4361 0.313467
67 2.20317 0.0614566
68 2.45714 0.084659
69 2.15553 0.0236897
70 654.854 37.4691
71 2.38759 0.0313619
72 25.2461 0.227843
73 1.98885 0.0420681
74 0.137953 0.0101444
75 6.97448 0.145159
76 -0.234802 0.00918733
77 0.048913 0.00981041
78 0.0615328 0.00957204
79 0.946614 0.0489357
80 -0.253586 0.00936778
81 3.79073 0.0924048
82 0.384017 0.0328629
83 6.31778 0.195797
84 0.850645 0.0538183
85 -0.230999 0.00706821
86 -0.196245 0.0123259
87 -0.158635 0.00515912
88 0.0991704 0.00892329
89 1.12271 0.0243276
90 211.527 10.1698
91 -0.191836 0.0148698
92 2.19238 0.0945735
93 0.883403 0.0185349
94 -0.184558 0.0116684
95 0.465694 0.0105501
96 0.576459 0.025797
97 -0.0351771 0.00781697
98 26.3005 0.620032
99 -0.270381 0.00608264
100 6.09575 0.112082
101 0.209532 0.0163787
102 442.262 19.1905
103 -0.00270672 0.0142792
104 1.52903 0.035377
105 0.257933 0.00624315
106 1.61687 0.0245532
107 3.93832 0.0733512
108 6.62041 0.0842457
109 1.5479 0.0437293
110 4.5023 0.121938
111 -0.323719 0.0050296
112 4.84902 0.0985115
113 -0.195127 0.00815685
114 1.39756 0.0288842
115 4.25306 0.0748664
116 -0.124756 0.0152382
117 0.688076 0.0392977
118 1.6657 0.0600329
119 0.0992423 0.0193866
120 2.54724 0.0801021
121 0.219741 0.0258529
122 -0.0112449 0.0172192
123 -0.398263 0.00393166
124 0.508597 0.0162841
125 -0.347729 0.00395074
126 -0.350821 0.00495252
127 0.243535 0.0145421
128 1.46484 0.0571929
129 -0.263194 0.00864142
130 -0.137799 0.016687
131 -0.141415 0.0138557
132 -0.245968 0.0087475
133 -0.223714 0.0114855
134 0.249541 0.03349
135 -0.0747269 0.0073903
136 -0.23193 0.00731681
137 -0.163163 0.0158306
138 -0.221087 0.0122772
139 -0.226071 0.00704401
140 -0.173181 0.0126237
141 -0.0341708 0.0193718
142 1.68628 0.06737
143 0.947507 0.0595202
144 0.896547 0.0448822
145 0.493708 0.0306711
146 1.77567 0.0783538
147 0.546275 0.0384598
148 0.69483 0.0344693
149 0.80777 0.0429179
150 4.29268 0.111602
151 0.281652 0.0319981
152 0.278769 0.0365471
153 -0.249995 0.00800281
154 -0.244678 0.00776034
155 -0.213456 0.00688631
156 -0.20194 0.0124144
157 -0.0486209 0.0172999
158 0.810132 0.0412933
159 0.037666 0.0221893
160 -0.166343 0.0148675
161 0.0241278 0.0244926
162 0.259261 0.0321686
163 0.764382 0.0465809
164 -0.18039 0.0129259
165 -0.182486 0.0137406
166 0.119843 0.023906
167 0.760909 0.0454176
168 0.131623 0.0225434
169 -0.202938 0.0141021
170 -0.162808 0.0135208
171 -0.177826 0.0118564
172 -0.243584 0.00599551
173 -0.135349 0.0161897
174 -0.238324 0.0070914
175 -0.229541 0.00695493
176 -0.0988858 0.0150692
177 -0.169192 0.0163237
178 -0.157919 0.014141
179 -0.255482 0.00798147
180 -0.178671 0.0147542
181 -0.274446 0.0101671
182 -0.249029 0.00583547
183 -0.162761 0.00703078
184 -0.143681 0.00592765
185 -0.152633 0.00692093
186 -0.202977 0.00696211
187 -0.244411 0.00909959
188 -0.119088 0.0152045
189 -0.232311 0.00973092
190 -0.116761 0.0200906
191 -0.250141 0.00807707
192 -0.243073 0.00599971
193 -0.11052 0.00700426
194 -0.169433 0.00699283
195 -0.237073 0.0075015
196 -0.159507 0.00926073
197 -0.242801 0.00857923
198 -0.24841 0.00735115
199 -0.251426 0.00835497
200 -0.173839 0.012825
201 -0.240994 0.0113555
202 -0.209095 0.0123698
203 -0.249931 0.00722612
204 -0.237176 0.00682856
205 -0.207255 0.00518283
206 -0.184523 0.00735049
207 -0.225359 0.00711615
208 -0.183346 0.00588615
209 -0.264653 0.00536069
210 -0.285789 0.00468856
211 -0.226813 0.00515735
212 -0.250007 0.00513346
213 -0.182391 0.00542211
214 0.044232 0.00694941
215 -0.105023 0.00690924
216 -0.139993 0.00689026
217 0.0181461 0.00821858
218 -0.259445 0.0054153
219 -0.21008 0.00598361
220 -0.310558 0.00394721
221 -0.263661 0.00551909
222 -0.348383 0.0041899
223 -0.347644 0.00507049
224 -0.400512 0.00396413
225 -0.34705 0.00455162
226 -0.309308 0.00740251
227 -0.341318 0.00637073
228 -0.373834 0.00472175
229 -0.308826 0.00517428
230 -0.250315 0.00710411
231 -0.288095 0.00653849
232 -0.398588 0.00393068
233 -0.284104 0.00713301
234 -0.2344 0.00771428
235 -0.0218247 0.010727
236 -0.15457 0.00915122
237 -0.106394 0.00829608
238 -0.168528 0.0067304
239 -0.117615 0.0081025
240 -0.108876 0.00669146
241 -0.0107385 0.00881639
242 0.013901 0.00850157
243 -0.11428 0.00703651
244 -0.0494193 0.00816803
245 0.0815399 0.011405
246 0.00914652 0.010523
247 0.188728 0.0128727
248 -0.104353 0.00858024
249 0.126825 0.0128023
250 -0.244884 0.00729497
251 -0.234617 0.00667133
252 -0.088293 0.00832725
253 -0.192916 0.00587302
254 -0.0885529 0.00743641
255 -0.0881028 0.0088187
256 0.0086439 0.0125962
257 -0.129328 0.00786696
258 -0.140586 0.00855627
259 -0.119742 0.00784866
260 -0.106153 0.00845655
261 0.00149196 0.00949536
262 -0.0181886 0.0101539
263 -0.152167 0.00891549
264 -0.25979 0.00637354
265 -0.279082 0.00597422
266 -0.284983 0.00634763
267 -0.342728 0.00486286
268 -0.342126 0.00400908
269 -0.39395 0.00364112
270 -0.364837 0.00465805
271 -0.355779 0.00583661
272 -0.341732 0.00537891
273 -0.338175 0.00572056
274 -0.352419 0.00541756
275 -0.37251 0.00475979
276 -0.395172 0.00452501
277 -0.396827 0.00451732
278 -0.42579 0.00323893
279 -0.420974 0.00301304
280 -0.437459 0.00298984
281 -0.435814 0.00367795
282 -0.441068 0.00307735
283 -0.439904 0.00313983
284 -0.432144 0.00258256
285 -0.435912 0.00356023
286 -0.435713 0.00260613
287 -0.443607 0.00269411
288 -0.440366 0.00286467
289 -0.438615 0.00318846
290 -0.440638 0.00305083
291 -0.434547 0.00308904
292 -0.442675 0.0027144
293 -0.439487 0.00279143
294 -0.443004 0.00258589
295 -0.442005 0.00292133
296 -0.445994 0.00295847
297 -0.442991 0.00268023
298 -0.444516 0.00264272
299 -0.43855 0.00311239
300 -0.445322 0.00256259
301 -0.440584 0.00309827
302 -0.437266 0.00276775
303 -0.438124 0.00293876
304 -0.43317 0.00260351
305 -0.435214 0.00278284
306 -0.431195 0.00338284
307 -0.430493 0.00348165
308 -0.431693 0.00357539
309 -0.434039 0.00322849
310 -0.431975 0.00284774
311 -0.431728 0.00287866
312 -0.435333 0.00345637
313 -0.438237 0.00307541
314 -0.434535 0.00294207
315 -0.441578 0.00309138
316 -0.441655 0.00241877
317 -0.446671 0.00245811
318 -0.443804 0.00255242
319 -0.441939 0.00250714
320 -0.444593 0.00265361
321 -0.441887 0.00254357
322 -0.439307 0.00300875
323 -0.439385 0.00309281
324 -0.440738 0.00290849
325 -0.440761 0.00283479
326 -0.432791 0.00253989
327 -0.440884 0.00270718
328 -0.438354 0.00286222
329 -0.440018 0.00322975
330 -0.44243 0.00285135
331 -0.439535 0.00256601
332 -0.444064 0.00236112
333 -0.444751 0.00291465
334 -0.440089 0.00243417
335 -0.443442 0.00267882
336 -0.443634 0.00248325
337 -0.44129 0.0028342
338 -0.444302 0.00269361
339 -0.43759 0.00282214
340 -0.441345 0.00311703
341 -0.439069 0.00309177
342 -0.442999 0.00261484
343 -0.4425 0.00277441
344 -0.445148 0.00280921
345 -0.441734 0.00272013
346 -0.446801 0.0029764
347 -0.439802 0.00281335
348 -0.444609 0.00263185
349 -0.444108 0.00271551
350 -0.440111 0.00307103
351 -0.441742 0.00302753
352 -0.443739 0.00304879
353 -0.446163 0.00234979
354 -0.442815 0.00268527
355 -0.441514 0.0025452
356 -0.444947 0.00271316
357 -0.441406 0.00257349
358 -0.438172 0.00268358
359 -0.445112 0.00265745
360 -0.443929 0.00264386
361 -0.440511 0.00288769
362 -0.440726 0.00306313
363 -0.444777 0.00349612
364 -0.441785 0.00279124
365 -0.443498 0.00267681
366 -0.440793 0.00265499
367 -0.441624 0.00266005
368 -0.444141 0.00286919
369 -0.445103 0.00307378
370 -0.440248 0.00290656
371 -0.441993 0.00322683
372 -0.443536 0.00269982
373 -0.442069 0.00309834
374 -0.443063 0.00272759
375 -0.444119 0.00278386
376 -0.442588 0.00300672
377 -0.44171 0.00256914
378 -0.44616 0.00249626
379 -0.44576 0.00255723
380 -0.443806 0.00283046
381 -0.438227 0.00282472
382 -0.440826 0.00280258
383 -0.444155 0.0024656
384 -0.444696 0.00259619
385 -0.444249 0.00285932
386 -0.446123 0.00313726
387 -0.439139 0.0025668
388 -0.445303 0.00239418
389 -0.444542 0.00274847
390 -0.442821 0.00339377
391 -0.442112 0.00271683
392 -0.445304 0.00276006
393 -0.444541 0.00277175
394 -0.445446 0.00258292
395 -0.443977 0.00295905
396 -0.448014 0.00230176
397 -0.44238 0.00332157
398 -0.443854 0.00242494
399 -0.445115 0.00240012
400 -0.443174 0.00260738
401 -0.443476 0.00303641
402 -0.443618 0.00283784
403 -0.438337 0.00241758
404 -0.440485 0.00267368
405 -0.444976 0.00266441
406 -0.441622 0.0032013
407 -0.443461 0.00245944
408 -0.440678 0.00284908
409 -0.444588 0.00234016
410 -0.443791 0.00289662
411 -0.438238 0.00296725
412 -0.437952 0.0036125
413 -0.445943 0.002863
414 -0.4419 0.00295275
415 -0.447173 0.00288663
416 -0.444984 0.00266355
417 -0.439817 0.0028059
418 -0.440156 0.00269191
419 -0.444394 0.00288548
420 -0.442115 0.00237374
421 -0.447481 0.00278324
422 -0.442175 0.00320243
423 -0.443387 0.00277312
424 -0.444605 0.00242983
425 -0.442299 0.00298337
426 -0.442873 0.00312398
427 -0.446256 0.00278492
428 -0.444584 0.00261592
429 -0.442563 0.00273598
430 -0.441804 0.00258229
431 -0.443793 0.00290339
432 -0.439709 0.00328237
433 -0.445274 0.00286176
434 -0.437456 0.0029812
435 -0.442725 0.00247523
436 -0.447368 0.00255789
437 -0.446937 0.00281279
438 -0.448529 0.0023795
439 -0.440113 0.00298326
440 -0.444949 0.00251457
441 -0.43859 0.00265921
442 -0.444094 0.00282709
443 -0.444376 0.00291242
444 -0.445406 0.00242887
445 -0.438008 0.00292554
