0 509.759
1 454.519
2 423.421
3 404.597
4 390.204
5 374.314
6 357.149
7 342.197
8 328.456
9 315.786
10 305.186
11 295.957
12 288.825
13 281.191
14 273.702
15 267.785
16 261.192
17 254.899
18 249.062
19 245.053
20 240.014
21 234.805
22 229.859
23 223.059
24 217.365
25 213.752
26 210.983
27 208.573
28 207.038
29 205.131
30 202.744
31 200.498
32 198.99
33 195.99
34 192.02
35 187.498
36 182.674
37 178.834
38 175.845
39 173.042
40 170.775
41 169.055
42 168.857
43 168.868
44 165.994
45 162.356
46 159.985
47 157.734
48 154.578
49 152.836
50 151.819
51 150.712
52 148.173
53 145.786
54 144.181
55 143.067
56 142.236
57 140.172
58 138.582
59 138.721
60 139.203
61 137.928
62 135.563
63 132.922
64 129.471
65 127.396
66 126.486
67 125.452
68 125.021
69 124.976
70 124.483
71 124.197
72 122.828
73 120.96
74 119.784
75 119.11
76 119.297
77 118.451
78 116.958
79 115.775
80 114.746
81 113.081
82 112.271
83 112.675
84 113.47
85 113.111
86 111.861
87 110.753
88 109.263
89 108.169
90 106.584
91 105.828
92 106.016
93 106.801
94 105.964
95 104.817
96 103.875
97 103.73
98 103.272
99 102.961
100 102.331
101 101.741
102 100.926
103 99.7917
104 98.4297
105 97.3589
106 96.3179
107 94.8512
108 93.9906
109 93.3537
110 93.3281
111 92.3309
112 91.909
113 91.2285
114 90.9914
115 92.3218
116 93.8401
117 92.6814
118 90.5179
119 89.2574
120 88.6539
121 87.9133
122 87.3733
123 87.2386
124 87.1569
125 87.3141
126 87.6146
127 86.8201
128 86.4223
129 86.0322
130 85.844
131 85.0579
132 84.8354
133 84.4482
134 84.1304
135 84.1335
136 84.017
137 83.653
138 83.3671
139 82.8506
140 82.1958
141 81.6563
142 81.4718
143 80.7232
144 80.3467
145 80.4771
146 79.8846
147 79.6739
148 79.5846
149 80.0864
150 79.6607
151 79.7446
152 79.2053
153 79.1313
154 78.6098
155 78.1865
156 77.9308
157 78.0325
158 77.6134
159 77.3916
160 77.265
161 77.6761
162 78.1321
163 77.5296
164 77.2405
165 77.1129
166 77.0038
167 77.0397
168 77.1041
169 76.7004
170 76.7525
171 76.6086
172 76.1381
173 76.2692
174 76.6231
175 76.1416
176 76.3303
177 76.5578
178 76.5347
179 76.1467
180 76.0965
181 75.9082
182 75.3343
183 75.6129
184 75.5285
185 75.5529
186 75.5844
187 75.3211
188 75.2595
189 75.3026
190 75.4108
191 75.4076
192 75.3333
193 75.3788
194 75.2356
195 75.451
196 75.6733
197 74.7619
198 74.8431
199 74.3038
200 74.1313
201 73.8807
202 73.9941
203 74.3479
204 74.039
205 74.2039
206 74.2598
207 74.1075
208 74.0985
209 74.606
210 74.2902
211 74.5031
212 74.1314
213 74.3019
214 73.8785
215 73.8112
216 73.7293
217 73.8017
218 73.9347
219 74.3768
220 74.1504
221 74.4108
222 74.4145
223 74.1264
224 73.8632
225 74.4843
226 74.3483
227 74.276
228 74.3485
229 74.4969
230 74.1788
231 74.4209
232 74.2383
233 74.3524
234 74.5819
235 74.2065
236 74.0806
237 73.8773
238 73.8433
239 73.4864
240 73.9047
241 74.093
242 74.0704
243 73.8572
244 73.9208
245 73.9321
246 73.8669
247 73.8619
248 73.6711
249 73.3106
250 73.2436
251 73.6116
252 74.0568
253 73.7954
254 73.6181
255 73.8025
256 73.9127
257 73.824
258 73.5749
259 73.8611
260 73.4882
261 73.4042
262 72.9284
263 73.1888
264 72.9097
265 73.1845
266 73.1581
267 73.32
268 73.6362
269 73.4803
270 73.4044
271 73.19
272 72.7563
273 73.1704
274 72.9929
275 72.4222
276 72.8802
277 73.2815
278 73.2346
279 72.7915
280 72.2328
281 72.2844
282 72.2206
283 71.8381
284 71.8372
285 71.3313
286 71.4038
287 71.352
288 71.61
289 71.6104
290 71.666
291 71.8938
292 71.4704
293 71.6562
294 71.4015
295 71.3196
296 71.3009
297 71.5104
298 71.6832
299 71.5901
300 71.6571
301 71.3053
302 71.2442
303 71.6171
304 71.2767
305 71.5527
306 71.652
307 71.359
308 71.5067
309 71.3906
310 71.189
311 71.5133
312 71.8471
313 71.7681
314 71.6951
315 71.1865
316 71.0073
317 71.5383
318 71.5582
319 71.5696
320 71.6019
321 71.811
322 71.7591
323 71.5835
324 71.7049
325 71.6106
326 71.5319
327 71.7317
328 71.9925
329 71.331
330 71.1464
331 71.303
332 71.2641
333 71.192
334 71.4311
335 71.3914
336 71.4722
337 71.4533
338 71.4273
339 71.5317
340 71.7135
341 71.718
342 71.4565
343 71.7115
344 71.5591
345 71.2072
346 71.2552
347 71.6742
348 71.7836
349 72.0338
350 71.6238
351 71.7436
352 71.7508
353 71.7086
354 71.646
355 71.4109
356 71.6256
357 71.466
358 71.6224
359 71.1655
360 71.18
361 71.4739
362 71.6835
363 71.3998
364 71.21
365 71.2285
366 71.2673
367 71.6395
368 71.3801
369 71.5543
370 71.3376
371 71.477
372 71.4518
373 71.4121
374 71.5841
375 71.08
376 71.5203
377 71.6415
378 71.6039
379 71.4723
380 71.1912
381 71.6291
382 71.3852
383 71.443
384 71.4285
385 71.3941
386 71.5483
387 71.3734
388 71.4701
389 71.6536
390 71.4285
391 71.4567
392 71.284
393 71.4721
394 71.4312
395 71.3888
396 71.5344
397 71.5185
398 71.7447
399 71.7374
400 71.44
401 71.4666
402 71.652
403 71.4131
404 71.6335
405 71.458
406 71.4095
407 71.3946
408 71.5152
409 71.4193
410 71.733
411 71.5248
412 71.5054
413 71.2136
414 71.3026
415 71.6044
416 71.1534
417 71.4835
418 71.693
419 71.4658
420 71.2513
421 71.1615
422 71.5012
423 71.6093
424 71.4425
425 71.1969
426 71.0995
427 71.413
428 71.1579
429 71.5527
430 71.2615
431 71.3137
432 71.2991
433 71.4215
434 71.2484
435 71.2546
436 71.3873
437 71.6602
438 71.7644
439 71.5078
440 71.2343
441 71.4354
442 71.0621
443 71.0957
444 71.2717
445 71.5507
446 71.0957
447 71.2868
448 71.3573
449 71.216
450 71.0622
451 70.8941
452 71.0578
453 71.364
454 71.0605
455 71.0234
456 71.4104
457 71.1521
458 71.0892
459 71.1061
460 71.0996
461 71.6573
462 71.2713
463 71.3089
464 71.4813
465 71.6335
466 71.453
467 71.3118
468 71.0448
469 71.4319
470 71.3354
471 71.4651
472 71.3051
473 71.3436
474 70.8724
475 70.9055
476 71.4581
477 71.4801
478 71.2173
479 71.7295
480 71.559
481 71.1384
482 71.3038
483 71.2949
484 71.0998
485 71.0508
486 71.2828
487 71.053
488 71.3479
489 71.3756
490 71.413
491 71.381
492 70.972
493 70.8906
494 71.5321
495 71.2681
496 71.2799
497 71.2064
498 71.2784
499 71.2855
500 70.9942
501 70.9196
502 71.6293
503 71.5386
504 71.2119
505 71.3213
506 71.185
507 71.525
508 71.3643
509 71.2924
510 71.3165
511 71.4068
512 71.3856
513 71.1791
514 71.2061
515 71.2338
516 71.2737
517 71.4243
518 71.2643
519 71.403
520 71.1398
521 71.5469
522 71.3267
523 71.3466
524 71.4457
525 71.1794
526 71.3414
527 70.9432
528 71.245
529 71.3747
530 71.2154
531 71.2596
532 71.0702
533 71.1652
534 71.0061
535 70.9644
536 70.8055
537 70.6442
538 70.6562
539 70.4259
540 70.9101
541 70.7639
542 70.6838
543 70.3842
544 70.8528
545 70.4923
546 70.4639
547 70.4892
548 69.9995
549 69.8999
550 69.884
551 69.9405
552 69.7917
553 69.9035
554 69.4446
555 69.6006
556 69.7717
557 69.3016
558 69.3155
559 69.4775
560 69.2732
561 69.5763
562 69.5759
563 69.6307
564 69.6319
565 69.2747
566 69.3893
567 69.3602
568 69.2339
569 69.4195
570 69.1118
571 69.526
572 69.3983
573 69.0767
574 69.2045
575 69.2719
576 69.5336
577 69.218
578 69.3495
579 69.1175
580 69.4717
581 69.3315
582 69.3376
583 69.3291
584 69.8082
585 69.7015
586 69.644
587 69.5099
588 69.5145
589 69.1997
590 69.6102
591 69.3072
592 69.6926
593 69.4827
594 69.6128
595 69.6235
596 69.4935
597 69.1924
598 69.6195
599 69.6267
600 69.4191
601 69.2137
602 69.4039
603 69.2992
604 69.2958
605 69.2094
606 69.2729
607 69.6023
608 69.7928
609 69.5868
610 69.4217
611 69.7579
612 69.5043
613 69.3486
614 69.4211
615 69.3241
616 69.714
617 69.3134
618 69.4996
619 69.517
620 69.5949
621 69.3471
622 69.7086
623 69.3451
624 69.4052
625 69.1446
626 69.188
627 69.3027
628 69.978
629 69.6627
630 69.7516
631 69.7467
632 69.2782
633 69.374
634 69.5692
635 69.4716
636 69.5596
637 69.3495
638 69.4391
639 69.5059
640 69.1921
641 69.3474
642 69.1053
643 69.3677
644 69.3584
645 69.5744
646 69.7348
647 69.7378
648 69.4481
649 69.333
650 69.0204
651 68.9898
652 69.1404
653 69.1508
654 69.2125
655 69.4062
656 69.5755
657 69.6194
658 69.7775
659 69.1207
660 69.2072
661 69.3202
662 69.2405
663 69.0623
664 69.0607
665 69.2651
666 69.6704
667 69.2792
668 69.4885
669 69.3149
670 69.5349
671 69.487
672 69.4377
673 69.3226
674 69.3838
675 69.5121
676 69.6017
677 69.7162
678 69.2446
679 69.5905
680 69.1585
681 69.3972
682 69.5675
683 69.2579
684 69.3529
685 69.1731
686 69.3676
687 69.3635
688 69.1298
689 69.3251
690 69.3424
691 69.1677
692 69.1277
693 69.1386
694 69.2617
695 69.3952
696 69.3366
697 69.4777
698 69.7963
699 69.5707
700 69.7023
701 69.6786
702 69.6399
703 69.8239
704 69.5513
705 69.7021
706 69.8704
707 69.5669
708 69.4225
709 69.7487
710 69.8693
711 69.274
712 69.4102
713 69.3929
714 69.4904
715 69.6853
716 69.6598
717 69.2776
718 69.4082
719 69.7066
720 69.4477
721 69.5125
722 69.7801
723 69.797
724 69.5667
725 69.1859
726 69.0742
727 69.4592
728 69.4102
729 69.3961
730 69.5576
731 69.631
732 69.508
733 69.6535
734 69.5227
735 69.2662
736 69.4368
737 69.3608
738 69.3327
739 69.3299
740 69.2629
741 69.3598
742 69.1367
743 69.2013
744 69.3638
745 69.08
746 69.3214
747 69.3129
748 69.0581
749 69.1265
750 68.8811
751 69.1176
752 68.9374
753 69.3756
754 69.143
755 69.4331
756 69.6349
757 69.4647
758 69.143
759 69.1888
760 69.3886
761 69.3027
762 69.5159
763 69.4622
764 69.4673
765 69.3004
766 69.7819
767 69.8163
768 69.7728
769 69.6161
770 69.5258
771 69.4008
772 69.4733
773 69.5238
774 69.5191
775 69.5506
776 69.4731
777 69.5317
778 69.8765
779 69.8112
780 69.557
781 69.7667
782 69.5143
783 69.8776
784 69.3594
785 69.3139
786 69.3128
787 69.9361
788 69.8961
789 69.3858
790 69.3209
791 69.3176
792 69.3122
793 69.3138
794 69.8439
795 69.5841
796 69.4239
797 69.5023
798 69.6846
799 69.8813
800 70.0599
801 69.2999
802 69.4292
803 69.5675
804 69.2639
805 69.7084
806 69.4545
807 69.4871
808 69.202
809 69.7441
810 69.3663
811 69.4484
812 69.2112
813 69.1015
814 69.2376
815 69.4053
816 69.3089
817 69.2388
818 69.5731
819 69.2271
820 69.4496
821 69.5048
822 69.3667
823 69.5675
824 69.066
825 69.2112
826 69.1697
827 69.5735
828 69.5391
829 69.6331
830 69.5388
831 69.5836
832 69.6295
833 69.838
834 69.8284
835 69.644
836 69.4715
837 69.2476
838 69.3611
839 69.2857
840 69.3477
841 69.667
842 69.4357
843 68.9328
844 69.2705
845 69.4417
846 69.1104
847 69.418
848 69.2619
849 69.474
850 69.4524
851 69.4545
852 69.5347
853 69.5168
854 69.48
855 69.6918
856 69.4328
857 69.1542
858 69.5937
859 69.3686
860 69.3741
861 69.3881
862 69.4037
863 69.1873
864 69.4073
865 70.0199
866 69.5194
867 69.3295
868 69.3119
869 69.3783
870 69.7483
871 69.6494
872 69.5567
873 69.3889
874 69.2602
875 69.4502
876 69.0132
877 69.5259
878 69.5564
879 69.5371
880 69.7183
881 69.5492
882 69.2491
883 69.2882
884 69.5673
885 69.5473
886 69.6322
887 69.1392
888 69.3284
889 69.5201
890 69.2893
891 69.474
892 69.7131
893 69.2585
894 69.5093
895 69.4598
896 69.578
897 69.4728
898 69.3969
899 69.196
900 69.052
901 69.3089
902 69.1662
903 69.579
904 69.5559
905 69.4315
906 69.243
907 69.3483
908 69.3224
909 69.4472
910 69.6585
911 69.7174
912 69.6839
913 69.7646
914 69.5537
915 69.5404
916 69.629
917 69.6525
918 69.545
919 69.5462
920 69.4893
921 69.5885
922 69.6404
923 69.5774
924 69.4054
925 69.5465
926 69.4875
927 69.7464
928 70.1637
929 69.95
930 69.575
931 69.456
932 69.481
933 69.5419
934 69.5025
935 69.445
936 69.1374
937 69.2053
938 69.2478
939 69.733
940 69.5713
941 69.4242
942 69.4206
943 69.5544
944 69.7624
945 69.5941
946 69.9766
947 69.9995
948 69.8179
949 69.344
950 69.3422
951 69.3863
952 69.7213
953 69.6248
954 69.1908
955 69.3822
956 69.3176
957 69.4318
958 69.1198
959 69.29
960 69.3301
961 69.2763
962 69.3927
963 68.9938
964 69.1705
965 69.3289
966 69.8193
967 69.5702
968 69.917
969 69.6051
970 69.5095
971 69.193
972 69.1541
973 69.3925
974 69.3261
975 69.7706
976 69.7095
977 69.1021
978 69.5731
979 69.3884
980 69.4084
981 69.4398
982 69.2572
983 69.2427
984 69.0804
985 69.4927
986 69.641
987 69.3935
988 69.0793
989 69.2512
990 69.2709
991 69.1429
992 69.8318
993 69.6091
994 69.2265
995 69.0904
996 68.914
997 68.9388
998 69.1486
999 69.2414
1000 69.7575
1001 69.3432
1002 69.766
1003 69.5144
1004 69.6857
1005 69.5998
1006 69.2027
1007 69.3333
1008 69.3061
1009 68.9426
1010 69.2791
1011 69.3952
1012 69.5373
1013 69.1795
1014 69.4383
1015 69.4189
1016 69.705
1017 69.5982
1018 69.5922
1019 69.3802
1020 69.4278
1021 69.41
1022 69.4052
1023 69.6525
1024 69.4814
1025 69.2466
1026 69.4409
1027 69.3497
1028 69.4685
1029 69.824
1030 69.4045
1031 69.2897
1032 69.6092
1033 69.6691
1034 69.1256
1035 69.1802
1036 69.2265
1037 69.5592
1038 69.2255
1039 69.2045
1040 69.4969
1041 69.7393
1042 69.5068
1043 69.1682
1044 69.0544
1045 69.6864
1046 69.6882
1047 69.6507
1048 69.8273
1049 69.7299
1050 69.7048
1051 69.5637
1052 69.4577
1053 69.5146
1054 69.6218
1055 69.6874
1056 69.7887
1057 69.5838
1058 69.3713
1059 69.3089
1060 69.3768
1061 69.5959
1062 69.5119
1063 69.2855
1064 69.3632
1065 69.1201
1066 69.2573
1067 69.365
1068 69.56
1069 69.6376
1070 69.6398
1071 69.4106
1072 69.346
1073 69.2789
1074 69.3418
1075 69.339
1076 69.3371
1077 69.2006
1078 69.6921
1079 69.6589
1080 69.4435
1081 69.3947
1082 69.1318
1083 69.3833
1084 69.6104
1085 69.5733
1086 69.4699
1087 69.1209
1088 69.4157
1089 69.6734
1090 69.5037
1091 69.5631
1092 69.4065
1093 69.5158
1094 69.6763
1095 69.3318
1096 69.1682
1097 69.4307
1098 69.3534
1099 69.1725
1100 69.4867
1101 69.473
1102 69.3161
1103 69.3712
1104 69.5381
1105 69.3475
1106 69.3562
1107 69.1713
1108 69.3584
1109 69.3132
1110 68.9901
1111 68.9233
1112 69.0465
1113 69.4131
1114 69.3314
1115 69.2408
1116 69.2003
1117 69.2506
1118 69.3209
1119 69.2999
1120 69.1967
1121 68.8564
1122 68.6899
1123 68.8936
1124 69.2306
1125 68.9906
1126 68.8296
1127 68.7397
1128 68.7834
1129 69.0524
1130 68.7724
1131 69.0745
1132 68.8341
1133 68.8024
1134 68.9089
1135 68.633
1136 68.5889
1137 68.8659
1138 68.9608
1139 68.9396
1140 68.9628
1141 68.7095
1142 68.8059
1143 68.8876
1144 68.5725
1145 68.6526
1146 68.5416
1147 68.5253
1148 68.3419
1149 68.4031
1150 68.6064
1151 68.3524
1152 68.4441
1153 68.7649
1154 68.5827
1155 68.606
1156 68.3328
1157 68.581
1158 68.3241
1159 68.5795
1160 68.3292
1161 68.5511
1162 68.2571
1163 68.8084
1164 68.8392
1165 68.6674
1166 68.3785
1167 68.6223
1168 68.2482
1169 68.4503
1170 68.6699
1171 68.5676
1172 68.5404
1173 68.3066
1174 68.3866
1175 68.7818
1176 68.6195
1177 68.4256
1178 68.4658
1179 68.2939
1180 68.5871
1181 68.4831
1182 68.5164
1183 68.5895
1184 68.3463
1185 68.0292
1186 68.5603
1187 68.7881
1188 68.6747
1189 68.8094
1190 68.6989
1191 68.3624
1192 68.8187
1193 68.5303
1194 68.7532
1195 68.6386
1196 68.5075
1197 68.4697
1198 68.4983
1199 68.6927
1200 68.8691
1201 68.7238
1202 68.4254
1203 68.7097
1204 68.9279
1205 68.7573
1206 68.1956
1207 68.5176
1208 68.5612
1209 68.4
1210 68.5006
1211 68.7034
1212 68.8377
1213 68.6316
1214 68.5071
1215 68.7496
1216 68.4929
1217 68.7029
1218 68.446
1219 68.6584
1220 68.48
1221 68.5054
1222 68.5703
1223 68.4753
1224 68.7104
1225 68.9342
1226 68.6805
1227 68.8753
1228 68.5895
1229 68.6155
1230 68.7268
1231 68.5498
1232 68.3508
1233 68.5425
1234 68.8047
1235 68.8068
1236 68.8507
1237 68.8971
1238 68.7902
1239 68.8731
1240 68.392
1241 68.5619
1242 69.0356
1243 68.2559
1244 68.5155
1245 68.6775
1246 68.5392
1247 68.4225
1248 68.4171
1249 68.7327
1250 68.7653
1251 68.9749
1252 68.8588
1253 68.5097
1254 68.7334
1255 68.4841
1256 68.7016
1257 68.8
1258 68.2707
1259 68.302
1260 68.7541
1261 68.2524
1262 68.6155
1263 68.854
1264 68.5011
1265 68.5029
1266 68.4876
1267 68.339
1268 68.644
1269 68.1553
1270 68.3402
1271 68.2703
1272 68.5249
1273 68.3829
1274 68.5221
1275 68.7782
1276 68.9134
1277 68.8892
1278 68.7344
1279 68.9353
1280 68.8349
1281 68.637
1282 68.7319
1283 68.9209
1284 68.6817
1285 68.6808
1286 68.6448
1287 68.305
1288 68.3047
1289 68.7889
1290 68.6314
1291 68.595
1292 68.3664
1293 68.2547
1294 68.2913
1295 68.2494
1296 68.267
1297 68.1947
1298 68.3426
1299 68.5639
1300 68.4515
1301 68.3721
1302 68.6442
1303 68.5448
1304 68.5205
1305 68.7985
1306 68.3946
1307 68.4423
1308 68.8019
1309 68.8414
1310 68.7195
1311 68.3057
1312 68.7119
1313 68.7964
1314 68.9933
1315 68.3963
1316 68.5423
1317 68.4304
1318 68.283
1319 68.4783
1320 68.6405
1321 68.7958
1322 68.5757
1323 68.5795
1324 68.6785
1325 68.5514
1326 68.2906
1327 68.4641
1328 68.4432
1329 68.5734
1330 68.5699
1331 68.2368
1332 68.1159
1333 68.5298
1334 68.4584
1335 68.7999
1336 68.489
1337 68.3941
1338 68.2959
1339 68.6627
1340 68.7918
1341 68.5613
1342 68.3637
1343 68.2776
1344 68.5361
1345 68.5583
1346 68.4327
1347 68.5606
1348 68.5327
1349 68.4846
1350 68.4144
1351 68.8545
1352 68.3777
1353 68.223
1354 68.5865
1355 68.6077
1356 68.7001
1357 68.3553
1358 68.6202
1359 68.44
1360 68.4526
1361 68.6572
1362 68.5017
1363 68.5115
1364 68.2846
1365 68.3096
1366 68.8233
1367 68.8437
1368 68.7276
1369 68.5645
1370 68.8442
1371 68.4477
1372 68.4718
1373 68.1415
1374 68.286
1375 68.1627
1376 68.357
1377 68.4593
1378 69.0632
1379 68.5673
1380 68.6262
1381 68.521
1382 68.1153
1383 68.1553
1384 68.4126
1385 68.1663
1386 68.5409
1387 68.5215
1388 68.9017
1389 68.381
1390 68.3825
1391 68.7218
1392 68.532
1393 68.6296
1394 68.2919
1395 68.1282
1396 68.269
1397 68.2445
1398 68.3859
1399 68.6312
1400 68.9595
1401 68.6351
1402 68.5096
1403 68.3526
1404 67.9999
1405 68.3651
1406 68.4927
1407 68.7922
1408 69.0293
1409 68.7518
1410 68.5359
1411 68.6743
1412 68.9078
1413 68.5092
1414 68.5894
1415 68.3806
1416 68.4626
1417 68.841
1418 68.4911
1419 68.4675
1420 68.4937
1421 68.3787
1422 68.3913
1423 69.0553
1424 68.5073
1425 68.8926
1426 68.5296
1427 68.4302
1428 68.7105
1429 68.7968
1430 68.6305
1431 68.2658
1432 68.4323
1433 68.7233
1434 68.315
1435 68.6642
1436 68.3445
1437 68.2492
1438 68.8095
1439 68.5948
1440 68.4859
1441 68.6713
1442 68.924
1443 68.3307
1444 68.3869
1445 68.3827
1446 68.4904
1447 68.5226
1448 68.5769
1449 68.1146
1450 68.5123
1451 69.0308
1452 69.1062
1453 68.8357
1454 68.714
1455 68.8119
1456 68.4261
1457 68.4338
1458 68.4912
1459 68.7567
1460 68.6554
1461 68.3289
1462 68.538
1463 68.9617
1464 68.6209
1465 68.555
1466 68.5861
1467 68.7358
1468 68.9728
1469 68.735
1470 68.4922
1471 68.6717
1472 68.6862
1473 68.688
1474 68.473
1475 68.2588
1476 67.9646
1477 68.6139
1478 68.4132
1479 68.7146
1480 68.3114
1481 68.5493
1482 68.8139
1483 68.8832
1484 68.1686
1485 68.4004
1486 68.4092
1487 68.9457
1488 68.8098
1489 68.6847
1490 68.831
1491 68.3221
1492 68.6038
1493 68.4183
1494 68.8638
1495 68.6169
1496 68.1993
1497 68.4738
1498 68.6823
1499 68.5117
1500 68.6378
1501 68.1857
1502 68.4153
1503 68.3899
1504 68.4112
1505 68.5295
1506 68.6479
1507 68.7724
1508 68.4215
1509 68.2688
1510 68.6101
1511 68.4357
1512 68.4289
1513 68.4093
1514 68.5031
1515 68.5667
1516 68.512
1517 68.7604
1518 68.3504
1519 68.16
1520 68.3682
1521 68.661
1522 68.5705
1523 68.5174
1524 68.6599
1525 68.4703
1526 68.6525
1527 68.8258
1528 68.5449
1529 68.329
1530 68.7409
1531 68.3235
1532 68.5939
1533 68.8904
1534 68.8662
1535 68.3835
1536 68.348
1537 68.7711
1538 68.5454
1539 68.6343
1540 68.6955
1541 68.3783
1542 68.6746
1543 68.5179
1544 68.5516
1545 68.7189
1546 68.5951
1547 68.9088
1548 68.3038
1549 68.5056
1550 68.6402
1551 68.7998
1552 68.4095
1553 68.5854
1554 68.7267
1555 68.2199
1556 68.3608
1557 68.765
1558 68.3402
1559 68.2214
1560 68.5039
1561 68.5063
1562 68.8624
1563 68.1261
1564 68.6928
1565 68.433
1566 68.5514
1567 68.6957
1568 68.4424
1569 68.7447
1570 68.589
1571 68.4946
1572 68.3084
1573 68.4133
1574 68.3959
1575 68.6422
1576 68.4958
1577 68.5247
1578 68.6971
1579 68.3397
1580 67.9186
1581 68.0544
1582 68.4147
1583 68.7314
1584 68.3179
1585 68.2621
1586 68.6022
1587 68.6939
1588 68.339
1589 68.2761
1590 68.2472
1591 68.5019
1592 68.5025
1593 68.6722
1594 68.5554
1595 68.413
1596 68.512
1597 68.4076
1598 68.3018
1599 68.6472
1600 68.5939
1601 68.5769
1602 68.3882
1603 68.2938
1604 68.2329
1605 68.374
1606 68.3712
1607 68.3408
1608 68.635
1609 68.8605
1610 68.485
1611 68.4652
1612 68.7144
1613 68.348
1614 68.1768
1615 68.3165
1616 68.5323
1617 68.5737
1618 68.6387
1619 68.38
1620 68.3255
1621 68.3212
1622 68.7637
1623 68.6017
1624 68.4167
1625 68.4769
1626 68.4527
1627 68.9073
1628 68.6949
1629 68.7093
1630 68.474
1631 68.5272
1632 68.27
1633 68.0527
1634 68.2394
1635 68.1616
1636 68.8138
1637 68.625
1638 68.09
1639 68.1336
1640 68.1492
1641 68.9699
1642 68.4659
1643 68.5828
1644 68.3318
1645 68.4635
1646 68.6469
1647 68.5607
1648 68.214
1649 68.5113
1650 68.9333
1651 68.7997
1652 68.3165
1653 68.3348
1654 68.3686
1655 68.3985
1656 68.0361
1657 68.1838
1658 68.4145
1659 68.7674
1660 68.6912
1661 68.9232
1662 68.5155
1663 68.2399
1664 68.6965
1665 68.9314
1666 68.9962
1667 68.4782
1668 68.3127
1669 68.5325
1670 68.5607
1671 68.3452
1672 68.1416
1673 68.1741
1674 68.1174
1675 68.2459
1676 68.5929
1677 68.7256
1678 68.7728
1679 68.7054
1680 68.7555
1681 68.714
1682 68.7348
1683 68.4915
1684 68.4794
1685 68.4838
1686 68.3667
1687 68.5679
1688 68.3766
1689 68.2418
1690 68.2609
1691 68.3684
1692 68.4594
1693 68.3323
1694 68.431
1695 68.9755
1696 68.3684
1697 68.2904
1698 68.1618
1699 68.2869
1700 68.2448
1701 68.6173
1702 68.5255
1703 68.1335
1704 68.2838
1705 68.2837
1706 68.1328
1707 68.7563
1708 68.9934
1709 68.8433
1710 68.6061
1711 68.3042
1712 68.5922
1713 68.1319
1714 68.2777
1715 68.4367
1716 68.3764
1717 68.4813
1718 68.4735
1719 68.3139
1720 68.5059
1721 68.9256
1722 68.6475
1723 68.4276
1724 68.725
1725 68.5344
1726 68.7449
1727 68.4912
1728 68.6243
1729 68.5158
1730 68.5129
1731 68.0175
1732 68.39
1733 68.1814
1734 68.5051
1735 68.4413
1736 68.3651
1737 68.1174
1738 68.3572
1739 68.5526
1740 68.4046
1741 68.6037
1742 68.6465
1743 68.9584
1744 68.2344
1745 68.9515
1746 69.0018
1747 68.6037
1748 68.4346
1749 68.603
1750 68.5504
1751 68.5901
1752 68.5003
1753 68.3056
1754 68.8528
1755 68.5208
1756 68.5013
1757 68.4786
1758 68.8194
1759 68.3726
1760 68.4948
1761 68.4945
1762 68.3649
1763 68.3218
1764 68.2995
1765 68.5524
1766 68.3912
1767 68.8935
1768 68.6557
1769 67.8753
1770 68.1993
1771 68.4032
1772 68.0655
1773 67.9926
1774 68.1636
1775 68.438
1776 68.3329
1777 68.5174
1778 68.3422
1779 68.2944
1780 68.1864
1781 68.1546
1782 68.3011
1783 68.6657
1784 68.7776
1785 68.5566
1786 68.6354
1787 68.6477
1788 68.9299
1789 68.7118
1790 68.6698
1791 68.5286
1792 68.5447
1793 68.0864
1794 68.3625
1795 68.5281
1796 68.7168
1797 68.5028
1798 68.402
1799 68.2088
1800 67.9488
1801 68.1774
1802 68.3361
1803 68.3002
1804 68.6911
1805 68.443
1806 68.6851
1807 68.2001
1808 68.384
1809 68.8028
1810 68.0994
1811 68.1391
1812 68.1847
1813 68.4749
1814 68.2397
1815 68.3596
1816 68.3514
1817 68.4112
1818 68.4017
1819 68.3498
1820 68.1656
1821 68.22
1822 68.2699
1823 68.5012
1824 68.4125
1825 68.1847
1826 68.2815
1827 68.4388
1828 68.5096
1829 68.4767
1830 68.7407
1831 68.5629
1832 68.6211
1833 68.7501
1834 67.9848
1835 68.1837
1836 68.5874
1837 68.6089
1838 68.374
1839 68.2736
1840 68.212
1841 68.4441
1842 68.5325
1843 68.4451
1844 68.826
1845 68.5328
1846 68.6024
1847 68.7178
1848 68.6911
1849 68.3858
1850 68.3587
1851 68.3304
1852 68.7942
1853 68.4333
1854 68.5956
1855 68.6312
1856 68.5768
1857 68.889
1858 68.7966
1859 68.5567
1860 68.8152
1861 68.4574
1862 68.5686
1863 68.4269
1864 68.2645
1865 68.4979
1866 68.7946
1867 68.6546
1868 68.6127
1869 68.5659
1870 68.6429
1871 68.6536
1872 68.5835
1873 68.8145
1874 68.5636
1875 68.1816
1876 68.6504
1877 68.2295
1878 67.9951
1879 68.1885
1880 68.5945
1881 68.279
1882 68.3865
1883 68.3603
1884 68.4035
1885 68.6422
1886 68.5531
1887 68.6035
1888 68.5206
1889 68.3402
1890 68.416
1891 68.4064
1892 68.5455
1893 68.371
1894 68.4047
1895 68.5734
1896 68.6557
1897 68.4087
1898 68.5149
1899 68.0439
1900 68.3464
1901 68.34
1902 68.627
1903 68.2159
1904 68.0113
1905 68.6995
1906 68.5589
1907 68.7043
1908 68.6226
1909 68.2241
1910 68.5535
1911 68.7472
1912 68.6074
1913 68.2883
1914 68.5392
1915 68.7294
1916 68.9503
1917 68.4193
1918 68.5639
1919 69.2129
1920 68.9227
1921 68.9971
1922 68.5461
1923 68.3012
1924 68.6624
1925 68.6545
1926 68.5331
1927 68.432
1928 68.5593
1929 68.4605
1930 68.8783
1931 68.6478
1932 68.5897
1933 68.6704
1934 68.2238
1935 68.7647
1936 68.541
1937 68.7222
1938 68.4012
1939 68.3186
1940 68.812
1941 68.8642
1942 68.6434
1943 68.4769
1944 68.4394
1945 68.6408
1946 68.6996
1947 68.9292
1948 68.9895
1949 68.6943
1950 68.526
1951 68.4125
1952 68.2829
1953 68.4438
1954 68.8481
1955 68.8244
1956 68.4626
1957 68.2812
1958 68.1642
1959 68.4923
1960 68.1467
1961 68.3356
1962 68.4102
1963 68.1867
1964 68.0956
1965 68.366
1966 68.7215
1967 68.4114
1968 68.6377
1969 68.5507
1970 68.8797
1971 68.5538
1972 68.5664
1973 68.3361
1974 68.4222
1975 68.5502
1976 68.5103
1977 68.5131
1978 68.402
1979 68.7191
1980 68.3793
1981 68.3317
1982 68.3626
1983 68.4137
1984 68.7767
1985 68.3895
1986 68.3739
1987 68.5222
1988 68.7755
1989 68.6242
1990 68.7187
1991 68.5914
1992 68.3701
1993 68.0373
1994 68.245
1995 68.3563
1996 68.6989
1997 68.6492
1998 68.7087
1999 68.2577
2000 68.4394
