1 397.353
2 386.17
3 363.466
4 344.632
5 331.066
6 314.203
7 292.155
8 282.626
9 278
10 272.566
11 264.087
12 255.341
13 243.354
14 235.861
15 229.18
16 226
17 218.996
18 215.069
19 210.422
20 206.336
21 203.589
22 198.343
23 193.204
24 190.788
25 186.953
26 182.019
27 180.4
28 177.454
29 173.732
30 170.399
31 167.562
32 163.046
33 161.451
34 157.969
35 154.923
36 153.675
37 150.997
38 147.892
39 147.806
40 146.324
41 143.881
42 141.498
43 139.83
44 137
45 136.064
46 134.418
47 132.866
48 131.095
49 127.986
50 127.983
51 126.113
52 124.826
53 123.336
54 122.601
55 121.676
56 120.805
57 119.407
58 117.96
59 116.476
60 114.24
61 111.659
62 110.56
63 109.956
64 109.248
65 108.387
66 107.406
67 106.734
68 105.65
69 105.482
70 104.986
71 104.175
72 103.149
73 101.764
74 101.295
75 100.639
76 99.9238
77 99.5552
78 98.5463
79 97.8567
80 96.9439
81 95.7629
82 94.9627
83 93.9172
84 93.4723
85 92.5104
86 91.6317
87 91.3006
88 91.0144
89 90.59
90 90.3804
91 89.9749
92 89.4842
93 89.1467
94 88.3342
95 87.8586
96 87.448
97 87.2393
98 86.8099
99 86.4548
100 85.8545
101 85.6651
102 85.4941
103 85.2588
104 85.1285
105 84.4346
106 84.3769
107 83.9839
108 83.8901
109 83.2274
110 82.5313
111 82.2851
112 81.968
113 81.968
114 81.7084
115 81.5335
116 81.4758
117 81.0828
118 80.9744
119 80.9483
120 80.7308
121 80.62
122 80.62
123 80.5817
124 80.5817
125 80.4552
126 79.9265
127 79.6163
128 79.0876
129 78.8666
130 78.6339
131 78.5552
132 78.3366
133 78.3185
134 78.3185
135 77.8127
136 77.8127
137 77.4859
138 76.9826
139 76.9826
140 76.9826
141 76.5908
142 76.3299
143 76.3299
144 76.3299
145 75.9287
146 75.4795
147 75.4356
148 75.4356
149 75.1528
150 75.1528
151 75.1528
152 75.1528
153 75.1528
154 75.1528
155 75.1528
156 75.0453
157 75.0344
158 75.0344
159 75.0344
160 75.0344
161 74.9887
162 74.9887
163 74.6917
164 74.6917
165 74.6917
166 74.4742
167 74.4742
168 74.4742
169 74.22
170 74.22
171 74.22
172 74.22
173 74.22
174 74.22
175 74.22
176 74.22
177 74.22
178 74.22
179 74.22
180 74.22
181 74.22
182 74.22
183 74.22
184 74.22
185 74.22
186 74.22
187 74.1761
188 74.1761
189 74.1761
190 74.1761
191 74.1761
192 74.1761
193 74.1761
194 74.1761
195 73.5691
196 73.0211
197 73.0211
198 73.0211
199 73.0211
200 73.0211
201 72.7533
202 72.7533
203 72.7533
204 72.3878
205 72.2479
206 72.2479
207 71.9401
208 71.823
209 71.6431
210 71.6431
211 71.6431
212 71.526
213 71.526
214 71.526
215 71.526
216 71.526
217 71.526
218 71.526
219 71.526
220 71.526
221 71.526
222 71.526
223 71.526
224 71.526
225 71.526
226 71.526
227 71.526
228 71.3172
229 71.3172
230 71.3172
231 71.3172
232 71.3172
233 71.3172
234 71.3172
235 71.3172
236 71.3172
237 71.3172
238 71.3172
239 71.3172
240 71.3172
241 71.3172
242 71.3172
243 71.3172
244 71.3172
245 71.3172
246 71.3172
247 71.3172
248 71.3172
249 71.3172
250 71.3172
251 71.3172
252 71.3172
253 71.3172
254 71.3172
255 71.3172
256 71.3172
257 71.3172
258 71.3172
259 71.3172
260 71.3172
261 71.3172
262 71.3172
263 71.3172
264 71.3172
265 71.3172
266 71.3172
267 71.3172
268 71.3172
269 71.3172
270 71.3172
271 71.0675
272 71.0675
273 71.0675
274 71.0675
275 71.0675
276 71.0675
277 71.0466
278 71.0466
279 71.0466
280 71.0466
281 70.8523
282 70.8523
283 70.8523
284 70.8523
285 70.8523
286 70.8523
287 70.8523
288 70.8523
289 70.8523
290 70.8523
291 70.8523
292 70.8523
293 70.8523
294 70.8523
295 70.8523
296 70.8523
297 70.8523
298 70.8523
299 70.8523
300 70.8523
301 70.8523
302 70.8523
303 70.8523
304 70.8523
305 70.8523
306 70.8523
307 70.8523
308 70.6034
309 70.6034
310 70.6034
311 70.6034
312 70.6034
313 70.6034
314 70.6034
315 70.6034
316 70.2799
317 69.9727
318 69.9727
319 69.9727
320 69.9727
321 69.9727
322 69.9727
323 69.9727
324 69.9727
325 69.9727
326 69.9727
327 69.9727
328 69.9727
329 69.9727
330 69.9727
331 69.9727
332 69.9727
333 69.9727
334 69.949
335 69.949
336 69.8262
337 69.7602
338 69.6482
339 69.6482
340 69.6482
341 69.6482
342 69.6482
343 69.6329
344 69.6329
345 69.6329
346 69.6329
347 69.6329
348 69.6329
349 69.6329
350 69.6329
351 69.6329
352 69.6329
353 69.6329
354 69.6329
355 69.6329
356 69.6329
357 69.6329
358 69.6329
359 69.6329
360 69.6329
361 69.6329
362 69.6329
363 69.6329
364 69.6329
365 69.6329
366 69.6329
367 69.6329
368 69.6329
369 69.6329
370 69.6329
371 69.6329
372 69.6329
373 69.6329
374 69.6329
375 69.6329
376 69.6329
377 69.5213
378 69.5213
379 69.5213
380 69.5213
381 69.5213
382 69.5213
383 69.5213
384 69.5213
385 69.5213
386 69.5213
387 69.5213
388 69.5213
389 69.5213
390 69.5213
391 69.3771
392 69.3771
393 69.3771
394 69.3771
395 69.3771
396 69.3771
397 69.3771
398 69.3771
399 69.3771
400 69.3771
401 69.3771
402 69.3771
403 69.3771
404 69.3771
405 69.3771
406 69.3771
407 69.3771
408 69.3771
409 69.3771
410 69.3771
411 69.3771
412 69.3771
413 69.3771
414 69.3771
415 69.3771
416 69.3771
417 69.3771
418 69.3771
419 69.3771
420 69.3771
421 69.358
422 69.358
423 69.3557
424 69.3557
425 69.3557
426 69.3557
427 69.3557
428 69.3557
429 69.3557
430 69.3557
431 69.3557
432 69.3557
433 69.3557
434 69.3557
435 69.3557
436 69.3557
437 69.3557
438 69.3557
439 69.3557
440 69.3557
441 69.3557
442 69.3557
443 69.3557
444 69.3557
445 69.3557
446 69.3557
447 69.3557
448 69.3557
449 69.3557
450 69.3557
451 69.3557
452 69.3042
453 69.3042
454 69.3042
455 69.3042
456 69.3042
457 69.3042
458 69.3042
459 69.3042
460 69.3042
461 69.3042
462 69.3042
463 69.3042
464 69.3042
465 69.3042
466 69.3042
467 69.3042
468 69.3042
469 69.3042
470 69.3042
471 69.3042
472 69.3042
473 69.3042
474 69.3042
475 69.3042
476 69.3042
477 69.3042
478 68.6705
479 68.6705
480 68.6705
481 68.6705
482 68.6705
483 68.6705
484 68.6705
485 68.6705
486 68.6705
487 68.6705
488 68.6705
489 68.6705
490 68.6705
491 68.6705
492 68.6705
493 68.6705
494 68.6705
495 68.6705
496 68.6705
497 68.6705
498 68.6705
499 68.6705
500 68.6705
501 68.6705
502 68.6705
503 68.6705
504 68.6705
505 68.6705
506 68.6705
507 68.6705
508 68.6705
509 68.6705
510 68.6705
511 68.6705
512 68.6705
513 68.6705
514 68.6705
515 68.6705
516 68.6705
517 68.6705
518 68.6705
519 68.6705
520 68.6705
521 68.6705
522 68.6705
523 68.6705
524 68.6705
525 68.6705
526 68.6705
527 68.6705
528 68.6705
529 68.6705
530 68.6705
531 68.6705
532 68.6705
533 68.6705
534 68.6705
535 68.6705
536 68.6705
537 68.6705
538 68.6705
539 68.6705
540 68.6705
541 68.6705
542 68.6705
543 68.6705
544 68.6705
545 68.6705
546 68.6705
547 68.6705
548 68.6705
549 68.6705
550 68.6705
551 68.6705
552 68.6705
553 68.6705
554 68.6705
555 68.6705
556 68.6705
557 68.6705
558 68.6705
559 68.6705
560 68.6705
561 68.6705
562 68.6705
563 68.6705
564 68.6705
565 68.6705
566 68.6705
567 68.6705
568 68.6705
569 68.6705
570 68.6705
571 68.6705
572 68.6705
573 68.6705
574 68.6705
575 68.6705
576 68.6705
577 68.6705
578 68.6705
579 68.6705
580 68.6705
581 68.6705
582 68.6705
583 68.6705
584 68.6705
585 68.6705
586 68.6705
587 68.6705
588 68.6705
589 68.6705
590 68.6705
591 68.6705
592 68.6705
593 68.6705
594 68.6705
595 68.6705
596 68.6705
597 68.6705
598 68.6705
599 68.6705
600 68.6705
601 68.6705
602 68.6705
603 68.6705
604 68.6705
605 68.6705
606 68.6705
607 68.6705
608 68.6705
609 68.6705
610 68.6705
611 68.6705
612 68.6705
613 68.6705
614 68.6705
615 68.6705
616 68.6705
617 68.6705
618 68.6705
619 68.6705
620 68.6705
621 68.6705
622 68.6705
623 68.6705
624 68.6705
625 68.6705
626 68.6705
627 68.6705
628 68.6705
629 68.6705
630 68.6705
631 68.6705
632 68.6705
633 68.6705
634 68.6705
635 68.6705
636 68.6705
637 68.6705
638 68.6705
639 68.6705
640 68.6705
641 68.6705
642 68.6705
643 68.1479
644 68.1479
645 68.1479
646 68.1479
647 68.1479
648 68.1479
649 68.1479
650 68.1479
651 68.1479
652 68.1479
653 68.1479
654 68.1479
655 68.1479
656 68.1479
657 68.1479
658 68.1479
659 68.1479
660 68.1479
661 68.1479
662 68.1479
663 68.1479
664 68.1479
665 68.1479
666 68.1479
667 68.1479
668 68.1479
669 68.1479
670 68.1479
671 68.1479
672 68.1479
673 68.1479
674 68.1479
675 68.1479
676 68.1479
677 68.1479
678 68.1479
679 68.1479
680 68.1479
681 68.1479
682 68.1479
683 68.1479
684 68.1479
685 68.1479
686 68.1479
687 68.1479
688 68.1479
689 68.1479
690 68.1479
691 68.1479
692 68.1479
693 68.1479
694 68.1479
695 68.1479
696 68.1479
697 68.1479
698 68.1479
699 68.1479
700 68.1479
701 68.1479
702 68.1479
703 68.1479
704 68.1479
705 68.1479
706 68.1479
707 68.1479
708 68.1479
709 68.1479
710 68.1479
711 68.135
712 68.135
713 68.135
714 68.135
715 68.135
716 68.0196
717 68.0196
718 68.0196
719 68.0196
720 68.0196
721 68.0196
722 68.0196
723 68.0196
724 68.0196
725 68.0196
726 68.0196
727 68.0196
728 68.0196
729 68.0196
730 68.0196
731 68.0196
732 68.0196
733 68.0196
734 68.0196
735 68.0196
736 68.0196
737 68.0196
738 68.0196
739 68.0196
740 68.0196
741 68.0196
742 68.0196
743 68.0196
744 68.0196
745 68.0196
746 68.0196
747 68.0196
748 68.0196
749 68.0196
750 68.0196
751 68.0196
752 68.0196
753 68.0196
754 68.0196
755 68.0196
756 68.0196
757 68.0196
758 68.0196
759 68.0196
760 68.0196
761 68.0196
762 68.0196
763 68.0196
764 68.0196
765 68.0196
766 68.0196
767 68.0196
768 68.0196
769 68.0196
770 68.0196
771 68.0196
772 68.0196
773 68.0196
774 68.0196
775 68.0196
776 68.0196
777 68.0196
778 68.0196
779 68.0196
780 68.0196
781 68.0196
782 68.0196
783 68.0196
784 68.0196
785 68.0196
786 68.0196
787 68.0196
788 68.0196
789 68.0196
790 68.0196
791 68.0196
792 68.0196
793 68.0196
794 68.0196
795 68.0196
796 68.0196
797 68.0196
798 68.0196
799 68.0196
800 68.0196
801 68.0196
802 68.0196
803 68.0196
804 68.0196
805 68.0196
806 68.0196
807 68.0196
808 68.0196
809 68.0196
810 68.0196
811 68.0196
812 68.0196
813 68.0196
814 68.0196
815 68.0196
816 68.0196
817 68.0196
818 68.0196
819 68.0196
820 68.0196
821 68.0196
822 68.0196
823 68.0196
824 68.0196
825 68.0196
826 68.0196
827 68.0196
828 68.0196
829 68.0196
830 68.0196
831 68.0196
832 68.0196
833 68.0196
834 68.0196
835 68.0196
836 68.0196
837 68.0196
838 68.0196
839 68.0196
840 68.0196
841 68.0196
842 68.0196
843 68.0196
844 68.0196
845 68.0196
846 68.0196
847 68.0196
848 68.0196
849 68.0196
850 68.0196
851 68.0196
852 68.0196
853 68.0196
854 68.0196
855 68.0196
856 68.0196
857 68.0196
858 68.0196
859 68.0196
860 68.0196
861 68.0196
862 68.0196
863 68.0196
864 68.0196
865 68.0196
866 68.0196
867 68.0196
868 68.0196
869 68.0196
870 68.0196
871 68.0196
872 68.0196
873 68.0196
874 68.0196
875 68.0196
876 68.0196
877 68.0196
878 68.0196
879 68.0196
880 68.0196
881 68.0196
882 68.0196
883 68.0196
884 68.0196
885 68.0196
886 68.0196
887 68.0196
888 68.0196
889 68.0196
890 68.0196
891 68.0196
892 68.0196
893 68.0196
894 68.0196
895 68.0196
896 68.0196
897 68.0196
898 68.0196
899 68.0196
900 68.0196
901 68.0196
902 68.0196
903 68.0196
904 68.0196
905 68.0196
906 68.0196
907 68.0196
908 68.0196
909 68.0196
910 68.0196
911 68.0196
912 68.0196
913 68.0196
914 68.0196
915 68.0196
916 68.0196
917 68.0196
918 68.0196
919 68.0196
920 68.0196
921 68.0196
922 68.0196
923 68.0196
924 68.0196
925 68.0196
926 68.0196
927 68.0196
928 68.0196
929 68.0196
930 68.0196
931 68.0196
932 68.0196
933 68.0196
934 68.0196
935 68.0196
936 68.0196
937 68.0196
938 68.0196
939 68.0196
940 68.0196
941 68.0196
942 68.0196
943 68.0196
944 68.0196
945 68.0196
946 68.0196
947 68.0196
948 68.0196
949 68.0196
950 68.0196
951 68.0196
952 68.0196
953 68.0196
954 68.0196
955 68.0196
956 68.0196
957 68.0196
958 68.0196
959 68.0196
960 68.0196
961 68.0196
962 68.0196
963 68.0196
964 68.0196
965 68.0196
966 68.0196
967 68.0196
968 68.0196
969 68.0196
970 68.0196
971 68.0196
972 68.0196
973 68.0196
974 68.0196
975 68.0196
976 68.0196
977 68.0196
978 68.0196
979 68.0196
980 68.0196
981 68.0196
982 68.0196
983 68.0196
984 68.0196
985 68.0196
986 68.0196
987 68.0196
988 68.0196
989 68.0196
990 68.0196
991 68.0196
992 68.0196
993 68.0196
994 68.0196
995 68.0196
996 68.0196
997 68.0196
998 68.0196
999 68.0196
1000 68.0196
1001 68.0196
1002 68.0196
1003 68.0196
1004 68.0196
1005 68.0196
1006 68.0196
1007 68.0196
1008 68.0196
1009 68.0196
1010 68.0196
1011 68.0196
1012 68.0196
1013 68.0196
1014 68.0196
1015 68.0196
1016 68.0196
1017 68.0196
1018 68.0196
1019 68.0196
1020 68.0196
1021 68.0196
1022 68.0196
1023 68.0196
1024 68.0196
1025 68.0196
1026 68.0196
1027 68.0196
1028 68.0196
1029 68.0196
1030 68.0196
1031 68.0196
1032 68.0196
1033 68.0196
1034 68.0196
1035 68.0196
1036 68.0196
1037 68.0196
1038 68.0196
1039 68.0196
1040 68.0196
1041 68.0196
1042 68.0196
1043 68.0196
1044 68.0196
1045 68.0196
1046 68.0196
1047 68.0196
1048 68.0196
1049 68.0196
1050 68.0196
1051 68.0196
1052 68.0196
1053 68.0196
1054 68.0196
1055 68.0196
1056 68.0196
1057 68.0196
1058 68.0196
1059 68.0196
1060 68.0196
1061 68.0196
1062 68.0196
1063 68.0196
1064 68.0196
1065 68.0196
1066 68.0196
1067 68.0196
1068 68.0196
1069 68.0196
1070 68.0196
1071 68.0196
1072 68.0196
1073 68.0196
1074 68.0196
1075 68.0196
1076 68.0196
1077 68.0196
1078 68.0196
1079 68.0196
1080 68.0196
1081 68.0196
1082 68.0196
1083 68.0196
1084 68.0196
1085 68.0196
1086 68.0196
1087 68.0196
1088 68.0196
1089 68.0196
1090 68.0196
1091 68.0196
1092 68.0196
1093 68.0196
1094 68.0196
1095 68.0196
1096 68.0196
1097 68.0196
1098 68.0196
1099 68.0196
1100 68.0196
1101 68.0196
1102 68.0196
1103 68.0196
1104 68.0196
1105 68.0196
1106 68.0196
1107 68.0196
1108 68.0196
1109 68.0196
1110 68.0196
1111 68.0196
1112 68.0196
1113 68.0196
1114 68.0196
1115 68.0196
1116 68.0196
1117 68.0196
1118 68.0196
1119 68.0196
1120 68.0196
1121 68.0196
1122 68.0196
1123 68.0196
1124 68.0196
1125 68.0196
1126 68.0196
1127 68.0196
1128 68.0196
1129 68.0196
1130 68.0196
1131 68.0196
1132 68.0196
1133 68.0196
1134 68.0196
1135 68.0196
1136 68.0196
1137 68.0196
1138 68.0196
1139 68.0196
1140 68.0196
1141 68.0196
1142 68.0196
1143 68.0196
1144 68.0196
1145 68.0196
1146 68.0196
1147 68.0196
1148 68.0196
1149 68.0196
1150 68.0196
1151 68.0196
1152 68.0196
1153 68.0196
1154 68.0196
1155 68.0196
1156 68.0196
1157 68.0196
1158 68.0196
1159 68.0196
1160 68.0196
1161 68.0196
1162 68.0196
1163 68.0196
1164 68.0196
1165 68.0196
1166 68.0196
1167 68.0196
1168 68.0196
1169 68.0196
1170 68.0196
1171 68.0196
1172 68.0196
1173 68.0196
1174 68.0196
1175 68.0196
1176 68.0196
1177 68.0196
1178 68.0196
1179 68.0196
1180 68.0196
1181 68.0196
1182 68.0196
1183 68.0196
1184 68.0196
1185 68.0196
1186 68.0196
1187 68.0196
1188 68.0196
1189 68.0196
1190 68.0196
1191 68.0196
1192 68.0196
1193 68.0196
1194 68.0196
1195 68.0196
1196 68.0196
1197 68.0196
1198 68.0196
1199 68.0196
1200 68.0196
1201 68.0196
1202 68.0196
1203 68.0196
1204 68.0196
1205 68.0196
1206 68.0196
1207 68.0196
1208 68.0196
1209 68.0196
1210 68.0196
1211 68.0196
1212 68.0196
1213 68.0196
1214 68.0196
1215 68.0196
1216 68.0196
1217 68.0196
1218 68.0196
1219 68.0196
1220 68.0196
1221 68.0196
1222 68.0196
1223 68.0196
1224 68.0196
1225 68.0196
1226 68.0196
1227 68.0196
1228 68.0196
1229 68.0196
1230 68.0196
1231 68.0196
1232 68.0196
1233 68.0196
1234 68.0196
1235 68.0196
1236 68.0196
1237 68.0196
1238 68.0196
1239 68.0196
1240 68.0196
1241 68.0196
1242 68.0196
1243 68.0196
1244 68.0196
1245 68.0196
1246 68.0196
1247 68.0196
1248 68.0196
1249 68.0196
1250 68.0196
1251 68.0196
1252 68.0196
1253 68.0196
1254 68.0196
1255 68.0196
1256 68.0196
1257 68.0196
1258 68.0196
1259 68.0196
1260 68.0196
1261 68.0196
1262 68.0196
1263 68.0196
1264 68.0196
1265 68.0196
1266 68.0196
1267 68.0196
1268 68.0196
1269 68.0196
1270 68.0196
1271 68.0196
1272 68.0196
1273 68.0196
1274 68.0196
1275 68.0196
1276 68.0196
1277 68.0196
1278 68.0196
1279 68.0196
1280 68.0196
1281 68.0196
1282 68.0196
1283 68.0196
1284 68.0196
1285 68.0196
1286 68.0196
1287 68.0196
1288 68.0196
1289 68.0196
1290 68.0196
1291 68.0196
1292 68.0196
1293 68.0196
1294 68.0196
1295 68.0196
1296 68.0196
1297 68.0196
1298 68.0196
1299 68.0196
1300 68.0196
1301 68.0196
1302 68.0196
1303 68.0196
1304 68.0196
1305 68.0196
1306 68.0196
1307 68.0196
1308 68.0196
1309 68.0196
1310 68.0196
1311 68.0196
1312 68.0196
1313 68.0196
1314 68.0196
1315 68.0196
1316 68.0196
1317 68.0196
1318 68.0196
1319 68.0196
1320 68.0196
1321 68.0196
1322 68.0196
1323 68.0196
1324 68.0196
1325 68.0196
1326 68.0196
1327 68.0196
1328 68.0196
1329 68.0196
1330 68.0196
1331 68.0196
1332 68.0196
1333 68.0196
1334 68.0196
1335 68.0196
1336 68.0196
1337 68.0196
1338 68.0196
1339 68.0196
1340 68.0196
1341 68.0196
1342 68.0196
1343 68.0196
1344 68.0196
1345 68.0196
1346 68.0196
1347 68.0196
1348 68.0196
1349 68.0196
1350 68.0196
1351 68.0196
1352 68.0196
1353 68.0196
1354 68.0196
1355 68.0196
1356 68.0196
1357 68.0196
1358 68.0196
1359 68.0196
1360 68.0196
1361 68.0196
1362 68.0196
1363 68.0196
1364 68.0196
1365 68.0196
1366 68.0196
1367 68.0196
1368 68.0196
1369 68.0196
1370 68.0196
1371 68.0196
1372 68.0196
1373 68.0196
1374 68.0196
1375 68.0196
1376 68.0196
1377 68.0196
1378 68.0196
1379 68.0196
1380 68.0196
1381 68.0196
1382 68.0196
1383 68.0196
1384 68.0196
1385 68.0196
1386 68.0196
1387 68.0196
1388 68.0196
1389 68.0196
1390 68.0196
1391 68.0196
1392 68.0196
1393 68.0196
1394 68.0196
1395 68.0196
1396 68.0196
1397 68.0196
1398 68.0196
1399 68.0196
1400 68.0196
1401 68.0196
1402 68.0196
1403 68.0196
1404 68.0196
1405 68.0196
1406 68.0196
1407 68.0196
1408 68.0196
1409 68.0196
1410 68.0196
1411 68.0196
1412 68.0196
1413 68.0196
1414 68.0196
1415 68.0196
1416 68.0196
1417 68.0196
1418 68.0196
1419 68.0196
1420 68.0196
1421 68.0196
1422 68.0196
1423 68.0196
1424 68.0196
1425 68.0196
1426 68.0196
1427 68.0196
1428 68.0196
1429 68.0196
1430 68.0196
1431 68.0196
1432 68.0196
1433 68.0196
1434 68.0196
1435 68.0196
1436 68.0196
1437 68.0196
1438 68.0196
1439 68.0196
1440 68.0196
1441 68.0196
1442 68.0196
1443 68.0196
1444 68.0196
1445 68.0196
1446 68.0196
1447 68.0196
1448 68.0196
1449 68.0196
1450 68.0196
1451 68.0196
1452 68.0196
1453 68.0196
1454 68.0196
1455 68.0196
1456 68.0196
1457 68.0196
1458 68.0196
1459 68.0196
1460 68.0196
1461 68.0196
1462 68.0196
1463 68.0196
1464 68.0196
1465 68.0196
1466 68.0196
1467 68.0196
1468 68.0196
1469 68.0196
1470 68.0196
1471 68.0196
1472 68.0196
1473 68.0196
1474 68.0196
1475 68.0196
1476 68.0196
1477 68.0196
1478 68.0196
1479 68.0196
1480 68.0196
1481 68.0196
1482 68.0196
1483 68.0196
1484 68.0196
1485 68.0196
1486 68.0196
1487 68.0196
1488 68.0196
1489 68.0196
1490 68.0196
1491 68.0196
1492 68.0196
1493 68.0196
1494 68.0196
1495 68.0196
1496 68.0196
1497 68.0196
1498 68.0196
1499 68.0196
1500 68.0196
1501 68.0196
1502 68.0196
1503 68.0196
1504 68.0196
1505 68.0196
1506 68.0196
1507 68.0196
1508 68.0196
1509 68.0196
1510 68.0196
1511 68.0196
1512 68.0196
1513 68.0196
1514 68.0196
1515 68.0196
1516 68.0196
1517 68.0196
1518 68.0196
1519 68.0196
1520 68.0196
1521 68.0196
1522 68.0196
1523 68.0196
1524 68.0196
1525 68.0196
1526 68.0196
1527 68.0196
1528 68.0196
1529 68.0196
1530 68.0196
1531 68.0196
1532 68.0196
1533 68.0196
1534 68.0196
1535 68.0196
1536 68.0196
1537 68.0196
1538 68.0196
1539 68.0196
1540 68.0196
1541 68.0196
1542 68.0196
1543 68.0196
1544 68.0196
1545 68.0196
1546 68.0196
1547 68.0196
1548 68.0196
1549 68.0196
1550 68.0196
1551 68.0196
1552 68.0196
1553 68.0196
1554 68.0196
1555 68.0196
1556 68.0196
1557 68.0196
1558 68.0196
1559 68.0196
1560 68.0196
1561 68.0196
1562 68.0196
1563 68.0196
1564 68.0196
1565 68.0196
1566 68.0196
1567 68.0196
1568 68.0196
1569 68.0196
1570 68.0196
1571 68.0196
1572 68.0196
1573 68.0196
1574 68.0196
1575 68.0196
1576 68.0196
1577 68.0196
1578 68.0196
1579 68.0196
1580 68.0196
1581 68.0196
1582 68.0196
1583 68.0196
1584 68.0196
1585 68.0196
1586 68.0196
1587 68.0196
1588 68.0196
1589 68.0196
1590 68.0196
1591 68.0196
1592 68.0196
1593 68.0196
1594 68.0196
1595 68.0196
1596 68.0196
1597 68.0196
1598 68.0196
1599 68.0196
1600 68.0196
1601 68.0196
1602 68.0196
1603 68.0196
1604 68.0196
1605 68.0196
1606 68.0196
1607 68.0196
1608 68.0196
1609 68.0196
1610 68.0196
1611 68.0196
1612 68.0196
1613 68.0196
1614 68.0196
1615 68.0196
1616 68.0196
1617 68.0196
1618 68.0196
1619 68.0196
1620 68.0196
1621 68.0196
1622 68.0196
1623 68.0196
1624 68.0196
1625 68.0196
1626 68.0196
1627 68.0196
1628 68.0196
1629 68.0196
1630 68.0196
1631 68.0196
1632 68.0196
1633 68.0196
1634 68.0196
1635 68.0196
1636 68.0196
1637 68.0196
1638 68.0196
1639 68.0196
1640 68.0196
1641 68.0196
1642 68.0196
1643 68.0196
1644 68.0196
1645 68.0196
1646 68.0196
1647 68.0196
1648 68.0196
1649 68.0196
1650 68.0196
1651 68.0196
1652 68.0196
1653 68.0196
1654 68.0196
1655 68.0196
1656 68.0196
1657 68.0196
1658 68.0196
1659 68.0196
1660 68.0196
1661 68.0196
1662 68.0196
1663 68.0196
1664 68.0196
1665 68.0196
1666 68.0196
1667 68.0196
1668 68.0196
1669 68.0196
1670 68.0196
1671 68.0196
1672 68.0196
1673 68.0196
1674 68.0196
1675 68.0196
1676 68.0196
1677 68.0196
1678 68.0196
1679 68.0196
1680 68.0196
1681 68.0196
1682 68.0196
1683 68.0196
1684 68.0196
1685 68.0196
1686 68.0196
1687 68.0196
1688 68.0196
1689 68.0196
1690 68.0196
1691 68.0196
1692 68.0196
1693 68.0196
1694 68.0196
1695 68.0196
1696 68.0196
1697 68.0196
1698 68.0196
1699 68.0196
1700 68.0196
1701 68.0196
1702 68.0196
1703 68.0196
1704 68.0196
1705 68.0196
1706 68.0196
1707 68.0196
1708 68.0196
1709 68.0196
1710 68.0196
1711 68.0196
1712 68.0196
1713 68.0196
1714 68.0196
1715 68.0196
1716 68.0196
1717 68.0196
1718 68.0196
1719 68.0196
1720 68.0196
1721 68.0196
1722 68.0196
1723 68.0196
1724 68.0196
1725 68.0196
1726 68.0196
1727 68.0196
1728 68.0196
1729 68.0196
1730 68.0196
1731 68.0196
1732 68.0196
1733 68.0196
1734 68.0196
1735 68.0196
1736 68.0196
1737 68.0196
1738 68.0196
1739 68.0196
1740 68.0196
1741 68.0196
1742 68.0196
1743 68.0196
1744 68.0196
1745 68.0196
1746 68.0196
1747 68.0196
1748 68.0196
1749 68.0196
1750 68.0196
1751 68.0196
1752 68.0196
1753 68.0196
1754 68.0196
1755 68.0196
1756 68.0196
1757 68.0196
1758 68.0196
1759 68.0196
1760 68.0196
1761 68.0196
1762 68.0196
1763 68.0196
1764 68.0196
1765 68.0196
1766 68.0196
1767 68.0196
1768 68.0196
1769 68.0196
1770 68.0196
1771 68.0196
1772 68.0196
1773 68.0196
1774 68.0196
1775 68.0196
1776 68.0196
1777 68.0196
1778 68.0196
1779 68.0196
1780 68.0196
1781 68.0196
1782 68.0196
1783 68.0196
1784 68.0196
1785 68.0196
1786 68.0196
1787 68.0196
1788 68.0196
1789 68.0196
1790 68.0196
1791 68.0196
1792 68.0196
1793 68.0196
1794 68.0196
1795 68.0196
1796 68.0196
1797 68.0196
1798 68.0196
1799 68.0196
1800 68.0196
1801 68.0196
1802 68.0196
1803 68.0196
1804 68.0196
1805 68.0196
1806 68.0196
1807 68.0196
1808 68.0196
1809 68.0196
1810 68.0196
1811 68.0196
1812 68.0196
1813 68.0196
1814 68.0196
1815 68.0196
1816 68.0196
1817 68.0196
1818 68.0196
1819 68.0196
1820 68.0196
1821 68.0196
1822 68.0196
1823 68.0196
1824 68.0196
1825 68.0196
1826 68.0196
1827 68.0196
1828 68.0196
1829 68.0196
1830 68.0196
1831 68.0196
1832 68.0196
1833 68.0196
1834 68.0196
1835 68.0196
1836 68.0196
1837 68.0196
1838 68.0196
1839 68.0196
1840 68.0196
1841 68.0196
1842 68.0196
1843 68.0196
1844 68.0196
1845 68.0196
1846 68.0196
1847 68.0196
1848 68.0196
1849 68.0196
1850 68.0196
1851 68.0196
1852 68.0196
1853 68.0196
1854 68.0196
1855 68.0196
1856 68.0196
1857 68.0196
1858 68.0196
1859 68.0196
1860 68.0196
1861 68.0196
1862 68.0196
1863 68.0196
1864 68.0196
1865 68.0196
1866 68.0196
1867 68.0196
1868 68.0196
1869 68.0196
1870 68.0196
1871 68.0196
1872 68.0196
1873 68.0196
1874 68.0196
1875 68.0196
1876 68.0196
1877 68.0196
1878 68.0196
1879 68.0196
1880 68.0196
1881 68.0196
1882 68.0196
1883 68.0196
1884 68.0196
1885 68.0196
1886 68.0196
1887 68.0196
1888 68.0196
1889 68.0196
1890 68.0196
1891 68.0196
1892 68.0196
1893 68.0196
1894 68.0196
1895 68.0196
1896 68.0196
1897 68.0196
1898 68.0196
1899 68.0196
1900 68.0196
1901 68.0196
1902 68.0196
1903 68.0196
1904 68.0196
1905 68.0196
1906 68.0196
1907 68.0196
1908 68.0196
1909 68.0196
1910 68.0196
1911 68.0196
1912 68.0196
1913 68.0196
1914 68.0196
1915 68.0196
1916 68.0196
1917 68.0196
1918 68.0196
1919 68.0196
1920 68.0196
1921 68.0196
1922 68.0196
1923 68.0196
1924 68.0196
1925 68.0196
1926 68.0196
1927 68.0196
1928 68.0196
1929 68.0196
1930 68.0196
1931 68.0196
1932 68.0196
1933 68.0196
1934 68.0196
1935 68.0196
1936 68.0196
1937 67.9549
1938 67.9549
1939 67.9549
1940 67.9549
1941 67.9549
1942 67.9549
1943 67.9549
1944 67.9549
1945 67.9549
1946 67.9549
1947 67.9549
1948 67.9549
1949 67.9549
1950 67.7513
1951 67.7513
1952 67.7513
1953 67.7513
1954 67.7513
1955 67.7513
1956 67.7513
1957 67.7513
1958 67.7513
1959 67.7513
1960 67.7513
1961 67.7513
1962 67.7513
1963 67.7513
1964 67.7513
1965 67.7513
1966 67.7513
1967 67.7513
1968 67.7513
1969 67.7513
1970 67.7513
1971 67.7513
1972 67.7513
1973 67.7513
1974 67.7513
1975 67.7513
1976 67.7513
1977 67.7513
1978 67.7513
1979 67.7513
1980 67.7513
1981 67.7513
1982 67.7513
1983 67.7513
1984 67.7513
1985 67.7513
1986 67.7513
1987 67.7513
1988 67.7513
1989 67.7513
1990 67.7513
1991 67.7513
1992 67.7513
1993 67.7513
1994 67.7513
1995 67.7513
1996 67.7513
1997 67.7513
1998 67.7513
1999 67.7513
2000 67.7513
2001 67.7513
2002 67.7513
2003 67.7513
2004 67.7513
2005 67.7513
2006 67.7513
2007 67.7513
2008 67.7513
2009 67.7513
2010 67.7513
2011 67.7513
2012 67.7513
2013 67.7513
2014 67.7513
2015 67.7513
2016 67.7513
2017 67.7513
2018 67.7513
2019 67.7513
2020 67.7513
2021 67.7513
2022 67.7513
2023 67.7513
2024 67.7513
2025 67.7513
2026 67.7513
2027 67.7513
2028 67.7513
2029 67.7513
2030 67.7513
2031 67.7513
2032 67.7513
2033 67.7513
2034 67.7513
2035 67.7513
2036 67.7513
2037 67.7513
2038 67.7513
2039 67.7513
2040 67.7513
2041 67.7513
2042 67.7513
2043 67.7513
2044 67.7513
2045 67.7513
2046 67.7513
2047 67.7513
2048 67.7513
2049 67.7513
2050 67.7513
2051 67.7513
2052 67.7513
2053 67.7513
2054 67.7513
2055 67.7513
2056 67.7513
2057 67.7513
2058 67.7513
2059 67.7513
2060 67.7513
2061 67.7513
2062 67.7513
2063 67.7513
2064 67.7513
2065 67.7513
2066 67.7513
2067 67.7513
2068 67.7513
2069 67.7513
2070 67.7513
2071 67.7513
2072 67.7513
2073 67.7513
2074 67.7513
2075 67.7513
2076 67.7513
2077 67.7513
2078 67.7513
2079 67.7513
2080 67.7513
2081 67.7513
2082 67.7513
2083 67.7513
2084 67.7513
2085 67.7513
2086 67.7513
2087 67.7513
2088 67.7513
2089 67.7513
2090 67.7513
2091 67.7513
2092 67.7513
2093 67.7513
2094 67.7513
2095 67.7513
2096 67.7513
2097 67.7513
2098 67.7513
2099 67.7513
2100 67.7513
2101 67.7513
2102 67.7513
2103 67.7513
2104 67.7513
2105 67.7513
2106 67.7513
2107 67.7513
2108 67.7513
2109 67.7513
2110 67.7513
2111 67.7513
2112 67.7513
2113 67.7513
2114 67.7513
2115 67.7513
2116 67.7513
2117 67.7513
2118 67.7513
2119 67.7513
2120 67.7513
2121 67.7513
2122 67.7513
2123 67.7513
2124 67.7513
2125 67.7513
2126 67.7513
2127 67.7513
2128 67.7513
2129 67.7513
2130 67.7513
2131 67.7513
2132 67.7513
2133 67.7513
2134 67.7513
2135 67.7513
2136 67.7513
2137 67.7513
2138 67.7513
2139 67.7513
2140 67.7513
2141 67.7513
2142 67.7513
2143 67.7513
2144 67.7513
2145 67.7513
2146 67.7513
2147 67.7513
2148 67.7513
2149 67.7513
2150 67.7513
2151 67.7513
2152 67.7513
2153 67.7513
2154 67.7513
2155 67.7513
2156 67.7513
2157 67.7513
2158 67.7513
2159 67.7513
2160 67.7513
2161 67.7513
2162 67.7513
2163 67.7513
2164 67.7513
2165 67.7513
2166 67.7513
2167 67.7513
2168 67.7513
2169 67.7513
2170 67.7513
2171 67.7513
2172 67.7513
2173 67.7513
2174 67.7513
2175 67.7513
2176 67.7513
2177 67.7513
2178 67.7513
2179 67.7513
2180 67.7513
2181 67.7513
2182 67.7513
2183 67.7513
2184 67.7513
2185 67.7513
2186 67.7513
2187 67.7513
2188 67.7513
2189 67.7513
2190 67.7513
2191 67.7513
2192 67.7513
2193 67.7513
2194 67.7513
2195 67.7513
2196 67.7513
2197 67.7513
2198 67.7513
2199 67.7513
2200 67.7513
2201 67.7513
2202 67.7513
2203 67.7513
2204 67.7513
2205 67.7513
2206 67.7513
2207 67.7513
2208 67.7513
2209 67.7513
2210 67.7513
2211 67.7513
2212 67.7513
2213 67.7513
2214 67.7513
2215 67.7513
2216 67.7513
2217 67.7513
2218 67.7513
2219 67.7513
2220 67.7513
2221 67.7513
2222 67.7513
2223 67.7513
2224 67.7513
2225 67.7513
2226 67.7513
2227 67.7513
2228 67.7513
2229 67.7513
2230 67.7513
2231 67.7513
2232 67.7513
2233 67.7513
2234 67.7513
2235 67.7513
2236 67.7513
2237 67.7513
2238 67.7513
2239 67.7513
2240 67.7513
2241 67.7513
2242 67.7513
2243 67.7513
2244 67.7513
2245 67.7513
2246 67.7513
2247 67.7513
2248 67.7513
2249 67.7513
2250 67.7513
2251 67.7513
2252 67.7513
2253 67.7513
2254 67.7513
2255 67.7513
2256 67.7513
2257 67.7513
2258 67.7513
2259 67.7513
2260 67.7513
2261 67.7513
2262 67.7513
2263 67.7513
2264 67.7513
2265 67.7513
2266 67.7513
2267 67.7513
2268 67.7513
2269 67.7513
2270 67.7513
2271 67.7513
2272 67.7513
2273 67.7513
2274 67.7513
2275 67.7513
2276 67.7513
2277 67.7513
2278 67.7513
2279 67.7513
2280 67.7513
2281 67.7513
2282 67.7513
2283 67.7513
2284 67.7513
2285 67.7513
2286 67.7513
2287 67.7513
2288 67.7513
2289 67.7513
2290 67.7513
2291 67.7513
2292 67.7513
2293 67.7513
2294 67.7513
2295 67.7513
2296 67.7513
2297 67.7513
2298 67.7513
2299 67.7513
2300 67.7513
2301 67.7513
2302 67.7513
2303 67.7513
2304 67.7513
2305 67.7513
2306 67.7513
2307 67.7513
2308 67.7513
2309 67.7513
2310 67.7513
2311 67.7513
2312 67.7513
2313 67.7513
2314 67.7513
2315 67.7513
2316 67.7513
2317 67.7513
2318 67.7513
2319 67.7513
2320 67.7513
2321 67.7513
2322 67.7513
2323 67.7513
2324 67.7513
2325 67.7513
2326 67.7513
2327 67.7513
2328 67.7513
2329 67.7513
2330 67.7513
2331 67.7513
2332 67.7513
2333 67.7513
2334 67.7513
2335 67.7513
2336 67.7513
2337 67.7513
2338 67.7513
2339 67.7513
2340 67.7513
2341 67.7513
2342 67.7513
2343 67.7513
2344 67.7513
2345 67.7513
2346 67.7513
2347 67.7513
2348 67.7513
2349 67.7513
2350 67.7513
2351 67.7513
2352 67.7513
2353 67.7513
2354 67.7513
2355 67.7513
2356 67.7513
2357 67.7513
2358 67.7513
2359 67.7513
2360 67.7513
2361 67.7513
2362 67.7513
2363 67.7513
2364 67.7513
2365 67.7513
2366 67.7513
2367 67.7513
2368 67.7513
2369 67.7513
2370 67.7513
2371 67.7513
2372 67.7513
2373 67.7513
2374 67.7513
2375 67.7513
2376 67.7513
2377 67.7513
2378 67.7513
2379 67.7513
2380 67.7513
2381 67.7513
2382 67.7513
2383 67.7513
2384 67.7513
2385 67.7513
2386 67.7513
2387 67.7513
2388 67.7513
2389 67.7513
2390 67.7513
2391 67.7513
2392 67.7513
2393 67.7513
2394 67.7513
2395 67.7513
2396 67.7513
2397 67.7513
2398 67.7513
2399 67.7513
2400 67.7513
2401 67.7513
2402 67.7513
2403 67.7513
2404 67.7513
2405 67.7513
2406 67.7513
2407 67.7513
2408 67.7513
2409 67.7513
2410 67.7513
2411 67.7513
2412 67.7513
2413 67.7513
2414 67.7513
2415 67.7513
2416 67.7513
2417 67.7513
2418 67.7513
2419 67.7513
2420 67.7513
2421 67.7513
2422 67.7513
2423 67.7513
2424 67.7513
2425 67.7513
2426 67.7513
2427 67.7513
2428 67.7513
2429 67.7513
2430 67.7513
2431 67.7513
2432 67.7513
2433 67.7513
2434 67.7513
2435 67.7513
2436 67.7513
2437 67.7513
2438 67.7513
2439 67.7513
2440 67.7513
2441 67.7513
2442 67.7513
2443 67.7513
2444 67.7513
2445 67.7513
2446 67.7513
2447 67.7513
2448 67.7513
2449 67.7513
2450 67.7513
2451 67.7513
2452 67.7513
2453 67.7513
2454 67.7513
2455 67.7513
2456 67.7513
2457 67.7513
2458 67.7513
2459 67.7513
2460 67.7513
2461 67.7513
2462 67.7513
2463 67.7513
2464 67.7513
2465 67.7513
2466 67.7513
2467 67.7513
2468 67.7513
2469 67.7513
2470 67.7513
2471 67.7513
2472 67.7513
2473 67.7513
2474 67.7513
2475 67.7513
2476 67.7513
2477 67.7513
2478 67.7513
2479 67.7513
2480 67.7513
2481 67.7513
2482 67.7513
2483 67.7513
2484 67.7513
2485 67.7513
2486 67.7513
2487 67.7513
2488 67.7513
2489 67.7513
2490 67.7513
2491 67.7513
2492 67.7513
2493 67.7513
2494 67.7513
2495 67.7513
2496 67.7513
2497 67.7513
2498 67.7513
2499 67.7513
2500 67.7513
2501 67.7513
2502 67.7513
2503 67.7513
2504 67.7513
2505 67.7513
2506 67.7513
2507 67.7513
2508 67.7513
2509 67.7513
2510 67.7513
2511 67.7513
2512 67.7513
2513 67.7513
2514 67.7513
2515 67.7513
2516 67.7513
2517 67.7513
2518 67.7513
2519 67.7513
2520 67.7513
2521 67.7513
2522 67.7513
2523 67.7513
2524 67.7513
2525 67.7513
2526 67.7513
2527 67.7513
2528 67.7513
2529 67.7513
2530 67.7513
2531 67.7513
2532 67.7513
2533 67.7513
2534 67.7513
2535 67.7513
2536 67.7513
2537 67.7513
2538 67.7513
2539 67.7513
2540 67.7513
2541 67.7513
2542 67.7513
2543 67.7513
2544 67.7513
2545 67.7513
2546 67.7513
2547 67.7513
2548 67.7513
2549 67.7513
2550 67.7513
2551 67.7513
2552 67.7513
2553 67.7513
2554 67.7513
2555 67.7513
2556 67.7513
2557 67.7513
2558 67.7513
2559 67.7513
2560 67.7513
2561 67.7513
2562 67.7513
2563 67.7513
2564 67.7513
2565 67.7513
2566 67.7513
2567 67.7513
2568 67.7513
2569 67.7513
2570 67.7513
2571 67.7513
2572 67.7513
2573 67.7513
2574 67.7513
2575 67.7513
2576 67.7513
2577 67.7513
2578 67.7513
2579 67.7513
2580 67.7513
2581 67.7513
2582 67.7513
2583 67.7513
2584 67.7513
2585 67.7513
2586 67.7513
2587 67.7513
2588 67.7513
2589 67.7513
2590 67.7513
2591 67.7513
2592 67.7513
2593 67.7513
2594 67.7513
2595 67.7513
2596 67.7513
2597 67.7513
2598 67.7513
2599 67.7513
2600 67.7513
2601 67.7513
2602 67.7513
2603 67.7513
2604 67.7513
2605 67.7513
2606 67.7513
2607 67.7513
2608 67.7513
2609 67.7513
2610 67.7513
2611 67.7513
2612 67.7513
2613 67.7513
2614 67.7513
2615 67.7513
2616 67.7513
2617 67.7513
2618 67.7513
2619 67.7513
2620 67.7513
2621 67.7513
2622 67.7513
2623 67.7513
2624 67.7513
2625 67.7513
2626 67.7513
2627 67.7513
2628 67.7513
2629 67.7513
2630 67.7513
2631 67.7513
2632 67.7513
2633 67.7513
2634 67.7513
2635 67.7513
2636 67.7513
2637 67.7513
2638 67.7513
2639 67.7513
2640 67.7513
2641 67.7513
2642 67.7513
2643 67.7513
2644 67.7513
2645 67.7513
2646 67.7513
2647 67.7513
2648 67.7513
2649 67.7513
2650 67.7513
2651 67.7513
2652 67.7513
2653 67.7513
2654 67.7513
2655 67.7513
2656 67.7513
2657 67.7513
2658 67.7513
2659 67.7513
2660 67.7513
2661 67.7513
2662 67.7513
2663 67.7513
2664 67.7513
2665 67.7513
2666 67.7513
2667 67.7513
2668 67.7513
2669 67.7513
2670 67.7513
2671 67.7513
2672 67.7513
2673 67.7513
2674 67.7513
2675 67.7513
2676 67.7513
2677 67.7513
2678 67.7513
2679 67.7513
2680 67.7513
2681 67.7513
2682 67.7513
2683 67.7513
2684 67.7513
2685 67.7513
2686 67.7513
2687 67.7513
2688 67.7513
2689 67.7513
2690 67.7513
2691 67.7513
2692 67.7513
2693 67.7513
2694 67.7513
2695 67.7513
2696 67.7513
2697 67.7513
2698 67.7513
2699 67.7513
2700 67.7513
2701 67.7513
2702 67.7513
2703 67.7513
2704 67.7513
2705 67.7513
2706 67.7513
2707 67.7513
2708 67.7513
2709 67.7513
2710 67.7513
2711 67.7513
2712 67.7513
2713 67.7513
2714 67.7513
2715 67.7513
2716 67.7513
2717 67.7513
2718 67.7513
2719 67.7513
2720 67.7513
2721 67.7513
2722 67.7513
2723 67.7513
2724 67.7513
2725 67.7513
2726 67.7513
2727 67.7513
2728 67.7513
2729 67.7513
2730 67.7513
2731 67.7513
2732 67.7513
2733 67.7513
2734 67.7513
2735 67.7513
2736 67.7513
2737 67.7513
2738 67.7513
2739 67.7513
2740 67.7513
2741 67.7513
2742 67.7513
2743 67.7513
2744 67.7513
2745 67.7513
2746 67.7513
2747 67.7513
2748 67.7513
2749 67.7513
2750 67.7513
2751 67.7513
2752 67.7513
2753 67.7513
2754 67.7513
2755 67.7513
2756 67.7513
2757 67.7513
2758 67.7513
2759 67.7513
2760 67.7513
2761 67.7513
2762 67.7513
2763 67.7513
2764 67.7513
2765 67.7513
2766 67.7513
2767 67.7513
2768 67.7513
2769 67.7513
2770 67.7513
2771 67.7513
2772 67.7513
2773 67.7513
2774 67.7513
2775 67.7513
2776 67.7513
2777 67.7513
2778 67.7513
2779 67.7513
2780 67.7513
2781 67.7513
2782 67.7513
2783 67.7513
2784 67.7513
2785 67.7513
2786 67.7513
2787 67.7513
2788 67.7513
2789 67.7513
2790 67.7513
2791 67.7513
2792 67.7513
2793 67.7513
2794 67.7513
2795 67.7513
2796 67.7513
2797 67.7513
2798 67.7513
2799 67.7513
2800 67.7513
2801 67.7513
2802 67.7513
2803 67.7513
2804 67.7513
2805 67.7513
2806 67.7513
2807 67.7513
2808 67.7513
2809 67.7513
2810 67.7513
2811 67.7513
2812 67.7513
2813 67.7513
2814 67.7513
2815 67.7513
2816 67.7513
2817 67.7513
2818 67.7513
2819 67.7513
2820 67.7513
2821 67.7513
2822 67.7513
2823 67.7513
2824 67.7513
2825 67.7513
2826 67.7513
2827 67.7513
2828 67.7513
2829 67.7513
2830 67.7513
2831 67.7513
2832 67.7513
2833 67.7513
2834 67.7513
2835 67.7513
2836 67.7513
2837 67.7513
2838 67.7513
2839 67.7513
2840 67.7513
2841 67.7513
2842 67.7513
2843 67.7513
2844 67.7513
2845 67.7513
2846 67.7513
2847 67.7513
2848 67.7513
2849 67.7513
2850 67.7513
2851 67.7513
2852 67.7513
2853 67.7513
2854 67.7513
2855 67.7513
2856 67.7513
2857 67.7513
2858 67.7513
2859 67.7513
2860 67.7513
2861 67.7513
2862 67.7513
2863 67.7513
2864 67.7513
2865 67.7513
2866 67.7513
2867 67.7513
2868 67.7513
2869 67.7513
2870 67.7513
2871 67.7513
2872 67.7513
2873 67.7513
2874 67.7513
2875 67.7513
2876 67.7513
2877 67.7513
2878 67.7513
2879 67.7513
2880 67.7513
2881 67.7513
2882 67.7513
2883 67.7513
2884 67.7513
2885 67.7513
2886 67.7513
2887 67.7513
2888 67.7513
2889 67.7513
2890 67.7513
2891 67.7513
2892 67.7513
2893 67.7513
2894 67.7513
2895 67.7513
2896 67.7513
2897 67.7513
2898 67.7513
2899 67.7513
2900 67.7513
2901 67.7513
2902 67.7513
2903 67.7513
2904 67.7513
2905 67.7513
2906 67.7513
2907 67.7513
2908 67.7513
2909 67.7513
2910 67.7513
2911 67.7513
2912 67.7513
2913 67.7513
2914 67.7513
2915 67.7513
2916 67.7513
2917 67.7513
2918 67.7513
2919 67.7513
2920 67.7513
2921 67.7513
2922 67.589
2923 67.589
2924 67.589
2925 67.589
2926 67.589
2927 67.589
2928 67.589
2929 67.589
2930 67.589
2931 67.589
2932 67.589
2933 67.589
2934 67.589
2935 67.589
2936 67.589
2937 67.589
2938 67.589
2939 67.589
2940 67.589
2941 67.589
2942 67.589
2943 67.589
2944 67.589
2945 67.589
2946 67.589
2947 67.589
2948 67.589
2949 67.589
2950 67.589
2951 67.589
2952 67.589
2953 67.589
2954 67.589
2955 67.589
2956 67.589
2957 67.589
2958 67.589
2959 67.589
2960 67.589
2961 67.589
2962 67.589
2963 67.589
2964 67.589
2965 67.589
2966 67.589
2967 67.589
2968 67.589
2969 67.589
2970 67.589
2971 67.589
2972 67.589
2973 67.589
2974 67.589
2975 67.589
2976 67.589
2977 67.589
2978 67.589
2979 67.589
2980 67.589
2981 67.589
2982 67.589
2983 67.589
2984 67.589
2985 67.589
2986 67.589
2987 67.589
2988 67.589
2989 67.589
2990 67.589
2991 67.589
2992 67.589
2993 67.589
2994 67.589
2995 67.589
2996 67.589
2997 67.589
2998 67.589
2999 67.589
3000 67.589
3001 67.589
3002 67.589
3003 67.589
3004 67.589
3005 67.589
3006 67.589
3007 67.589
3008 67.589
3009 67.589
3010 67.589
3011 67.589
3012 67.589
3013 67.589
3014 67.589
3015 67.589
3016 67.589
3017 67.589
3018 67.589
3019 67.589
3020 67.589
3021 67.589
3022 67.589
3023 67.589
3024 67.589
3025 67.589
3026 67.589
3027 67.589
3028 67.589
3029 67.589
3030 67.589
3031 67.589
3032 67.589
3033 67.589
3034 67.589
3035 67.589
3036 67.589
3037 67.589
3038 67.589
3039 67.589
3040 67.589
3041 67.589
3042 67.589
3043 67.589
3044 67.589
3045 67.589
3046 67.589
3047 67.589
3048 67.589
3049 67.589
3050 67.589
3051 67.589
3052 67.589
3053 67.589
3054 67.589
3055 67.589
3056 67.589
3057 67.589
3058 67.589
3059 67.589
3060 67.589
3061 67.589
3062 67.589
3063 67.589
3064 67.589
3065 67.589
3066 67.589
3067 67.589
3068 67.589
3069 67.589
3070 67.589
3071 67.589
3072 67.589
3073 67.589
3074 67.589
3075 67.589
3076 67.589
3077 67.589
3078 67.589
3079 67.589
3080 67.589
3081 67.589
3082 67.589
3083 67.589
3084 67.589
3085 67.589
3086 67.589
3087 67.589
3088 67.589
3089 67.589
3090 67.589
3091 67.589
3092 67.589
3093 67.589
3094 67.589
3095 67.589
3096 67.589
3097 67.589
3098 67.589
3099 67.589
3100 67.589
3101 67.589
3102 67.589
3103 67.589
3104 67.589
3105 67.589
3106 67.589
3107 67.589
3108 67.589
3109 67.589
3110 67.589
3111 67.589
3112 67.589
3113 67.589
3114 67.589
3115 67.589
3116 67.589
3117 67.589
3118 67.589
3119 67.589
3120 67.589
3121 67.589
3122 67.589
3123 67.589
3124 67.589
3125 67.589
3126 67.589
3127 67.589
3128 67.589
3129 67.589
3130 67.589
3131 67.589
3132 67.589
3133 67.589
3134 67.589
3135 67.589
3136 67.589
3137 67.589
3138 67.589
3139 67.589
3140 67.589
3141 67.589
3142 67.589
3143 67.589
3144 67.589
3145 67.589
3146 67.589
3147 67.589
3148 67.589
3149 67.589
3150 67.589
3151 67.589
3152 67.589
3153 67.589
3154 67.589
3155 67.589
3156 67.589
3157 67.589
3158 67.589
3159 67.589
3160 67.589
3161 67.589
3162 67.589
3163 67.589
3164 67.589
3165 67.589
3166 67.589
3167 67.589
3168 67.589
3169 67.589
3170 67.589
3171 67.589
3172 67.589
3173 67.589
3174 67.589
3175 67.589
3176 67.589
3177 67.589
3178 67.589
3179 67.589
3180 67.589
3181 67.589
3182 67.589
3183 67.589
3184 67.589
3185 67.589
3186 67.589
3187 67.589
3188 67.589
3189 67.589
3190 67.589
3191 67.589
3192 67.589
3193 67.589
3194 67.589
3195 67.589
3196 67.589
3197 67.589
3198 67.589
3199 67.589
3200 67.589
3201 67.589
3202 67.589
3203 67.589
3204 67.589
3205 67.589
3206 67.589
3207 67.589
3208 67.589
3209 67.589
3210 67.589
3211 67.589
3212 67.589
3213 67.589
3214 67.589
3215 67.589
3216 67.589
3217 67.589
3218 67.589
3219 67.589
3220 67.589
3221 67.589
3222 67.589
3223 67.589
3224 67.589
3225 67.589
3226 67.589
3227 67.589
3228 67.589
3229 67.589
3230 67.589
3231 67.589
3232 67.589
3233 67.589
3234 67.589
3235 67.589
3236 67.589
3237 67.589
3238 67.589
3239 67.589
3240 67.589
3241 67.589
3242 67.589
3243 67.589
3244 67.589
3245 67.589
3246 67.589
3247 67.589
3248 67.589
3249 67.589
3250 67.589
3251 67.589
3252 67.589
3253 67.589
3254 67.589
3255 67.589
3256 67.589
3257 67.589
3258 67.589
3259 67.589
3260 67.589
3261 67.589
3262 67.589
3263 67.589
3264 67.589
3265 67.589
3266 67.589
3267 67.589
3268 67.589
3269 67.589
3270 67.589
3271 67.589
3272 67.589
3273 67.589
3274 67.589
3275 67.589
3276 67.589
3277 67.589
3278 67.589
3279 67.589
3280 67.589
3281 67.589
3282 67.589
3283 67.589
3284 67.589
3285 67.589
3286 67.589
3287 67.589
3288 67.589
3289 67.589
3290 67.589
3291 67.589
3292 67.589
3293 67.589
3294 67.589
3295 67.589
3296 67.589
3297 67.589
3298 67.589
3299 67.589
3300 67.589
3301 67.589
3302 67.589
3303 67.589
3304 67.589
3305 67.589
3306 67.589
3307 67.589
3308 67.589
3309 67.589
3310 67.589
3311 67.589
3312 67.589
3313 67.589
3314 67.589
3315 67.589
3316 67.589
3317 67.589
3318 67.589
3319 67.589
3320 67.589
3321 67.589
3322 67.589
3323 67.589
3324 67.589
3325 67.589
3326 67.589
3327 67.589
3328 67.589
3329 67.589
3330 67.589
3331 67.589
3332 67.589
3333 67.589
3334 67.589
3335 67.589
3336 67.589
3337 67.589
3338 67.589
3339 67.589
3340 67.589
3341 67.589
3342 67.589
3343 67.589
3344 67.589
3345 67.589
3346 67.589
3347 67.589
3348 67.589
3349 67.589
3350 67.589
3351 67.589
3352 67.589
3353 67.589
3354 67.589
3355 67.589
3356 67.589
3357 67.589
3358 67.589
3359 67.589
3360 67.589
3361 67.589
3362 67.589
3363 67.589
3364 67.589
3365 67.589
3366 67.589
3367 67.589
3368 67.589
3369 67.589
3370 67.589
3371 67.589
3372 67.589
3373 67.589
3374 67.589
3375 67.589
3376 67.589
3377 67.589
3378 67.589
3379 67.589
3380 67.589
3381 67.589
3382 67.589
3383 67.589
3384 67.589
3385 67.589
3386 67.589
3387 67.589
3388 67.589
3389 67.589
3390 67.589
3391 67.589
3392 67.589
3393 67.589
3394 67.589
3395 67.589
3396 67.589
3397 67.589
3398 67.589
3399 67.589
3400 67.589
3401 67.589
3402 67.589
3403 67.589
3404 67.589
3405 67.589
3406 67.589
3407 67.589
3408 67.589
3409 67.589
3410 67.589
3411 67.589
3412 67.589
3413 67.589
3414 67.589
3415 67.589
3416 67.589
3417 67.589
3418 67.589
3419 67.589
3420 67.589
3421 67.589
3422 67.589
3423 67.589
3424 67.589
3425 67.589
3426 67.589
3427 67.589
3428 67.589
3429 67.589
3430 67.589
3431 67.589
3432 67.589
3433 67.589
3434 67.589
3435 67.589
3436 67.589
3437 67.589
3438 67.589
3439 67.589
3440 67.589
3441 67.589
3442 67.589
3443 67.589
3444 67.589
3445 67.589
3446 67.589
3447 67.589
3448 67.589
3449 67.589
3450 67.589
3451 67.589
3452 67.589
3453 67.589
3454 67.589
3455 67.589
3456 67.589
3457 67.589
3458 67.589
3459 67.589
3460 67.589
3461 67.589
3462 67.589
3463 67.589
3464 67.589
3465 67.589
3466 67.589
3467 67.589
3468 67.589
3469 67.589
3470 67.589
3471 67.589
3472 67.589
3473 67.589
3474 67.589
3475 67.589
3476 67.589
3477 67.589
3478 67.589
3479 67.589
3480 67.589
3481 67.589
3482 67.589
3483 67.589
3484 67.589
3485 67.589
3486 67.589
3487 67.589
3488 67.589
3489 67.589
3490 67.589
3491 67.589
3492 67.589
3493 67.589
3494 67.589
3495 67.589
3496 67.589
3497 67.589
3498 67.589
3499 67.589
3500 67.589
