0 4.22902 0.082467
1 -0.148311 0.014022
2 11.7957 0.248107
3 -0.0663733 0.00711004
4 0.838211 0.0473024
5 1.333 0.0610051
6 0.749976 0.0151995
7 0.440289 0.0200733
8 6.30748 0.0959296
9 -0.413295 0.00421111
10 -0.306386 0.00601745
11 -0.202535 0.011749
12 -0.315644 0.00469346
13 7.0803 0.166661
14 0.930749 0.0235472
15 0.823981 0.0181808
16 -0.0759914 0.0160681
17 0.0795081 0.0102157
18 1.04787 0.0521304
19 4.17964 0.08856
20 0.601209 0.0410762
21 0.0960911 0.0315132
22 -0.174259 0.0101664
23 3362.95 235.763
24 2.12577 0.0385203
25 1.41839 0.0272194
26 8.80304 0.172175
27 -0.235447 0.00704332
28 -0.291358 0.00733138
29 -0.0753119 0.00733061
30 0.059785 0.00813884
31 2.10778 0.0337266
32 -0.244393 0.00768272
33 0.185918 0.0331192
34 10.1884 0.356729
35 6.1887 0.228334
36 5.97617 0.235941
37 27.0403 0.818619
38 19.1138 0.540142
39 2.92289 0.107452
40 5.23671 0.181836
41 0.145861 0.0269765
42 -0.11283 0.0076334
43 -0.337865 0.0048532
44 3.81535 0.0680167
45 5.60239 0.0827454
46 19.8657 0.0958656
47 44.389 0.703222
48 8.90928 0.238205
49 1.80546 0.0628674
50 -0.204285 0.0113783
51 0.0203393 0.00874086
52 14.3653 0.370274
53 -0.123817 0.0192179
54 3.3997 0.100646
55 -0.141409 0.00727039
56 -0.224835 0.00617614
57 -0.0839925 0.0172994
58 0.24658 0.0112363
59 -0.16009 0.0144248
60 0.0282194 0.0199591
61 6.74982 0.227685
62 -0.202851 0.00663286
63 0.246919 0.0110203
64 7.7776 0.228985
65 -0.228905 0.00960818
66 -0.203659 0.010459
67 0.0772666 0.0251655
68 -0.140359 0.0127435
69 0.0403797 0.0267948
70 2.68853 0.0916289
71 0.225827 0.00917129
72 -0.251295 0.0103453
73 -0.268511 0.00486396
74 -0.241489 0.00534456
75 784.671 63.0929
76 40.5659 1.26931
77 -0.271398 0.00570378
78 1.36364 0.0281992
79 1.25774 0.0218716
80 -0.183534 0.00573671
81 -0.24363 0.00586244
82 0.320176 0.0107774
83 -0.181531 0.00716252
84 0.22688 0.0102119
85 0.394818 0.0122071
86 -0.249202 0.00990034
87 0.258209 0.00971153
88 0.859333 0.0490524
89 0.460939 0.0390797
90 1.39423 0.0701684
91 0.387821 0.0355104
92 0.537182 0.0357731
93 -0.13768 0.0153181
94 -0.247772 0.00604092
95 0.0726811 0.0232696
96 1.59564 0.0784917
97 0.189083 0.0298436
98 2.27945 0.0908159
99 -0.19822 0.0103961
100 0.534806 0.0377343
101 -0.218413 0.00679861
102 -0.250305 0.00483363
103 -0.36138 0.0045852
104 0.626846 0.0261672
105 -0.151689 0.0135431
106 -0.0549282 0.017076
107 1.0366 0.0509995
108 -0.166076 0.0153365
109 -0.155909 0.0148461
110 -0.309779 0.00479102
111 -0.398004 0.00456201
112 -0.0749744 0.00620789
113 5.48762 0.0942287
114 0.852209 0.0116723
115 15.0656 0.315609
116 0.7311 0.00830272
117 1.9756 0.0168971
118 2.75467 0.036378
119 3.7239 0.074073
120 1.25883 0.0142956
121 0.573864 0.0127608
122 1.27594 0.0246474
123 1.27812 0.0227198
124 3.32151 0.0484318
125 1.8894 0.0286448
126 1.50369 0.0294058
127 0.805755 0.0228843
128 3.53397 0.0542728
129 0.79291 0.031105
130 1.10987 0.0243328
131 -0.17337 0.0125122
132 -0.184625 0.011738
133 0.630712 0.0277155
134 -0.305853 0.00769316
135 -0.36111 0.00562602
136 -0.37122 0.00645981
137 -0.14852 0.0118303
138 -0.439286 0.00339024
139 -0.297066 0.00647688
140 -0.0144037 0.0119126
141 -0.445621 0.00259383
142 -0.215071 0.0129525
143 -0.321714 0.00586297
144 -0.393478 0.00305191
145 -0.330102 0.00441788
146 -0.227009 0.00564213
147 -0.190185 0.00904711
148 -0.11717 0.0106793
149 -0.369336 0.0049363
150 -0.3782 0.00494421
151 0.160513 0.0140275
152 -0.401322 0.00341707
153 -0.041779 0.011285
154 -0.130452 0.0094807
155 0.415992 0.0207227
156 0.193698 0.0152554
157 0.201315 0.017733
158 1.4282 0.0309943
159 0.39464 0.0215863
160 -0.130044 0.00887768
161 0.184468 0.0137941
162 -0.410052 0.00440678
163 -0.319067 0.00680073
164 -0.326672 0.00601452
165 -0.401323 0.00444322
166 -0.371284 0.00454057
167 -0.295916 0.00833805
168 -0.34818 0.00590156
169 -0.266489 0.00720639
170 -0.31754 0.00695321
171 -0.26724 0.00739488
172 -0.299179 0.00574104
173 -0.292887 0.00593165
174 -0.350898 0.00451703
175 -0.392237 0.00342404
176 -0.374289 0.00477977
177 -0.359434 0.00476625
178 -0.227692 0.00782033
179 -0.383494 0.00437533
180 -0.277133 0.00681324
181 -0.390411 0.00452462
182 -0.443751 0.00289254
183 -0.434356 0.0029934
184 -0.443706 0.00248277
185 -0.444864 0.0029453
186 -0.431214 0.00369378
187 -0.423838 0.00469932
188 -0.432236 0.00450303
189 -0.429879 0.00359443
190 -0.440762 0.00326981
191 -0.444944 0.00283311
192 -0.424717 0.00301243
193 -0.442008 0.0028056
194 -0.440892 0.00281561
195 -0.42357 0.00370956
196 -0.442433 0.00251713
197 -0.434358 0.00291714
198 -0.427631 0.00371927
199 -0.407798 0.00341333
200 -0.43128 0.00300254
201 -0.421155 0.00329258
202 -0.421009 0.00363494
203 -0.409827 0.00334408
204 -0.420557 0.00403484
205 -0.408294 0.00343692
206 -0.412332 0.00411439
207 -0.424191 0.00384629
208 -0.412914 0.0045348
209 -0.422987 0.00336375
210 -0.424955 0.00374769
211 -0.43133 0.00336933
212 -0.437982 0.00346172
213 -0.438343 0.00358579
214 -0.438524 0.00362152
215 -0.438295 0.00329631
216 -0.431987 0.00372479
217 -0.432642 0.00454612
218 -0.429551 0.00340968
219 -0.435033 0.00365622
220 -0.43122 0.00404351
221 -0.429929 0.00390646
222 -0.433699 0.00360428
223 -0.426408 0.0041938
224 -0.433157 0.00329456
225 -0.434835 0.00326493
226 -0.437707 0.00343726
227 -0.438207 0.00315665
228 -0.434072 0.00373111
229 -0.434532 0.00375401
230 -0.433531 0.00350235
231 -0.436391 0.00287745
232 -0.434806 0.00335181
233 -0.438615 0.00326782
234 -0.440188 0.00284513
235 -0.441115 0.00311238
236 -0.436474 0.00276432
237 -0.438705 0.00326358
238 -0.439215 0.00330816
239 -0.438985 0.00333334
240 -0.433216 0.00336891
241 -0.443249 0.00266439
242 -0.450291 0.00225189
243 -0.442481 0.00335765
244 -0.440564 0.00275701
245 -0.440543 0.00279502
246 -0.442601 0.00277035
247 -0.438615 0.00317534
248 -0.43826 0.00285399
249 -0.441508 0.00289262
250 -0.440941 0.00282342
251 -0.439558 0.00365755
252 -0.4378 0.00319456
253 -0.438609 0.00292487
254 -0.441925 0.00276896
255 -0.43546 0.00282928
256 -0.437266 0.00317978
257 -0.437877 0.00300583
258 -0.441855 0.00278492
259 -0.437422 0.00352598
260 -0.440822 0.00265627
261 -0.442974 0.0032606
262 -0.446035 0.00278732
263 -0.441963 0.00273748
264 -0.441662 0.00293908
265 -0.444414 0.00249382
266 -0.444927 0.00316741
267 -0.44221 0.00289455
268 -0.445413 0.00240441
269 -0.448194 0.0029901
270 -0.442374 0.00247755
271 -0.44318 0.00278608
272 -0.444613 0.00272949
273 -0.442995 0.00258737
274 -0.446916 0.00237919
275 -0.447764 0.00265826
276 -0.437389 0.00307237
277 -0.445535 0.0028407
278 -0.438822 0.00320945
279 -0.441084 0.00290246
280 -0.442746 0.00330419
281 -0.437854 0.00334144
282 -0.438365 0.00267366
283 -0.442126 0.00264664
284 -0.44115 0.0028347
285 -0.439762 0.00264049
286 -0.44186 0.00313652
287 -0.442734 0.0026831
288 -0.443324 0.00317788
289 -0.445924 0.00282809
290 -0.44367 0.00302327
291 -0.445456 0.00291568
292 -0.442865 0.00266679
293 -0.44024 0.00272555
