0 509.814
1 450.099
2 416.868
3 391.31
4 368.736
5 347.684
6 330.015
7 321.218
8 313.748
9 305.376
10 295.389
11 286.008
12 278.351
13 270.826
14 265.219
15 259.898
16 251.16
17 241.423
18 233.576
19 227.069
20 221.834
21 215.621
22 211.905
23 207.837
24 205.388
25 201.382
26 198.094
27 195.392
28 194.316
29 191.869
30 187.282
31 183.696
32 181.79
33 179.191
34 176.273
35 173.05
36 170.573
37 169.541
38 167.644
39 163.83
40 159.003
41 157.158
42 154.943
43 152.497
44 149.693
45 147.455
46 146.547
47 145.099
48 144.024
49 142.188
50 139.361
51 136.128
52 132.434
53 129.567
54 127.402
55 124.542
56 124.639
57 124.688
58 123.092
59 120.886
60 119.119
61 118.151
62 116.845
63 115.405
64 114.546
65 114.008
66 113.244
67 112.704
68 112.19
69 111.847
70 110.12
71 108.654
72 107.402
73 107.296
74 106.85
75 106.185
76 105.666
77 105.048
78 104.297
79 104.635
80 104.927
81 104.214
82 103.174
83 102.209
84 104.855
85 107.017
86 104.917
87 100.831
88 97.8334
89 97.559
90 96.7876
91 96.1244
92 94.8602
93 94.5679
94 94.4488
95 93.635
96 93.2248
97 92.9089
98 92.2665
99 91.427
100 91.2705
101 91.803
102 91.2033
103 92.8803
104 92.7947
105 90.4453
106 87.7484
107 86.8421
108 86.6229
109 86.2095
110 86.0561
111 85.6064
112 84.831
113 84.7471
114 84.4413
115 84.3851
116 83.8227
117 82.7913
118 82.139
119 81.1747
120 80.6918
121 80.1838
122 80.3546
123 79.9855
124 80.601
125 79.761
126 79.9696
127 79.6775
128 79.3397
129 79.0965
130 78.926
131 78.2671
132 77.2656
133 79.0639
134 79.4829
135 78.1551
136 77.1745
137 76.6844
138 76.5765
139 80.0277
140 80.8381
141 78.7762
142 76.8972
143 76.308
144 75.9351
145 75.6626
146 75.3826
147 75.2155
148 75.3643
149 75.5879
150 75.5774
151 75.5407
152 75.0566
153 74.6348
154 74.8295
155 74.6435
156 74.5294
157 74.602
158 74.4145
159 74.158
160 74.5662
161 74.6907
162 74.2842
163 74.5419
164 74.2031
165 74.1829
166 74.1976
167 74.3899
168 74.0075
169 73.8515
170 73.7663
171 74.1108
172 73.9277
173 74.059
174 73.8535
175 73.7057
176 73.8251
177 74.0392
178 73.7234
179 73.6915
180 73.2495
181 73.4221
182 73.0193
183 73.1752
184 73.5064
185 73.1384
186 73.4552
187 73.1858
188 73.2995
189 73.0711
190 72.9875
191 73.1458
192 72.9463
193 72.9302
194 72.8044
195 72.6672
196 73.0632
197 72.9823
198 72.5989
199 72.7147
200 72.762
201 72.6453
202 72.4043
203 72.3508
204 72.7877
205 72.8357
206 72.8592
207 72.3475
208 72.2466
209 72.123
210 72.1742
211 72.0332
212 72.1479
213 72.1048
214 72.3301
215 72.2487
216 71.9449
217 72.1802
218 71.9986
219 72.1453
220 72.0698
221 71.8555
222 71.704
223 71.9055
224 71.7502
225 71.8174
226 72.3072
227 71.7412
228 71.8906
229 71.8635
230 71.7056
231 71.9668
232 71.9792
233 71.9663
234 72.105
235 71.8236
236 71.8057
237 71.3905
238 71.8165
239 72.0663
240 71.9656
241 71.8934
242 71.7216
243 72.066
244 71.8862
245 72.7253
246 72.4229
247 71.9018
248 71.6187
249 71.5969
250 71.5663
251 71.6783
252 71.396
253 71.4557
254 71.4128
255 71.6217
256 71.4083
257 71.5487
258 71.5142
259 72.0398
260 71.5806
261 71.5826
262 71.8159
263 71.2601
264 71.1437
265 71.0526
266 71.0701
267 71.2561
268 71.218
269 71.1666
270 71.0649
271 70.9234
272 71.1774
273 71.141
274 71.1676
275 71.0182
276 70.9392
277 71.0683
278 70.973
279 71.2717
280 70.8632
281 71.0951
282 71.1923
283 71.1585
284 71.5779
285 70.7796
286 70.9496
287 71.1388
288 71.0958
289 70.974
290 71.1494
291 71.3517
292 71.2395
293 70.9859
294 71.1993
295 70.8631
296 71.1944
297 70.871
298 71.1685
299 71.2023
300 71.0852
301 70.9935
302 71.2725
303 71.1795
304 71.1138
305 70.9262
306 71.2365
307 71.0606
308 70.7624
309 70.7601
310 70.9781
311 71.2572
312 70.9128
313 70.7076
314 70.7994
315 70.9566
316 71.2565
317 71.3771
318 71.0993
319 70.9233
320 71.1268
321 71.0501
322 70.8559
323 71.0277
324 71.0337
325 70.9679
326 71.0457
327 71.1133
328 70.9817
329 71.3057
330 70.9961
331 70.9076
332 71.0862
333 71.0249
334 70.9637
335 70.8959
336 70.9402
337 71.0017
338 70.9615
339 71.0135
340 71.1057
341 71.1013
342 71.0307
343 71.0503
344 71.1067
345 71.0968
346 70.8561
347 71.0039
348 70.9976
349 71.0397
350 71.0163
351 70.9601
352 71.0501
353 71.2874
354 71.2034
355 71.1108
356 71.0373
357 71.4715
358 71.1541
359 71.3912
360 70.9857
361 70.9948
362 71.2556
363 70.957
364 70.8649
365 71.2659
366 71.2279
367 71.121
368 71.2157
369 71.0548
370 71.4633
371 71.2051
372 71.4387
373 71.1141
374 71.2928
375 70.9831
376 71.1517
377 71.3804
378 71.2806
379 70.9605
380 71.0306
381 70.8838
382 70.8425
383 70.8787
384 70.9669
385 71.0063
386 70.9038
387 71.1687
388 71.21
389 71.1513
390 71.1083
391 71.1205
392 70.9109
393 71.072
394 71.3689
395 71.5448
396 71.2762
397 71.2215
398 71.3404
399 70.899
400 70.7696
401 71.1005
402 71.0293
403 71.0278
404 71.562
405 71.4023
406 71.2338
407 71.1094
408 71.0151
409 70.767
410 70.9595
411 70.9898
412 71.2726
413 71.2366
414 71.1275
415 71.3753
416 71.2671
417 71.1274
418 71.2502
419 71.0921
420 71.2903
421 70.9598
422 71.2264
423 71.0566
424 71.2953
425 70.9881
426 71.0264
427 71.1031
428 70.9502
429 71.1134
430 71.027
431 71.1199
432 71.1529
433 70.9895
434 71.221
435 71.2701
436 70.9011
437 70.969
438 71.0613
439 70.9645
440 70.9525
441 70.8589
442 71.3318
443 71.2275
444 71.5431
445 71.3575
446 71.112
447 70.9452
448 71.0521
449 70.9575
450 71.1084
451 71.0195
452 70.9677
453 71.2641
454 71.0557
455 71.2788
456 70.9781
457 71.4017
458 70.9747
459 71.0535
460 71.2671
461 71.1881
462 71.1519
463 70.9861
464 71.0974
465 71.2034
466 71.3165
467 71.2338
468 71.2409
469 71.3089
470 71.0234
471 70.9294
472 71.078
473 71.243
474 71.313
475 71.074
476 70.8845
477 71.129
478 71.2113
479 71.3702
480 70.8195
481 70.9335
482 71.3734
483 71.0834
484 71.0566
485 70.9683
486 71.0307
487 71.0327
488 70.9708
489 71.0097
490 70.867
491 71.121
492 71.036
493 70.9631
494 71.4577
495 71.2303
496 71.1195
497 71.0873
498 71.1552
499 71.3596
500 70.9465
501 71.1098
502 71.0122
503 71.4906
504 71.1446
505 71.1732
506 70.9937
507 70.8285
508 70.9581
509 71.0934
510 72.6374
511 71.7249
512 69.7481
513 69.1709
514 69.1877
515 69.2186
516 69.0764
517 69.0966
518 69.2288
519 68.9577
520 68.9866
521 68.7239
522 68.8955
523 69.1467
524 68.7303
525 68.7473
526 68.8842
527 68.9071
528 68.8211
529 68.8319
530 68.9208
531 68.6988
532 68.6163
533 68.7679
534 68.9649
535 69.0354
536 68.7161
537 68.6276
538 68.6523
539 69.4718
540 69.5014
541 69.2312
542 69.112
543 68.7882
544 68.9125
545 68.9028
546 68.5073
547 68.8313
548 69.1144
549 69.1755
550 69.3775
551 69.0005
552 68.63
553 68.8628
554 68.7467
555 68.4846
556 68.6689
557 68.6679
558 68.7659
559 68.9167
560 68.7684
561 68.8926
562 68.537
563 68.4209
564 68.4465
565 68.5087
566 68.5688
567 68.7806
568 68.4856
569 68.585
570 68.5494
571 68.6345
572 68.6103
573 68.4346
574 68.6969
575 68.8406
576 68.3579
577 68.6364
578 68.7008
579 68.4262
580 68.6727
581 68.4494
582 68.3316
583 68.7878
584 68.9083
585 68.6817
586 68.4851
587 68.528
588 68.5802
589 68.6289
590 68.647
591 68.6159
592 68.8321
593 68.5222
594 68.7923
595 68.7727
596 68.4866
597 68.4479
598 68.5169
599 68.5771
600 68.4623
601 68.4408
602 68.4187
603 68.6978
604 68.8016
605 68.6997
606 68.5491
607 68.6533
608 68.4293
609 68.7973
610 68.7106
611 68.2806
612 68.2715
613 68.7553
614 68.6049
615 68.7168
616 68.7455
617 68.4555
618 68.7588
619 68.7196
620 68.4643
621 68.9005
622 68.4116
623 68.7315
624 68.6471
625 68.754
626 68.4401
627 68.4422
628 68.7903
629 68.6956
630 69.0716
631 68.7045
632 68.8853
633 68.7463
634 68.4325
635 68.3198
636 68.5228
637 68.3295
638 68.37
639 68.3011
640 67.8082
641 68.0421
642 68.309
643 68.2189
644 68.3001
645 68.1993
646 68.302
647 68.0262
648 68.235
649 68.2969
650 68.4649
651 68.262
652 68.3555
653 68.4129
654 68.4852
655 68.171
656 68.1444
657 68.164
658 68.3672
659 68.1661
660 67.8163
661 68.1069
662 67.9356
663 68.2953
664 67.9103
665 68.216
666 68.1289
667 68.2894
668 68.2867
669 68.7447
670 68.2321
671 68.3449
672 68.1362
673 68.1693
674 68.3097
675 68.2545
676 68.258
677 68.2156
678 68.599
679 68.2235
680 68.1133
681 67.9873
682 68.2127
683 68.508
684 68.1932
685 68.5469
686 68.3338
687 68.254
688 68.1938
689 68.1711
690 68.6296
691 68.4546
692 68.4123
693 68.6389
694 68.4672
695 68.2628
696 68.241
697 68.0389
698 67.9779
699 68.1214
700 67.9193
701 68.3506
702 68.1037
703 68.3421
704 68.3733
705 68.359
706 68.4796
707 68.5274
708 68.4042
709 68.1425
710 68.3888
711 68.2284
712 68.3946
713 68.0263
714 68.3056
715 68.2409
716 68.2589
717 68.3194
718 68.3317
719 68.1813
720 68.2378
721 68.1799
722 68.3394
723 67.9118
724 68.1252
725 68.3359
726 68.3244
727 68.0605
728 68.2521
729 68.3336
730 68.3208
731 68.4666
732 68.6188
733 68.6387
734 68.1871
735 68.0145
736 68.1663
737 68.2587
738 68.1594
739 67.9818
740 68.1499
741 68.1878
742 68.1216
743 68.1518
744 68.2137
745 68.5734
746 68.4991
747 68.3
748 68.3529
749 68.4613
750 68.4966
751 68.3679
752 68.4537
753 68.4747
754 68.5554
755 68.0017
756 68.3975
757 68.2854
758 68.5065
759 68.3745
760 68.1106
761 68.0388
762 67.9728
763 67.7491
764 67.6744
765 67.7612
766 68.4399
767 68.073
768 68.2058
769 68.0141
770 67.8675
771 67.8247
772 67.7787
773 67.5869
774 67.9579
775 67.8897
776 67.9111
777 67.9956
778 67.7495
779 67.7877
780 67.842
781 67.7476
782 67.94
783 67.8112
784 67.555
785 67.8146
786 67.9398
787 67.72
788 67.8995
789 67.3929
790 67.6028
791 67.4844
792 67.7858
793 67.9298
794 67.9982
795 67.6332
796 67.7702
797 67.8303
798 67.728
799 67.9552
800 68.1239
801 67.9184
802 67.8204
803 67.7162
804 67.9672
805 67.8117
806 67.7944
807 67.668
808 67.4265
809 67.9399
810 67.9484
811 67.7743
812 67.8797
813 67.848
814 67.7495
815 67.6418
816 67.7319
817 67.6064
818 67.3464
819 67.6729
820 67.4984
821 67.6034
822 67.7057
823 67.5363
824 67.6377
825 67.7215
826 67.898
827 68.0625
828 68.0859
829 68.2231
830 67.7076
831 67.7169
832 67.5467
833 68.064
834 68.0604
835 67.964
836 67.6725
837 67.596
838 67.7866
839 67.7053
840 67.7008
841 67.6231
842 67.9684
843 67.4315
844 67.7894
845 67.8844
846 67.8045
847 67.8105
848 67.7984
849 67.7512
850 67.7286
851 67.9332
852 67.4383
853 67.8931
854 68.1107
855 67.4239
856 67.8628
857 67.5637
858 67.6627
859 67.7681
860 67.828
861 67.6512
862 67.8004
863 67.5053
864 67.7279
865 67.62
866 67.6898
867 67.7282
868 68.0176
869 67.6025
870 67.7179
871 67.9091
872 67.4664
873 67.526
874 67.5469
875 67.9867
876 67.6669
877 67.4277
878 67.2328
879 66.8277
880 67.1355
881 67.0515
882 66.991
883 67.0012
884 67.0597
885 66.9305
886 67.2377
887 66.9221
888 66.982
889 67.023
890 67.0193
891 66.9065
892 66.8378
893 66.8385
894 67.1333
895 67.375
896 67.2199
897 67.1469
898 66.7416
899 66.902
900 66.8737
901 66.8749
902 66.9629
903 66.8846
904 67.1282
905 66.9883
906 67.1099
907 66.9663
908 66.859
909 67.0184
910 66.7987
911 67.1748
912 67.3124
913 66.9702
914 67.1532
915 67.1355
916 66.9032
917 67.2353
918 67.1219
919 67.2011
920 66.9386
921 67.0233
922 67.1352
923 66.9134
924 67.2507
925 67.3782
926 66.8932
927 67.0611
928 66.959
929 66.9668
930 67.1389
931 67.302
932 67.0825
933 66.991
934 66.9456
935 67.1895
936 67.1844
937 67.1214
938 67.1858
939 66.8625
940 67.0065
941 66.9176
942 66.771
943 67.0041
944 66.7765
945 66.7324
946 67.2774
947 66.9775
948 67.3453
949 67.2882
950 67.1552
951 67.1518
952 67.2781
953 67.0692
954 66.8042
955 66.9321
956 66.8691
957 67.1545
958 66.9838
959 66.7551
960 66.9337
961 67.0443
962 67.1007
963 66.627
964 66.9792
965 66.8213
966 66.9015
967 66.7716
968 66.9493
969 67.243
970 67.2334
971 67.1226
972 67.0677
973 66.851
974 66.9689
975 67.065
976 66.804
977 66.9731
978 66.8576
979 67.1665
980 67.2646
981 67.3377
982 67.1597
983 67.1733
984 66.9415
985 67.0636
986 67.1141
987 67.2255
988 67.409
989 66.8553
990 67.0292
991 67.1829
992 67.0542
993 66.9316
994 67.2486
995 66.8872
996 66.7066
997 67.3808
998 67.4322
999 66.8681
1000 67.0876
1001 66.9697
1002 66.9833
1003 66.4909
1004 66.9663
1005 66.9395
1006 66.9215
1007 67.299
1008 66.7437
1009 66.7541
1010 66.9437
1011 67.129
1012 66.9481
1013 67.1732
1014 67.0771
1015 67.1137
1016 67.4385
1017 67.1808
1018 66.9924
1019 66.9363
1020 67.2062
1021 66.9921
1022 67.1676
1023 67.3553
1024 67.1181
1025 67.0652
1026 67.0245
1027 66.8518
1028 67.005
1029 66.8001
1030 66.9237
1031 66.9456
1032 66.9621
1033 66.9174
1034 67.348
1035 67.0181
1036 66.8193
1037 66.9414
1038 67.0007
1039 67.0856
1040 67.1456
1041 67.1007
1042 67.0704
1043 66.9027
1044 67.2085
1045 67.3804
1046 66.8386
1047 66.8422
1048 67.1584
1049 67.3956
1050 67.1512
1051 67.1055
1052 66.6917
1053 66.5748
1054 66.9211
1055 67.0252
1056 67.1333
1057 66.8933
1058 66.8006
1059 67.0946
1060 67.1685
1061 67.0742
1062 66.9815
1063 67.1767
1064 66.92
1065 67.0161
1066 66.8656
1067 66.8298
1068 67.0202
1069 66.917
1070 66.9405
1071 66.7186
1072 67.1285
1073 67.0705
1074 66.8034
1075 67.0707
1076 67.1009
1077 67.3507
1078 66.9346
1079 67.1626
1080 66.6776
1081 67.0468
1082 67.0464
1083 67.0167
1084 66.9741
1085 67.1513
1086 66.7649
1087 66.9675
1088 67.1146
1089 67.141
1090 66.8285
1091 66.9825
1092 66.8075
1093 66.9694
1094 66.9609
1095 67.0501
1096 67.0216
1097 66.992
1098 67.0174
1099 66.867
1100 67.0324
1101 67.1398
1102 67.0984
1103 67.1003
1104 67.1349
1105 66.9995
1106 67.0084
1107 66.6725
1108 66.6624
1109 66.7856
1110 66.7201
1111 66.7296
1112 66.7563
1113 67.0325
1114 66.8705
1115 66.9581
1116 66.9509
1117 67.1257
1118 67.2029
1119 67.3306
1120 67.0203
1121 66.9674
1122 66.8837
1123 66.6981
1124 66.8635
1125 66.6797
1126 66.967
1127 67.2
1128 66.8884
1129 67.0245
1130 66.8597
1131 67.1488
1132 66.5817
1133 67.0591
1134 67.0373
1135 66.6869
1136 66.6157
1137 66.5467
1138 66.3965
1139 66.7757
1140 66.6513
1141 66.8282
1142 66.7236
1143 66.5991
1144 66.794
1145 66.6254
1146 66.4422
1147 66.8273
1148 66.8844
1149 67.1314
1150 67.2227
1151 67.0735
1152 67.1942
1153 66.9608
1154 66.8548
1155 66.9656
1156 66.9516
1157 66.9177
1158 66.565
1159 66.9243
1160 66.8692
1161 66.8102
1162 66.6524
1163 66.8477
1164 66.671
1165 66.8329
1166 66.8337
1167 67.205
1168 66.8966
1169 66.7722
1170 66.8231
1171 66.8514
1172 66.9962
1173 66.9698
1174 66.921
1175 66.7094
1176 66.5127
1177 66.7427
1178 66.7982
1179 66.773
1180 66.6592
1181 66.7262
1182 66.7672
1183 66.6613
1184 66.6831
1185 66.5527
1186 66.5954
1187 66.6862
1188 66.8149
1189 66.5047
1190 66.6531
1191 66.3485
1192 66.319
1193 66.7422
1194 66.7944
1195 66.7116
1196 66.9053
1197 66.631
1198 66.844
1199 66.7085
1200 66.8969
1201 66.8465
1202 67.1346
1203 67.1436
1204 66.7795
1205 66.5184
1206 66.9444
1207 67.1269
1208 66.8955
1209 66.838
1210 67.1116
1211 66.836
1212 66.9127
1213 66.9181
1214 66.9744
1215 66.5255
1216 66.8778
1217 66.9037
1218 67.0093
1219 66.6927
1220 66.7027
1221 66.6401
1222 67.1956
1223 66.6748
1224 66.5898
1225 66.6859
1226 66.7936
1227 67.4867
1228 66.8348
1229 66.6277
1230 66.6061
1231 66.721
1232 66.7364
1233 66.7871
1234 66.9255
1235 66.8265
1236 66.611
1237 66.6087
1238 67.2335
1239 67.167
1240 66.8588
1241 66.8934
1242 66.7032
1243 66.6583
1244 66.748
1245 66.6811
1246 66.6906
1247 66.6291
1248 66.4209
1249 66.6371
1250 66.8785
1251 66.8387
1252 67.0454
1253 66.7687
1254 66.7193
1255 66.6881
1256 66.6248
1257 67.0079
1258 66.6868
1259 66.5215
1260 66.5467
1261 67.2309
1262 67.2193
1263 67.3287
1264 66.8775
1265 66.4896
1266 66.7845
1267 66.5958
1268 66.8084
1269 66.606
1270 66.9846
1271 66.664
1272 66.7687
1273 66.7749
1274 66.86
1275 66.6647
1276 66.7178
1277 66.8945
1278 66.7383
1279 66.9765
1280 66.7041
1281 66.9144
1282 67.0261
1283 66.8495
1284 67.0486
1285 66.8276
1286 66.8845
1287 66.8718
1288 66.634
1289 66.5269
1290 66.6355
1291 66.8711
1292 66.6202
1293 66.7357
1294 66.6331
1295 66.6083
1296 66.3774
1297 66.6976
1298 66.9179
1299 66.7656
1300 66.7197
1301 66.886
1302 66.7907
1303 66.7689
1304 66.7151
1305 67.1888
1306 67.031
1307 66.6325
1308 66.6308
1309 66.5617
1310 66.8277
1311 66.8713
1312 66.9119
1313 66.6474
1314 66.769
1315 66.5204
1316 66.7394
1317 66.4829
1318 66.6115
1319 66.7453
1320 66.7119
1321 66.7098
1322 66.7277
1323 67.1745
1324 67.3524
1325 66.921
1326 66.8176
1327 66.571
1328 66.7621
1329 66.8512
1330 66.6945
1331 66.6803
1332 66.8982
1333 66.8764
1334 66.7476
1335 66.4316
1336 66.7553
1337 66.7874
1338 66.8747
1339 66.9972
1340 66.9731
1341 66.9232
1342 66.8182
1343 66.7312
1344 67.002
1345 66.8399
1346 66.8154
1347 66.7156
1348 66.792
1349 66.4932
1350 66.4159
1351 66.9476
1352 67.06
1353 66.8139
1354 66.8763
1355 66.657
1356 66.8865
1357 66.7513
1358 66.8657
1359 67.319
1360 67.3554
1361 67.116
1362 66.8496
1363 66.7375
1364 66.667
1365 66.814
1366 66.751
1367 66.8108
1368 66.9133
1369 66.9865
1370 67.1423
1371 66.5604
1372 66.4764
1373 66.8197
1374 66.7211
1375 66.5243
1376 66.7736
1377 67.1331
1378 66.8705
1379 66.7748
1380 66.7973
1381 66.8719
1382 67.1056
1383 66.7954
1384 66.8363
1385 66.775
1386 66.9727
1387 66.8569
1388 66.8721
1389 66.8286
1390 66.8487
1391 66.9298
1392 66.8152
1393 66.7887
1394 66.7202
1395 66.6137
1396 66.7318
1397 66.7052
1398 66.9442
1399 66.806
1400 66.7848
1401 66.6546
1402 66.6977
1403 66.4703
1404 66.356
1405 66.737
1406 66.7277
1407 67.1735
1408 66.7672
1409 66.7627
1410 66.7155
1411 66.8974
1412 66.5776
1413 66.728
1414 66.7286
1415 66.4531
1416 66.731
1417 66.8387
1418 66.8671
1419 66.8603
1420 66.7977
1421 66.9426
1422 66.6753
1423 66.538
1424 66.9432
1425 66.6018
1426 66.3852
1427 66.5192
1428 66.6749
1429 66.7511
1430 66.9893
1431 66.7646
1432 66.4565
1433 66.701
1434 66.6505
1435 66.6847
1436 66.8428
1437 66.9652
1438 66.5997
1439 66.8461
1440 70.4635
1441 70.6317
1442 68.198
1443 67.279
1444 66.5905
1445 66.6668
1446 66.6123
1447 66.4551
1448 66.4363
1449 66.304
1450 66.4657
1451 66.5469
1452 66.2395
1453 66.2823
1454 66.4318
1455 66.6183
1456 66.5863
1457 66.2736
1458 66.2823
1459 66.3136
1460 66.3992
1461 66.3547
1462 66.4799
1463 66.7488
1464 66.5938
1465 66.6271
1466 66.4686
1467 66.3445
1468 66.3028
1469 66.5306
1470 66.4953
1471 66.1112
1472 66.381
1473 66.5358
1474 66.9117
1475 66.8997
1476 66.9455
1477 66.9169
1478 66.7212
1479 66.4313
1480 66.6012
1481 66.43
1482 66.5097
1483 66.3607
1484 66.8192
1485 66.7361
1486 66.5852
1487 66.4663
1488 66.4027
1489 66.3092
1490 66.3045
1491 66.27
1492 66.3388
1493 66.3633
1494 66.5996
1495 66.3998
1496 66.1112
1497 66.5088
1498 66.5681
1499 66.6915
1500 66.7213
1501 66.6722
1502 66.5213
1503 66.357
1504 66.3801
1505 66.5955
1506 66.5196
1507 66.5321
1508 66.5672
1509 66.5498
1510 66.4597
1511 66.5821
1512 66.4778
1513 66.7212
1514 66.3927
1515 66.6656
1516 66.9056
1517 66.1636
1518 66.7452
1519 66.6234
1520 66.4205
1521 66.4128
1522 66.5074
1523 66.622
1524 66.7845
1525 66.8858
1526 66.6978
1527 66.6372
1528 66.4402
1529 66.4815
1530 66.6209
1531 66.2163
1532 66.242
1533 66.5284
1534 66.4759
1535 66.433
1536 66.7128
1537 66.3964
1538 66.395
1539 66.4222
1540 66.6825
1541 66.6016
1542 66.5145
1543 66.6252
1544 66.6781
1545 66.6058
1546 66.3556
1547 66.5782
1548 66.2354
1549 66.5197
1550 66.6802
1551 66.2454
1552 66.4876
1553 66.5088
1554 66.2637
1555 66.7209
1556 66.6329
1557 66.7099
1558 66.3767
1559 66.666
1560 66.3823
1561 66.4912
1562 66.4378
1563 66.6053
1564 66.3429
1565 66.6114
1566 66.4242
1567 66.4863
1568 66.4126
1569 66.4319
1570 66.3721
1571 66.4435
1572 66.2471
1573 66.5637
1574 66.2427
1575 66.4064
1576 66.9232
1577 66.4915
1578 66.6499
1579 66.5128
1580 66.4788
1581 66.4852
1582 66.585
1583 66.4639
1584 66.729
1585 66.7086
1586 66.4632
1587 66.6696
1588 66.7066
1589 66.2402
1590 66.5193
1591 66.7266
1592 66.4006
1593 66.8029
1594 66.5848
1595 66.2894
1596 66.5441
1597 66.5867
1598 66.3145
1599 66.4477
1600 66.4149
1601 66.52
1602 66.379
1603 66.4487
1604 66.3534
1605 66.3967
1606 66.54
1607 66.642
1608 66.806
1609 66.6786
1610 66.3312
1611 66.203
1612 66.324
1613 66.6466
1614 66.6013
1615 66.3436
1616 66.4295
1617 66.5823
1618 66.7335
1619 66.2285
1620 69.666
1621 70.3665
1622 68.3963
1623 66.8465
1624 66.4186
1625 66.1033
1626 65.852
1627 65.9135
1628 65.9849
1629 65.8442
1630 65.7753
1631 66.0366
1632 66.0944
1633 65.6046
1634 65.9075
1635 65.9151
1636 65.8411
1637 65.8686
1638 66.1062
1639 66.0835
1640 65.9012
1641 65.8845
1642 65.9858
1643 65.836
1644 65.6886
1645 65.9389
1646 66.1174
1647 65.879
1648 65.7948
1649 66.2163
1650 66.3898
1651 66.0853
1652 65.7951
1653 65.9276
1654 65.9613
1655 65.91
1656 65.8651
1657 65.8355
1658 65.6173
1659 65.9542
1660 65.815
1661 66.1504
1662 66.3096
1663 65.8626
1664 66.0288
1665 65.9931
1666 66.1612
1667 65.8815
1668 65.6519
1669 65.8707
1670 66.0114
1671 66.0246
1672 65.7768
1673 65.9336
1674 65.8169
1675 66.2829
1676 65.7422
1677 65.9802
1678 66.0452
1679 65.9288
1680 65.7171
1681 66.1119
1682 66.4178
1683 66.048
1684 66.0668
1685 65.766
1686 65.8258
1687 65.9548
1688 66.0444
1689 65.9275
1690 65.5215
1691 65.8157
1692 65.6016
1693 65.7681
1694 65.8573
1695 65.8417
1696 65.8333
1697 66.0476
1698 66.0347
1699 65.8224
1700 65.919
1701 65.8285
1702 65.8668
1703 65.9041
1704 65.7261
1705 65.9235
1706 65.8996
1707 65.7998
1708 65.8558
1709 65.8191
1710 65.8202
1711 65.8052
1712 66.1752
1713 65.5654
1714 65.8637
1715 65.7078
1716 65.7571
1717 65.8309
1718 65.7768
1719 65.9146
1720 65.7068
1721 66.0156
1722 65.9292
1723 66.1152
1724 65.9979
1725 66.0248
1726 66.1249
1727 65.8101
1728 65.7036
1729 65.73
1730 65.8772
1731 66.1201
1732 65.7511
1733 66.0227
1734 66.0347
1735 65.7011
1736 65.6474
1737 66.0399
1738 66.042
1739 65.8033
1740 66.2803
1741 65.6891
1742 66.0164
1743 65.7604
1744 65.9932
1745 66.0209
1746 66.0655
1747 65.868
1748 66.1418
1749 65.795
1750 65.8909
1751 66.0097
1752 66.3622
1753 65.8038
1754 65.8867
1755 66.2178
1756 65.7738
1757 66.2631
1758 65.8017
1759 65.9786
1760 65.5664
1761 65.8076
1762 65.9131
1763 65.7862
1764 66.0517
1765 65.9901
1766 65.8835
1767 65.765
1768 65.8775
1769 65.7176
1770 66.2254
1771 65.5959
1772 65.7355
1773 65.7079
1774 65.7467
1775 65.7641
1776 65.6968
1777 65.6985
1778 65.9303
1779 65.9276
1780 65.8539
1781 65.8792
1782 65.979
1783 66.1816
1784 66.1427
1785 65.9378
1786 65.8329
1787 65.7624
1788 65.7703
1789 65.8196
1790 65.7999
1791 66.3131
1792 66.0116
1793 66.1128
1794 65.6778
1795 65.7948
1796 65.6659
1797 65.9392
1798 65.8873
1799 65.9071
1800 66.0507
1801 65.748
1802 65.7257
1803 65.9804
1804 65.9462
1805 66.4652
1806 66.0786
1807 65.7541
1808 65.7639
1809 65.7888
1810 66.1449
1811 65.6999
1812 65.8299
1813 65.7135
1814 65.8515
1815 65.6835
1816 65.6511
1817 65.8159
1818 65.9723
1819 66.0194
1820 65.8838
1821 65.7103
1822 65.7933
1823 65.8841
1824 66.2362
1825 65.8441
1826 65.9578
1827 66.2131
1828 66.0602
1829 65.6806
1830 66.0059
1831 66.0101
1832 65.8821
1833 65.832
1834 66.1634
1835 65.9179
1836 65.6865
1837 65.8342
1838 65.593
1839 65.9747
1840 65.7137
1841 65.7183
1842 66.0596
1843 66.3342
1844 66.3807
1845 66.1169
1846 66.3488
1847 65.7591
1848 65.713
1849 65.8711
1850 66.081
1851 65.9013
1852 65.6857
1853 66.1518
1854 66.0469
1855 65.7677
1856 65.9011
1857 65.9773
1858 65.9641
1859 66.0414
1860 65.7483
1861 65.6427
1862 65.9229
1863 66.0347
1864 65.9882
1865 65.6815
1866 65.8744
1867 65.619
1868 65.851
1869 65.8682
1870 66.1065
1871 66.0681
1872 65.9771
1873 65.7015
1874 65.6974
1875 65.8212
1876 66.4361
1877 65.9411
1878 65.743
1879 66.0449
1880 65.8896
1881 66.252
1882 66.4646
1883 65.7988
1884 66.1189
1885 66.063
1886 66.0942
1887 66.0198
1888 65.8914
1889 66.0549
1890 65.7634
1891 66.3153
1892 66.173
1893 65.9816
1894 65.8751
1895 65.6165
1896 65.8839
1897 65.9186
1898 65.9882
1899 65.8696
1900 66.1975
1901 66.2045
1902 66.0064
1903 66.1475
1904 65.9461
1905 66.0181
1906 66.1237
1907 66.1651
1908 66.2879
1909 65.6745
1910 65.9738
1911 66.3444
1912 66.0731
1913 65.9223
1914 65.7326
1915 66.0843
1916 66.1318
1917 66.2977
1918 66.4153
1919 66.0174
1920 66.1388
1921 65.6564
1922 65.5255
1923 65.8576
1924 66.0155
1925 65.5899
1926 65.7415
1927 65.8112
1928 65.8579
1929 65.7922
1930 66.1032
1931 65.7513
1932 65.4584
1933 65.9807
1934 66.1312
1935 65.8854
1936 66.286
1937 65.5626
1938 65.8584
1939 66.0011
1940 65.9872
1941 66.0795
1942 65.9858
1943 65.7453
1944 65.6212
1945 65.9668
1946 65.8014
1947 65.8396
1948 65.9109
1949 66.0118
1950 65.6527
1951 65.607
1952 65.9136
1953 65.9394
1954 65.8897
1955 65.8537
1956 65.9358
1957 66.0054
1958 65.8849
1959 65.859
1960 66.0412
1961 66.0978
1962 66.0401
1963 65.9871
1964 65.7448
1965 66.0135
1966 66.2898
1967 65.8196
1968 65.8636
1969 65.9299
1970 66.0467
1971 66.0153
1972 65.8573
1973 65.6239
1974 65.9498
1975 66.0789
1976 66.0525
1977 65.6182
1978 65.8331
1979 65.7775
1980 65.8011
1981 66.019
1982 65.9037
1983 65.9163
1984 65.8706
1985 65.7984
1986 65.9591
1987 66.1147
1988 66.2993
1989 65.8985
1990 65.3746
1991 65.6471
1992 65.6648
1993 65.7519
1994 65.9169
1995 66.0056
1996 66.136
1997 66.0622
1998 66.2154
1999 66.3385
2000 66.0532
2001 65.6278
2002 66.0016
2003 65.9056
2004 65.6603
2005 66.389
2006 65.8346
2007 65.7331
2008 66.0577
2009 65.9971
2010 65.9305
2011 65.9385
2012 65.698
2013 66.1689
2014 65.7155
2015 65.2222
2016 65.8617
2017 66.0662
2018 66.1017
2019 65.9776
2020 66.2465
2021 65.9229
2022 65.962
2023 65.9862
2024 65.8486
2025 65.7506
2026 65.681
2027 65.8529
2028 65.9537
2029 65.9708
2030 66.1424
2031 65.8476
2032 65.74
2033 65.8011
2034 66.416
2035 65.9467
2036 66.0072
2037 65.9302
2038 65.7519
2039 66.0847
2040 66.1989
2041 66.3503
2042 66.0086
2043 66.0441
2044 66.1756
2045 66.0254
2046 65.9562
2047 66.1759
2048 65.8156
2049 65.904
2050 65.9318
2051 65.8019
2052 66.2064
2053 65.9802
2054 65.5975
2055 65.9145
2056 66.0026
2057 65.9207
2058 66.0499
2059 66.2644
2060 66.2896
2061 66.203
2062 65.9698
2063 65.7941
2064 65.9102
2065 65.6429
2066 65.783
2067 65.9567
2068 66.1817
2069 66.2518
2070 65.9162
2071 65.8318
2072 66.4706
2073 65.8804
2074 65.7951
2075 65.5706
2076 65.8416
2077 65.8587
2078 65.7798
2079 65.8876
2080 65.6353
2081 65.7263
2082 66.2618
2083 65.8684
2084 66.0424
2085 65.9447
2086 66.2375
2087 65.9106
2088 65.7784
2089 66.0771
2090 65.7384
2091 65.9727
2092 65.8594
2093 65.8995
2094 65.5587
2095 65.875
2096 65.8309
2097 65.9024
2098 66.0516
2099 65.8381
2100 66.0502
2101 66.0267
2102 66.2704
2103 65.9851
2104 66.0025
2105 66.1713
2106 65.9344
2107 65.8999
2108 66.0566
2109 65.9549
2110 65.9368
2111 65.9706
2112 65.8865
2113 65.5597
2114 65.5293
2115 65.6828
2116 66.2764
2117 66.1705
2118 66.0935
2119 65.8455
2120 65.8503
2121 66.0166
2122 65.7313
2123 65.7205
2124 66.0022
2125 66.2743
2126 66.2757
2127 66.0781
2128 65.7083
2129 66.2948
2130 65.9354
2131 66.0319
2132 65.976
2133 66.1832
2134 65.9867
2135 65.8407
2136 65.6015
2137 65.7593
2138 65.9644
2139 65.7612
2140 65.6509
2141 65.9443
2142 66.0741
2143 65.9721
2144 65.6947
2145 65.8534
2146 66.0038
2147 66.1417
2148 65.838
2149 65.689
2150 66.1509
2151 65.8905
2152 65.9715
2153 66.0352
2154 65.7282
2155 65.9679
2156 66.1683
2157 65.9291
2158 65.8919
2159 65.8847
2160 65.7938
2161 65.6612
2162 65.8476
2163 66.2883
2164 66.1261
2165 66.0877
2166 65.4603
2167 65.5911
2168 65.9798
2169 65.9222
2170 66.1234
2171 66.1595
2172 65.8987
2173 65.866
2174 65.7918
2175 65.94
2176 65.9951
2177 65.7144
2178 65.7426
2179 66.0527
2180 66.0598
2181 66.1351
2182 66.4142
2183 65.9538
2184 65.8861
2185 65.7703
2186 65.8373
2187 65.7162
2188 65.9422
2189 66.4725
2190 66.0728
2191 65.7995
2192 66.1217
2193 65.9771
2194 65.7218
2195 65.699
2196 65.7167
2197 65.822
2198 65.7565
2199 65.8298
2200 65.7594
2201 65.9237
2202 65.7105
2203 65.8989
2204 66.0027
2205 66.3109
2206 65.9228
2207 65.8356
2208 65.7853
2209 66.0026
2210 65.8567
2211 65.766
2212 66.1081
2213 65.8784
2214 65.7464
2215 65.9598
2216 65.9398
2217 65.7534
2218 65.8952
2219 66.0303
2220 66.1127
2221 65.9356
2222 65.8034
2223 65.8372
2224 66.0252
2225 65.6984
2226 65.6114
2227 65.7879
2228 65.8295
2229 66.1874
2230 66.2019
2231 65.8271
2232 66.0087
2233 66.0274
2234 65.6399
2235 65.7455
2236 65.6407
2237 65.8357
2238 65.8825
2239 65.9389
2240 65.9887
2241 66.0695
2242 65.7783
2243 66.1133
2244 66.4246
2245 66.3958
2246 65.9102
2247 66.0124
2248 65.8939
2249 66.1646
2250 66.0712
2251 66.1153
2252 66.146
2253 65.9654
2254 65.894
2255 66.161
2256 66.1161
2257 65.9151
2258 65.6713
2259 66.1174
2260 66.0286
2261 65.8465
2262 65.6567
2263 66.0413
2264 66.0429
2265 65.7425
2266 65.9168
2267 65.9045
2268 65.9656
2269 65.8562
2270 65.882
2271 65.8674
2272 65.751
2273 66.0455
2274 65.9899
2275 65.9787
2276 66.0865
2277 65.9513
2278 65.9857
2279 65.8209
2280 65.853
2281 65.6729
2282 66.1649
2283 66.067
2284 65.6394
2285 65.8475
2286 66.0315
2287 65.775
2288 65.9853
2289 65.7565
2290 65.7107
2291 65.5985
2292 65.7207
2293 66.2073
2294 66.1602
2295 65.8964
2296 65.7975
2297 65.756
2298 66.0222
2299 65.812
2300 65.9126
2301 65.9252
2302 65.9623
2303 66.1534
2304 66.1519
2305 66.0352
2306 65.8596
2307 66.0722
2308 66.0779
2309 65.8804
2310 66.1427
2311 66.1623
2312 66.0761
2313 65.8948
2314 65.8821
2315 65.6956
2316 65.8166
2317 65.6808
2318 65.7149
2319 65.9499
2320 66.0558
2321 66.0997
2322 66.0388
2323 66.1943
2324 66.2174
2325 66.0142
2326 65.5712
2327 66.2337
2328 66.359
2329 65.8913
2330 66.0039
2331 65.8493
2332 65.7484
2333 66.0134
2334 66.5677
2335 66.1193
2336 66.016
2337 65.9411
2338 66.2884
2339 65.816
2340 65.6659
2341 65.8447
2342 65.6981
2343 66.1943
2344 65.7272
2345 65.7793
2346 65.6178
2347 65.8809
2348 65.6968
2349 65.9743
2350 65.7082
2351 66.0133
2352 66.1275
2353 65.9785
2354 65.9042
2355 65.9686
2356 65.8545
2357 65.9545
2358 66.132
2359 65.6833
2360 66.1884
2361 66.0309
2362 66.1129
2363 65.9993
2364 65.729
2365 65.6989
2366 65.9855
2367 65.8588
2368 66.0394
2369 66.177
2370 66.3862
2371 66.1238
2372 66.2558
2373 66.0763
2374 65.9836
2375 66.1104
2376 65.7215
2377 66.104
2378 66.1484
2379 65.7965
2380 65.8598
2381 65.7987
2382 65.7386
2383 65.9063
2384 65.9673
2385 66.1825
2386 65.9725
2387 65.7372
2388 65.8643
2389 65.777
2390 65.9404
2391 66.0137
2392 65.8379
2393 66.1665
2394 65.9748
2395 66.0059
2396 66.0137
2397 65.8368
2398 65.9813
2399 66.0816
2400 65.9963
2401 65.9914
2402 65.8428
2403 65.8689
2404 65.5767
2405 66.1218
2406 66.2185
2407 66.1877
2408 65.7699
2409 65.6713
2410 66.0043
2411 65.7103
2412 65.6414
2413 65.9316
2414 66.2817
2415 65.973
2416 65.9731
2417 66.0955
2418 65.9893
2419 66.0392
2420 65.7113
2421 65.6914
2422 65.7904
2423 65.9969
2424 66.1959
2425 65.9128
2426 65.701
2427 65.5608
2428 65.5966
2429 65.8403
2430 65.8226
2431 65.9789
2432 66.1811
2433 65.8492
2434 65.9285
2435 66.0373
2436 66.0195
2437 65.9083
2438 66.1255
2439 66.0106
2440 66.0034
2441 66.2008
2442 66.0055
2443 65.9816
2444 65.871
2445 65.9109
2446 65.78
2447 66.0702
2448 65.9556
2449 65.918
2450 65.9992
2451 65.7146
2452 65.9859
2453 65.9366
2454 65.9246
2455 65.8132
2456 66.118
2457 66.0627
2458 65.7686
2459 66.0791
2460 65.8964
2461 66.0558
2462 66.0774
2463 66.0253
2464 65.8274
2465 65.9093
2466 65.8132
2467 65.767
2468 65.9664
2469 66.1953
2470 66.3419
2471 66.2972
2472 66.033
2473 66.1081
2474 66.024
2475 65.9814
2476 66.118
2477 65.9431
2478 65.7157
2479 65.8344
2480 66.1405
2481 66.0153
2482 65.8761
2483 65.9726
2484 65.953
2485 65.6897
2486 65.7704
2487 65.9231
2488 65.7552
2489 65.7611
2490 66.094
2491 65.6383
2492 65.4821
2493 65.8991
2494 65.8289
2495 66.0577
2496 66.2742
2497 66.2456
2498 65.9598
2499 65.9906
2500 66.0359
2501 66.0471
2502 65.9725
2503 65.9046
2504 65.9471
2505 65.9247
2506 65.7461
2507 65.6102
2508 65.9204
2509 66.027
2510 66.104
2511 65.9955
2512 65.8617
2513 66.0572
2514 65.9391
2515 65.8183
2516 65.775
2517 65.8769
2518 65.7377
2519 65.6844
2520 65.7597
2521 65.8598
2522 65.7706
2523 65.6947
2524 66.2763
2525 66.2231
2526 66.2451
2527 65.7043
2528 65.6833
2529 66.0721
2530 66.0311
2531 66.0923
2532 66.2696
2533 65.8784
2534 66.252
2535 65.977
2536 66.0367
2537 66.2091
2538 66.4269
2539 66.185
2540 66.1091
2541 66.2225
2542 66.11
2543 65.9189
2544 65.9552
2545 65.867
2546 65.9447
2547 66.3429
2548 65.9019
2549 65.9238
2550 65.7958
2551 65.9834
2552 65.8955
2553 65.8085
2554 66.051
2555 65.9609
2556 66.3087
2557 65.7641
2558 65.8764
2559 65.9741
2560 66.0326
2561 66.5054
2562 65.8097
2563 65.7999
2564 65.9458
2565 65.8409
2566 65.8324
2567 66.0932
2568 66.0792
2569 65.9523
2570 65.8125
2571 66.1843
2572 66.1922
2573 65.7509
2574 65.8152
2575 65.9095
2576 65.7934
2577 66.1119
2578 65.9888
2579 65.7706
2580 65.6782
2581 65.9167
2582 65.9665
2583 65.9994
2584 65.9699
2585 66.2176
2586 65.9808
2587 65.9295
2588 65.9826
2589 65.9368
2590 65.8615
2591 65.8973
2592 66.0027
2593 66.1097
2594 66.0188
2595 65.9179
2596 65.9217
2597 65.6847
2598 65.8561
2599 65.9506
2600 65.8488
2601 65.5891
2602 65.9048
2603 65.9807
2604 65.9303
2605 65.7493
2606 66.0477
2607 66.0349
2608 66.1602
2609 65.8869
2610 65.8238
2611 65.7811
2612 65.92
2613 65.8658
2614 65.7259
2615 65.9703
2616 66.2629
2617 66.3671
2618 65.9871
2619 66.0249
2620 65.7616
2621 65.8765
2622 66.0552
2623 65.9079
2624 65.8706
2625 65.8219
2626 66.0879
2627 66.0411
2628 66.1728
2629 65.8943
2630 66.2379
2631 66.0714
2632 65.9148
2633 65.8729
2634 65.57
2635 65.7289
2636 65.6577
2637 65.8313
2638 66.0098
2639 66.191
2640 66.0364
2641 65.6948
2642 65.9583
2643 66.0198
2644 65.7882
2645 65.8023
2646 65.7711
2647 66.2263
2648 65.674
2649 65.9876
2650 65.9515
2651 65.8623
2652 65.6492
2653 66.1485
2654 66.0669
2655 65.8241
2656 65.4805
2657 65.8364
2658 65.7804
2659 65.9205
2660 65.7062
2661 65.7676
2662 65.5587
2663 66.2911
2664 66.0215
2665 65.8922
2666 65.9957
2667 66.1188
2668 65.9017
2669 66.1654
2670 65.89
2671 66.1136
2672 66.0985
2673 65.8435
2674 65.7927
2675 65.8148
2676 65.6016
2677 65.8491
2678 66.0993
2679 66.0934
2680 66.1871
2681 65.8097
2682 65.9186
2683 65.8014
2684 66.1674
2685 65.8331
2686 65.9066
2687 66.0421
2688 65.6652
2689 65.9328
2690 65.732
2691 65.9271
2692 65.759
2693 65.9969
2694 65.7417
2695 65.763
2696 65.82
2697 65.7614
2698 65.941
2699 66.0001
2700 66.5348
2701 66.1134
2702 66.4421
2703 66.113
2704 66.427
2705 66.3431
2706 66.0199
2707 65.6687
2708 65.9677
2709 66.3342
2710 65.8923
2711 66.012
2712 65.6262
2713 65.7423
2714 65.7631
2715 65.9121
2716 66.1172
2717 66.272
2718 66.188
2719 65.7178
2720 65.7812
2721 66.1436
2722 65.8245
2723 65.7814
2724 65.9326
2725 65.7123
2726 65.8607
2727 66.0264
2728 65.9941
2729 66.1522
2730 66.0512
2731 66.173
2732 66.0276
2733 66.104
2734 65.8628
2735 66.2492
2736 66.1232
2737 65.6873
2738 66.0703
2739 65.7889
2740 66.0408
2741 66.0986
2742 65.9079
2743 66.0279
2744 65.7916
2745 66.1539
2746 65.8468
2747 65.9048
2748 65.8842
2749 65.7411
2750 66.0393
2751 65.8096
2752 65.8845
2753 65.9686
2754 65.6682
2755 66.0953
2756 66.3921
2757 66.0449
2758 65.8863
2759 65.7089
2760 66.0622
2761 66.1757
2762 66.325
2763 66.1941
2764 65.8291
2765 65.6884
2766 65.3809
2767 65.8348
2768 65.6866
2769 65.9774
2770 65.7475
2771 65.7183
2772 65.7003
2773 65.9126
2774 65.8026
2775 65.9499
2776 65.5382
2777 65.9411
2778 66.1014
2779 65.958
2780 65.9796
2781 66.0496
2782 66.1
2783 65.8154
2784 65.7788
2785 65.7243
2786 66.2635
2787 65.9504
2788 65.9701
2789 66.0654
2790 65.7174
2791 65.7802
2792 65.9473
2793 66.005
2794 65.7841
2795 65.6183
2796 65.5431
2797 65.8598
2798 65.753
2799 65.4903
2800 65.9971
2801 65.9424
2802 66.1244
2803 65.742
2804 65.8862
2805 65.5388
2806 65.9861
2807 65.8524
2808 66.0206
2809 65.8526
2810 65.7858
2811 65.8964
2812 65.9978
2813 65.8403
2814 65.7717
2815 65.7457
2816 65.4797
2817 65.7712
2818 66.0259
2819 66.0594
2820 65.7424
2821 65.9751
2822 65.6677
2823 65.8005
2824 65.8346
2825 65.6306
2826 66.0085
2827 65.7907
2828 65.7075
2829 65.8588
2830 65.6531
2831 66.0079
2832 66.1174
2833 66.1497
2834 66.1977
2835 65.9347
2836 66.2398
2837 66.0646
2838 65.8781
2839 66.0786
2840 65.9893
2841 65.7831
2842 65.9832
2843 66.0664
2844 66.2986
2845 66.5211
2846 66.1003
2847 66.1171
2848 65.9887
2849 65.8211
2850 65.7974
2851 65.7092
2852 65.7197
2853 66.0432
2854 65.9594
2855 65.7857
2856 66.108
2857 65.9483
2858 66.0946
2859 66.2565
2860 65.9088
2861 65.8692
2862 65.7922
2863 66.0281
2864 66.1572
2865 65.8483
2866 65.8381
2867 66.2232
2868 65.8896
2869 66.2156
2870 66.1556
2871 66.1857
2872 66.3618
2873 66.267
2874 65.9553
2875 65.9064
2876 66.2829
2877 65.8573
2878 65.8479
2879 66.0679
2880 66.0033
2881 65.8069
2882 65.6692
2883 65.5014
2884 65.6354
2885 65.8324
2886 65.9156
2887 65.8396
2888 65.7284
2889 66.0556
2890 65.8467
2891 65.661
2892 66.216
2893 66.0085
2894 66.0033
2895 66.1605
2896 65.9377
2897 66.1799
2898 65.9638
2899 65.8564
2900 66.2906
2901 65.86
2902 66.022
2903 65.9497
2904 66.1334
2905 66.1684
2906 66.0825
2907 66.1248
2908 66.2428
2909 65.7356
2910 65.8107
2911 65.7278
2912 65.5367
2913 66.0007
2914 66.0676
2915 66.0453
2916 66.0202
2917 65.9847
2918 65.9045
2919 65.7732
2920 65.6197
2921 65.9428
2922 66.1261
2923 66.4388
2924 66.2577
2925 66.1217
2926 65.8699
2927 65.6875
2928 65.7413
2929 66.1404
2930 65.714
2931 66.0091
2932 65.7627
2933 65.7004
2934 65.66
2935 66.0296
2936 66.1692
2937 65.9316
2938 65.627
2939 65.8686
2940 65.9403
2941 65.82
2942 65.5397
2943 65.7898
2944 65.7383
2945 66.0987
2946 65.94
2947 65.7306
2948 65.77
2949 65.96
2950 66.0841
2951 65.9209
2952 65.9278
2953 66.1362
2954 65.6462
2955 65.9077
2956 66.1526
2957 66.2003
2958 65.9921
2959 66.088
2960 66.1372
2961 66.0267
2962 66.0176
2963 66.2298
2964 65.5556
2965 65.8997
2966 66.0758
2967 65.9671
2968 65.8183
2969 66.1434
2970 66.006
2971 65.6568
2972 65.9849
2973 65.9477
2974 65.9777
2975 65.993
2976 66.06
2977 65.824
2978 66.1425
2979 66.2455
2980 66.0587
2981 65.8034
2982 65.8069
2983 65.9377
2984 66.046
2985 66.0954
2986 65.7637
2987 65.9229
2988 65.8495
2989 66.135
2990 65.9463
2991 65.8076
2992 65.7099
2993 65.8112
2994 65.8593
2995 65.6992
2996 65.7449
2997 65.9491
2998 66.3914
2999 66.1422
3000 65.9713
3001 65.8758
3002 66.1134
3003 65.9782
3004 65.8487
3005 65.6647
3006 65.9337
3007 65.6003
3008 66.2231
3009 65.995
3010 66.023
3011 65.8775
3012 65.7499
3013 65.8628
3014 65.9673
3015 65.7771
3016 65.7784
3017 65.6993
3018 66.519
3019 65.9622
3020 65.6415
3021 66.0057
3022 65.9046
3023 66.076
3024 65.9091
3025 65.9019
3026 65.6348
3027 65.9773
3028 66.2253
3029 65.9623
3030 65.6752
3031 65.9918
3032 65.8524
3033 65.7295
3034 65.4729
3035 66.0904
3036 65.9956
3037 65.7845
3038 66.0966
3039 65.8147
3040 65.7911
3041 66.1032
3042 65.7481
3043 65.7799
3044 65.9173
3045 65.9033
3046 65.9472
3047 65.8725
3048 66.0429
3049 65.8018
3050 65.7714
3051 65.7616
3052 66.0672
3053 65.9964
3054 66.0685
3055 66.3069
3056 66.015
3057 65.8295
3058 65.9429
3059 66.0668
3060 65.7432
3061 65.7668
3062 65.8216
3063 66.0616
3064 65.7236
3065 65.7411
3066 66.0795
3067 65.909
3068 66.0294
3069 66.027
3070 65.7946
3071 65.8214
3072 66.4708
3073 66.0827
3074 66.1773
3075 66.0477
3076 66.1662
3077 65.9939
3078 66.0218
3079 65.8995
3080 66.0334
3081 65.9329
3082 66.0527
3083 65.8482
3084 65.636
3085 65.8622
3086 66.1951
3087 65.9265
3088 66.1333
3089 66
3090 66.0103
3091 65.8941
3092 65.8666
3093 65.845
3094 65.6478
3095 65.7839
3096 65.7655
3097 65.8172
3098 65.9176
3099 65.8666
3100 65.9674
3101 66.2109
3102 65.9321
3103 65.6609
3104 66.0543
3105 66.1521
3106 66.0998
3107 65.8506
3108 65.7406
3109 65.9028
3110 66.2649
3111 65.761
3112 66.2116
3113 65.8538
3114 65.913
3115 66.0239
3116 66.0095
3117 65.9269
3118 65.7103
3119 65.8087
3120 65.9379
3121 65.8506
3122 66.1237
3123 65.9675
3124 65.8518
3125 66.022
3126 65.8661
3127 65.8037
3128 65.8417
3129 66.2306
3130 65.6413
3131 66.2142
3132 65.9552
3133 66.0949
3134 65.897
3135 66.0019
3136 66.1719
3137 66.0536
3138 65.8209
3139 65.7039
3140 66.1829
3141 66.1044
3142 65.6442
3143 65.8909
3144 65.7812
3145 65.9771
3146 66.2967
3147 66.0215
3148 66.1391
3149 66.1175
3150 66.0475
3151 66.1639
3152 65.9198
3153 65.7943
3154 65.5587
3155 65.8681
3156 65.9483
3157 65.673
3158 65.8159
3159 65.7933
3160 66.0766
3161 65.8623
3162 65.7351
3163 66.1499
3164 66.0591
3165 66.0742
3166 66.1727
3167 65.7074
3168 66.0678
3169 65.8519
3170 66.1083
3171 66.1372
3172 66.2663
3173 66.1929
3174 65.9232
3175 65.9767
3176 65.8805
3177 65.9784
3178 66.0408
3179 66.0905
3180 65.8816
3181 66.08
3182 65.6961
3183 66.059
3184 65.8812
3185 65.6479
3186 65.7681
3187 65.7823
3188 65.7432
3189 65.612
3190 66.0403
3191 65.873
3192 65.9098
3193 66.025
3194 66.0056
3195 65.9942
3196 65.718
3197 65.8686
3198 66.1473
3199 66.0977
3200 66.1435
3201 66.3257
3202 65.7711
3203 65.8009
3204 66.0111
3205 66.0214
3206 65.7029
3207 65.8732
3208 65.7931
3209 65.7493
3210 65.8141
3211 65.748
3212 65.8042
3213 65.7323
3214 65.8318
3215 66.0248
3216 66.101
3217 66.1608
3218 66.1781
3219 65.9507
3220 65.8596
3221 65.8497
3222 65.8134
3223 65.7349
3224 65.937
3225 66.2013
3226 65.9322
3227 66.1361
3228 65.9104
3229 65.7571
3230 65.7161
3231 66.0078
3232 66.1059
3233 65.9601
3234 65.7734
3235 66.3198
3236 65.7522
3237 66.0889
3238 65.9523
3239 66.2326
3240 66.169
3241 65.7648
3242 65.8715
3243 65.8834
3244 65.5392
3245 65.8042
3246 65.9725
3247 66.1057
3248 65.6498
3249 65.5957
3250 66.1499
3251 65.6847
3252 65.9082
3253 65.5623
3254 66.0346
3255 66.1351
3256 65.8137
3257 65.8648
3258 65.8797
3259 65.9907
3260 65.7836
3261 65.672
3262 65.9495
3263 66.1194
3264 66.2944
3265 65.9553
3266 66.1691
3267 66.0237
3268 65.8405
3269 65.6601
3270 65.924
3271 66.0239
3272 65.9001
3273 66.1858
3274 66.112
3275 66.0499
3276 66.0188
3277 65.5202
3278 65.7574
3279 65.9145
3280 66.0705
3281 66.0196
3282 66.1351
3283 65.9171
3284 65.9362
3285 65.8476
3286 65.7233
3287 65.6013
3288 65.618
3289 65.7417
3290 66.069
3291 66.0138
3292 65.7499
3293 66.0538
3294 65.6955
3295 65.7302
3296 65.8387
3297 66.1008
3298 65.9042
3299 65.5792
3300 65.7428
3301 65.8632
3302 65.9341
3303 65.8477
3304 65.6615
3305 65.5047
3306 65.6689
3307 65.9872
3308 65.9407
3309 65.8316
3310 66.0455
3311 66.2857
3312 65.9109
3313 65.6865
3314 65.8956
3315 65.8942
3316 65.5902
3317 66.1549
3318 65.9493
3319 65.8443
3320 66.1632
3321 66.0866
3322 66.0045
3323 66.0875
3324 65.5452
3325 66.0806
3326 65.9777
3327 65.9505
3328 66.1513
3329 66.0312
3330 65.6482
3331 65.851
3332 65.7878
3333 65.7319
3334 65.9319
3335 65.8283
3336 65.8408
3337 66.2127
3338 66.006
3339 65.9246
3340 65.9954
3341 65.934
3342 66.0847
3343 65.9908
3344 66.0093
3345 66.2356
3346 65.9441
3347 65.9007
3348 66.0579
3349 65.6921
3350 65.7984
3351 65.8114
3352 66.0301
3353 65.707
3354 66.1618
3355 66.0444
3356 65.8159
3357 65.7816
3358 65.7204
3359 66.139
3360 66.1219
3361 65.9305
3362 65.9236
3363 65.9192
3364 66.2629
3365 66.0824
3366 65.7974
3367 65.9643
3368 65.6539
3369 65.808
3370 65.7219
3371 66.0686
3372 66.057
3373 66.1813
3374 66.0363
3375 65.8035
3376 66.1156
3377 66.0722
3378 65.7265
3379 65.8901
3380 65.8742
3381 66.0052
3382 65.9753
3383 65.9351
3384 65.8352
3385 66.1078
3386 66.0777
3387 66.18
3388 65.945
3389 66.1098
3390 66.2701
3391 65.9232
3392 66.0098
3393 65.9517
3394 65.8253
3395 65.8128
3396 65.814
3397 65.8955
3398 65.8233
3399 66.1412
3400 65.8637
3401 66.1317
3402 65.7991
3403 66.0592
3404 65.9526
3405 66.187
3406 66.1306
3407 65.8436
3408 65.988
3409 65.9834
3410 66.1512
3411 66.1836
3412 65.8245
3413 65.5464
3414 65.9746
3415 65.5771
3416 65.9162
3417 66.3723
3418 66.1738
3419 65.9558
3420 66.4694
3421 66.3013
3422 65.9329
3423 65.8117
3424 65.9369
3425 65.9976
3426 65.7665
3427 65.8618
3428 66.1775
3429 66.2833
3430 66.0053
3431 65.906
3432 65.7002
3433 66.0659
3434 65.6592
3435 65.9997
3436 65.9985
3437 65.5291
3438 65.7983
3439 65.4984
3440 66.1968
3441 66.1899
3442 65.7768
3443 65.8527
3444 65.6523
3445 65.8085
3446 65.6797
3447 65.6784
3448 66.0343
3449 66.4778
3450 66.3095
3451 65.9666
3452 66.2827
3453 66.2766
3454 66.0312
3455 65.6117
3456 65.8331
3457 65.8933
3458 65.5861
3459 66.0294
3460 65.7116
3461 65.9596
3462 65.9484
3463 66.1426
3464 65.817
3465 65.6948
3466 65.827
3467 65.769
3468 65.9268
3469 66.1689
3470 65.9785
3471 65.9896
3472 65.8812
3473 65.7458
3474 65.7093
3475 65.9717
3476 65.5884
3477 65.6298
3478 65.7227
3479 65.7814
3480 65.7157
3481 65.5561
3482 65.7637
3483 66.0871
3484 65.9205
3485 66.2288
3486 65.659
3487 66.0313
3488 65.7266
3489 65.6298
3490 65.6228
3491 65.9106
3492 65.7825
3493 65.4329
3494 65.79
3495 66.0976
3496 65.8533
3497 66.0916
3498 65.7057
3499 65.614
3500 65.9783
