1 404.83
2 378.888
3 354.049
4 336.669
5 321.602
6 312.967
7 306.133
8 297.867
9 288.335
10 278.92
11 271.215
12 262.984
13 255.89
14 249.456
15 240.718
16 233.597
17 226.043
18 221.336
19 215.144
20 210.322
21 206.581
22 202.625
23 199.049
24 195.649
25 193.004
26 190.415
27 188.066
28 186.001
29 183.166
30 180.779
31 179.002
32 175.396
33 171.379
34 169.262
35 166.551
36 166.205
37 163.72
38 159.472
39 153.15
40 150.323
41 149.115
42 147.704
43 145.589
44 144.441
45 143.68
46 142.503
47 141.4
48 138.138
49 134.938
50 132.229
51 127.995
52 126.033
53 123.88
54 121.207
55 120.811
56 120.414
57 119.445
58 117.429
59 116.557
60 115.255
61 114.395
62 112.793
63 112.506
64 111.774
65 111.414
66 110.693
67 109.882
68 108.65
69 107.06
70 106.343
71 106.301
72 105.786
73 105.328
74 104.558
75 103.926
76 102.813
77 102.294
78 101.638
79 101.041
80 100.573
81 100.197
82 99.786
83 99.2993
84 98.805
85 97.7552
86 96.0532
87 95.3668
88 94.8984
89 94.31
90 93.9612
91 93.3729
92 93.1082
93 92.6408
94 92.0177
95 91.5396
96 91.1775
97 90.666
98 89.9263
99 89.6458
100 87.9918
101 87.106
102 85.7583
103 85.7264
104 85.4457
105 85.3351
106 85.3213
107 84.868
108 84.793
109 84.3589
110 83.8071
111 83.7166
112 83.0026
113 83.0026
114 82.531
115 80.7254
116 80.4385
117 79.7285
118 79.5229
119 79.46
120 79.2543
121 79.2543
122 79.2543
123 79.0934
124 78.7058
125 78.2795
126 78.0308
127 78.0308
128 77.5325
129 77.3879
130 75.6774
131 75.6774
132 75.6695
133 75.6695
134 75.6695
135 75.5249
136 75.5249
137 75.5249
138 75.02
139 75.02
140 75.02
141 74.4897
142 74.4897
143 74.4897
144 74.3486
145 74.3486
146 74.3486
147 74.3486
148 74.3486
149 74.3486
150 73.9886
151 73.1477
152 73.1477
153 73.1477
154 73.1477
155 73.1477
156 73.1477
157 73.1477
158 73.1477
159 73.1477
160 73.1477
161 73.1296
162 73.1296
163 73.1296
164 73.1296
165 73.1296
166 73.1296
167 73.1296
168 73.1296
169 72.8105
170 72.8105
171 72.8105
172 72.8105
173 72.6126
174 72.51
175 72.4364
176 72.4364
177 72.4364
178 72.3481
179 72.0039
180 72.0039
181 72.0039
182 72.0039
183 72.0039
184 72.0039
185 71.9416
186 71.9416
187 71.9416
188 71.9416
189 71.9416
190 71.4906
191 71.4906
192 71.4906
193 71.4906
194 71.4906
195 71.4906
196 71.4906
197 71.4906
198 71.4906
199 71.4906
200 71.4906
201 71.4906
202 71.4906
203 71.4906
204 71.4361
205 71.1707
206 71.0815
207 71.0815
208 71.0815
209 71.0815
210 71.0815
211 71.0815
212 71.0815
213 71.0815
214 71.0815
215 70.9101
216 70.7796
217 70.7796
218 70.7179
219 70.6653
220 70.6653
221 70.6653
222 70.6653
223 70.6653
224 70.6653
225 70.6653
226 70.6653
227 70.6653
228 70.6653
229 70.6653
230 70.6653
231 70.6653
232 70.6653
233 70.6653
234 70.6653
235 70.6653
236 70.6653
237 70.6653
238 70.6653
239 70.6653
240 70.6653
241 70.6653
242 70.6653
243 70.6653
244 70.353
245 70.353
246 70.353
247 70.353
248 70.353
249 70.353
250 70.353
251 70.353
252 70.353
253 70.353
254 70.353
255 70.353
256 70.353
257 70.353
258 70.2388
259 70.2388
260 70.2388
261 70.2388
262 70.2388
263 70.2388
264 70.2388
265 70.2388
266 69.9369
267 69.9369
268 69.9369
269 69.9369
270 69.9369
271 69.9369
272 69.9369
273 69.9369
274 69.9369
275 69.9369
276 69.9369
277 69.9369
278 69.9369
279 69.9369
280 69.9369
281 69.9267
282 69.9267
283 69.9267
284 69.9267
285 69.9267
286 69.9267
287 69.9267
288 69.9267
289 69.9267
290 69.9267
291 69.9267
292 69.9267
293 69.9267
294 69.9267
295 69.9267
296 69.9267
297 69.9267
298 69.9267
299 69.9267
300 69.9267
301 69.9267
302 69.9267
303 69.9267
304 69.9267
305 69.9267
306 69.9267
307 69.9267
308 69.9267
309 69.9267
310 69.9267
311 69.9267
312 69.9267
313 69.9267
314 69.9267
315 69.9267
316 69.9267
317 69.9267
318 69.9267
319 69.9267
320 69.9267
321 69.9267
322 69.9267
323 69.9267
324 69.9267
325 69.9267
326 69.9267
327 69.9267
328 69.9267
329 69.9267
330 69.9267
331 69.9267
332 69.9267
333 69.9267
334 69.9267
335 69.9267
336 69.9267
337 69.9267
338 69.9267
339 69.9267
340 69.9267
341 69.9267
342 69.9267
343 69.9267
344 69.9267
345 69.9267
346 69.9267
347 69.9267
348 69.9267
349 69.9267
350 69.9267
351 69.9267
352 69.9267
353 69.9267
354 69.9267
355 69.9267
356 69.9267
357 69.9267
358 69.9267
359 69.9267
360 69.9267
361 69.9267
362 69.9267
363 69.9267
364 69.9267
365 69.9267
366 69.9267
367 69.9267
368 69.9267
369 69.9267
370 69.9267
371 69.9267
372 69.9267
373 69.9267
374 69.9267
375 69.9267
376 69.9267
377 69.9267
378 69.9267
379 69.9267
380 69.9267
381 69.9267
382 69.9267
383 69.9267
384 69.9267
385 69.9267
386 69.9267
387 69.9267
388 69.9267
389 69.9267
390 69.9267
391 69.9267
392 69.9267
393 69.9267
394 69.9267
395 69.9267
396 69.9267
397 69.9267
398 69.9267
399 69.9267
400 69.9267
401 69.9267
402 69.9267
403 69.9267
404 69.9267
405 69.9267
406 69.9267
407 69.9267
408 69.9267
409 69.9267
410 69.9267
411 69.9267
412 69.9267
413 69.9267
414 69.9267
415 69.9267
416 69.9267
417 69.9267
418 69.9267
419 69.9267
420 69.9267
421 69.9267
422 69.9267
423 69.9267
424 69.9267
425 69.9267
426 69.9267
427 69.9267
428 69.9267
429 69.9267
430 69.9267
431 69.9267
432 69.9267
433 69.9267
434 69.9267
435 69.9267
436 69.9267
437 69.9267
438 69.9267
439 69.9267
440 69.9267
441 69.9267
442 69.9267
443 69.9267
444 69.9267
445 69.9267
446 69.9267
447 69.9267
448 69.9267
449 69.9267
450 69.9267
451 69.9267
452 69.9267
453 69.9267
454 69.9267
455 69.9267
456 69.9267
457 69.9267
458 69.9267
459 69.9267
460 69.9267
461 69.9267
462 69.9267
463 69.9267
464 69.9267
465 69.9267
466 69.9267
467 69.9267
468 69.9267
469 69.9267
470 69.9267
471 69.9267
472 69.9267
473 69.9267
474 69.9267
475 69.9267
476 69.9267
477 69.9267
478 69.9267
479 69.9267
480 69.9267
481 69.9267
482 69.9267
483 69.9267
484 69.9267
485 69.9267
486 69.9267
487 69.9267
488 69.9267
489 69.9267
490 69.9267
491 69.9267
492 69.9267
493 69.9267
494 69.9267
495 69.9267
496 69.9267
497 69.9267
498 69.9267
499 69.9267
500 69.9267
501 69.9267
502 69.9267
503 69.9267
504 69.9267
505 69.9267
506 69.9267
507 69.9267
508 69.9267
509 69.9267
510 67.8924
511 67.8924
512 67.8924
513 67.8924
514 67.8924
515 67.7021
516 67.7021
517 67.7021
518 67.7021
519 67.7021
520 67.7021
521 67.7021
522 67.7021
523 67.7021
524 67.7021
525 67.7021
526 67.7021
527 67.7021
528 67.7021
529 67.7021
530 67.7021
531 67.7021
532 67.7021
533 67.7021
534 67.7021
535 67.7021
536 67.7021
537 67.7021
538 67.7021
539 67.7021
540 67.7021
541 67.7021
542 67.7021
543 67.7021
544 67.7021
545 67.7021
546 67.7021
547 67.7021
548 67.7021
549 67.7021
550 67.7021
551 67.7021
552 67.4516
553 67.4516
554 67.4516
555 67.4516
556 67.4516
557 67.4516
558 67.4516
559 67.4516
560 67.4516
561 67.4516
562 67.4516
563 67.4516
564 67.4516
565 67.4516
566 67.4516
567 67.4516
568 67.4516
569 67.4516
570 67.4516
571 67.4516
572 67.4516
573 67.4516
574 67.4516
575 67.4516
576 67.4516
577 67.4516
578 67.4516
579 67.4516
580 67.4516
581 67.4516
582 67.4516
583 67.4516
584 67.4516
585 67.4516
586 67.4516
587 67.4516
588 67.4516
589 67.4516
590 67.4516
591 67.4516
592 67.4516
593 67.4516
594 67.4516
595 67.4516
596 67.4516
597 67.4516
598 67.4516
599 67.4516
600 67.4516
601 67.4516
602 67.4516
603 67.4516
604 67.4516
605 67.4516
606 67.4516
607 67.4516
608 67.4516
609 67.4516
610 67.4516
611 67.4516
612 67.4516
613 67.4516
614 67.4516
615 67.4516
616 67.4516
617 67.4516
618 67.4516
619 67.4516
620 67.4516
621 67.4516
622 67.4516
623 67.4516
624 67.4516
625 67.4516
626 67.4516
627 67.4516
628 67.4516
629 67.4055
630 67.4055
631 67.4055
632 67.1442
633 67.1442
634 67.1442
635 67.1442
636 67.1442
637 67.1442
638 67.1442
639 67.1442
640 67.1442
641 67.1442
642 67.1442
643 67.1442
644 67.0537
645 67.0537
646 67.0537
647 67.0537
648 67.0537
649 67.0537
650 67.0537
651 67.0537
652 67.0537
653 67.0537
654 67.0537
655 67.0537
656 67.0537
657 67.0537
658 67.0537
659 67.0537
660 67.0537
661 67.0537
662 67.0537
663 67.0537
664 67.0537
665 67.0537
666 67.0537
667 67.0537
668 67.0537
669 67.0537
670 67.0537
671 67.0537
672 67.0537
673 67.0537
674 67.0537
675 67.0537
676 67.0537
677 67.0537
678 67.0537
679 67.0537
680 67.0537
681 67.0537
682 67.0537
683 67.0537
684 67.0537
685 67.0537
686 67.0537
687 67.0537
688 67.0537
689 67.0537
690 67.0537
691 67.0537
692 67.0537
693 67.0537
694 67.0537
695 67.0537
696 67.0537
697 67.0537
698 67.0537
699 67.0537
700 67.0537
701 67.0537
702 67.0537
703 67.0537
704 67.0537
705 67.0537
706 67.0537
707 67.0537
708 67.0537
709 67.0537
710 67.0537
711 67.0537
712 67.0537
713 67.0537
714 67.0537
715 67.0537
716 67.0537
717 67.0537
718 67.0537
719 67.0537
720 67.0537
721 67.0537
722 67.0537
723 67.0537
724 67.0537
725 67.0537
726 67.0537
727 67.0537
728 67.0537
729 67.0537
730 67.0537
731 67.0537
732 67.0537
733 67.0537
734 67.0537
735 67.0537
736 67.0537
737 67.0537
738 67.0537
739 67.0537
740 67.0537
741 67.0537
742 67.0537
743 67.0537
744 67.0537
745 67.0537
746 67.0537
747 67.0537
748 67.0537
749 67.0537
750 67.0537
751 67.0537
752 67.0537
753 67.0537
754 67.0537
755 67.0537
756 67.0537
757 67.0537
758 67.0537
759 66.7527
760 66.7527
761 66.7527
762 66.7527
763 66.7527
764 66.7527
765 66.6843
766 66.6843
767 66.6321
768 66.6321
769 66.6321
770 66.6321
771 66.6321
772 66.6321
773 66.6321
774 66.6321
775 66.6321
776 66.6321
777 66.6321
778 66.6321
779 66.6321
780 66.6321
781 66.6321
782 66.6321
783 66.6321
784 66.6321
785 66.6321
786 66.6321
787 66.6321
788 66.6321
789 66.6321
790 66.6321
791 66.6321
792 66.6321
793 66.6321
794 66.6321
795 66.6321
796 66.6321
797 66.6321
798 66.6321
799 66.6321
800 66.6321
801 66.6321
802 66.6321
803 66.6321
804 66.6321
805 66.6321
806 66.6321
807 66.6321
808 66.6321
809 66.6321
810 66.6321
811 66.6321
812 66.6321
813 66.6321
814 66.6321
815 66.6321
816 66.6321
817 66.6321
818 66.6321
819 66.6321
820 66.6321
821 66.6321
822 66.6321
823 66.6321
824 66.6321
825 66.6321
826 66.6321
827 66.6321
828 66.6321
829 66.6321
830 66.6321
831 66.6321
832 66.6321
833 66.5168
834 66.5168
835 66.5168
836 66.5168
837 66.5168
838 66.5168
839 66.5168
840 66.5168
841 66.5168
842 66.5168
843 66.5168
844 66.5168
845 66.5168
846 66.5168
847 66.5168
848 66.5168
849 66.5168
850 66.5168
851 66.5168
852 66.5168
853 66.5168
854 66.5168
855 66.5168
856 66.5168
857 66.5168
858 66.5168
859 66.5168
860 66.5168
861 66.5168
862 66.5168
863 66.5168
864 66.5168
865 66.5168
866 66.5168
867 66.5168
868 66.5168
869 66.5168
870 66.5168
871 66.5168
872 66.5168
873 66.5168
874 65.8817
875 65.8378
876 65.8378
877 65.8378
878 65.8378
879 65.8378
880 65.8378
881 65.8378
882 65.8378
883 65.8378
884 65.8378
885 65.8378
886 65.8378
887 65.8378
888 65.8378
889 65.8378
890 65.8378
891 65.8378
892 65.8378
893 65.8378
894 65.8378
895 65.8378
896 65.8378
897 65.8378
898 65.8378
899 65.8378
900 65.8378
901 65.8378
902 65.8378
903 65.8378
904 65.8378
905 65.8378
906 65.8378
907 65.8378
908 65.8378
909 65.8378
910 65.8378
911 65.8378
912 65.8378
913 65.8378
914 65.8378
915 65.8378
916 65.8378
917 65.8378
918 65.8378
919 65.8378
920 65.8378
921 65.8378
922 65.8378
923 65.8378
924 65.8378
925 65.8378
926 65.8378
927 65.8378
928 65.8378
929 65.8378
930 65.8378
931 65.8378
932 65.8378
933 65.8378
934 65.8378
935 65.8378
936 65.8378
937 65.8378
938 65.8378
939 65.8378
940 65.8378
941 65.8378
942 65.8378
943 65.8378
944 65.8378
945 65.8378
946 65.8378
947 65.8378
948 65.8378
949 65.8378
950 65.8378
951 65.8378
952 65.8378
953 65.8378
954 65.8378
955 65.8378
956 65.8378
957 65.8378
958 65.8378
959 65.8378
960 65.8378
961 65.8378
962 65.8378
963 65.8378
964 65.8378
965 65.8378
966 65.8378
967 65.8378
968 65.8378
969 65.8378
970 65.8378
971 65.8378
972 65.8378
973 65.8378
974 65.8378
975 65.8378
976 65.8378
977 65.8378
978 65.8378
979 65.8378
980 65.8378
981 65.8378
982 65.8378
983 65.8378
984 65.8378
985 65.8378
986 65.8378
987 65.8378
988 65.8378
989 65.8378
990 65.8378
991 65.8378
992 65.8378
993 65.8378
994 65.8378
995 65.8378
996 65.8378
997 65.8378
998 65.8378
999 65.8378
1000 65.8378
1001 65.8378
1002 65.8378
1003 65.8378
1004 65.8378
1005 65.8378
1006 65.8378
1007 65.8378
1008 65.8378
1009 65.8378
1010 65.8378
1011 65.8378
1012 65.8378
1013 65.8378
1014 65.8378
1015 65.8378
1016 65.8378
1017 65.8378
1018 65.8378
1019 65.8378
1020 65.8378
1021 65.8378
1022 65.8378
1023 65.8378
1024 65.8378
1025 65.8378
1026 65.8378
1027 65.8378
1028 65.8378
1029 65.8378
1030 65.8378
1031 65.8378
1032 65.8378
1033 65.8378
1034 65.8378
1035 65.8378
1036 65.8378
1037 65.8378
1038 65.8378
1039 65.8378
1040 65.8378
1041 65.8378
1042 65.8378
1043 65.8378
1044 65.7912
1045 65.7912
1046 65.7912
1047 65.7912
1048 65.7912
1049 65.7912
1050 65.7912
1051 65.7912
1052 65.7912
1053 65.7912
1054 65.7912
1055 65.7912
1056 65.7912
1057 65.7912
1058 65.7912
1059 65.7912
1060 65.7912
1061 65.7912
1062 65.7912
1063 65.7912
1064 65.7912
1065 65.7912
1066 65.7912
1067 65.7912
1068 65.7912
1069 65.7912
1070 65.7912
1071 65.7912
1072 65.7912
1073 65.7912
1074 65.7912
1075 65.7912
1076 65.7912
1077 65.7912
1078 65.7912
1079 65.7912
1080 65.7912
1081 65.7912
1082 65.7912
1083 65.7912
1084 65.7912
1085 65.7912
1086 65.7912
1087 65.7912
1088 65.7912
1089 65.7912
1090 65.7912
1091 65.7912
1092 65.7912
1093 65.7912
1094 65.7912
1095 65.7912
1096 65.7912
1097 65.7912
1098 65.7912
1099 65.7912
1100 65.7912
1101 65.7912
1102 65.7912
1103 65.7912
1104 65.7912
1105 65.7912
1106 65.7912
1107 65.7912
1108 65.7912
1109 65.7912
1110 65.7912
1111 65.7912
1112 65.7912
1113 65.7912
1114 65.7912
1115 65.7912
1116 65.7912
1117 65.7912
1118 65.7912
1119 65.6792
1120 65.5944
1121 65.5944
1122 65.5944
1123 65.5944
1124 65.5944
1125 65.5944
1126 65.5944
1127 65.5944
1128 65.5944
1129 65.5944
1130 65.5944
1131 65.5944
1132 65.5944
1133 65.5944
1134 65.5944
1135 65.5944
1136 65.5944
1137 65.5944
1138 65.5944
1139 65.5944
1140 65.5944
1141 65.5944
1142 65.5944
1143 65.5944
1144 65.5944
1145 65.5944
1146 65.5944
1147 65.5944
1148 65.5944
1149 65.5944
1150 65.5944
1151 65.5944
1152 65.5944
1153 65.5944
1154 65.5944
1155 65.5944
1156 65.5944
1157 65.5944
1158 65.5944
1159 65.5944
1160 65.5944
1161 65.5944
1162 65.5944
1163 65.5944
1164 65.5944
1165 65.5944
1166 65.5944
1167 65.5944
1168 65.5944
1169 65.5944
1170 65.5944
1171 65.5944
1172 65.5944
1173 65.5944
1174 65.5944
1175 65.5944
1176 65.5944
1177 65.5944
1178 65.5944
1179 65.5944
1180 65.5944
1181 65.5944
1182 65.5944
1183 65.5944
1184 65.5944
1185 65.5944
1186 65.5944
1187 65.5944
1188 65.5944
1189 65.5944
1190 65.5944
1191 65.5944
1192 65.5944
1193 65.5944
1194 65.5944
1195 65.5944
1196 65.5944
1197 65.5944
1198 65.5944
1199 65.5944
1200 65.5944
1201 65.5944
1202 65.5944
1203 65.5944
1204 65.5944
1205 65.5944
1206 65.5944
1207 65.5944
1208 65.5944
1209 65.5944
1210 65.5944
1211 65.5944
1212 65.5944
1213 65.5944
1214 65.5944
1215 65.5944
1216 65.5944
1217 65.5944
1218 65.5944
1219 65.5944
1220 65.5944
1221 65.5944
1222 65.5944
1223 65.5944
1224 65.5944
1225 65.5944
1226 65.5944
1227 65.5944
1228 65.5944
1229 65.5944
1230 65.5944
1231 65.5944
1232 65.5944
1233 65.5944
1234 65.5944
1235 65.5944
1236 65.5944
1237 65.5944
1238 65.5944
1239 65.5944
1240 65.5944
1241 65.5944
1242 65.5944
1243 65.5944
1244 65.5944
1245 65.5944
1246 65.5944
1247 65.5944
1248 65.5944
1249 65.5944
1250 65.5944
1251 65.5944
1252 65.5944
1253 65.5944
1254 65.5944
1255 65.5944
1256 65.5944
1257 65.5944
1258 65.5944
1259 65.5944
1260 65.5944
1261 65.5944
1262 65.5944
1263 65.5944
1264 65.5944
1265 65.5944
1266 65.5944
1267 65.5944
1268 65.5944
1269 65.5944
1270 65.5944
1271 65.5944
1272 65.5944
1273 65.5944
1274 65.5944
1275 65.5944
1276 65.5944
1277 65.5944
1278 65.5944
1279 65.5944
1280 65.5944
1281 65.5944
1282 65.5944
1283 65.5944
1284 65.5944
1285 65.5944
1286 65.5944
1287 65.5944
1288 65.5944
1289 65.5944
1290 65.5944
1291 65.5944
1292 65.5944
1293 65.5944
1294 65.5944
1295 65.5944
1296 65.5944
1297 65.5944
1298 65.5944
1299 65.5944
1300 65.5944
1301 65.5944
1302 65.5944
1303 65.5944
1304 65.5944
1305 65.5944
1306 65.5944
1307 65.5944
1308 65.5944
1309 65.5944
1310 65.5944
1311 65.5944
1312 65.5944
1313 65.5944
1314 65.5944
1315 65.5944
1316 65.5944
1317 65.5944
1318 65.5944
1319 65.5944
1320 65.5944
1321 65.5944
1322 65.5944
1323 65.5944
1324 65.5944
1325 65.5944
1326 65.5944
1327 65.5944
1328 65.5944
1329 65.5944
1330 65.5944
1331 65.5944
1332 65.5944
1333 65.5944
1334 65.5944
1335 65.5944
1336 65.5944
1337 65.5944
1338 65.5944
1339 65.5944
1340 65.5944
1341 65.5944
1342 65.5944
1343 65.5944
1344 65.5944
1345 65.5944
1346 65.5944
1347 65.5944
1348 65.5944
1349 65.5944
1350 65.5944
1351 65.5944
1352 65.5944
1353 65.5944
1354 65.5944
1355 65.5944
1356 65.5944
1357 65.5944
1358 65.5944
1359 65.5944
1360 65.5944
1361 65.5944
1362 65.5944
1363 65.5944
1364 65.5944
1365 65.5944
1366 65.5944
1367 65.5944
1368 65.5944
1369 65.5944
1370 65.5944
1371 65.5944
1372 65.5944
1373 65.5944
1374 65.5944
1375 65.5944
1376 65.5944
1377 65.5944
1378 65.5944
1379 65.5944
1380 65.5944
1381 65.5944
1382 65.5944
1383 65.5944
1384 65.5944
1385 65.5944
1386 65.5944
1387 65.5944
1388 65.5944
1389 65.5944
1390 65.5944
1391 65.5944
1392 65.5944
1393 65.5944
1394 65.5944
1395 65.5944
1396 65.5944
1397 65.5944
1398 65.5944
1399 65.5944
1400 65.5944
1401 65.5944
1402 65.5944
1403 65.5944
1404 65.5944
1405 65.5944
1406 65.5944
1407 65.5944
1408 65.5944
1409 65.5944
1410 65.5944
1411 65.5944
1412 65.5944
1413 65.5944
1414 65.5944
1415 65.5944
1416 65.5944
1417 65.5944
1418 65.5944
1419 65.5944
1420 65.5944
1421 65.5944
1422 65.5944
1423 65.5944
1424 65.5944
1425 65.5944
1426 65.5944
1427 65.5944
1428 65.5944
1429 65.5944
1430 65.5944
1431 65.5944
1432 65.5944
1433 65.5944
1434 65.5944
1435 65.5944
1436 65.5944
1437 65.5944
1438 65.5944
1439 65.5944
1440 65.284
1441 65.284
1442 65.284
1443 65.284
1444 65.284
1445 65.284
1446 65.284
1447 65.284
1448 65.284
1449 65.284
1450 65.284
1451 65.284
1452 65.284
1453 65.284
1454 65.284
1455 65.284
1456 65.284
1457 65.284
1458 65.284
1459 65.284
1460 65.284
1461 65.284
1462 65.284
1463 65.284
1464 65.284
1465 65.284
1466 65.284
1467 65.284
1468 65.284
1469 65.284
1470 65.284
1471 65.284
1472 65.284
1473 65.284
1474 65.284
1475 65.284
1476 65.284
1477 65.284
1478 65.284
1479 65.284
1480 65.284
1481 65.284
1482 65.284
1483 65.284
1484 65.284
1485 65.284
1486 65.284
1487 65.284
1488 65.284
1489 65.284
1490 65.284
1491 65.284
1492 65.284
1493 65.284
1494 65.284
1495 65.284
1496 65.284
1497 65.284
1498 65.284
1499 65.284
1500 65.284
1501 65.284
1502 65.284
1503 65.284
1504 65.284
1505 65.284
1506 65.284
1507 65.284
1508 65.284
1509 65.284
1510 65.284
1511 65.284
1512 65.284
1513 65.284
1514 65.284
1515 65.284
1516 65.284
1517 65.284
1518 65.284
1519 65.284
1520 65.284
1521 65.284
1522 65.284
1523 65.284
1524 65.284
1525 65.284
1526 65.284
1527 65.284
1528 65.284
1529 65.284
1530 65.284
1531 65.284
1532 65.284
1533 65.284
1534 65.284
1535 65.284
1536 65.284
1537 65.284
1538 65.284
1539 65.284
1540 65.284
1541 65.284
1542 65.284
1543 65.284
1544 65.284
1545 65.284
1546 65.284
1547 65.284
1548 65.284
1549 65.284
1550 65.284
1551 65.284
1552 65.284
1553 65.284
1554 65.284
1555 65.284
1556 65.284
1557 65.284
1558 65.284
1559 65.284
1560 65.284
1561 65.284
1562 65.284
1563 65.284
1564 65.284
1565 65.284
1566 65.284
1567 65.284
1568 65.284
1569 65.284
1570 65.284
1571 65.284
1572 65.284
1573 65.284
1574 65.284
1575 65.284
1576 65.284
1577 65.284
1578 65.284
1579 65.284
1580 65.284
1581 65.284
1582 65.284
1583 65.284
1584 65.284
1585 65.284
1586 65.284
1587 65.284
1588 65.284
1589 65.284
1590 65.284
1591 65.284
1592 65.284
1593 65.284
1594 65.284
1595 65.284
1596 65.284
1597 65.284
1598 65.284
1599 65.284
1600 65.284
1601 65.284
1602 65.284
1603 65.284
1604 65.284
1605 65.284
1606 65.284
1607 65.284
1608 65.284
1609 65.284
1610 65.284
1611 65.284
1612 65.284
1613 65.284
1614 65.284
1615 65.284
1616 65.284
1617 65.284
1618 65.284
1619 65.284
1620 64.723
1621 64.723
1622 64.723
1623 64.723
1624 64.723
1625 64.723
1626 64.723
1627 64.723
1628 64.723
1629 64.723
1630 64.723
1631 64.723
1632 64.723
1633 64.723
1634 64.723
1635 64.723
1636 64.723
1637 64.723
1638 64.723
1639 64.723
1640 64.723
1641 64.723
1642 64.723
1643 64.723
1644 64.723
1645 64.723
1646 64.723
1647 64.723
1648 64.723
1649 64.723
1650 64.723
1651 64.723
1652 64.723
1653 64.723
1654 64.723
1655 64.723
1656 64.723
1657 64.723
1658 64.723
1659 64.723
1660 64.723
1661 64.723
1662 64.723
1663 64.723
1664 64.723
1665 64.723
1666 64.723
1667 64.723
1668 64.723
1669 64.723
1670 64.723
1671 64.723
1672 64.723
1673 64.723
1674 64.723
1675 64.723
1676 64.723
1677 64.723
1678 64.723
1679 64.723
1680 64.723
1681 64.723
1682 64.723
1683 64.723
1684 64.723
1685 64.723
1686 64.723
1687 64.723
1688 64.723
1689 64.723
1690 64.723
1691 64.723
1692 64.723
1693 64.723
1694 64.723
1695 64.723
1696 64.723
1697 64.723
1698 64.723
1699 64.723
1700 64.723
1701 64.723
1702 64.723
1703 64.723
1704 64.723
1705 64.723
1706 64.723
1707 64.723
1708 64.723
1709 64.723
1710 64.723
1711 64.723
1712 64.723
1713 64.723
1714 64.723
1715 64.723
1716 64.723
1717 64.723
1718 64.723
1719 64.723
1720 64.723
1721 64.723
1722 64.723
1723 64.723
1724 64.723
1725 64.723
1726 64.723
1727 64.723
1728 64.723
1729 64.723
1730 64.723
1731 64.723
1732 64.723
1733 64.723
1734 64.723
1735 64.723
1736 64.723
1737 64.723
1738 64.723
1739 64.723
1740 64.723
1741 64.723
1742 64.723
1743 64.723
1744 64.723
1745 64.723
1746 64.723
1747 64.723
1748 64.723
1749 64.723
1750 64.723
1751 64.723
1752 64.723
1753 64.723
1754 64.723
1755 64.723
1756 64.723
1757 64.723
1758 64.723
1759 64.723
1760 64.723
1761 64.723
1762 64.723
1763 64.723
1764 64.723
1765 64.723
1766 64.723
1767 64.723
1768 64.723
1769 64.723
1770 64.723
1771 64.723
1772 64.723
1773 64.723
1774 64.723
1775 64.723
1776 64.723
1777 64.723
1778 64.723
1779 64.723
1780 64.723
1781 64.723
1782 64.723
1783 64.723
1784 64.723
1785 64.723
1786 64.723
1787 64.723
1788 64.723
1789 64.723
1790 64.723
1791 64.723
1792 64.723
1793 64.723
1794 64.723
1795 64.723
1796 64.723
1797 64.723
1798 64.723
1799 64.723
1800 64.723
1801 64.723
1802 64.723
1803 64.723
1804 64.723
1805 64.723
1806 64.723
1807 64.723
1808 64.723
1809 64.723
1810 64.723
1811 64.723
1812 64.723
1813 64.723
1814 64.723
1815 64.723
1816 64.723
1817 64.723
1818 64.723
1819 64.723
1820 64.723
1821 64.723
1822 64.723
1823 64.723
1824 64.723
1825 64.723
1826 64.723
1827 64.723
1828 64.723
1829 64.723
1830 64.723
1831 64.723
1832 64.723
1833 64.723
1834 64.723
1835 64.723
1836 64.723
1837 64.723
1838 64.723
1839 64.723
1840 64.723
1841 64.723
1842 64.723
1843 64.723
1844 64.723
1845 64.723
1846 64.723
1847 64.723
1848 64.723
1849 64.723
1850 64.723
1851 64.723
1852 64.723
1853 64.723
1854 64.723
1855 64.723
1856 64.723
1857 64.723
1858 64.723
1859 64.723
1860 64.723
1861 64.723
1862 64.723
1863 64.723
1864 64.723
1865 64.723
1866 64.723
1867 64.723
1868 64.723
1869 64.723
1870 64.723
1871 64.723
1872 64.723
1873 64.723
1874 64.723
1875 64.723
1876 64.723
1877 64.723
1878 64.723
1879 64.723
1880 64.723
1881 64.723
1882 64.723
1883 64.723
1884 64.723
1885 64.723
1886 64.723
1887 64.723
1888 64.723
1889 64.723
1890 64.723
1891 64.723
1892 64.723
1893 64.723
1894 64.723
1895 64.723
1896 64.723
1897 64.723
1898 64.723
1899 64.723
1900 64.723
1901 64.723
1902 64.723
1903 64.723
1904 64.723
1905 64.723
1906 64.723
1907 64.723
1908 64.723
1909 64.723
1910 64.723
1911 64.723
1912 64.723
1913 64.723
1914 64.723
1915 64.723
1916 64.723
1917 64.723
1918 64.723
1919 64.723
1920 64.723
1921 64.723
1922 64.723
1923 64.723
1924 64.723
1925 64.723
1926 64.723
1927 64.723
1928 64.723
1929 64.723
1930 64.723
1931 64.723
1932 64.723
1933 64.723
1934 64.723
1935 64.723
1936 64.723
1937 64.723
1938 64.723
1939 64.723
1940 64.723
1941 64.723
1942 64.723
1943 64.723
1944 64.723
1945 64.723
1946 64.723
1947 64.723
1948 64.723
1949 64.723
1950 64.723
1951 64.723
1952 64.723
1953 64.723
1954 64.723
1955 64.723
1956 64.723
1957 64.723
1958 64.723
1959 64.723
1960 64.723
1961 64.723
1962 64.723
1963 64.723
1964 64.723
1965 64.723
1966 64.723
1967 64.723
1968 64.723
1969 64.723
1970 64.723
1971 64.723
1972 64.723
1973 64.723
1974 64.723
1975 64.723
1976 64.723
1977 64.723
1978 64.723
1979 64.723
1980 64.723
1981 64.723
1982 64.723
1983 64.723
1984 64.723
1985 64.723
1986 64.723
1987 64.723
1988 64.723
1989 64.723
1990 64.723
1991 64.723
1992 64.723
1993 64.723
1994 64.723
1995 64.723
1996 64.723
1997 64.723
1998 64.723
1999 64.723
2000 64.723
2001 64.723
2002 64.723
2003 64.723
2004 64.723
2005 64.723
2006 64.723
2007 64.723
2008 64.723
2009 64.723
2010 64.723
2011 64.723
2012 64.723
2013 64.723
2014 64.723
2015 64.723
2016 64.723
2017 64.723
2018 64.723
2019 64.723
2020 64.723
2021 64.723
2022 64.723
2023 64.723
2024 64.723
2025 64.723
2026 64.723
2027 64.723
2028 64.723
2029 64.723
2030 64.723
2031 64.723
2032 64.723
2033 64.723
2034 64.723
2035 64.723
2036 64.723
2037 64.723
2038 64.723
2039 64.723
2040 64.723
2041 64.723
2042 64.723
2043 64.723
2044 64.723
2045 64.723
2046 64.723
2047 64.723
2048 64.723
2049 64.723
2050 64.723
2051 64.723
2052 64.723
2053 64.723
2054 64.723
2055 64.723
2056 64.723
2057 64.723
2058 64.723
2059 64.723
2060 64.723
2061 64.723
2062 64.723
2063 64.723
2064 64.723
2065 64.723
2066 64.723
2067 64.723
2068 64.723
2069 64.723
2070 64.723
2071 64.723
2072 64.723
2073 64.723
2074 64.723
2075 64.723
2076 64.723
2077 64.723
2078 64.723
2079 64.723
2080 64.723
2081 64.723
2082 64.723
2083 64.723
2084 64.723
2085 64.723
2086 64.723
2087 64.723
2088 64.723
2089 64.723
2090 64.723
2091 64.723
2092 64.723
2093 64.723
2094 64.723
2095 64.723
2096 64.723
2097 64.723
2098 64.723
2099 64.723
2100 64.723
2101 64.723
2102 64.723
2103 64.723
2104 64.723
2105 64.723
2106 64.723
2107 64.723
2108 64.723
2109 64.723
2110 64.723
2111 64.723
2112 64.723
2113 64.723
2114 64.723
2115 64.723
2116 64.723
2117 64.723
2118 64.723
2119 64.723
2120 64.723
2121 64.723
2122 64.723
2123 64.723
2124 64.723
2125 64.723
2126 64.723
2127 64.723
2128 64.723
2129 64.723
2130 64.723
2131 64.723
2132 64.723
2133 64.723
2134 64.723
2135 64.723
2136 64.723
2137 64.723
2138 64.723
2139 64.723
2140 64.723
2141 64.723
2142 64.723
2143 64.723
2144 64.723
2145 64.723
2146 64.723
2147 64.723
2148 64.723
2149 64.723
2150 64.723
2151 64.723
2152 64.723
2153 64.723
2154 64.723
2155 64.723
2156 64.723
2157 64.723
2158 64.723
2159 64.723
2160 64.723
2161 64.723
2162 64.723
2163 64.723
2164 64.723
2165 64.723
2166 64.723
2167 64.723
2168 64.723
2169 64.723
2170 64.723
2171 64.723
2172 64.723
2173 64.723
2174 64.723
2175 64.723
2176 64.723
2177 64.723
2178 64.723
2179 64.723
2180 64.723
2181 64.723
2182 64.723
2183 64.723
2184 64.723
2185 64.723
2186 64.723
2187 64.723
2188 64.723
2189 64.723
2190 64.723
2191 64.723
2192 64.723
2193 64.723
2194 64.723
2195 64.723
2196 64.723
2197 64.723
2198 64.723
2199 64.723
2200 64.723
2201 64.723
2202 64.723
2203 64.723
2204 64.723
2205 64.723
2206 64.723
2207 64.723
2208 64.723
2209 64.723
2210 64.723
2211 64.723
2212 64.723
2213 64.723
2214 64.723
2215 64.723
2216 64.723
2217 64.723
2218 64.723
2219 64.723
2220 64.723
2221 64.723
2222 64.723
2223 64.723
2224 64.723
2225 64.723
2226 64.723
2227 64.723
2228 64.723
2229 64.723
2230 64.723
2231 64.723
2232 64.723
2233 64.723
2234 64.723
2235 64.723
2236 64.723
2237 64.723
2238 64.723
2239 64.723
2240 64.723
2241 64.723
2242 64.723
2243 64.723
2244 64.723
2245 64.723
2246 64.723
2247 64.723
2248 64.723
2249 64.723
2250 64.723
2251 64.723
2252 64.723
2253 64.723
2254 64.723
2255 64.723
2256 64.723
2257 64.723
2258 64.723
2259 64.723
2260 64.723
2261 64.723
2262 64.723
2263 64.723
2264 64.723
2265 64.723
2266 64.723
2267 64.723
2268 64.723
2269 64.723
2270 64.723
2271 64.723
2272 64.723
2273 64.723
2274 64.723
2275 64.723
2276 64.723
2277 64.723
2278 64.723
2279 64.723
2280 64.723
2281 64.723
2282 64.723
2283 64.723
2284 64.723
2285 64.723
2286 64.723
2287 64.723
2288 64.723
2289 64.723
2290 64.723
2291 64.723
2292 64.723
2293 64.723
2294 64.723
2295 64.723
2296 64.723
2297 64.723
2298 64.723
2299 64.723
2300 64.723
2301 64.723
2302 64.723
2303 64.723
2304 64.723
2305 64.723
2306 64.723
2307 64.723
2308 64.723
2309 64.723
2310 64.723
2311 64.723
2312 64.723
2313 64.723
2314 64.723
2315 64.723
2316 64.723
2317 64.723
2318 64.723
2319 64.723
2320 64.723
2321 64.723
2322 64.723
2323 64.723
2324 64.723
2325 64.723
2326 64.723
2327 64.723
2328 64.723
2329 64.723
2330 64.723
2331 64.723
2332 64.723
2333 64.723
2334 64.723
2335 64.723
2336 64.723
2337 64.723
2338 64.723
2339 64.723
2340 64.723
2341 64.723
2342 64.723
2343 64.723
2344 64.723
2345 64.723
2346 64.723
2347 64.723
2348 64.723
2349 64.723
2350 64.723
2351 64.723
2352 64.723
2353 64.723
2354 64.723
2355 64.723
2356 64.723
2357 64.723
2358 64.723
2359 64.723
2360 64.723
2361 64.723
2362 64.723
2363 64.723
2364 64.723
2365 64.723
2366 64.723
2367 64.723
2368 64.723
2369 64.723
2370 64.723
2371 64.723
2372 64.723
2373 64.723
2374 64.723
2375 64.723
2376 64.723
2377 64.723
2378 64.723
2379 64.723
2380 64.723
2381 64.723
2382 64.723
2383 64.723
2384 64.723
2385 64.723
2386 64.723
2387 64.723
2388 64.723
2389 64.723
2390 64.723
2391 64.723
2392 64.723
2393 64.723
2394 64.723
2395 64.723
2396 64.723
2397 64.723
2398 64.723
2399 64.723
2400 64.723
2401 64.723
2402 64.723
2403 64.723
2404 64.723
2405 64.723
2406 64.723
2407 64.723
2408 64.723
2409 64.723
2410 64.723
2411 64.723
2412 64.723
2413 64.723
2414 64.723
2415 64.723
2416 64.723
2417 64.723
2418 64.723
2419 64.723
2420 64.723
2421 64.723
2422 64.723
2423 64.723
2424 64.723
2425 64.723
2426 64.723
2427 64.723
2428 64.723
2429 64.723
2430 64.723
2431 64.723
2432 64.723
2433 64.723
2434 64.723
2435 64.723
2436 64.723
2437 64.723
2438 64.723
2439 64.723
2440 64.723
2441 64.723
2442 64.723
2443 64.723
2444 64.723
2445 64.723
2446 64.723
2447 64.723
2448 64.723
2449 64.723
2450 64.723
2451 64.723
2452 64.723
2453 64.723
2454 64.723
2455 64.723
2456 64.723
2457 64.723
2458 64.723
2459 64.723
2460 64.723
2461 64.723
2462 64.723
2463 64.723
2464 64.723
2465 64.723
2466 64.723
2467 64.723
2468 64.723
2469 64.723
2470 64.723
2471 64.723
2472 64.723
2473 64.723
2474 64.723
2475 64.723
2476 64.723
2477 64.723
2478 64.723
2479 64.723
2480 64.723
2481 64.723
2482 64.723
2483 64.723
2484 64.723
2485 64.723
2486 64.723
2487 64.723
2488 64.723
2489 64.723
2490 64.723
2491 64.723
2492 64.723
2493 64.723
2494 64.723
2495 64.723
2496 64.723
2497 64.723
2498 64.723
2499 64.723
2500 64.723
2501 64.723
2502 64.723
2503 64.723
2504 64.723
2505 64.723
2506 64.723
2507 64.723
2508 64.723
2509 64.723
2510 64.723
2511 64.723
2512 64.723
2513 64.723
2514 64.723
2515 64.723
2516 64.723
2517 64.723
2518 64.723
2519 64.723
2520 64.723
2521 64.723
2522 64.723
2523 64.723
2524 64.723
2525 64.723
2526 64.723
2527 64.723
2528 64.723
2529 64.723
2530 64.723
2531 64.723
2532 64.723
2533 64.723
2534 64.723
2535 64.723
2536 64.723
2537 64.723
2538 64.723
2539 64.723
2540 64.723
2541 64.723
2542 64.723
2543 64.723
2544 64.723
2545 64.723
2546 64.723
2547 64.723
2548 64.723
2549 64.723
2550 64.723
2551 64.723
2552 64.723
2553 64.723
2554 64.723
2555 64.723
2556 64.723
2557 64.723
2558 64.723
2559 64.723
2560 64.723
2561 64.723
2562 64.723
2563 64.723
2564 64.723
2565 64.723
2566 64.723
2567 64.723
2568 64.723
2569 64.723
2570 64.723
2571 64.723
2572 64.723
2573 64.723
2574 64.723
2575 64.723
2576 64.723
2577 64.723
2578 64.723
2579 64.723
2580 64.723
2581 64.723
2582 64.723
2583 64.723
2584 64.723
2585 64.723
2586 64.723
2587 64.723
2588 64.723
2589 64.723
2590 64.723
2591 64.723
2592 64.723
2593 64.723
2594 64.723
2595 64.723
2596 64.723
2597 64.723
2598 64.723
2599 64.723
2600 64.723
2601 64.723
2602 64.723
2603 64.723
2604 64.723
2605 64.723
2606 64.723
2607 64.723
2608 64.723
2609 64.723
2610 64.723
2611 64.723
2612 64.723
2613 64.723
2614 64.723
2615 64.723
2616 64.723
2617 64.723
2618 64.723
2619 64.723
2620 64.723
2621 64.723
2622 64.723
2623 64.723
2624 64.723
2625 64.723
2626 64.723
2627 64.723
2628 64.723
2629 64.723
2630 64.723
2631 64.723
2632 64.723
2633 64.723
2634 64.723
2635 64.723
2636 64.723
2637 64.723
2638 64.723
2639 64.723
2640 64.723
2641 64.723
2642 64.723
2643 64.723
2644 64.723
2645 64.723
2646 64.723
2647 64.723
2648 64.723
2649 64.723
2650 64.723
2651 64.723
2652 64.723
2653 64.723
2654 64.723
2655 64.723
2656 64.723
2657 64.723
2658 64.723
2659 64.723
2660 64.723
2661 64.723
2662 64.723
2663 64.723
2664 64.723
2665 64.723
2666 64.723
2667 64.723
2668 64.723
2669 64.723
2670 64.723
2671 64.723
2672 64.723
2673 64.723
2674 64.723
2675 64.723
2676 64.723
2677 64.723
2678 64.723
2679 64.723
2680 64.723
2681 64.723
2682 64.723
2683 64.723
2684 64.723
2685 64.723
2686 64.723
2687 64.723
2688 64.723
2689 64.723
2690 64.723
2691 64.723
2692 64.723
2693 64.723
2694 64.723
2695 64.723
2696 64.723
2697 64.723
2698 64.723
2699 64.723
2700 64.723
2701 64.723
2702 64.723
2703 64.723
2704 64.723
2705 64.723
2706 64.723
2707 64.723
2708 64.723
2709 64.723
2710 64.723
2711 64.723
2712 64.723
2713 64.723
2714 64.723
2715 64.723
2716 64.723
2717 64.723
2718 64.723
2719 64.723
2720 64.723
2721 64.723
2722 64.723
2723 64.723
2724 64.723
2725 64.723
2726 64.723
2727 64.723
2728 64.723
2729 64.723
2730 64.723
2731 64.723
2732 64.723
2733 64.723
2734 64.723
2735 64.723
2736 64.723
2737 64.723
2738 64.723
2739 64.723
2740 64.723
2741 64.723
2742 64.723
2743 64.723
2744 64.723
2745 64.723
2746 64.723
2747 64.723
2748 64.723
2749 64.723
2750 64.723
2751 64.723
2752 64.723
2753 64.723
2754 64.723
2755 64.723
2756 64.723
2757 64.723
2758 64.723
2759 64.723
2760 64.723
2761 64.723
2762 64.723
2763 64.723
2764 64.723
2765 64.723
2766 64.723
2767 64.723
2768 64.723
2769 64.723
2770 64.723
2771 64.723
2772 64.723
2773 64.723
2774 64.723
2775 64.723
2776 64.723
2777 64.723
2778 64.723
2779 64.723
2780 64.723
2781 64.723
2782 64.723
2783 64.723
2784 64.723
2785 64.723
2786 64.723
2787 64.723
2788 64.723
2789 64.723
2790 64.723
2791 64.723
2792 64.723
2793 64.723
2794 64.723
2795 64.723
2796 64.723
2797 64.723
2798 64.723
2799 64.723
2800 64.723
2801 64.723
2802 64.723
2803 64.723
2804 64.723
2805 64.723
2806 64.723
2807 64.723
2808 64.723
2809 64.723
2810 64.723
2811 64.723
2812 64.723
2813 64.723
2814 64.723
2815 64.723
2816 64.723
2817 64.723
2818 64.723
2819 64.723
2820 64.723
2821 64.723
2822 64.723
2823 64.723
2824 64.723
2825 64.723
2826 64.723
2827 64.723
2828 64.723
2829 64.723
2830 64.723
2831 64.723
2832 64.723
2833 64.723
2834 64.723
2835 64.723
2836 64.723
2837 64.723
2838 64.723
2839 64.723
2840 64.723
2841 64.723
2842 64.723
2843 64.723
2844 64.723
2845 64.723
2846 64.723
2847 64.723
2848 64.723
2849 64.723
2850 64.723
2851 64.723
2852 64.723
2853 64.723
2854 64.723
2855 64.723
2856 64.723
2857 64.723
2858 64.723
2859 64.723
2860 64.723
2861 64.723
2862 64.723
2863 64.723
2864 64.723
2865 64.723
2866 64.723
2867 64.723
2868 64.723
2869 64.723
2870 64.723
2871 64.723
2872 64.723
2873 64.723
2874 64.723
2875 64.723
2876 64.723
2877 64.723
2878 64.723
2879 64.723
2880 64.723
2881 64.723
2882 64.723
2883 64.723
2884 64.723
2885 64.723
2886 64.723
2887 64.723
2888 64.723
2889 64.723
2890 64.723
2891 64.723
2892 64.723
2893 64.723
2894 64.723
2895 64.723
2896 64.723
2897 64.723
2898 64.723
2899 64.723
2900 64.723
2901 64.723
2902 64.723
2903 64.723
2904 64.723
2905 64.723
2906 64.723
2907 64.723
2908 64.723
2909 64.723
2910 64.723
2911 64.723
2912 64.723
2913 64.723
2914 64.723
2915 64.723
2916 64.723
2917 64.723
2918 64.723
2919 64.723
2920 64.723
2921 64.723
2922 64.723
2923 64.723
2924 64.723
2925 64.723
2926 64.723
2927 64.723
2928 64.723
2929 64.723
2930 64.723
2931 64.723
2932 64.723
2933 64.723
2934 64.723
2935 64.723
2936 64.723
2937 64.723
2938 64.723
2939 64.723
2940 64.723
2941 64.723
2942 64.723
2943 64.723
2944 64.723
2945 64.723
2946 64.723
2947 64.723
2948 64.723
2949 64.723
2950 64.723
2951 64.723
2952 64.723
2953 64.723
2954 64.723
2955 64.723
2956 64.723
2957 64.723
2958 64.723
2959 64.723
2960 64.723
2961 64.723
2962 64.723
2963 64.723
2964 64.723
2965 64.723
2966 64.723
2967 64.723
2968 64.723
2969 64.723
2970 64.723
2971 64.723
2972 64.723
2973 64.723
2974 64.723
2975 64.723
2976 64.723
2977 64.723
2978 64.723
2979 64.723
2980 64.723
2981 64.723
2982 64.723
2983 64.723
2984 64.723
2985 64.723
2986 64.723
2987 64.723
2988 64.723
2989 64.723
2990 64.723
2991 64.723
2992 64.723
2993 64.723
2994 64.723
2995 64.723
2996 64.723
2997 64.723
2998 64.723
2999 64.723
3000 64.723
3001 64.723
3002 64.723
3003 64.723
3004 64.723
3005 64.723
3006 64.723
3007 64.723
3008 64.723
3009 64.723
3010 64.723
3011 64.723
3012 64.723
3013 64.723
3014 64.723
3015 64.723
3016 64.723
3017 64.723
3018 64.723
3019 64.723
3020 64.723
3021 64.723
3022 64.723
3023 64.723
3024 64.723
3025 64.723
3026 64.723
3027 64.723
3028 64.723
3029 64.723
3030 64.723
3031 64.723
3032 64.723
3033 64.723
3034 64.723
3035 64.723
3036 64.723
3037 64.723
3038 64.723
3039 64.723
3040 64.723
3041 64.723
3042 64.723
3043 64.723
3044 64.723
3045 64.723
3046 64.723
3047 64.723
3048 64.723
3049 64.723
3050 64.723
3051 64.723
3052 64.723
3053 64.723
3054 64.723
3055 64.723
3056 64.723
3057 64.723
3058 64.723
3059 64.723
3060 64.723
3061 64.723
3062 64.723
3063 64.723
3064 64.723
3065 64.723
3066 64.723
3067 64.723
3068 64.723
3069 64.723
3070 64.723
3071 64.723
3072 64.723
3073 64.723
3074 64.723
3075 64.723
3076 64.723
3077 64.723
3078 64.723
3079 64.723
3080 64.723
3081 64.723
3082 64.723
3083 64.723
3084 64.723
3085 64.723
3086 64.723
3087 64.723
3088 64.723
3089 64.723
3090 64.723
3091 64.723
3092 64.723
3093 64.723
3094 64.723
3095 64.723
3096 64.723
3097 64.723
3098 64.723
3099 64.723
3100 64.723
3101 64.723
3102 64.723
3103 64.723
3104 64.723
3105 64.723
3106 64.723
3107 64.723
3108 64.723
3109 64.723
3110 64.723
3111 64.723
3112 64.723
3113 64.723
3114 64.723
3115 64.723
3116 64.723
3117 64.723
3118 64.723
3119 64.723
3120 64.723
3121 64.723
3122 64.723
3123 64.723
3124 64.723
3125 64.723
3126 64.723
3127 64.723
3128 64.723
3129 64.723
3130 64.723
3131 64.723
3132 64.723
3133 64.723
3134 64.723
3135 64.723
3136 64.723
3137 64.723
3138 64.723
3139 64.723
3140 64.723
3141 64.723
3142 64.723
3143 64.723
3144 64.723
3145 64.723
3146 64.723
3147 64.723
3148 64.723
3149 64.723
3150 64.723
3151 64.723
3152 64.723
3153 64.723
3154 64.723
3155 64.723
3156 64.723
3157 64.723
3158 64.723
3159 64.723
3160 64.723
3161 64.723
3162 64.723
3163 64.723
3164 64.723
3165 64.723
3166 64.723
3167 64.723
3168 64.723
3169 64.723
3170 64.723
3171 64.723
3172 64.723
3173 64.723
3174 64.723
3175 64.723
3176 64.723
3177 64.723
3178 64.723
3179 64.723
3180 64.723
3181 64.723
3182 64.723
3183 64.723
3184 64.723
3185 64.723
3186 64.723
3187 64.723
3188 64.723
3189 64.723
3190 64.723
3191 64.723
3192 64.723
3193 64.723
3194 64.723
3195 64.723
3196 64.723
3197 64.723
3198 64.723
3199 64.723
3200 64.723
3201 64.723
3202 64.723
3203 64.723
3204 64.723
3205 64.723
3206 64.723
3207 64.723
3208 64.723
3209 64.723
3210 64.723
3211 64.723
3212 64.723
3213 64.723
3214 64.723
3215 64.723
3216 64.723
3217 64.723
3218 64.723
3219 64.723
3220 64.723
3221 64.723
3222 64.723
3223 64.723
3224 64.723
3225 64.723
3226 64.723
3227 64.723
3228 64.723
3229 64.723
3230 64.723
3231 64.723
3232 64.723
3233 64.723
3234 64.723
3235 64.723
3236 64.723
3237 64.723
3238 64.723
3239 64.723
3240 64.723
3241 64.723
3242 64.723
3243 64.723
3244 64.723
3245 64.723
3246 64.723
3247 64.723
3248 64.723
3249 64.723
3250 64.723
3251 64.723
3252 64.723
3253 64.723
3254 64.723
3255 64.723
3256 64.723
3257 64.723
3258 64.723
3259 64.723
3260 64.723
3261 64.723
3262 64.723
3263 64.723
3264 64.723
3265 64.723
3266 64.723
3267 64.723
3268 64.723
3269 64.723
3270 64.723
3271 64.723
3272 64.723
3273 64.723
3274 64.723
3275 64.723
3276 64.723
3277 64.723
3278 64.723
3279 64.723
3280 64.723
3281 64.723
3282 64.723
3283 64.723
3284 64.723
3285 64.723
3286 64.723
3287 64.723
3288 64.723
3289 64.723
3290 64.723
3291 64.723
3292 64.723
3293 64.723
3294 64.723
3295 64.723
3296 64.723
3297 64.723
3298 64.723
3299 64.723
3300 64.723
3301 64.723
3302 64.723
3303 64.723
3304 64.723
3305 64.723
3306 64.723
3307 64.723
3308 64.723
3309 64.723
3310 64.723
3311 64.723
3312 64.723
3313 64.723
3314 64.723
3315 64.723
3316 64.723
3317 64.723
3318 64.723
3319 64.723
3320 64.723
3321 64.723
3322 64.723
3323 64.723
3324 64.723
3325 64.723
3326 64.723
3327 64.723
3328 64.723
3329 64.723
3330 64.723
3331 64.723
3332 64.723
3333 64.723
3334 64.723
3335 64.723
3336 64.723
3337 64.723
3338 64.723
3339 64.723
3340 64.723
3341 64.723
3342 64.723
3343 64.723
3344 64.723
3345 64.723
3346 64.723
3347 64.723
3348 64.723
3349 64.723
3350 64.723
3351 64.723
3352 64.723
3353 64.723
3354 64.723
3355 64.723
3356 64.723
3357 64.723
3358 64.723
3359 64.723
3360 64.723
3361 64.723
3362 64.723
3363 64.723
3364 64.723
3365 64.723
3366 64.723
3367 64.723
3368 64.723
3369 64.723
3370 64.723
3371 64.723
3372 64.723
3373 64.723
3374 64.723
3375 64.723
3376 64.723
3377 64.723
3378 64.723
3379 64.723
3380 64.723
3381 64.723
3382 64.723
3383 64.723
3384 64.723
3385 64.723
3386 64.723
3387 64.723
3388 64.723
3389 64.723
3390 64.723
3391 64.723
3392 64.723
3393 64.723
3394 64.723
3395 64.723
3396 64.723
3397 64.723
3398 64.723
3399 64.723
3400 64.723
3401 64.723
3402 64.723
3403 64.723
3404 64.723
3405 64.723
3406 64.723
3407 64.723
3408 64.723
3409 64.723
3410 64.723
3411 64.723
3412 64.723
3413 64.723
3414 64.723
3415 64.723
3416 64.723
3417 64.723
3418 64.723
3419 64.723
3420 64.723
3421 64.723
3422 64.723
3423 64.723
3424 64.723
3425 64.723
3426 64.723
3427 64.723
3428 64.723
3429 64.723
3430 64.723
3431 64.723
3432 64.723
3433 64.723
3434 64.723
3435 64.723
3436 64.723
3437 64.723
3438 64.723
3439 64.723
3440 64.723
3441 64.723
3442 64.723
3443 64.723
3444 64.723
3445 64.723
3446 64.723
3447 64.723
3448 64.723
3449 64.723
3450 64.723
3451 64.723
3452 64.723
3453 64.723
3454 64.723
3455 64.723
3456 64.723
3457 64.723
3458 64.723
3459 64.723
3460 64.723
3461 64.723
3462 64.723
3463 64.723
3464 64.723
3465 64.723
3466 64.723
3467 64.723
3468 64.723
3469 64.723
3470 64.723
3471 64.723
3472 64.723
3473 64.723
3474 64.723
3475 64.6744
3476 64.6744
3477 64.6744
3478 64.6744
3479 64.6744
3480 64.6744
3481 64.6744
3482 64.6744
3483 64.6744
3484 64.6744
3485 64.6744
3486 64.6744
3487 64.6744
3488 64.6744
3489 64.6744
3490 64.6744
3491 64.6744
3492 64.6744
3493 64.6744
3494 64.6744
3495 64.6744
3496 64.6744
3497 64.6744
3498 64.6744
3499 64.6744
3500 64.6744
