0 510.408
1 451.476
2 419.275
3 395.56
4 379.532
5 358.248
6 338.596
7 318.345
8 303.161
9 291.619
10 278.329
11 267.497
12 258.361
13 251.396
14 245.777
15 239.172
16 232.453
17 227.907
18 223.066
19 217.604
20 211.494
21 206.222
22 201.157
23 196.32
24 193.017
25 189.363
26 186.576
27 183.536
28 179.995
29 175.297
30 170.368
31 166.831
32 163.653
33 160.187
34 157.039
35 154.796
36 153.135
37 151.315
38 148.162
39 145.841
40 143.821
41 142.268
42 139.427
43 136.983
44 135.481
45 133.257
46 131.094
47 129.598
48 130.083
49 128.789
50 126.256
51 123.319
52 120.661
53 118.295
54 116.307
55 114.324
56 113.101
57 111.837
58 111.06
59 109.554
60 107.309
61 105.777
62 104.653
63 103.236
64 102.613
65 101.805
66 101.05
67 100.168
68 98.8863
69 98.1112
70 97.0724
71 96.1196
72 95.0775
73 94.3096
74 93.2666
75 92.2095
76 91.5791
77 91.3802
78 92.5185
79 91.8152
80 89.8903
81 88.7937
82 88.1557
83 87.6401
84 86.8805
85 86.1125
86 85.6015
87 85.5602
88 85.2899
89 84.6708
90 84.1897
91 83.1076
92 82.9295
93 82.5186
94 81.982
95 82.3775
96 82.1579
97 81.7121
98 81.7232
99 81.6603
100 80.6693
101 80.3738
102 79.9752
103 79.6941
104 79.3556
105 79.2566
106 78.7699
107 80.2879
108 80.9068
109 80.7636
110 80.0998
111 79.3274
112 78.4451
113 78.5971
114 78.2454
115 77.9605
116 77.9755
117 79.1548
118 79.8449
119 79.4358
120 79.2511
121 78.5714
122 77.5177
123 77.1419
124 76.9322
125 76.8703
126 77.3484
127 77.6792
128 77.5322
129 76.7722
130 76.5924
131 75.9616
132 75.9252
133 75.3425
134 75.404
135 75.4482
136 75.5209
137 75.2058
138 75.0956
139 75.1467
140 75.0959
141 74.8079
142 74.7788
143 74.8292
144 75.0126
145 75.1078
146 74.9071
147 74.7894
148 74.6295
149 74.9454
150 74.8408
151 74.8179
152 74.7916
153 74.7343
154 74.5989
155 74.5035
156 74.3223
157 74.4862
158 74.7122
159 74.4867
160 73.9591
161 73.7354
162 73.1179
163 73.003
164 73.1475
165 73.3811
166 73.0036
167 73.3164
168 73.4934
169 73.3635
170 73.367
171 73.4843
172 72.9761
173 73.3763
174 73.3098
175 73.3115
176 73.145
177 72.8907
178 73.1875
179 73.1175
180 72.7364
181 72.4687
182 72.4914
183 72.8261
184 72.3564
185 72.2219
186 72.1939
187 72.3422
188 72.0861
189 71.9469
190 71.8369
191 72.3361
192 72.3787
193 72.1329
194 72.3442
195 72.4376
196 72.379
197 72.1536
198 72.2747
199 72.0747
200 72.2449
201 72.0589
202 72.1664
203 72.2689
204 72.5259
205 72.2579
206 72.0497
207 71.9523
208 72.0181
209 71.929
210 71.9984
211 72.1887
212 72.1791
213 72.062
214 72.1728
215 72.1694
216 71.798
217 71.9325
218 71.8863
219 71.8176
220 71.8076
221 71.6805
222 71.5238
223 71.1937
224 71.2706
225 71.3581
226 71.2678
227 71.2698
228 71.0042
229 71.1961
230 71.178
231 71.0598
232 70.7869
233 71.2912
234 71.3037
235 71.6183
236 71.6221
237 71.5591
238 71.2098
239 71.2325
240 70.9848
241 71.2249
242 71.1191
243 71.1536
244 71.3898
245 71.2848
246 71.6437
247 71.4243
248 71.1556
249 70.9878
250 70.8591
251 71.2019
252 71.2103
253 71.2917
254 71.2739
255 71.1792
256 71.3901
257 70.988
258 71.0757
259 71.0789
260 71.1446
261 71.3322
262 71.4277
263 71.3902
264 71.0093
265 71.2026
266 71.4768
267 71.5472
268 71.3443
269 71.3254
270 71.243
271 71.2175
272 71.0873
273 71.2042
274 71.7008
275 71.3708
276 70.884
277 71.0908
278 70.7166
279 70.7677
280 71.0022
281 70.6354
282 70.9258
283 70.7259
284 70.6298
285 70.8851
286 70.5453
287 70.5798
288 70.4017
289 70.3584
290 70.3172
291 70.1777
292 70.2759
293 70.3579
294 70.3595
295 69.9485
296 70.1422
297 70.1684
298 70.3997
299 70.343
300 70.3865
301 70.1917
302 70.3907
303 70.3026
304 70.2404
305 70.4595
306 70.4673
307 70.1987
308 70.3599
309 70.5922
310 70.4577
311 70.1826
312 69.9847
313 70.3156
314 70.3544
315 70.5209
316 70.3987
317 70.3718
318 70.3445
319 70.2403
320 70.1984
321 70.1282
322 70.186
323 70.0978
324 70.348
325 70.2477
326 70.142
327 70.2147
328 70.1497
329 70.0079
330 70.1587
331 70.4059
332 70.2944
333 70.4423
334 70.5404
335 70.6628
336 70.481
337 70.4635
338 70.1421
339 70.3085
340 70.1351
341 70.3615
342 70.5236
343 70.2217
344 70.2834
345 70.3228
346 70.383
347 70.6044
348 70.599
349 70.2301
350 69.9877
351 69.9989
352 70.7564
353 70.2086
354 70.4522
355 70.3645
356 70.1543
357 70.3329
358 70.0265
359 70.2214
360 70.3716
361 70.5528
362 70.5458
363 70.2731
364 70.1255
365 70.2804
366 70.3766
367 70.3354
368 70.0131
369 70.2417
370 70.1136
371 70.1999
372 70.2132
373 70.1391
374 70.5753
375 70.4874
376 70.4927
377 70.5249
378 70.2413
379 70.2343
380 70.3561
381 70.7174
382 70.4282
383 70.1281
384 70.2758
385 70.1726
386 70.5067
387 70.0655
388 70.4418
389 70.6512
390 70.2586
391 70.3263
392 70.3249
393 70.4122
394 70.2108
395 70.5721
396 70.065
397 70.36
398 70.1628
399 70.1099
400 70.2751
401 70.2633
402 70.1668
403 70.2025
404 70.3449
405 70.1625
406 70.3471
407 70.0886
408 70.4347
409 70.3371
410 70.097
411 70.0192
412 70.4203
413 70.4867
414 70.3644
415 70.1727
416 70.1884
417 70.6945
418 70.188
419 70.4213
420 70.443
421 70.4441
422 70.2766
423 70.2674
424 69.9185
425 70.319
426 70.6649
427 70.2539
428 70.1625
429 70.0222
430 70.0356
431 70.4064
432 70.1903
433 70.1207
434 70.1703
435 70.2608
436 70.2321
437 70.0665
438 69.9998
439 69.7419
440 69.5657
441 70.0187
442 69.4174
443 69.6481
444 69.6417
445 70.0573
446 69.5953
447 69.571
448 70.1495
449 69.8085
450 69.8943
451 69.6374
452 69.5358
453 69.8205
454 69.9474
455 69.9151
456 70.0328
457 69.6204
458 69.572
459 69.5025
460 69.7207
461 69.5826
462 69.8146
463 70.1227
464 69.9374
465 69.6825
466 69.868
467 69.7421
468 69.539
469 69.6353
470 69.9167
471 69.871
472 69.9034
473 69.8298
474 69.6215
475 69.6471
476 70.189
477 70.1356
478 69.8799
479 69.8175
480 69.7378
481 69.6585
482 70.0127
483 69.7934
484 69.6994
485 69.8419
486 69.6957
487 70.0213
488 70.0238
489 69.5393
490 69.3888
491 69.6094
492 69.2587
493 69.3961
494 69.481
495 69.4882
496 69.693
497 69.7363
498 69.5845
499 69.6132
500 69.5541
501 69.5732
502 69.385
503 69.4154
504 69.7571
505 69.7385
506 69.5765
507 69.4607
508 69.6583
509 69.9289
510 69.7443
511 69.4154
512 69.4276
513 69.368
514 69.7197
515 69.5833
516 69.7779
517 69.634
518 69.3527
519 69.2286
520 69.6698
521 69.4002
522 69.6904
523 69.7493
524 69.2836
525 69.2413
526 69.9099
527 69.8093
528 69.7246
529 69.9663
530 69.6622
531 69.6578
532 69.4446
533 69.4521
534 69.6295
535 69.8279
536 69.6718
537 69.8616
538 69.7013
539 69.6429
540 69.4876
541 69.3681
542 69.7565
543 69.5007
544 69.7509
545 69.6535
546 69.7386
547 69.5302
548 69.531
549 69.4935
550 69.6875
551 69.9811
552 69.6724
553 69.615
554 69.7576
555 69.6588
556 69.3401
557 69.6413
558 69.9241
559 69.548
560 69.4048
561 69.6941
562 69.3952
563 69.5732
564 69.5869
565 69.5132
566 69.5661
567 69.5304
568 69.449
569 69.5879
570 69.6422
571 69.9899
572 70.0857
573 69.6885
574 69.5691
575 69.6455
576 69.4969
577 69.6318
578 69.4029
579 69.6584
580 69.4455
581 69.515
582 69.5674
583 69.8145
584 69.3687
585 69.2916
586 69.3613
587 69.6642
588 69.7193
589 69.7125
590 69.505
591 69.3438
592 69.5598
593 69.5391
594 69.4954
595 69.5276
596 69.4074
597 69.3763
598 69.4825
599 69.5851
600 69.8203
601 69.6893
602 69.3885
603 69.7681
604 69.6599
605 69.5391
606 69.5557
607 69.4796
608 69.6847
609 69.5564
610 69.4382
611 69.4709
612 69.3537
613 69.7335
614 69.8537
615 69.5285
616 69.5942
617 69.6818
618 69.6991
619 69.7244
620 69.3361
621 69.3524
622 69.4588
623 69.2312
624 69.4285
625 69.4575
626 69.4655
627 69.5129
628 69.3068
629 69.4901
630 69.6372
631 69.3802
632 68.9526
633 68.999
634 69.4149
635 69.4985
636 69.7448
637 69.3546
638 69.1774
639 69.2306
640 69.1582
641 69.404
642 69.1309
643 68.9255
644 69.2157
645 69.342
646 69.2818
647 69.5901
648 69.2342
649 68.9224
650 69.1174
651 68.981
652 69.2585
653 68.9008
654 69.1129
655 68.8394
656 69.3633
657 68.7342
658 68.8224
659 68.8666
660 68.9067
661 68.8909
662 68.514
663 68.2325
664 68.2227
665 68.5425
666 68.629
667 68.4287
668 68.5517
669 68.7641
670 68.7436
671 68.5105
672 68.4949
673 68.7879
674 68.5002
675 68.4208
676 68.653
677 68.7339
678 68.5948
679 68.5807
680 68.3911
681 68.7089
682 68.6581
683 68.5364
684 68.526
685 68.6858
686 68.5121
687 68.5038
688 68.5032
689 68.8471
690 68.6124
691 68.5895
692 68.5136
693 68.5163
694 68.3966
695 68.4162
696 68.4286
697 68.5779
698 68.7297
699 68.6212
700 68.5213
701 68.6807
702 68.6517
703 68.7496
704 68.6867
705 68.6771
706 68.811
707 68.976
708 68.8002
709 68.8363
710 68.5358
711 68.5882
712 68.5323
713 68.7095
714 68.4822
715 68.3541
716 68.655
717 68.5803
718 68.611
719 69.05
720 69.1466
721 68.3902
722 68.5916
723 68.6553
724 68.2929
725 68.483
726 68.3685
727 68.4166
728 68.8254
729 69.1011
730 69.0233
731 68.7136
732 68.3313
733 68.314
734 68.3313
735 68.4121
736 68.6339
737 68.422
738 68.3586
739 68.3062
740 68.3536
741 68.7479
742 69.0837
743 68.6575
744 68.7233
745 68.0812
746 68.4668
747 68.4751
748 68.0785
749 68.1359
750 68.3325
751 68.3588
752 68.3791
753 68.0703
754 68.1909
755 68.441
756 68.6447
757 68.2485
758 68.2783
759 68.3912
760 68.307
761 68.3642
762 68.6245
763 68.3538
764 68.4984
765 68.1719
766 68.2581
767 68.4476
768 68.5055
769 68.355
770 68.495
771 68.4111
772 68.3071
773 68.2089
774 68.1632
775 68.4919
776 68.472
777 68.5029
778 68.5719
779 68.4783
780 68.42
781 68.0653
782 68.0994
783 68.3624
784 68.4827
785 68.4278
786 68.5552
787 68.2849
788 68.5933
789 68.4886
790 68.6898
791 68.3261
792 68.1846
793 68.3232
794 68.0457
795 68.4015
796 68.1675
797 68.2807
798 68.0567
799 68.0211
800 68.4407
801 68.3634
802 68.4316
803 68.2369
804 68.2485
805 68.3661
806 68.4703
807 68.1648
808 68.1251
809 68.4143
810 68.3553
811 68.3766
812 68.5003
813 68.5094
814 68.1839
815 68.4071
816 68.1082
817 68.3239
818 68.2563
819 68.2883
820 68.0663
821 68.1668
822 68.3044
823 68.2099
824 68.3929
825 68.0059
826 68.1678
827 68.3323
828 68.3573
829 68.4693
830 68.6054
831 68.2374
832 68.2529
833 68.5371
834 68.459
835 68.4038
836 68.515
837 68.351
838 68.6259
839 68.4733
840 68.4464
841 68.6168
842 68.4187
843 68.9747
844 68.8735
845 68.6396
846 68.1961
847 68.0447
848 68.6426
849 68.4257
850 68.4406
851 68.3537
852 68.129
853 68.1166
854 68.1246
855 68.2774
856 68.0449
857 68.1249
858 68.1497
859 68.2803
860 68.1135
861 68.1179
862 68.7114
863 68.3729
864 68.0763
865 68.242
866 68.4126
867 68.3201
868 68.4344
869 68.4387
870 68.3939
871 68.0785
872 68.1464
873 68.0631
874 68.0407
875 68.4013
876 68.358
877 68.23
878 68.4428
879 68.3164
880 68.0646
881 68.1021
882 68.0636
883 68.1502
884 67.9967
885 68.3059
886 68.4642
887 68.0423
888 67.6526
889 67.551
890 67.7113
891 67.2029
892 67.3551
893 67.542
894 67.5475
895 67.5427
896 67.6699
897 67.1335
898 67.2813
899 67.6026
900 67.4969
901 67.6309
902 67.5617
903 67.5905
904 67.5848
905 67.7063
906 67.5334
907 67.6215
908 67.173
909 67.422
910 67.6091
911 67.5992
912 67.461
913 67.3371
914 67.2649
915 67.4719
916 67.4168
917 67.3472
918 67.4705
919 67.624
920 67.3259
921 67.1863
922 67.2921
923 67.666
924 67.1771
925 67.2514
926 67.4475
927 67.605
928 67.3828
929 67.2674
930 67.2326
931 67.505
932 67.5277
933 67.3775
934 67.4148
935 67.5492
936 67.604
937 67.6711
938 67.646
939 67.3859
940 67.7302
941 67.4542
942 67.4968
943 67.2273
944 67.3336
945 67.5036
946 67.5978
947 67.4952
948 67.4005
949 67.3575
950 67.1793
951 67.4302
952 67.3368
953 67.6635
954 67.8006
955 67.1897
956 67.4571
957 67.2804
958 67.342
959 67.4569
960 67.3122
961 67.5673
962 67.4958
963 67.3515
964 67.5022
965 67.2112
966 67.6139
967 67.6442
968 67.5019
969 67.2822
970 67.6022
971 67.518
972 67.4391
973 67.3429
974 67.7488
975 67.7246
976 67.7719
977 67.5493
978 67.4111
979 67.124
980 67.5286
981 67.4386
982 67.445
983 67.2599
984 67.3773
985 67.3614
986 67.3105
987 67.0863
988 67.5846
989 67.4999
990 67.5509
991 67.4793
992 67.3015
993 67.4195
994 67.6061
995 67.8093
996 67.5334
997 67.4598
998 67.4595
999 67.7048
1000 67.3883
1001 67.449
1002 67.5027
1003 67.3006
1004 67.5557
1005 67.5136
1006 67.8392
1007 67.7391
1008 67.502
1009 67.3649
1010 67.363
1011 67.5555
1012 67.3696
1013 67.3152
1014 67.2359
1015 67.5648
1016 67.32
1017 67.5296
1018 67.2387
1019 67.2399
1020 67.4534
1021 67.3926
1022 67.478
1023 67.4867
1024 67.4205
1025 67.2566
1026 67.3473
1027 67.5426
1028 67.2121
1029 67.1881
1030 67.2022
1031 67.3553
1032 67.6804
1033 67.556
1034 67.4191
1035 67.178
1036 67.7283
1037 67.6862
1038 67.7065
1039 67.4483
1040 67.4181
1041 67.4316
1042 67.7138
1043 67.6976
1044 67.5031
1045 67.3735
1046 67.2935
1047 67.4404
1048 67.6777
1049 67.477
1050 67.2904
1051 67.5779
1052 67.424
1053 67.1998
1054 67.3758
1055 67.6339
1056 67.4122
1057 67.3944
1058 67.3607
1059 67.1693
1060 67.6598
1061 67.4575
1062 67.2917
1063 67.4995
1064 67.3796
1065 67.2943
1066 67.3115
1067 67.5963
1068 67.2089
1069 67.1436
1070 67.3101
1071 67.8284
1072 67.8103
1073 67.4306
1074 67.451
1075 67.5736
1076 67.606
1077 66.9693
1078 67.3715
1079 67.3826
1080 67.5862
1081 67.3851
1082 67.4857
1083 67.1548
1084 67.6095
1085 67.3231
1086 67.518
1087 67.5049
1088 67.6326
1089 67.7381
1090 67.8453
1091 67.5649
1092 67.8274
1093 67.7989
1094 67.5053
1095 67.5771
1096 67.5607
1097 67.6061
1098 67.6035
1099 67.6364
1100 67.2139
1101 67.5421
1102 67.4347
1103 67.2228
1104 67.7909
1105 67.3731
1106 67.2512
1107 67.3573
1108 67.3143
1109 67.1372
1110 67.3675
1111 67.2114
1112 67.1424
1113 67.2688
1114 67.6034
1115 67.6479
1116 67.3325
1117 67.5951
1118 67.6176
1119 67.4131
1120 67.5642
1121 67.4345
1122 67.4274
1123 67.3533
1124 67.426
1125 67.303
1126 67.363
1127 67.4692
1128 67.2355
1129 67.1345
1130 67.4401
1131 67.5335
1132 67.2723
1133 67.4383
1134 67.3714
1135 67.2569
1136 67.4033
1137 67.5537
1138 67.5916
1139 67.5792
1140 67.4126
1141 67.2857
1142 67.4277
1143 67.4975
1144 67.4601
1145 67.6392
1146 67.9665
1147 67.4753
1148 67.7256
1149 67.468
1150 67.3609
1151 67.4643
1152 67.6356
1153 67.5862
1154 67.263
1155 67.4027
1156 67.3588
1157 67.6812
1158 67.7254
1159 67.3468
1160 67.7389
1161 67.3034
1162 67.5056
1163 67.6091
1164 67.6649
1165 67.4742
1166 67.3988
1167 67.4823
1168 67.3657
1169 67.8666
1170 67.5481
1171 67.5241
1172 67.5229
1173 67.464
1174 67.7513
1175 67.7714
1176 67.6416
1177 67.4182
1178 67.6673
1179 67.3741
1180 67.3647
1181 67.3678
1182 67.2481
1183 67.3851
1184 67.6254
1185 67.4563
1186 67.167
1187 67.4932
1188 67.7593
1189 67.347
1190 67.2986
1191 67.3831
1192 67.6542
1193 67.8864
1194 67.2574
1195 67.1568
1196 67.326
1197 67.571
1198 67.637
1199 67.4533
1200 67.5284
1201 67.8605
1202 67.6046
1203 67.3376
1204 67.419
1205 67.3258
1206 67.3034
1207 67.4264
1208 67.4019
1209 67.4133
1210 67.5056
1211 67.402
1212 67.3006
1213 67.2822
1214 67.4188
1215 67.3156
1216 67.435
1217 67.2171
1218 67.3797
1219 67.2779
1220 67.2758
1221 67.7721
1222 67.3902
1223 67.3174
1224 67.1934
1225 67.3271
1226 67.3124
1227 67.5365
1228 67.2833
1229 67.5594
1230 67.0918
1231 67.3087
1232 67.3509
1233 67.4947
1234 68.125
1235 67.6457
1236 67.331
1237 67.5648
1238 67.5603
1239 67.3988
1240 67.3967
1241 67.5492
1242 67.6132
1243 67.7374
1244 67.812
1245 67.4687
1246 67.2167
1247 67.4166
1248 67.5229
1249 67.5538
1250 67.4526
1251 67.2402
1252 67.2589
1253 67.4814
1254 67.4852
1255 67.2511
1256 67.4596
1257 67.5134
1258 67.6026
1259 67.8005
1260 67.4623
1261 67.6915
1262 67.3558
1263 67.3494
1264 67.4421
1265 67.303
1266 67.5198
1267 67.676
1268 67.5392
1269 67.5923
1270 67.573
1271 67.2637
1272 67.2853
1273 67.7841
1274 67.6923
1275 67.5164
1276 67.4767
1277 67.6099
1278 67.4389
1279 67.5598
1280 67.1565
1281 67.3536
1282 67.6765
1283 67.5034
1284 67.5631
1285 67.6545
1286 67.4969
1287 67.1483
1288 67.5187
1289 67.1945
1290 67.7124
1291 67.7175
1292 67.5154
1293 67.6052
1294 67.3033
1295 67.5784
1296 67.646
1297 67.5695
1298 67.5255
1299 67.5607
1300 67.1343
1301 67.4842
1302 67.6215
1303 67.3461
1304 67.4095
1305 67.6125
1306 67.4389
1307 67.4213
1308 67.4905
1309 67.6992
1310 67.4464
1311 67.292
1312 67.22
1313 67.3574
1314 67.5187
1315 67.3736
1316 67.2916
1317 67.2422
1318 67.453
1319 67.5523
1320 67.429
1321 67.4185
1322 67.363
1323 67.4163
1324 67.3929
1325 67.4024
1326 67.6656
1327 67.4231
1328 67.6874
1329 67.6184
1330 67.4111
1331 67.5558
1332 67.6002
1333 67.1534
1334 67.1965
1335 67.1576
1336 67.1025
1337 66.8155
1338 66.72
1339 66.575
1340 67.0215
1341 67.2105
1342 67.2365
1343 67.0141
1344 66.6015
1345 66.9087
1346 66.94
1347 66.8236
1348 66.8545
1349 67.2178
1350 66.9106
1351 67.1009
1352 66.6888
1353 66.9563
1354 66.7272
1355 66.883
1356 66.7109
1357 66.7676
1358 66.8843
1359 67.093
1360 67.1342
1361 66.9872
1362 66.784
1363 66.8967
1364 66.8696
1365 66.9512
1366 67.2584
1367 66.8951
1368 66.8312
1369 66.818
1370 66.8779
1371 67.0948
1372 67.1272
1373 67.2379
1374 67.2072
1375 66.8219
1376 66.7455
1377 66.866
1378 66.8619
1379 66.8583
1380 66.7942
1381 66.8982
1382 66.8179
1383 66.8951
1384 67.1522
1385 66.865
1386 66.8852
1387 66.948
1388 66.5984
1389 67.0812
1390 67.0758
1391 66.8417
1392 66.901
1393 66.8472
1394 66.771
1395 66.8533
1396 66.9403
1397 66.5555
1398 66.836
1399 66.6575
1400 66.8035
1401 67.112
1402 67.0559
1403 67.1456
1404 67.0812
1405 66.7478
1406 67.1735
1407 67.2019
1408 67.0421
1409 66.9071
1410 67.2055
1411 67.0949
1412 66.9564
1413 67.044
1414 67.1964
1415 66.9394
1416 67.1278
1417 67.1012
1418 66.8349
1419 66.5128
1420 67.0393
1421 67.0638
1422 66.6957
1423 66.9784
1424 66.9243
1425 67.1155
1426 67.199
1427 67.019
1428 66.9698
1429 66.7414
1430 66.8748
1431 66.9665
1432 67.163
1433 66.9017
1434 66.8764
1435 66.9177
1436 66.979
1437 66.7871
1438 66.8821
1439 66.7925
1440 66.7068
1441 67.0204
1442 66.8198
1443 66.5724
1444 67.0066
1445 67.0951
1446 67.0915
1447 66.847
1448 66.9652
1449 67.0901
1450 67.0984
1451 66.784
1452 67.0291
1453 67.2557
1454 67.1725
1455 66.9481
1456 67.0232
1457 66.9129
1458 66.8777
1459 66.8874
1460 67.0492
1461 67.1116
1462 67.168
1463 67.1069
1464 66.8361
1465 67.0206
1466 66.8177
1467 67.1204
1468 66.8741
1469 66.9185
1470 67.0291
1471 66.8822
1472 66.8572
1473 67.2758
1474 67.2229
1475 66.738
1476 66.9945
1477 66.6476
1478 66.69
1479 66.7097
1480 67.0654
1481 67.0078
1482 66.569
1483 66.5763
1484 66.793
1485 67.0976
1486 66.928
1487 66.8417
1488 67.1314
1489 67.1484
1490 67.1877
1491 67.021
1492 67.1018
1493 66.9342
1494 66.6455
1495 66.5005
1496 66.7145
1497 66.9745
1498 66.9938
1499 66.9262
1500 66.714
1501 66.6397
1502 66.6655
1503 66.9493
1504 67.2768
1505 66.9531
1506 66.975
1507 67.2032
1508 67.1228
1509 67.0705
1510 67.1582
1511 67.0514
1512 67.1434
1513 67.18
1514 67.0387
1515 67.0523
1516 66.9037
1517 66.8481
1518 66.6437
1519 67.1038
1520 66.97
1521 66.9715
1522 67.1964
1523 67.169
1524 66.9089
1525 67.0701
1526 67.1285
1527 67.1919
1528 67.114
1529 66.9025
1530 67.0302
1531 67.1932
1532 66.8329
1533 66.882
1534 66.7683
1535 67.2055
1536 67.0025
1537 67.0429
1538 67.135
1539 67.0689
1540 66.9399
1541 67.2
1542 67.1139
1543 67.1209
1544 66.9646
1545 66.9094
1546 67.0189
1547 66.7138
1548 67.0088
1549 67.1803
1550 66.9012
1551 66.6362
1552 66.9723
1553 67.0727
1554 66.9932
1555 66.9504
1556 66.6843
1557 67.1721
1558 67.3271
1559 66.9438
1560 66.9634
1561 67.3287
1562 67.0042
1563 67.203
1564 66.9045
1565 66.8878
1566 66.8317
1567 67.0089
1568 66.814
1569 66.9695
1570 67.1346
1571 66.9268
1572 66.8433
1573 66.97
1574 67.1046
1575 66.9997
1576 67.143
1577 67.2541
1578 66.7649
1579 66.6982
1580 66.8206
1581 67.2139
1582 66.7678
1583 66.6606
1584 66.9464
1585 66.9036
1586 67.0618
1587 66.986
1588 66.8541
1589 67.1045
1590 67.0937
1591 66.9454
1592 67.081
1593 67.0662
1594 66.8619
1595 66.8316
1596 66.7989
1597 66.9989
1598 66.7982
1599 66.9127
1600 67.2442
1601 67.2164
1602 66.9937
1603 66.6548
1604 67.0246
1605 66.8406
1606 66.8537
1607 66.7621
1608 66.8699
1609 66.6032
1610 66.899
1611 67.0352
1612 66.6453
1613 66.9057
1614 66.8353
1615 66.7709
1616 66.8614
1617 66.6404
1618 67.0335
1619 66.7027
1620 66.9099
1621 66.4489
1622 66.8196
1623 66.8857
1624 67.1864
1625 66.956
1626 66.8993
1627 67.1376
1628 67.0874
1629 66.9613
1630 67.0564
1631 67.0214
1632 66.9539
1633 66.9847
1634 66.9844
1635 67.0544
1636 66.8863
1637 67.1007
1638 67.2751
1639 67.1644
1640 66.8272
1641 67.0645
1642 66.9717
1643 66.8728
1644 67.1253
1645 66.8526
1646 67.0104
1647 66.9396
1648 66.9737
1649 66.9434
1650 66.7083
1651 66.7305
1652 66.912
1653 66.8635
1654 66.8437
1655 67.2483
1656 66.9605
1657 66.9668
1658 66.7322
1659 67.093
1660 67.0649
1661 67.0148
1662 66.8409
1663 66.9501
1664 66.9163
1665 67.027
1666 67.0727
1667 67.3193
1668 67.1096
1669 66.9038
1670 67.0957
1671 67.0151
1672 67.2002
1673 67.0097
1674 66.7054
1675 67.087
1676 66.9502
1677 67.1257
1678 66.8875
1679 66.9097
1680 66.9547
1681 66.6086
1682 66.9037
1683 66.8375
1684 66.9006
1685 66.9248
1686 66.93
1687 67.0955
1688 66.7576
1689 66.961
1690 67.0158
1691 66.9382
1692 66.8349
1693 66.8498
1694 66.9038
1695 67.0918
1696 66.9089
1697 67.152
1698 66.9165
1699 67.0858
1700 66.9119
1701 66.9685
1702 67.2374
1703 67.1955
1704 66.5975
1705 66.8993
1706 66.9443
1707 67.339
1708 66.979
1709 66.5298
1710 66.7151
1711 67.1996
1712 67.225
1713 66.8961
1714 67.08
1715 67.1733
1716 66.9022
1717 66.91
1718 66.8773
1719 66.7464
1720 66.9368
1721 66.9115
1722 66.8795
1723 66.9938
1724 66.8754
1725 67.0757
1726 67.0025
1727 66.6269
1728 66.8648
1729 67.0282
1730 66.8699
1731 66.5039
1732 66.8926
1733 66.917
1734 67.0467
1735 67.0973
1736 67.0169
1737 67.1264
1738 66.7841
1739 66.697
1740 66.7049
1741 67.0836
1742 66.9232
1743 67.0484
1744 66.999
1745 67.1824
1746 67.2147
1747 67.0466
1748 67.1812
1749 66.9256
1750 67.1048
1751 66.5768
1752 66.7445
1753 66.9497
1754 66.993
1755 66.919
1756 66.8866
1757 67.0711
1758 67.1057
1759 67.1501
1760 67.0267
1761 67.1321
1762 66.998
1763 67.3206
1764 67.2167
1765 67.0205
1766 66.9986
1767 67.0478
1768 67.1304
1769 67.1062
1770 67.1494
1771 67.1965
1772 66.9236
1773 66.9471
1774 66.9492
1775 67.0607
1776 66.6545
1777 66.6314
1778 66.7858
1779 66.9692
1780 67.0284
1781 66.6804
1782 66.9044
1783 67.0804
1784 66.89
1785 66.9858
1786 67.3072
1787 67.0212
1788 67.0817
1789 67.0952
1790 66.8241
1791 67.0701
1792 66.6274
1793 67.07
1794 67.2758
1795 66.8952
1796 67.0693
1797 67.2977
1798 66.9025
1799 66.838
1800 66.8367
1801 66.8018
1802 66.7659
1803 66.8662
1804 66.9281
1805 67.2347
1806 66.7682
1807 67.1901
1808 67.4323
1809 67.4095
1810 67.2942
1811 67.0688
1812 67.0948
1813 66.8757
1814 66.8471
1815 67.0005
1816 66.988
1817 66.7531
1818 66.742
1819 66.7038
1820 66.8113
1821 67.1691
1822 66.7297
1823 66.9511
1824 66.7363
1825 67.3067
1826 67.4057
1827 67.3166
1828 66.8194
1829 66.8834
1830 66.9574
1831 66.8453
1832 66.7781
1833 67.0823
1834 66.6716
1835 66.821
1836 66.8072
1837 66.6754
1838 66.9361
1839 66.8863
1840 67.203
1841 66.8824
1842 67.0709
1843 67.1362
1844 66.8142
1845 67.1174
1846 66.9695
1847 66.8511
1848 66.9877
1849 67.1444
1850 67.0949
1851 67.0628
1852 67.0559
1853 66.7241
1854 66.9107
1855 66.7025
1856 66.9758
1857 67.1068
1858 67.1612
1859 67.2311
1860 67.153
1861 67.1046
1862 66.8428
1863 67.1579
1864 66.933
1865 66.8001
1866 67.055
1867 67.2509
1868 66.8924
1869 66.8644
1870 66.795
1871 66.8066
1872 66.8701
1873 67.1165
1874 66.9119
1875 66.7691
1876 66.7246
1877 67.1093
1878 66.6293
1879 66.8875
1880 66.7946
1881 66.9423
1882 67.2882
1883 67.1374
1884 67.1489
1885 66.8845
1886 66.8965
1887 66.9695
1888 66.8297
1889 66.6501
1890 66.8018
1891 66.9843
1892 66.9398
1893 66.9721
1894 67.3275
1895 66.9321
1896 67.0851
1897 67.1359
1898 66.8783
1899 66.9028
1900 66.6804
1901 66.7721
1902 66.9264
1903 66.9125
1904 66.945
1905 67.3069
1906 67.1377
1907 66.8849
1908 66.7807
1909 67.2583
1910 66.9474
1911 67.2266
1912 66.8819
1913 66.8016
1914 66.9004
1915 67.1728
1916 66.6443
1917 66.8379
1918 66.918
1919 67.0828
1920 67.1065
1921 67.0398
1922 67.0273
1923 66.976
1924 66.9333
1925 67.0239
1926 67.1925
1927 67.0478
1928 67.452
1929 67.2944
1930 66.9509
1931 66.7404
1932 66.7809
1933 67.3249
1934 67.2239
1935 66.9986
1936 67.148
1937 67.1071
1938 66.8296
1939 66.8581
1940 67.0837
1941 66.9175
1942 67.0195
1943 67.0644
1944 66.9528
1945 66.8616
1946 67.0578
1947 66.9334
1948 66.8925
1949 67.2595
1950 67.0782
1951 66.8441
1952 66.8468
1953 66.8554
1954 66.9518
1955 67.0604
1956 67.0687
1957 67.0582
1958 66.703
1959 66.709
1960 66.6486
1961 66.5472
1962 66.9534
1963 66.8727
1964 66.93
1965 67.1046
1966 67.1971
1967 66.7684
1968 66.9474
1969 66.8628
1970 66.7858
1971 67.2522
1972 67.1847
1973 66.9006
1974 66.9256
1975 67.385
1976 67.1102
1977 67.1173
1978 67.1642
1979 67.2112
1980 67.0143
1981 66.9416
1982 66.9669
1983 66.7174
1984 67.1526
1985 66.9372
1986 66.7674
1987 67.1441
1988 66.8744
1989 67.2528
1990 67.3573
1991 66.8122
1992 67.4706
1993 67.0617
1994 67.1502
1995 66.957
1996 66.8991
1997 67.1411
1998 66.9638
1999 66.6474
2000 66.7566
2001 66.7396
2002 66.8841
2003 67.289
2004 67.0732
2005 67.1719
2006 66.6632
2007 67.2263
2008 67.0617
2009 67.0349
2010 67.0689
2011 67.3054
2012 67.34
2013 66.8986
2014 66.8322
2015 66.8808
2016 66.8902
2017 66.7473
2018 66.9447
2019 66.8983
2020 67.0804
2021 66.6862
2022 66.7803
2023 67.2089
2024 67.0035
2025 66.8401
2026 66.903
2027 66.9008
2028 66.8423
2029 66.764
2030 67.1858
2031 67.0491
2032 67.2341
2033 67.0151
2034 67.0825
2035 67.0156
2036 67.0801
2037 66.8487
2038 67.1215
2039 66.9795
2040 66.7437
2041 66.8784
2042 67.0573
2043 66.8636
2044 66.9202
2045 67.0054
2046 66.882
2047 66.8483
2048 66.7548
2049 67.07
2050 66.7768
2051 67.0843
2052 66.7397
2053 66.7495
2054 67.1254
2055 66.9615
2056 67.1037
2057 67.2202
2058 67.0467
2059 66.7281
2060 66.9569
2061 66.8582
2062 66.7991
2063 66.9368
2064 66.7065
2065 66.9053
2066 66.8912
2067 67.0009
2068 67.3499
2069 66.9854
2070 66.7756
2071 67.2714
2072 67.1825
2073 67.3255
2074 67.1177
2075 66.9449
2076 67.0856
2077 67.0054
2078 66.9173
2079 66.8268
2080 66.9326
2081 67.1271
2082 67.1737
2083 67.2072
2084 66.834
2085 66.9651
2086 67.0476
2087 67.0083
2088 66.8685
2089 66.8677
2090 66.8896
2091 67.1191
2092 66.934
2093 66.9651
2094 67.0204
2095 66.976
2096 67.0493
2097 67.2156
2098 67.0739
2099 66.8583
2100 67.0637
2101 67.0178
2102 66.8044
2103 67.0931
2104 67.1827
2105 67.2827
2106 67.0858
2107 67.0845
2108 67.0109
2109 67.2864
2110 67.242
2111 67.2803
2112 66.7523
2113 66.8701
2114 66.655
2115 67.0121
2116 66.9903
2117 67.0249
2118 66.8134
2119 67.1604
2120 67.2719
2121 67.2267
2122 67.1223
2123 66.9133
2124 66.5867
2125 66.5809
2126 66.6233
2127 66.9769
2128 66.7632
2129 66.7848
2130 66.9716
2131 66.7137
2132 66.7993
2133 66.6932
2134 67.0701
2135 67.2926
2136 67.1115
2137 67.181
2138 67.0251
2139 67.0836
2140 67.0481
2141 66.9353
2142 67.0957
2143 67.0887
2144 66.8289
2145 66.9028
2146 66.5909
2147 66.8595
2148 67.0005
2149 66.9561
2150 66.9646
2151 67.0806
2152 66.6413
2153 67.1155
2154 66.9011
2155 66.7454
2156 66.7437
2157 66.8047
2158 67.069
2159 66.7769
2160 66.6983
2161 66.8102
2162 66.9934
2163 67.0085
2164 66.8101
2165 66.737
2166 66.7884
2167 66.7586
2168 66.8084
2169 66.864
2170 66.8087
2171 66.7815
2172 67.0382
2173 66.9959
2174 67.017
2175 66.8595
2176 66.9132
2177 67.1279
2178 67.1275
2179 67.0161
2180 66.9095
2181 66.7874
2182 67.3292
2183 66.676
2184 66.9266
2185 66.9497
2186 66.7771
2187 67.0217
2188 67.0306
2189 67.2162
2190 66.9312
2191 67.1231
2192 67.1877
2193 67.1099
2194 66.9157
2195 67.047
2196 67.1446
2197 67.0448
2198 66.8352
2199 66.8289
2200 66.7984
2201 67.0229
2202 66.8033
2203 66.8886
2204 67.1734
2205 67.3025
2206 66.8509
2207 66.8142
2208 66.801
2209 67.1754
2210 67.3747
2211 67.4008
2212 67.167
2213 67.0542
2214 66.9588
2215 66.7746
2216 66.9473
2217 66.8627
2218 67.1859
2219 67.0638
2220 67.1318
2221 67.3201
2222 67.042
2223 66.9253
2224 67.0234
2225 66.7109
2226 66.9706
2227 66.8114
2228 66.8073
2229 67.1149
2230 66.5484
2231 67.1505
2232 67.1392
2233 66.8861
2234 67.1906
2235 66.9959
2236 66.9896
2237 66.8121
2238 67.0379
2239 67.0401
2240 66.9424
2241 66.8052
2242 66.8984
2243 66.9221
2244 67.105
2245 67.0082
2246 66.7457
2247 67.0999
2248 66.7739
2249 66.8697
2250 66.9133
2251 66.9698
2252 67.2991
2253 67.1363
2254 67.0334
2255 67.2425
2256 66.8632
2257 66.9029
2258 66.4848
2259 67.3134
2260 66.9887
2261 66.9671
2262 67.1058
2263 67.0218
2264 66.9217
2265 67.0528
2266 66.7847
2267 66.9495
2268 66.9306
2269 67.2121
2270 66.9926
2271 67.0354
2272 66.8723
2273 66.9774
2274 67.0473
2275 66.7201
2276 66.7682
2277 66.6352
2278 66.8512
2279 66.5923
2280 67.465
2281 67.1421
2282 67.4182
2283 66.909
2284 67.0838
2285 66.9672
2286 66.7407
2287 66.8113
2288 66.8731
2289 66.9679
2290 66.9322
2291 67.017
2292 66.8678
2293 66.6596
2294 66.755
2295 66.8124
2296 67.1267
2297 66.9123
2298 67.0721
2299 67.0484
2300 66.8412
2301 67.1681
2302 66.9869
2303 67.0346
2304 66.9
2305 67.0418
2306 66.8102
2307 66.9002
2308 66.7403
2309 67.1414
2310 66.8675
2311 66.8388
2312 67.1238
2313 67.251
2314 67.1602
2315 67.0949
2316 66.9895
2317 66.7412
2318 66.8992
2319 66.9388
2320 66.7841
2321 67.136
2322 66.8716
2323 66.8917
2324 66.9939
2325 67.0422
2326 66.8494
2327 66.784
2328 66.8003
2329 66.9738
2330 67.2251
2331 66.8556
2332 66.8645
2333 67.0627
2334 67.0958
2335 66.8859
2336 66.9704
2337 66.8787
2338 67.1236
2339 66.9639
2340 67.0688
2341 66.9332
2342 66.8271
2343 66.8915
2344 66.7113
2345 66.8075
2346 67.0101
2347 66.7662
2348 67.238
2349 67.343
2350 66.9932
2351 67.3149
2352 67.2449
2353 67.1247
2354 66.9943
2355 67.2934
2356 67.0638
2357 67.0659
2358 67.0359
2359 66.423
2360 66.8204
2361 66.6533
2362 66.8438
2363 66.919
2364 66.9584
2365 67.1561
2366 67.0616
2367 67.0747
2368 66.6201
2369 66.9246
2370 66.867
2371 67.0035
2372 67.0283
2373 67.0464
2374 67.0291
2375 67.021
2376 67.0776
2377 67.0817
2378 66.8486
2379 66.8889
2380 66.6369
2381 66.7253
2382 66.8671
2383 66.9996
2384 66.9133
2385 66.9256
2386 67.0443
2387 67.04
2388 66.8871
2389 66.7391
2390 66.953
2391 66.8974
2392 67.2062
2393 67.1781
2394 66.6663
2395 67.0624
2396 67.0778
2397 66.9394
2398 66.7958
2399 66.8055
2400 67.2261
2401 67.0053
2402 66.9029
2403 66.7903
2404 66.9824
2405 66.905
2406 66.7327
2407 67.0035
2408 66.9574
2409 67.0234
2410 66.9274
2411 67.3595
2412 67.2627
2413 66.8376
2414 66.7334
2415 67.0143
2416 66.8066
2417 67.4055
2418 67.0286
2419 66.6915
2420 66.7904
2421 66.9905
2422 67.1845
2423 66.8391
2424 66.8542
2425 67.1003
2426 66.8475
2427 66.7553
2428 66.9578
2429 66.6907
2430 67.1249
2431 67.2398
2432 67.403
2433 67.0509
2434 66.9182
2435 66.997
2436 67.0473
2437 66.8824
2438 66.8561
2439 66.7167
2440 66.7377
2441 66.9404
2442 67.0151
2443 66.999
2444 66.978
2445 67.1531
2446 67.1333
2447 67.0681
2448 66.6804
2449 67.0072
2450 67.0782
2451 67.1573
2452 66.7882
2453 67.0935
2454 66.9599
2455 66.6549
2456 66.9185
2457 67.2078
2458 66.8941
2459 66.8184
2460 67.0587
2461 67.1312
2462 66.888
2463 66.9617
2464 66.9163
2465 66.7724
2466 66.69
2467 66.7528
2468 66.5474
2469 66.6761
2470 66.7325
2471 67.0533
2472 67.1655
2473 67.0484
2474 66.8734
2475 66.8902
2476 67.1409
2477 67.2344
2478 66.9206
2479 66.7505
2480 66.7981
2481 66.9662
2482 66.887
2483 67.0072
2484 67.1341
2485 66.9282
2486 66.6987
2487 66.7239
2488 67.0877
2489 66.9759
2490 66.9271
2491 67.0347
2492 66.878
2493 66.8343
2494 66.8708
2495 66.7701
2496 66.8583
2497 66.9894
2498 66.8912
2499 66.8701
2500 66.9031
2501 66.9688
2502 67.2404
2503 67.2571
2504 67.0257
2505 67.037
2506 66.6701
2507 66.9465
2508 66.7973
2509 67.0281
2510 67.2677
2511 67.0258
2512 66.7557
2513 67.0704
2514 66.7283
2515 67.0725
2516 66.7215
2517 66.761
2518 66.9857
2519 67.099
2520 67.0813
2521 67.0896
2522 67.0557
2523 66.6812
2524 66.9118
2525 67.1852
2526 67.0491
2527 66.6943
2528 66.8524
2529 66.8994
2530 66.5505
2531 66.7876
2532 66.6853
2533 66.9662
2534 67.0479
2535 66.7713
2536 66.8923
2537 67.0265
2538 67.4381
2539 67.1843
2540 67.0937
2541 67.1192
2542 67.1436
2543 66.8991
2544 66.8987
2545 66.613
2546 66.5809
2547 67.2237
2548 66.999
2549 67.1727
2550 66.9211
2551 67.1251
2552 67.2341
2553 67.1384
2554 67.0122
2555 67.5314
2556 66.9612
2557 66.8838
2558 66.7575
2559 67.0001
2560 67.0182
2561 67.0267
2562 66.7713
2563 66.9095
2564 67.1678
2565 66.963
2566 67.3862
2567 67.1799
2568 66.9183
2569 66.8971
2570 66.7365
2571 66.6395
2572 67.0439
2573 66.684
2574 66.7303
2575 67.2489
2576 66.7266
2577 67.1144
2578 66.8914
2579 67.0778
2580 67.1728
2581 67.1392
2582 66.6603
2583 66.91
2584 66.8516
2585 66.9546
2586 66.9588
2587 67.0819
2588 67.1165
2589 67.1039
2590 66.8683
2591 66.8327
2592 66.7969
2593 66.7792
2594 67.1005
2595 67.0183
2596 66.9588
2597 66.4992
2598 66.69
2599 66.8063
2600 67.0957
2601 67.0857
2602 66.8038
2603 67.0731
2604 66.9141
2605 66.9317
2606 67.094
2607 67.2902
2608 66.9748
2609 67.0557
2610 67.2476
2611 66.9883
2612 67.0501
2613 66.5659
2614 66.5633
2615 66.8179
2616 66.6762
2617 66.989
2618 67.1168
2619 66.7601
2620 67.0607
2621 66.9815
2622 66.6329
2623 66.7395
2624 66.7558
2625 66.9397
2626 66.898
2627 66.6828
2628 67.0492
2629 66.8786
2630 66.7229
2631 66.8313
2632 66.8387
2633 67.135
2634 66.9877
2635 66.7328
2636 67.2329
2637 66.918
2638 66.9108
2639 67.097
2640 66.8125
2641 67.1797
2642 66.9819
2643 66.8589
2644 66.9164
2645 66.7305
2646 67.2985
2647 67.5067
2648 67.2963
2649 67.1252
2650 66.9643
2651 66.8186
2652 66.9991
2653 66.8699
2654 66.745
2655 67.125
2656 67.0851
2657 67.1738
2658 67.0351
2659 66.9609
2660 66.6741
2661 66.8062
2662 66.8866
2663 66.8143
2664 66.8275
2665 66.8887
2666 66.9568
2667 67.0999
2668 67.0123
2669 67.0669
2670 66.5244
2671 66.486
2672 66.9944
2673 67.3606
2674 67.419
2675 67.0081
2676 67.2542
2677 66.72
2678 66.7154
2679 66.8267
2680 67.3232
2681 66.7602
2682 67.1997
2683 67.3801
2684 66.876
2685 67.2582
2686 67.4647
2687 67.2584
2688 67.1237
2689 67.1436
2690 67.2335
2691 67.1516
2692 67.1018
2693 67.0339
2694 66.7529
2695 66.613
2696 66.6066
2697 66.9457
2698 66.934
2699 67.1786
2700 67.1893
2701 66.7856
2702 67.1301
2703 67.0308
2704 66.9125
2705 66.8581
2706 66.7887
2707 67.0561
2708 67.053
2709 66.8169
2710 66.6538
2711 66.6938
2712 67.0994
2713 66.8309
2714 66.9349
2715 66.9348
2716 66.8719
2717 66.906
2718 66.728
2719 66.865
2720 67.3571
2721 67.3421
2722 67.1063
2723 66.8421
2724 66.6816
2725 66.9881
2726 67.0251
2727 66.7408
2728 66.9473
2729 66.9965
2730 67.0809
2731 67.3329
2732 67.3361
2733 66.9715
2734 67.1593
2735 67.1748
2736 67.1351
2737 67.4631
2738 66.7201
2739 66.75
2740 66.9473
2741 66.7359
2742 66.7261
2743 67.1177
2744 67.0438
2745 67.0878
2746 66.993
2747 66.9822
2748 67.2498
2749 67.33
2750 67.0766
2751 66.9225
2752 67.1615
2753 66.9991
2754 66.8685
2755 67.088
2756 66.9075
2757 67.0879
2758 66.9796
2759 67.0234
2760 67.2488
2761 67.1437
2762 67.2557
2763 66.8273
2764 67.0268
2765 66.6967
2766 66.8717
2767 67.2558
2768 67.2346
2769 66.8137
2770 66.9201
2771 67.037
2772 67.2545
2773 66.9855
2774 66.8222
2775 67.1957
2776 67.4298
2777 67.0652
2778 67.0396
2779 67.0541
2780 67.1587
2781 67.2272
2782 66.8721
2783 66.8121
2784 67.048
2785 67.048
2786 67.0174
2787 67.0251
2788 67.1934
2789 67.0558
2790 67.3261
2791 66.8085
2792 66.873
2793 66.9724
2794 66.8146
2795 67.0326
2796 66.9001
2797 66.627
2798 66.9465
2799 67.154
2800 67.1401
2801 66.6936
2802 66.8605
2803 66.7939
2804 67.2542
2805 67.2312
2806 66.7435
2807 66.8323
2808 66.593
2809 66.8196
2810 66.7752
2811 67.1397
2812 67.0775
2813 67.0329
2814 67.0705
2815 66.9446
2816 66.9769
2817 66.9703
2818 67.1704
2819 66.9712
2820 67.3192
2821 66.7916
2822 67.155
2823 66.8129
2824 66.8805
2825 66.8098
2826 66.5954
2827 66.6786
2828 66.7562
2829 66.8953
2830 66.8142
2831 66.9211
2832 66.743
2833 66.7853
2834 66.7881
2835 67.0739
2836 66.9357
2837 66.9453
2838 66.8637
2839 67.1661
2840 67.1291
2841 66.736
2842 66.8006
2843 66.9836
2844 66.9741
2845 67.0136
2846 66.9021
2847 67.2318
2848 66.7861
2849 66.9559
2850 66.8547
2851 66.7854
2852 67.0043
2853 67.194
2854 67.0478
2855 67.0312
2856 67.1764
2857 66.9757
2858 66.8033
2859 67.1816
2860 67.2834
2861 67.2024
2862 66.8066
2863 66.9883
2864 66.6999
2865 67.1119
2866 67.0054
2867 66.7707
2868 66.7369
2869 66.9133
2870 67.0783
2871 66.9476
2872 66.9027
2873 67.0522
2874 66.5918
2875 66.7838
2876 66.8532
2877 66.9475
2878 67.0604
2879 67.0124
2880 66.7901
2881 66.6141
2882 66.7543
2883 66.8213
2884 66.8972
2885 66.9309
2886 66.6999
2887 66.9659
2888 66.817
2889 66.8625
2890 67.3233
2891 66.9705
2892 67.1824
2893 67.2438
2894 66.8472
2895 66.8371
2896 66.8051
2897 67.347
2898 66.8896
2899 66.653
2900 66.7351
2901 67.0163
2902 67.0921
2903 66.8376
2904 66.9897
2905 66.8673
2906 66.8944
2907 66.5136
2908 66.7006
2909 67.142
2910 66.4992
2911 66.68
2912 66.7568
2913 66.9309
2914 66.7996
2915 66.883
2916 66.5858
2917 66.7982
2918 66.8814
2919 66.9056
2920 66.8421
2921 66.6766
2922 67.0898
2923 67.0254
2924 66.8984
2925 67.0002
2926 67.1156
2927 67.0448
2928 66.9104
2929 66.8214
2930 66.9722
2931 67.0457
2932 66.7145
2933 66.6458
2934 66.6326
2935 66.964
2936 66.9914
2937 66.7278
2938 67.1084
2939 66.9749
2940 67.1966
2941 66.7094
2942 67.0204
2943 67.0658
2944 67.0655
2945 67.2298
2946 66.8611
2947 66.8891
2948 66.8609
2949 67.1855
2950 67.1104
2951 66.883
2952 66.8549
2953 67.121
2954 66.7151
2955 66.912
2956 66.9805
2957 66.9081
2958 67.0766
2959 66.8141
2960 66.8882
2961 66.7965
2962 66.7234
2963 66.9133
2964 66.7976
2965 67.0684
2966 66.8916
2967 66.8792
2968 67.1097
2969 66.9148
2970 67.321
2971 67.0079
2972 66.9212
2973 66.7877
2974 66.8176
2975 66.8597
2976 66.7885
2977 66.8925
2978 67.0464
2979 66.6949
2980 67.1765
2981 67.1157
2982 67.0106
2983 66.7756
2984 66.9394
2985 66.9369
2986 66.9228
2987 66.7519
2988 66.7139
2989 67.0066
2990 66.8926
2991 67.0003
2992 66.9511
2993 66.4913
2994 67.1413
2995 66.9056
2996 67.1312
2997 67.0972
2998 67.0445
2999 67.1265
3000 66.6755
3001 67.251
3002 67.0942
3003 66.9896
3004 67.0056
3005 66.9615
3006 66.7895
3007 67.1431
3008 66.9392
3009 67.0272
3010 67.0773
3011 66.8253
3012 67.1066
3013 67.018
3014 66.9572
3015 67.0787
3016 67.0186
3017 66.8281
3018 66.6132
3019 66.957
3020 66.9283
3021 66.5998
3022 66.8944
3023 67.0722
3024 66.8422
3025 67.1249
3026 67.1264
3027 67.2253
3028 66.8924
3029 67.046
3030 67.1785
3031 67.2889
3032 66.7704
3033 66.7976
3034 67.2244
3035 67.1391
3036 66.7632
3037 67.0564
3038 67.0009
3039 66.8578
3040 66.7413
3041 66.6183
3042 66.8373
3043 66.9553
3044 66.9606
3045 67.0401
3046 66.9196
3047 66.693
3048 66.907
3049 66.9683
3050 66.993
3051 66.6706
3052 66.9284
3053 66.7472
3054 67.0348
3055 66.7515
3056 66.9119
3057 67.0492
3058 67.4218
3059 67.3274
3060 67.2437
3061 66.8148
3062 67.087
3063 67.0883
3064 66.9984
3065 66.7121
3066 66.8625
3067 67.2639
3068 66.7871
3069 66.5882
3070 66.8525
3071 66.757
3072 66.8715
3073 66.4736
3074 66.8501
3075 66.8696
3076 66.697
3077 66.9407
3078 66.798
3079 66.9174
3080 66.79
3081 66.9795
3082 67.0311
3083 67.2364
3084 67.3334
3085 66.9095
3086 66.8713
3087 66.8191
3088 67.3143
3089 66.9444
3090 66.989
3091 67.1384
3092 66.9286
3093 66.8436
3094 67.0547
3095 67.1361
3096 66.6596
3097 66.811
3098 66.9035
3099 66.8005
3100 66.9808
3101 67.3129
3102 66.9839
3103 67.298
3104 66.9213
3105 66.7874
3106 67.0866
3107 66.8504
3108 66.8666
3109 66.6828
3110 66.8564
3111 67.0283
3112 66.9043
3113 67.1404
3114 67.1829
3115 67.0424
3116 67.1207
3117 67.1492
3118 66.8963
3119 67.0948
3120 67.001
3121 66.8922
3122 67.0264
3123 66.7058
3124 67.1142
3125 66.9759
3126 67.0848
3127 66.9683
3128 66.8167
3129 67.3164
3130 66.9044
3131 66.9442
3132 67.1919
3133 67.1534
3134 67.2947
3135 67.0489
3136 66.6674
3137 66.7685
3138 67.0305
3139 66.889
3140 66.5505
3141 66.9628
3142 66.8113
3143 66.8043
3144 66.8159
3145 66.6523
3146 67.0291
3147 66.7836
3148 66.6911
3149 66.7635
3150 66.9426
3151 66.8534
3152 66.971
3153 66.998
3154 66.9234
3155 66.9245
3156 66.889
3157 66.9667
3158 66.897
3159 67.022
3160 66.9431
3161 66.8398
3162 66.8183
3163 66.9464
3164 67.2611
3165 66.972
3166 66.901
3167 66.7826
3168 67.1987
3169 66.8521
3170 67.124
3171 66.9191
3172 67.326
3173 67.0864
3174 66.9704
3175 67.3786
3176 67.0514
3177 67.1548
3178 67.0831
3179 66.8736
3180 66.9311
3181 67.4156
3182 66.9846
3183 66.9149
3184 66.9447
3185 67.3654
3186 66.9508
3187 67.1662
3188 66.9261
3189 66.6929
3190 66.8678
3191 67.0394
3192 66.8884
3193 67.1107
3194 66.9231
3195 66.827
3196 66.8639
3197 67.0202
3198 67.261
3199 67.0517
3200 66.9734
3201 67.2221
3202 67.3461
3203 67.0735
3204 67.198
3205 66.8668
3206 66.9561
3207 66.9776
3208 67.1108
3209 67.2539
3210 66.9812
3211 66.8362
3212 66.7208
3213 67.1097
3214 66.4756
3215 66.7748
3216 67.0423
3217 67.1089
3218 67.166
3219 66.9738
3220 66.7315
3221 66.8219
3222 66.8874
3223 67.0234
3224 67.0322
3225 67.2179
3226 67.2027
3227 66.9735
3228 66.8772
3229 66.7297
3230 66.9044
3231 66.8402
3232 66.8735
3233 66.7662
3234 66.6942
3235 66.9422
3236 66.8309
3237 66.905
3238 67.0469
3239 67.0571
3240 66.9388
3241 66.8153
3242 66.8412
3243 66.8789
3244 67.2056
3245 66.9681
3246 66.5877
3247 66.9662
3248 67.327
3249 67.2429
3250 67.0045
3251 67.2342
3252 67.1268
3253 67.0024
3254 67.0746
3255 67.054
3256 66.9894
3257 66.8277
3258 66.9231
3259 67.0913
3260 66.8984
3261 66.9334
3262 67.0155
3263 66.8617
3264 66.8576
3265 66.947
3266 66.8163
3267 67.1532
3268 67.181
3269 66.9214
3270 67.009
3271 66.6954
3272 67.0214
3273 67.4089
3274 67.4304
3275 67.2877
3276 66.8226
3277 66.9943
3278 67.0988
3279 66.8391
3280 67.2048
3281 67.0506
3282 66.9696
3283 66.9176
3284 66.937
3285 66.9731
3286 67.0525
3287 66.9952
3288 66.6684
3289 66.9625
3290 66.9504
3291 66.9044
3292 66.9775
3293 67.2892
3294 67.0846
3295 66.8392
3296 67.3673
3297 66.9882
3298 67.0324
3299 67.4743
3300 67.3284
3301 67.2164
3302 67.4407
3303 67.1773
3304 67.057
3305 66.9885
3306 67.2157
3307 67.203
3308 66.9736
3309 66.9724
3310 67.2034
3311 66.9825
3312 67.0408
3313 67.2625
3314 67.181
3315 67.2343
3316 66.9131
3317 66.7658
3318 67.0173
3319 66.9101
3320 66.9611
3321 67.0558
3322 66.8682
3323 66.6786
3324 66.9737
3325 67.0934
3326 66.83
3327 66.9148
3328 67.141
3329 67.0663
3330 66.7782
3331 66.7258
3332 66.9993
3333 67.1277
3334 66.9132
3335 66.7294
3336 66.6593
3337 66.9093
3338 66.8794
3339 66.9655
3340 66.6009
3341 66.8146
3342 66.6444
3343 66.9365
3344 66.8599
3345 66.8571
3346 66.8754
3347 67.1247
3348 67.3801
3349 67.0474
3350 66.9405
3351 66.7297
3352 66.9227
3353 67.0998
3354 66.8344
3355 66.9389
3356 66.6645
3357 66.7561
3358 66.7464
3359 66.6333
3360 67.1796
3361 66.9592
3362 67.0835
3363 66.9342
3364 66.9695
3365 67.015
3366 66.9421
3367 66.8725
3368 66.7399
3369 67.158
3370 66.9674
3371 66.8943
3372 67.2725
3373 66.9482
3374 67.0691
3375 66.9981
3376 67.0712
3377 66.8
3378 66.7935
3379 67.0463
3380 67.0972
3381 67.1763
3382 67.0526
3383 66.7389
3384 67.247
3385 67.1816
3386 66.8517
3387 67.1943
3388 66.9043
3389 66.7963
3390 66.7821
3391 67.1622
3392 67.0306
3393 67.0943
3394 67.1157
3395 67.0206
3396 67.4519
3397 67.491
3398 66.6797
3399 66.7981
3400 66.469
3401 67.0091
3402 67.1433
3403 66.9569
3404 67.1589
3405 67.0901
3406 67.0795
3407 67.057
3408 66.7797
3409 66.951
3410 66.9272
3411 66.9777
3412 66.8331
3413 66.8978
3414 67.1549
3415 67.1638
3416 66.7538
3417 67.0936
3418 67.045
3419 66.7003
3420 67.1483
3421 66.6036
3422 66.7864
3423 67.1251
3424 67.101
3425 67.1256
3426 66.9309
3427 66.7004
3428 66.9421
3429 66.7556
3430 66.9336
3431 67.0101
3432 67.0789
3433 67.2814
3434 67.3847
3435 67.1517
3436 67.086
3437 66.9997
3438 67.0103
3439 66.8514
3440 67.1138
3441 66.8642
3442 66.8835
3443 66.7802
3444 66.945
3445 67.2244
3446 66.8673
3447 66.9208
3448 67.0846
3449 67.1322
3450 67.0368
3451 67.1586
3452 66.9747
3453 67.101
3454 67.1877
3455 67.1539
3456 66.8912
3457 67.2788
3458 67.5974
3459 67.3056
3460 66.9497
3461 67.0562
3462 67.1083
3463 67.0209
3464 67.1349
3465 66.79
3466 66.8486
3467 66.5974
3468 66.652
3469 66.9927
3470 66.8164
3471 66.8387
3472 66.8939
3473 66.8283
3474 67.2228
3475 66.9787
3476 66.9384
3477 67.1248
3478 66.7644
3479 66.6366
3480 67.0272
3481 67.0126
3482 67.3674
3483 67.1323
3484 67.1607
3485 67.2566
3486 66.8259
3487 66.7271
3488 67.1072
3489 67.2665
3490 67.0383
3491 67.0368
3492 67.2022
3493 67.327
3494 67.4265
3495 66.843
3496 67.0577
3497 67.1381
3498 67.0146
3499 67.0074
3500 66.9618
