1 407.914
2 385.26
3 373.588
4 340.996
5 328.053
6 308.241
7 296.166
8 279.299
9 267.137
10 257.585
11 247.964
12 239.998
13 236.164
14 230.452
15 227.117
16 223.19
17 216.627
18 210.192
19 204.413
20 198.546
21 194.11
22 191.338
23 187.353
24 184.1
25 182.107
26 179.193
27 175.712
28 169.348
29 166.123
30 163.115
31 160.192
32 156.608
33 153.787
34 152.213
35 149.556
36 146.811
37 145.048
38 143.081
39 141.482
40 139.049
41 135.8
42 134.215
43 131.831
44 129.908
45 128.653
46 127.105
47 124.879
48 123.536
49 121.175
50 119.908
51 116.757
52 115.595
53 113.681
54 112.006
55 111.246
56 109.348
57 106.267
58 106.015
59 104.602
60 104.203
61 102.376
62 101.51
63 100.959
64 99.8393
65 99.2876
66 97.9504
67 97.1142
68 96.5361
69 94.8155
70 94.2691
71 93.2222
72 92.184
73 91.358
74 90.6766
75 90.1899
76 89.8131
77 89.1425
78 88.7322
79 87.8189
80 86.8453
81 86.1229
82 85.419
83 84.986
84 84.7322
85 84.5493
86 84.1693
87 83.5605
88 83.0004
89 81.8257
90 81.5147
91 81.2368
92 80.5755
93 80.5755
94 80.2835
95 80.2276
96 79.8358
97 79.49
98 79.1049
99 79.096
100 78.7337
101 78.4005
102 78.3916
103 78.2874
104 77.8295
105 77.8295
106 77.7833
107 77.6287
108 77.465
109 77.465
110 77.2729
111 77.1866
112 77.0531
113 76.9387
114 76.8814
115 76.8814
116 76.7469
117 76.5886
118 76.4802
119 76.1639
120 76.0555
121 75.9796
122 75.8901
123 75.848
124 75.7925
125 75.6956
126 75.6596
127 75.1724
128 74.6198
129 74.4888
130 74.4265
131 74.4265
132 74.4265
133 74.1947
134 74.1947
135 74.0177
136 74.0177
137 74.0177
138 73.8618
139 73.8618
140 73.815
141 73.659
142 73.659
143 73.659
144 73.4723
145 73.4723
146 73.3923
147 73.3923
148 73.3923
149 73.3923
150 73.3923
151 73.3923
152 73.3923
153 73.3923
154 73.3923
155 73.3923
156 73.3742
157 73.3597
158 72.7981
159 72.4942
160 72.3467
161 72.111
162 72.0928
163 72.0928
164 72.0928
165 72.0928
166 72.0928
167 72.0928
168 72.0928
169 72.0928
170 72.0928
171 72.0928
172 72.0928
173 72.0928
174 72.0928
175 72.0928
176 72.0928
177 71.9791
178 71.4393
179 71.4393
180 71.4393
181 71.4393
182 71.4393
183 71.0657
184 71.0657
185 71.0657
186 71.0657
187 71.0657
188 71.0657
189 71.0657
190 71.0657
191 71.0657
192 71.0657
193 71.0175
194 71.0175
195 71.0175
196 71.0175
197 71.0175
198 71.0175
199 71.0175
200 71.0175
201 71.0175
202 71.0175
203 71.0175
204 71.0175
205 71.0175
206 71.0175
207 71.0175
208 71.0175
209 71.0175
210 70.9037
211 70.9037
212 70.7976
213 70.6839
214 70.6839
215 70.6839
216 70.6839
217 70.6784
218 70.47
219 70.4646
220 70.0901
221 70.0846
222 70.0846
223 70.0846
224 70.0846
225 70.0846
226 70.0846
227 70.0846
228 70.0846
229 70.0846
230 70.0846
231 70.0846
232 70.0846
233 70.0846
234 70.0846
235 70.0846
236 70.0846
237 70.0846
238 70.0846
239 70.0846
240 70.0846
241 70.0846
242 70.0846
243 70.0846
244 70.0846
245 70.0846
246 70.0846
247 70.0846
248 70.0846
249 70.0846
250 70.0846
251 70.0846
252 70.0846
253 70.0846
254 70.0846
255 70.0846
256 70.0846
257 70.0846
258 70.0846
259 70.0846
260 70.0846
261 70.0846
262 70.0846
263 70.0846
264 70.0846
265 70.0846
266 70.0846
267 70.0846
268 70.0846
269 70.0846
270 70.0846
271 70.0846
272 70.0846
273 69.6491
274 69.6491
275 69.6491
276 69.6491
277 69.6491
278 69.5586
279 69.5586
280 69.5586
281 69.5586
282 69.5586
283 69.5586
284 69.5586
285 69.5586
286 69.3392
287 69.3038
288 69.0844
289 69.0844
290 69.0844
291 69.0844
292 69.0844
293 69.0844
294 69.0844
295 69.0844
296 69.0844
297 69.0844
298 69.0844
299 69.0844
300 69.0844
301 69.0844
302 69.0844
303 69.0844
304 69.0844
305 69.0844
306 69.0844
307 69.0844
308 69.0844
309 69.0844
310 69.0844
311 69.0844
312 69.0844
313 69.0844
314 69.0844
315 69.0844
316 69.0844
317 69.0844
318 69.0844
319 69.0844
320 69.0844
321 69.0844
322 69.0844
323 69.0844
324 69.0844
325 69.0844
326 69.0844
327 69.0844
328 69.0844
329 69.0844
330 69.0844
331 69.0844
332 69.0844
333 69.0844
334 69.0844
335 69.0844
336 69.0844
337 69.0844
338 69.0844
339 69.0844
340 69.0844
341 69.0844
342 69.0844
343 69.0844
344 69.0844
345 69.0844
346 69.0844
347 69.0844
348 69.0844
349 69.0844
350 69.0844
351 69.0844
352 69.0844
353 69.0844
354 69.0844
355 69.0844
356 69.0844
357 69.0844
358 69.0844
359 69.0844
360 69.0844
361 69.0844
362 69.0844
363 69.0844
364 69.0844
365 69.0844
366 69.0844
367 69.0844
368 69.0844
369 69.0844
370 69.0844
371 69.0844
372 69.0844
373 69.0844
374 69.0844
375 69.0844
376 69.0844
377 69.0844
378 69.0844
379 69.0844
380 69.0844
381 69.0844
382 69.0844
383 69.0844
384 69.0844
385 69.0844
386 69.0844
387 69.0844
388 69.0844
389 69.0844
390 69.0844
391 69.0844
392 69.0844
393 69.0844
394 69.0844
395 69.0844
396 69.0844
397 69.0844
398 69.0844
399 69.0844
400 69.0844
401 69.0844
402 69.0844
403 69.0844
404 69.0844
405 69.0844
406 69.0844
407 69.0844
408 69.0844
409 69.0844
410 69.0844
411 69.0844
412 69.0844
413 69.0844
414 69.0844
415 69.0844
416 69.0844
417 69.0844
418 69.0844
419 69.0844
420 69.0844
421 69.0844
422 69.0844
423 69.0844
424 69.0844
425 69.0844
426 69.0844
427 69.0844
428 69.0844
429 69.0844
430 69.0844
431 69.0844
432 69.0844
433 69.0844
434 69.0844
435 69.0844
436 69.0844
437 68.6028
438 68.6028
439 68.6028
440 68.6028
441 68.6028
442 68.6028
443 68.6028
444 68.6028
445 68.6028
446 68.6028
447 68.6028
448 68.6028
449 68.6028
450 68.6028
451 68.6028
452 68.6028
453 68.6028
454 68.6028
455 68.6028
456 68.6028
457 68.6028
458 68.6028
459 68.6028
460 68.6028
461 68.6028
462 68.6028
463 68.6028
464 68.6028
465 68.6028
466 68.6028
467 68.6028
468 68.6028
469 68.6028
470 68.6028
471 68.6028
472 68.6028
473 68.6028
474 68.6028
475 68.6028
476 68.6028
477 68.6028
478 68.6028
479 68.6028
480 68.6028
481 68.6028
482 68.6028
483 68.6028
484 68.6028
485 68.6028
486 68.6028
487 68.6028
488 68.6028
489 68.4125
490 68.4125
491 68.4125
492 68.4125
493 68.4125
494 68.4125
495 68.4125
496 68.4125
497 68.4125
498 68.4125
499 68.4125
500 68.4125
501 68.4125
502 68.4125
503 68.4125
504 68.4125
505 68.4125
506 68.4125
507 68.4125
508 68.4125
509 68.4125
510 68.4125
511 68.4125
512 68.4125
513 68.4125
514 68.4125
515 68.4125
516 68.4125
517 68.4125
518 68.4125
519 68.4125
520 68.4125
521 68.4125
522 68.4125
523 68.4125
524 68.4125
525 68.4125
526 68.4125
527 68.4125
528 68.4125
529 68.4125
530 68.4125
531 68.4125
532 68.4125
533 68.4125
534 68.4125
535 68.4125
536 68.4125
537 68.4125
538 68.4125
539 68.4125
540 68.4125
541 68.4125
542 68.4125
543 68.4125
544 68.4125
545 68.4125
546 68.4125
547 68.4125
548 68.4125
549 68.4125
550 68.4125
551 68.4125
552 68.4125
553 68.4125
554 68.4125
555 68.4125
556 68.4125
557 68.4125
558 68.4125
559 68.4125
560 68.4125
561 68.4125
562 68.4125
563 68.4125
564 68.4125
565 68.4125
566 68.4125
567 68.4125
568 68.4125
569 68.4125
570 68.4125
571 68.4125
572 68.4125
573 68.4125
574 68.4125
575 68.4125
576 68.4125
577 68.4125
578 68.4125
579 68.4125
580 68.4125
581 68.4125
582 68.4125
583 68.4125
584 68.4125
585 68.4125
586 68.4125
587 68.4125
588 68.4125
589 68.4125
590 68.4125
591 68.4125
592 68.4125
593 68.4125
594 68.4125
595 68.4125
596 68.4125
597 68.4125
598 68.4125
599 68.4125
600 68.4125
601 68.4125
602 68.4125
603 68.4125
604 68.4125
605 68.4125
606 68.4125
607 68.4125
608 68.4125
609 68.4125
610 68.4125
611 68.4125
612 68.4125
613 68.4125
614 68.4125
615 68.4125
616 68.4125
617 68.4125
618 68.162
619 68.162
620 68.162
621 68.162
622 68.162
623 68.162
624 68.162
625 68.162
626 68.162
627 68.162
628 68.162
629 68.162
630 68.162
631 68.162
632 68.162
633 68.162
634 68.162
635 68.162
636 68.162
637 68.162
638 68.162
639 68.162
640 68.162
641 68.162
642 68.162
643 68.162
644 68.162
645 68.162
646 68.162
647 68.162
648 68.162
649 67.8611
650 67.8611
651 67.8611
652 67.8611
653 67.8611
654 67.7335
655 67.7335
656 67.7335
657 67.4124
658 67.4124
659 67.4124
660 67.4124
661 67.4124
662 67.4124
663 67.4124
664 67.4124
665 67.4124
666 67.4124
667 67.4124
668 67.4124
669 67.4124
670 67.4124
671 67.4124
672 67.4124
673 67.4124
674 67.4124
675 67.4124
676 67.4124
677 67.4124
678 67.4124
679 67.4124
680 67.4124
681 67.4124
682 67.4124
683 67.4124
684 67.4124
685 67.4124
686 67.4124
687 67.4124
688 67.4124
689 67.4124
690 67.4124
691 67.4124
692 67.4124
693 67.4124
694 67.4124
695 67.4124
696 67.4124
697 67.4124
698 67.4124
699 67.4124
700 67.4124
701 67.4124
702 67.4124
703 67.4124
704 67.4124
705 67.4124
706 67.4124
707 67.4124
708 67.4124
709 67.4124
710 67.4124
711 67.4124
712 67.4124
713 67.4124
714 67.4124
715 67.4124
716 67.4124
717 67.4124
718 67.4124
719 67.4124
720 67.3004
721 67.2156
722 67.2156
723 67.2156
724 67.2156
725 67.2156
726 67.2156
727 67.2015
728 67.1578
729 67.1578
730 67.1578
731 67.1578
732 67.1578
733 67.1578
734 67.1578
735 67.1578
736 67.1578
737 67.1578
738 67.1578
739 67.1578
740 67.1573
741 67.1573
742 67.1573
743 67.1573
744 67.1573
745 67.1573
746 67.1573
747 67.1573
748 67.1573
749 67.1573
750 67.1573
751 67.1573
752 67.1573
753 67.1573
754 67.1573
755 67.1573
756 67.1573
757 67.1573
758 67.1573
759 67.1573
760 67.1573
761 67.1573
762 67.1573
763 67.1573
764 67.1573
765 67.1573
766 67.1573
767 67.1573
768 67.1573
769 67.1573
770 67.1573
771 67.1573
772 67.1573
773 67.1573
774 67.1573
775 67.1573
776 67.1573
777 67.1573
778 67.1573
779 67.1573
780 67.1573
781 67.1573
782 67.1573
783 67.1573
784 67.1573
785 67.1573
786 67.1573
787 67.1573
788 67.1573
789 67.1573
790 67.1573
791 67.1573
792 67.1573
793 67.1573
794 67.1573
795 67.1573
796 67.1573
797 67.1573
798 67.1573
799 67.1573
800 67.1573
801 67.1573
802 67.1573
803 67.1573
804 67.1573
805 67.1573
806 67.1573
807 67.1573
808 67.1573
809 67.1573
810 67.1573
811 67.1573
812 67.1573
813 67.1573
814 67.1573
815 67.1573
816 67.1573
817 67.1573
818 67.1573
819 67.1573
820 67.1573
821 67.1573
822 67.1573
823 67.1573
824 67.1573
825 67.1573
826 67.1573
827 67.1573
828 67.1573
829 67.1573
830 67.1573
831 67.1573
832 67.1573
833 67.1573
834 67.1573
835 67.1573
836 67.1573
837 67.1573
838 67.1573
839 67.1573
840 67.1573
841 67.1573
842 67.0437
843 67.0437
844 67.0437
845 67.0437
846 67.0437
847 67.0437
848 67.0437
849 67.0437
850 67.0437
851 67.0437
852 67.0437
853 66.9834
854 66.9834
855 66.9834
856 66.9834
857 66.9834
858 66.9834
859 66.9834
860 66.9834
861 66.9834
862 66.9834
863 66.9834
864 66.9834
865 66.9834
866 66.9834
867 66.9834
868 66.9834
869 66.9834
870 66.9834
871 66.9834
872 66.9834
873 66.9834
874 66.9834
875 66.9834
876 66.9834
877 66.9834
878 66.9834
879 66.9834
880 66.9834
881 66.9834
882 66.9834
883 66.9834
884 66.9834
885 66.2947
886 66.2947
887 66.2947
888 66.2947
889 66.2947
890 66.2947
891 66.2947
892 66.2947
893 66.2947
894 66.2947
895 66.2947
896 66.2947
897 66.2947
898 66.2947
899 66.2947
900 66.2947
901 66.2947
902 66.2947
903 66.2947
904 66.2947
905 66.2947
906 66.2947
907 66.2947
908 66.2947
909 66.2947
910 66.2947
911 66.2947
912 66.2947
913 66.2947
914 66.2947
915 66.2947
916 66.2947
917 66.2947
918 66.2947
919 66.2947
920 66.2947
921 66.2947
922 66.2947
923 66.2947
924 66.2947
925 66.2947
926 66.2947
927 66.2947
928 66.2947
929 66.2947
930 66.2947
931 66.2947
932 66.2947
933 66.2947
934 66.2947
935 66.2947
936 66.2947
937 66.2947
938 66.2947
939 66.2947
940 66.2947
941 66.2947
942 66.2947
943 66.2947
944 66.2947
945 66.2947
946 66.2947
947 66.2947
948 66.2947
949 66.2947
950 66.2947
951 66.2947
952 66.2947
953 66.2947
954 66.2947
955 66.2947
956 66.2947
957 66.2947
958 66.2947
959 66.2947
960 66.2947
961 66.2947
962 66.2947
963 66.2947
964 66.2947
965 66.2947
966 66.2947
967 66.2947
968 66.2947
969 66.2947
970 66.2947
971 66.2947
972 66.2947
973 66.2947
974 66.2947
975 66.2947
976 66.2947
977 66.2947
978 66.2947
979 66.2947
980 66.2947
981 66.2947
982 66.2947
983 66.2947
984 66.2947
985 66.2947
986 66.2947
987 66.2947
988 66.2947
989 66.2947
990 66.2947
991 66.2947
992 66.2947
993 66.2947
994 66.2947
995 66.2947
996 66.2947
997 66.2947
998 66.2947
999 66.2947
1000 66.2947
1001 66.2947
1002 66.2947
1003 66.2947
1004 66.2947
1005 66.2947
1006 66.2947
1007 66.2947
1008 66.2947
1009 66.2947
1010 66.2947
1011 66.2947
1012 66.2947
1013 66.2947
1014 66.2947
1015 66.2947
1016 66.2947
1017 66.2947
1018 66.2947
1019 66.2947
1020 66.2947
1021 66.2947
1022 66.2947
1023 66.2947
1024 66.2947
1025 66.2947
1026 66.2947
1027 66.2947
1028 66.2947
1029 66.2947
1030 66.2947
1031 66.2947
1032 66.2947
1033 66.2947
1034 66.2947
1035 66.2947
1036 66.2947
1037 66.2947
1038 66.2947
1039 66.2947
1040 66.2947
1041 66.2947
1042 66.2947
1043 66.2947
1044 66.2947
1045 66.2947
1046 66.2947
1047 66.2947
1048 66.2947
1049 66.2947
1050 66.2947
1051 66.2947
1052 66.2947
1053 66.2947
1054 66.2947
1055 66.2947
1056 66.2947
1057 66.2947
1058 66.2947
1059 66.2947
1060 66.2947
1061 66.2947
1062 66.2947
1063 66.2947
1064 66.2947
1065 66.2947
1066 66.2947
1067 66.2947
1068 66.2947
1069 66.2947
1070 66.2947
1071 66.2947
1072 66.2947
1073 66.2947
1074 66.2947
1075 66.2947
1076 66.2947
1077 66.2947
1078 66.2947
1079 66.2947
1080 66.2947
1081 66.2947
1082 66.2947
1083 66.2947
1084 66.2947
1085 66.2947
1086 66.2947
1087 66.2947
1088 66.2947
1089 66.2947
1090 66.2947
1091 66.2947
1092 66.2947
1093 66.2947
1094 66.2947
1095 66.2947
1096 66.2947
1097 66.2947
1098 66.2947
1099 66.2947
1100 66.2947
1101 66.2947
1102 66.2947
1103 66.2947
1104 66.2947
1105 66.2947
1106 66.2947
1107 66.2947
1108 66.2947
1109 66.2947
1110 66.2947
1111 66.2947
1112 66.2947
1113 66.2947
1114 66.2947
1115 66.2947
1116 66.2947
1117 66.2947
1118 66.2947
1119 66.2947
1120 66.2947
1121 66.2947
1122 66.2947
1123 66.2947
1124 66.2947
1125 66.2947
1126 66.2947
1127 66.2947
1128 66.2947
1129 66.2947
1130 66.2947
1131 66.2947
1132 66.2947
1133 66.2947
1134 66.2947
1135 66.2947
1136 66.2947
1137 66.2947
1138 66.2947
1139 66.2947
1140 66.2947
1141 66.2947
1142 66.2947
1143 66.2947
1144 66.2947
1145 66.2947
1146 66.2947
1147 66.2947
1148 66.2947
1149 66.2947
1150 66.2947
1151 66.2947
1152 66.2947
1153 66.2947
1154 66.2947
1155 66.2947
1156 66.2947
1157 66.2947
1158 66.2947
1159 66.2947
1160 66.2947
1161 66.2947
1162 66.2947
1163 66.2947
1164 66.2947
1165 66.2947
1166 66.2947
1167 66.2947
1168 66.2947
1169 66.2947
1170 66.2947
1171 66.2947
1172 66.2947
1173 66.2947
1174 66.2947
1175 66.2947
1176 66.2947
1177 66.2947
1178 66.2947
1179 66.2947
1180 66.2947
1181 66.2947
1182 66.2947
1183 66.2947
1184 66.2947
1185 66.2947
1186 66.2947
1187 66.2947
1188 66.2947
1189 66.2947
1190 66.2947
1191 66.2947
1192 66.2947
1193 66.2947
1194 66.2947
1195 66.2947
1196 66.2947
1197 66.2947
1198 66.2947
1199 66.2947
1200 66.2947
1201 66.2947
1202 66.2947
1203 66.2947
1204 66.2947
1205 66.2947
1206 66.2947
1207 66.2947
1208 66.2947
1209 66.2947
1210 66.2947
1211 66.2947
1212 66.2947
1213 66.2947
1214 66.2947
1215 66.2947
1216 66.2947
1217 66.2947
1218 66.2947
1219 66.2947
1220 66.2947
1221 66.2947
1222 66.2947
1223 66.2947
1224 66.2947
1225 66.2947
1226 66.2947
1227 66.2947
1228 66.2947
1229 66.2947
1230 66.2947
1231 66.2947
1232 66.2947
1233 66.2947
1234 66.2947
1235 66.2947
1236 66.2947
1237 66.2947
1238 66.2947
1239 66.2947
1240 66.2947
1241 66.2947
1242 66.2947
1243 66.2947
1244 66.2947
1245 66.2947
1246 66.2947
1247 66.2947
1248 66.2947
1249 66.2947
1250 66.2947
1251 66.2947
1252 66.2947
1253 66.2947
1254 66.2947
1255 66.2947
1256 66.2947
1257 66.2947
1258 66.2947
1259 66.2947
1260 66.2947
1261 66.2947
1262 66.2947
1263 66.2947
1264 66.2947
1265 66.2947
1266 66.2947
1267 66.2947
1268 66.2947
1269 66.2947
1270 66.2947
1271 66.2947
1272 66.2947
1273 66.2947
1274 66.2947
1275 66.2947
1276 66.2947
1277 66.2947
1278 66.2947
1279 66.2947
1280 66.2947
1281 66.2947
1282 66.2947
1283 66.2947
1284 66.2947
1285 66.2947
1286 66.2947
1287 66.2947
1288 66.2947
1289 66.2947
1290 66.2947
1291 66.2947
1292 66.2947
1293 66.2947
1294 66.2947
1295 66.2947
1296 66.2947
1297 66.2947
1298 66.2947
1299 66.2947
1300 66.2947
1301 66.2947
1302 66.2947
1303 66.2947
1304 66.2947
1305 66.2947
1306 66.2947
1307 66.2947
1308 66.2947
1309 66.2947
1310 66.2947
1311 66.2947
1312 66.2947
1313 66.2947
1314 66.2947
1315 66.2947
1316 66.2947
1317 66.2947
1318 66.2947
1319 66.2947
1320 66.2947
1321 66.2947
1322 66.2947
1323 66.2947
1324 66.2947
1325 66.2947
1326 66.2947
1327 66.2947
1328 66.2947
1329 66.2947
1330 65.7528
1331 65.7528
1332 65.7528
1333 65.7528
1334 65.7528
1335 65.7528
1336 65.7528
1337 65.7528
1338 65.7528
1339 65.7528
1340 65.7528
1341 65.7528
1342 65.7528
1343 65.7528
1344 65.7528
1345 65.7528
1346 65.7528
1347 65.7528
1348 65.7528
1349 65.7528
1350 65.7528
1351 65.7528
1352 65.7528
1353 65.7528
1354 65.7528
1355 65.7528
1356 65.7528
1357 65.7528
1358 65.7528
1359 65.7528
1360 65.7528
1361 65.7528
1362 65.7528
1363 65.7528
1364 65.7528
1365 65.7528
1366 65.7528
1367 65.7528
1368 65.7528
1369 65.7528
1370 65.7528
1371 65.7528
1372 65.7528
1373 65.7528
1374 65.7528
1375 65.7528
1376 65.7528
1377 65.7528
1378 65.7528
1379 65.7528
1380 65.7528
1381 65.7528
1382 65.7528
1383 65.7528
1384 65.7528
1385 65.7528
1386 65.7528
1387 65.7528
1388 65.7528
1389 65.7528
1390 65.7528
1391 65.7528
1392 65.7528
1393 65.7528
1394 65.7528
1395 65.7528
1396 65.7528
1397 65.7528
1398 65.7528
1399 65.7528
1400 65.7528
1401 65.7528
1402 65.7528
1403 65.7528
1404 65.7528
1405 65.7528
1406 65.7528
1407 65.7528
1408 65.7528
1409 65.7528
1410 65.7528
1411 65.7528
1412 65.7528
1413 65.7528
1414 65.7528
1415 65.7528
1416 65.7528
1417 65.7528
1418 65.7528
1419 65.7528
1420 65.7528
1421 65.7528
1422 65.7528
1423 65.7528
1424 65.7528
1425 65.7528
1426 65.7528
1427 65.7528
1428 65.7528
1429 65.7528
1430 65.7528
1431 65.7528
1432 65.7528
1433 65.7528
1434 65.7528
1435 65.7528
1436 65.7528
1437 65.7528
1438 65.7528
1439 65.7528
1440 65.7528
1441 65.7528
1442 65.7528
1443 65.7528
1444 65.7528
1445 65.7528
1446 65.7528
1447 65.7528
1448 65.7528
1449 65.7528
1450 65.7528
1451 65.7528
1452 65.7528
1453 65.7528
1454 65.7528
1455 65.7528
1456 65.7528
1457 65.7528
1458 65.7528
1459 65.7528
1460 65.7528
1461 65.7528
1462 65.7528
1463 65.7528
1464 65.7528
1465 65.7528
1466 65.7528
1467 65.7528
1468 65.7528
1469 65.7528
1470 65.7528
1471 65.7528
1472 65.7528
1473 65.7528
1474 65.7528
1475 65.7528
1476 65.7528
1477 65.7528
1478 65.7528
1479 65.7528
1480 65.7528
1481 65.7528
1482 65.7528
1483 65.7528
1484 65.7528
1485 65.7528
1486 65.7528
1487 65.7528
1488 65.7528
1489 65.7528
1490 65.7528
1491 65.7528
1492 65.7528
1493 65.7528
1494 65.7528
1495 65.7528
1496 65.7528
1497 65.7528
1498 65.7528
1499 65.7528
1500 65.7528
1501 65.7528
1502 65.7528
1503 65.7528
1504 65.7528
1505 65.7528
1506 65.7528
1507 65.7528
1508 65.7528
1509 65.7528
1510 65.7528
1511 65.7528
1512 65.7528
1513 65.7528
1514 65.7528
1515 65.7528
1516 65.7528
1517 65.7528
1518 65.7528
1519 65.7528
1520 65.7528
1521 65.7528
1522 65.7528
1523 65.7528
1524 65.7528
1525 65.7528
1526 65.7528
1527 65.7528
1528 65.7528
1529 65.7528
1530 65.7528
1531 65.7528
1532 65.7528
1533 65.7528
1534 65.7528
1535 65.7528
1536 65.7528
1537 65.7528
1538 65.7528
1539 65.7528
1540 65.7528
1541 65.7528
1542 65.7528
1543 65.7528
1544 65.7528
1545 65.7528
1546 65.7528
1547 65.7528
1548 65.7528
1549 65.7528
1550 65.7528
1551 65.7528
1552 65.7528
1553 65.7528
1554 65.7528
1555 65.7528
1556 65.7528
1557 65.7528
1558 65.7528
1559 65.7528
1560 65.7528
1561 65.7528
1562 65.7528
1563 65.7528
1564 65.7528
1565 65.7528
1566 65.7528
1567 65.7528
1568 65.7528
1569 65.7528
1570 65.7528
1571 65.7528
1572 65.7528
1573 65.7528
1574 65.7528
1575 65.7528
1576 65.7528
1577 65.7528
1578 65.7528
1579 65.7528
1580 65.7528
1581 65.7528
1582 65.7528
1583 65.7528
1584 65.7528
1585 65.7528
1586 65.7528
1587 65.7528
1588 65.7528
1589 65.7528
1590 65.7528
1591 65.7528
1592 65.7528
1593 65.7528
1594 65.7528
1595 65.7528
1596 65.7528
1597 65.7528
1598 65.7528
1599 65.7528
1600 65.7528
1601 65.7528
1602 65.7528
1603 65.7528
1604 65.7528
1605 65.7528
1606 65.7528
1607 65.7528
1608 65.7528
1609 65.7528
1610 65.7528
1611 65.7528
1612 65.7528
1613 65.7528
1614 65.7528
1615 65.7528
1616 65.7528
1617 65.7528
1618 65.7528
1619 65.7528
1620 65.7528
1621 65.7528
1622 65.7528
1623 65.7528
1624 65.7528
1625 65.7528
1626 65.7528
1627 65.7528
1628 65.7528
1629 65.7528
1630 65.7528
1631 65.7528
1632 65.7528
1633 65.7528
1634 65.7528
1635 65.7528
1636 65.7528
1637 65.7528
1638 65.7528
1639 65.7528
1640 65.7528
1641 65.7528
1642 65.7528
1643 65.7528
1644 65.7528
1645 65.7528
1646 65.7528
1647 65.7528
1648 65.7528
1649 65.7528
1650 65.7528
1651 65.7528
1652 65.7528
1653 65.7528
1654 65.7528
1655 65.7528
1656 65.7528
1657 65.7528
1658 65.7528
1659 65.7528
1660 65.7528
1661 65.7528
1662 65.7528
1663 65.7528
1664 65.7528
1665 65.7528
1666 65.7528
1667 65.7528
1668 65.7528
1669 65.7528
1670 65.7528
1671 65.7528
1672 65.7528
1673 65.7528
1674 65.7528
1675 65.7528
1676 65.7528
1677 65.7528
1678 65.7528
1679 65.7528
1680 65.7528
1681 65.7528
1682 65.7528
1683 65.7528
1684 65.7528
1685 65.7528
1686 65.7528
1687 65.7528
1688 65.7528
1689 65.7528
1690 65.7528
1691 65.7528
1692 65.7528
1693 65.7528
1694 65.7528
1695 65.7528
1696 65.7528
1697 65.7528
1698 65.7528
1699 65.7528
1700 65.7528
1701 65.7528
1702 65.7528
1703 65.7528
1704 65.7528
1705 65.7528
1706 65.7528
1707 65.7528
1708 65.7528
1709 65.7528
1710 65.7528
1711 65.7528
1712 65.7528
1713 65.7528
1714 65.7528
1715 65.7528
1716 65.7528
1717 65.7528
1718 65.7528
1719 65.7528
1720 65.7528
1721 65.7528
1722 65.7528
1723 65.7528
1724 65.7528
1725 65.7528
1726 65.7528
1727 65.7528
1728 65.7528
1729 65.7528
1730 65.7528
1731 65.7528
1732 65.7528
1733 65.7528
1734 65.7528
1735 65.7528
1736 65.7528
1737 65.7528
1738 65.7528
1739 65.7528
1740 65.7528
1741 65.7528
1742 65.7528
1743 65.7528
1744 65.7528
1745 65.7528
1746 65.7528
1747 65.7528
1748 65.7528
1749 65.7528
1750 65.7528
1751 65.7528
1752 65.7528
1753 65.7528
1754 65.7528
1755 65.7528
1756 65.7528
1757 65.7528
1758 65.7528
1759 65.7528
1760 65.7528
1761 65.7528
1762 65.7528
1763 65.7528
1764 65.7528
1765 65.7528
1766 65.7528
1767 65.7528
1768 65.7528
1769 65.7528
1770 65.7528
1771 65.7528
1772 65.7528
1773 65.7528
1774 65.7528
1775 65.7528
1776 65.7528
1777 65.7528
1778 65.7528
1779 65.7528
1780 65.7528
1781 65.7528
1782 65.7528
1783 65.7528
1784 65.7528
1785 65.7528
1786 65.7528
1787 65.7528
1788 65.7528
1789 65.7528
1790 65.7528
1791 65.7528
1792 65.7528
1793 65.7528
1794 65.7528
1795 65.7528
1796 65.7528
1797 65.7528
1798 65.7528
1799 65.7528
1800 65.7528
1801 65.7528
1802 65.7528
1803 65.7528
1804 65.7528
1805 65.7528
1806 65.7528
1807 65.7528
1808 65.7528
1809 65.7528
1810 65.7528
1811 65.7528
1812 65.7528
1813 65.7528
1814 65.7528
1815 65.7528
1816 65.7528
1817 65.7528
1818 65.7528
1819 65.7528
1820 65.7528
1821 65.7528
1822 65.7528
1823 65.7528
1824 65.7528
1825 65.7528
1826 65.7528
1827 65.7528
1828 65.7528
1829 65.7528
1830 65.7528
1831 65.7528
1832 65.7528
1833 65.7528
1834 65.7528
1835 65.7528
1836 65.7528
1837 65.7528
1838 65.7528
1839 65.7528
1840 65.7528
1841 65.7528
1842 65.7528
1843 65.7528
1844 65.7528
1845 65.7528
1846 65.7528
1847 65.7528
1848 65.7528
1849 65.7528
1850 65.7528
1851 65.7528
1852 65.7528
1853 65.7528
1854 65.7528
1855 65.7528
1856 65.7528
1857 65.7528
1858 65.7528
1859 65.7528
1860 65.7528
1861 65.7528
1862 65.7528
1863 65.7528
1864 65.7528
1865 65.7528
1866 65.7528
1867 65.7528
1868 65.7528
1869 65.7528
1870 65.7528
1871 65.7528
1872 65.7528
1873 65.7528
1874 65.7528
1875 65.7528
1876 65.7528
1877 65.7528
1878 65.7528
1879 65.7528
1880 65.7528
1881 65.7528
1882 65.7528
1883 65.7528
1884 65.7528
1885 65.7528
1886 65.7528
1887 65.7528
1888 65.7528
1889 65.7528
1890 65.7528
1891 65.7528
1892 65.7528
1893 65.7528
1894 65.7528
1895 65.7528
1896 65.7528
1897 65.7528
1898 65.7528
1899 65.7528
1900 65.7528
1901 65.7528
1902 65.7528
1903 65.7528
1904 65.7528
1905 65.7528
1906 65.7528
1907 65.7528
1908 65.7528
1909 65.7528
1910 65.7528
1911 65.7528
1912 65.7528
1913 65.7528
1914 65.7528
1915 65.7528
1916 65.7528
1917 65.7528
1918 65.7528
1919 65.7528
1920 65.7528
1921 65.7528
1922 65.7528
1923 65.7528
1924 65.7528
1925 65.7528
1926 65.7528
1927 65.7528
1928 65.7528
1929 65.7528
1930 65.7528
1931 65.7528
1932 65.7528
1933 65.7528
1934 65.7528
1935 65.7528
1936 65.7528
1937 65.7528
1938 65.7528
1939 65.7528
1940 65.7528
1941 65.7528
1942 65.7528
1943 65.7528
1944 65.7528
1945 65.7528
1946 65.7528
1947 65.7528
1948 65.7528
1949 65.7528
1950 65.7528
1951 65.7528
1952 65.7528
1953 65.7528
1954 65.7528
1955 65.7528
1956 65.7528
1957 65.7528
1958 65.7528
1959 65.7528
1960 65.7528
1961 65.7528
1962 65.7528
1963 65.7528
1964 65.7528
1965 65.7528
1966 65.7528
1967 65.7528
1968 65.7528
1969 65.7528
1970 65.7528
1971 65.7528
1972 65.7528
1973 65.7528
1974 65.7528
1975 65.7528
1976 65.7528
1977 65.7528
1978 65.7528
1979 65.7528
1980 65.7528
1981 65.7528
1982 65.7528
1983 65.7528
1984 65.7528
1985 65.7528
1986 65.7528
1987 65.7528
1988 65.7528
1989 65.7528
1990 65.7528
1991 65.7528
1992 65.7528
1993 65.7528
1994 65.7528
1995 65.7528
1996 65.7528
1997 65.7528
1998 65.7528
1999 65.7528
2000 65.7528
2001 65.7528
2002 65.7528
2003 65.7528
2004 65.7528
2005 65.7528
2006 65.7528
2007 65.7528
2008 65.7528
2009 65.7528
2010 65.7528
2011 65.7528
2012 65.7528
2013 65.7528
2014 65.7528
2015 65.7528
2016 65.7528
2017 65.7528
2018 65.7528
2019 65.7528
2020 65.7528
2021 65.7528
2022 65.7528
2023 65.7528
2024 65.7528
2025 65.7528
2026 65.7528
2027 65.7528
2028 65.7528
2029 65.7528
2030 65.7528
2031 65.7528
2032 65.7528
2033 65.7528
2034 65.7528
2035 65.7528
2036 65.7528
2037 65.7528
2038 65.7528
2039 65.7528
2040 65.7528
2041 65.7528
2042 65.7528
2043 65.7528
2044 65.7528
2045 65.7528
2046 65.7528
2047 65.7528
2048 65.7528
2049 65.7528
2050 65.7528
2051 65.7528
2052 65.7528
2053 65.7528
2054 65.7528
2055 65.7528
2056 65.7528
2057 65.7528
2058 65.7528
2059 65.7528
2060 65.7528
2061 65.7528
2062 65.7528
2063 65.7528
2064 65.7528
2065 65.7528
2066 65.7528
2067 65.7528
2068 65.7528
2069 65.7528
2070 65.7528
2071 65.7528
2072 65.7528
2073 65.7528
2074 65.7528
2075 65.7528
2076 65.7528
2077 65.7528
2078 65.7528
2079 65.7528
2080 65.7528
2081 65.7528
2082 65.7528
2083 65.7528
2084 65.7528
2085 65.7528
2086 65.7528
2087 65.7528
2088 65.7528
2089 65.7528
2090 65.7528
2091 65.7528
2092 65.7528
2093 65.7528
2094 65.7528
2095 65.7528
2096 65.7528
2097 65.7528
2098 65.7528
2099 65.7528
2100 65.7528
2101 65.7528
2102 65.7528
2103 65.7528
2104 65.7528
2105 65.7528
2106 65.7528
2107 65.7528
2108 65.7528
2109 65.7528
2110 65.7528
2111 65.7528
2112 65.7528
2113 65.7528
2114 65.7528
2115 65.7528
2116 65.7528
2117 65.7528
2118 65.7528
2119 65.7528
2120 65.7528
2121 65.7528
2122 65.7528
2123 65.7528
2124 65.7528
2125 65.7528
2126 65.7528
2127 65.7528
2128 65.7528
2129 65.7528
2130 65.7528
2131 65.7528
2132 65.7528
2133 65.7528
2134 65.7528
2135 65.7528
2136 65.7528
2137 65.7528
2138 65.7528
2139 65.7528
2140 65.7528
2141 65.7528
2142 65.7528
2143 65.7528
2144 65.7528
2145 65.7528
2146 65.7528
2147 65.7528
2148 65.7528
2149 65.7528
2150 65.7528
2151 65.7528
2152 65.7528
2153 65.7528
2154 65.7528
2155 65.7528
2156 65.7528
2157 65.7528
2158 65.7528
2159 65.7528
2160 65.7528
2161 65.7528
2162 65.7528
2163 65.7528
2164 65.7528
2165 65.7528
2166 65.7528
2167 65.7528
2168 65.7528
2169 65.7528
2170 65.7528
2171 65.7528
2172 65.7528
2173 65.7528
2174 65.7528
2175 65.7528
2176 65.7528
2177 65.7528
2178 65.7528
2179 65.7528
2180 65.7528
2181 65.7528
2182 65.7528
2183 65.7528
2184 65.7528
2185 65.7528
2186 65.7528
2187 65.7528
2188 65.7528
2189 65.7528
2190 65.7528
2191 65.7528
2192 65.7528
2193 65.7528
2194 65.7528
2195 65.7528
2196 65.7528
2197 65.7528
2198 65.7528
2199 65.7528
2200 65.7528
2201 65.7528
2202 65.7528
2203 65.7528
2204 65.7528
2205 65.7528
2206 65.7528
2207 65.7528
2208 65.7528
2209 65.7528
2210 65.7528
2211 65.7528
2212 65.7528
2213 65.7528
2214 65.7528
2215 65.7528
2216 65.7528
2217 65.7528
2218 65.7528
2219 65.7528
2220 65.7528
2221 65.7528
2222 65.7528
2223 65.7528
2224 65.7528
2225 65.7528
2226 65.7528
2227 65.7528
2228 65.7528
2229 65.7528
2230 65.7528
2231 65.7528
2232 65.7528
2233 65.7528
2234 65.7528
2235 65.7528
2236 65.7528
2237 65.7528
2238 65.7528
2239 65.7528
2240 65.7528
2241 65.7528
2242 65.7528
2243 65.7528
2244 65.7528
2245 65.7528
2246 65.7528
2247 65.7528
2248 65.7528
2249 65.7528
2250 65.7528
2251 65.7528
2252 65.7528
2253 65.7528
2254 65.7528
2255 65.7528
2256 65.7528
2257 65.7528
2258 65.7528
2259 65.7528
2260 65.7528
2261 65.7528
2262 65.7528
2263 65.7528
2264 65.7528
2265 65.7528
2266 65.7528
2267 65.7528
2268 65.7528
2269 65.7528
2270 65.7528
2271 65.7528
2272 65.7528
2273 65.7528
2274 65.7528
2275 65.7528
2276 65.7528
2277 65.7528
2278 65.7528
2279 65.7528
2280 65.7528
2281 65.7528
2282 65.7528
2283 65.7528
2284 65.7528
2285 65.7528
2286 65.7528
2287 65.7528
2288 65.7528
2289 65.7528
2290 65.7528
2291 65.7528
2292 65.7528
2293 65.7528
2294 65.7528
2295 65.7528
2296 65.7528
2297 65.7528
2298 65.7528
2299 65.7528
2300 65.7528
2301 65.7528
2302 65.7528
2303 65.7528
2304 65.7528
2305 65.7528
2306 65.7528
2307 65.7528
2308 65.7528
2309 65.7528
2310 65.7528
2311 65.7528
2312 65.7528
2313 65.7528
2314 65.7528
2315 65.7528
2316 65.7528
2317 65.7528
2318 65.7528
2319 65.7528
2320 65.7528
2321 65.7528
2322 65.7528
2323 65.7528
2324 65.7528
2325 65.7528
2326 65.7528
2327 65.7528
2328 65.7528
2329 65.7528
2330 65.7528
2331 65.7528
2332 65.7528
2333 65.7528
2334 65.7528
2335 65.7528
2336 65.7528
2337 65.7528
2338 65.7528
2339 65.7528
2340 65.7528
2341 65.7528
2342 65.7528
2343 65.7528
2344 65.7528
2345 65.7528
2346 65.7528
2347 65.7528
2348 65.7528
2349 65.7528
2350 65.7528
2351 65.7528
2352 65.7528
2353 65.7528
2354 65.7528
2355 65.7528
2356 65.7528
2357 65.7528
2358 65.7528
2359 65.7528
2360 65.7528
2361 65.7528
2362 65.7528
2363 65.7528
2364 65.7528
2365 65.7528
2366 65.7528
2367 65.7528
2368 65.7528
2369 65.7528
2370 65.7528
2371 65.7528
2372 65.7528
2373 65.7528
2374 65.7528
2375 65.7528
2376 65.7528
2377 65.7528
2378 65.7528
2379 65.7528
2380 65.7528
2381 65.7528
2382 65.7528
2383 65.7528
2384 65.7528
2385 65.7528
2386 65.7528
2387 65.7528
2388 65.7528
2389 65.7528
2390 65.7528
2391 65.7528
2392 65.7528
2393 65.7528
2394 65.7528
2395 65.7528
2396 65.7528
2397 65.7528
2398 65.7528
2399 65.7528
2400 65.7528
2401 65.7528
2402 65.7528
2403 65.7528
2404 65.7528
2405 65.7528
2406 65.7528
2407 65.7528
2408 65.7528
2409 65.7528
2410 65.7528
2411 65.7528
2412 65.7528
2413 65.7528
2414 65.7528
2415 65.7528
2416 65.7528
2417 65.7528
2418 65.7528
2419 65.7528
2420 65.7528
2421 65.7528
2422 65.7528
2423 65.7528
2424 65.7528
2425 65.7528
2426 65.7528
2427 65.7528
2428 65.7528
2429 65.7528
2430 65.7528
2431 65.7528
2432 65.7528
2433 65.7528
2434 65.7528
2435 65.7528
2436 65.7528
2437 65.7528
2438 65.7528
2439 65.7528
2440 65.7528
2441 65.7528
2442 65.7528
2443 65.7528
2444 65.7528
2445 65.7528
2446 65.7528
2447 65.7528
2448 65.7528
2449 65.7528
2450 65.7528
2451 65.7528
2452 65.7528
2453 65.7528
2454 65.7528
2455 65.7528
2456 65.7528
2457 65.7528
2458 65.7528
2459 65.7528
2460 65.7528
2461 65.7528
2462 65.7528
2463 65.7528
2464 65.7528
2465 65.7528
2466 65.7528
2467 65.7528
2468 65.7528
2469 65.7528
2470 65.7528
2471 65.7528
2472 65.7528
2473 65.7528
2474 65.7528
2475 65.7528
2476 65.7528
2477 65.7528
2478 65.7528
2479 65.7528
2480 65.7528
2481 65.7528
2482 65.7528
2483 65.7528
2484 65.7528
2485 65.7528
2486 65.7528
2487 65.7528
2488 65.7528
2489 65.7528
2490 65.7528
2491 65.7528
2492 65.7528
2493 65.7528
2494 65.7528
2495 65.7528
2496 65.7528
2497 65.7528
2498 65.7528
2499 65.7528
2500 65.7528
2501 65.7528
2502 65.7528
2503 65.7528
2504 65.7528
2505 65.7528
2506 65.7528
2507 65.7528
2508 65.7528
2509 65.7528
2510 65.7528
2511 65.7528
2512 65.7528
2513 65.7528
2514 65.7528
2515 65.7528
2516 65.7528
2517 65.7528
2518 65.7528
2519 65.7528
2520 65.7528
2521 65.7528
2522 65.7528
2523 65.7528
2524 65.7528
2525 65.7528
2526 65.7528
2527 65.7528
2528 65.7528
2529 65.7528
2530 65.7528
2531 65.7528
2532 65.7528
2533 65.7528
2534 65.7528
2535 65.7528
2536 65.7528
2537 65.7528
2538 65.7528
2539 65.7528
2540 65.7528
2541 65.7528
2542 65.7528
2543 65.7528
2544 65.7528
2545 65.7528
2546 65.7528
2547 65.7528
2548 65.7528
2549 65.7528
2550 65.7528
2551 65.7528
2552 65.7528
2553 65.7528
2554 65.7528
2555 65.7528
2556 65.7528
2557 65.7528
2558 65.7528
2559 65.7528
2560 65.7528
2561 65.7528
2562 65.7528
2563 65.7528
2564 65.7528
2565 65.7528
2566 65.7528
2567 65.7528
2568 65.7528
2569 65.7528
2570 65.7528
2571 65.7528
2572 65.7528
2573 65.7528
2574 65.7528
2575 65.7528
2576 65.7528
2577 65.7528
2578 65.7528
2579 65.7528
2580 65.7528
2581 65.7528
2582 65.7528
2583 65.7528
2584 65.7528
2585 65.7528
2586 65.7528
2587 65.7528
2588 65.7528
2589 65.7528
2590 65.7528
2591 65.7528
2592 65.7528
2593 65.7528
2594 65.7528
2595 65.7528
2596 65.7528
2597 65.7528
2598 65.7528
2599 65.7528
2600 65.7528
2601 65.7528
2602 65.7528
2603 65.7528
2604 65.7528
2605 65.7528
2606 65.7528
2607 65.7528
2608 65.7528
2609 65.7528
2610 65.7528
2611 65.7528
2612 65.7528
2613 65.7528
2614 65.7528
2615 65.7528
2616 65.7528
2617 65.7528
2618 65.7528
2619 65.7528
2620 65.7528
2621 65.7528
2622 65.7528
2623 65.7528
2624 65.7528
2625 65.7528
2626 65.7528
2627 65.7528
2628 65.7528
2629 65.7528
2630 65.7528
2631 65.7528
2632 65.7528
2633 65.7528
2634 65.7528
2635 65.7528
2636 65.7528
2637 65.7528
2638 65.7528
2639 65.7528
2640 65.7528
2641 65.7528
2642 65.7528
2643 65.7528
2644 65.7528
2645 65.7528
2646 65.7528
2647 65.7528
2648 65.7528
2649 65.7528
2650 65.7528
2651 65.7528
2652 65.7528
2653 65.7528
2654 65.7528
2655 65.7528
2656 65.7528
2657 65.7528
2658 65.7528
2659 65.7528
2660 65.7528
2661 65.7528
2662 65.7528
2663 65.7528
2664 65.7528
2665 65.7528
2666 65.7528
2667 65.7528
2668 65.7528
2669 65.7528
2670 65.7528
2671 65.7528
2672 65.7528
2673 65.7528
2674 65.7528
2675 65.7528
2676 65.7528
2677 65.7528
2678 65.7528
2679 65.7528
2680 65.7528
2681 65.7528
2682 65.7528
2683 65.7528
2684 65.7528
2685 65.7528
2686 65.7528
2687 65.7528
2688 65.7528
2689 65.7528
2690 65.7528
2691 65.7528
2692 65.7528
2693 65.7528
2694 65.7528
2695 65.7528
2696 65.7528
2697 65.7528
2698 65.7528
2699 65.7528
2700 65.7528
2701 65.7528
2702 65.7528
2703 65.7528
2704 65.7528
2705 65.7528
2706 65.7528
2707 65.7528
2708 65.7528
2709 65.7528
2710 65.7528
2711 65.7528
2712 65.7528
2713 65.7528
2714 65.7528
2715 65.7528
2716 65.7528
2717 65.7528
2718 65.7528
2719 65.7528
2720 65.7528
2721 65.7528
2722 65.7528
2723 65.7528
2724 65.7528
2725 65.7528
2726 65.7528
2727 65.7528
2728 65.7528
2729 65.7528
2730 65.7528
2731 65.7528
2732 65.7528
2733 65.7528
2734 65.7528
2735 65.7528
2736 65.7528
2737 65.7528
2738 65.7528
2739 65.7528
2740 65.7528
2741 65.7528
2742 65.7528
2743 65.7528
2744 65.7528
2745 65.7528
2746 65.7528
2747 65.7528
2748 65.7528
2749 65.7528
2750 65.7528
2751 65.7528
2752 65.7528
2753 65.7528
2754 65.7528
2755 65.7528
2756 65.7528
2757 65.7528
2758 65.7528
2759 65.7528
2760 65.7528
2761 65.7528
2762 65.7528
2763 65.7528
2764 65.7528
2765 65.7528
2766 65.7528
2767 65.7528
2768 65.7528
2769 65.7528
2770 65.7528
2771 65.7528
2772 65.7528
2773 65.7528
2774 65.7528
2775 65.7528
2776 65.7528
2777 65.7528
2778 65.7528
2779 65.7528
2780 65.7528
2781 65.7528
2782 65.7528
2783 65.7528
2784 65.7528
2785 65.7528
2786 65.7528
2787 65.7528
2788 65.7528
2789 65.7528
2790 65.7528
2791 65.7528
2792 65.7528
2793 65.7528
2794 65.7528
2795 65.7528
2796 65.7528
2797 65.7528
2798 65.7528
2799 65.7528
2800 65.7528
2801 65.7528
2802 65.7528
2803 65.7528
2804 65.7528
2805 65.7528
2806 65.7528
2807 65.7528
2808 65.7528
2809 65.7528
2810 65.7528
2811 65.7528
2812 65.7528
2813 65.7528
2814 65.7528
2815 65.7528
2816 65.7528
2817 65.7528
2818 65.7528
2819 65.7528
2820 65.7528
2821 65.7528
2822 65.7528
2823 65.7528
2824 65.7528
2825 65.7528
2826 65.7528
2827 65.7528
2828 65.7528
2829 65.7528
2830 65.7528
2831 65.7528
2832 65.7528
2833 65.7528
2834 65.7528
2835 65.7528
2836 65.7528
2837 65.7528
2838 65.7528
2839 65.7528
2840 65.7528
2841 65.7528
2842 65.7528
2843 65.7528
2844 65.7528
2845 65.7528
2846 65.7528
2847 65.7528
2848 65.7528
2849 65.7528
2850 65.7528
2851 65.7528
2852 65.7528
2853 65.7528
2854 65.7528
2855 65.7528
2856 65.7528
2857 65.7528
2858 65.7528
2859 65.7528
2860 65.7528
2861 65.7528
2862 65.7528
2863 65.7528
2864 65.7528
2865 65.7528
2866 65.7528
2867 65.7528
2868 65.7528
2869 65.7528
2870 65.7528
2871 65.7528
2872 65.7528
2873 65.7528
2874 65.7528
2875 65.7528
2876 65.7528
2877 65.7528
2878 65.7528
2879 65.7528
2880 65.7528
2881 65.7528
2882 65.7528
2883 65.7528
2884 65.7528
2885 65.7528
2886 65.7528
2887 65.7528
2888 65.7528
2889 65.7528
2890 65.7528
2891 65.7528
2892 65.7528
2893 65.7528
2894 65.7528
2895 65.7528
2896 65.7528
2897 65.7528
2898 65.7528
2899 65.7528
2900 65.7528
2901 65.7528
2902 65.7528
2903 65.7528
2904 65.7528
2905 65.7528
2906 65.7528
2907 65.7528
2908 65.7528
2909 65.7528
2910 65.7528
2911 65.7528
2912 65.7528
2913 65.7528
2914 65.7528
2915 65.7528
2916 65.7528
2917 65.7528
2918 65.7528
2919 65.7528
2920 65.7528
2921 65.7528
2922 65.7528
2923 65.7528
2924 65.7528
2925 65.7528
2926 65.7528
2927 65.7528
2928 65.7528
2929 65.7528
2930 65.7528
2931 65.7528
2932 65.7528
2933 65.7528
2934 65.7528
2935 65.7528
2936 65.7528
2937 65.7528
2938 65.7528
2939 65.7528
2940 65.7528
2941 65.7528
2942 65.7528
2943 65.7528
2944 65.7528
2945 65.7528
2946 65.7528
2947 65.7528
2948 65.7528
2949 65.7528
2950 65.7528
2951 65.7528
2952 65.7528
2953 65.7528
2954 65.7528
2955 65.7528
2956 65.7528
2957 65.7528
2958 65.7528
2959 65.7528
2960 65.7528
2961 65.7528
2962 65.7528
2963 65.7528
2964 65.7528
2965 65.7528
2966 65.7528
2967 65.7528
2968 65.7528
2969 65.7528
2970 65.7528
2971 65.7528
2972 65.7528
2973 65.7528
2974 65.7528
2975 65.7528
2976 65.7528
2977 65.7528
2978 65.7528
2979 65.7528
2980 65.7528
2981 65.7528
2982 65.7528
2983 65.7528
2984 65.7528
2985 65.7528
2986 65.7528
2987 65.7528
2988 65.7528
2989 65.7528
2990 65.7528
2991 65.7528
2992 65.7528
2993 65.7528
2994 65.7528
2995 65.7528
2996 65.7528
2997 65.7528
2998 65.7528
2999 65.7528
3000 65.7528
3001 65.7528
3002 65.7528
3003 65.7528
3004 65.7528
3005 65.7528
3006 65.7528
3007 65.7528
3008 65.7528
3009 65.7528
3010 65.7528
3011 65.7528
3012 65.7528
3013 65.7528
3014 65.7528
3015 65.7528
3016 65.7528
3017 65.7528
3018 65.7528
3019 65.7528
3020 65.7528
3021 65.7528
3022 65.7528
3023 65.7528
3024 65.7528
3025 65.7528
3026 65.7528
3027 65.7528
3028 65.7528
3029 65.7528
3030 65.7528
3031 65.7528
3032 65.7528
3033 65.7528
3034 65.7528
3035 65.7528
3036 65.7528
3037 65.7528
3038 65.7528
3039 65.7528
3040 65.7528
3041 65.7528
3042 65.7528
3043 65.7528
3044 65.7528
3045 65.7528
3046 65.7528
3047 65.7528
3048 65.7528
3049 65.7528
3050 65.7528
3051 65.7528
3052 65.7528
3053 65.7528
3054 65.7528
3055 65.7528
3056 65.7528
3057 65.7528
3058 65.7528
3059 65.7528
3060 65.7528
3061 65.7528
3062 65.7528
3063 65.7528
3064 65.7528
3065 65.7528
3066 65.7528
3067 65.7528
3068 65.7528
3069 65.7528
3070 65.7528
3071 65.7528
3072 65.7528
3073 65.7528
3074 65.7528
3075 65.7528
3076 65.7528
3077 65.7528
3078 65.7528
3079 65.7528
3080 65.7528
3081 65.7528
3082 65.7528
3083 65.7528
3084 65.7528
3085 65.7528
3086 65.7528
3087 65.7528
3088 65.7528
3089 65.7528
3090 65.7528
3091 65.7528
3092 65.7528
3093 65.7528
3094 65.7528
3095 65.7528
3096 65.7528
3097 65.7528
3098 65.7528
3099 65.7528
3100 65.7528
3101 65.7528
3102 65.7528
3103 65.7528
3104 65.7528
3105 65.7528
3106 65.7528
3107 65.7528
3108 65.7528
3109 65.7528
3110 65.7528
3111 65.7528
3112 65.7528
3113 65.7528
3114 65.7528
3115 65.7528
3116 65.7528
3117 65.7528
3118 65.7528
3119 65.7528
3120 65.7528
3121 65.7528
3122 65.7528
3123 65.7528
3124 65.7528
3125 65.7528
3126 65.7528
3127 65.7528
3128 65.7528
3129 65.7528
3130 65.7528
3131 65.7528
3132 65.7528
3133 65.7528
3134 65.7528
3135 65.7528
3136 65.7528
3137 65.7528
3138 65.7528
3139 65.7528
3140 65.7528
3141 65.7528
3142 65.7528
3143 65.7528
3144 65.7528
3145 65.7528
3146 65.7528
3147 65.7528
3148 65.7528
3149 65.7528
3150 65.7528
3151 65.7528
3152 65.7528
3153 65.7528
3154 65.7528
3155 65.7528
3156 65.7528
3157 65.7528
3158 65.7528
3159 65.7528
3160 65.7528
3161 65.7528
3162 65.7528
3163 65.7528
3164 65.7528
3165 65.7528
3166 65.7528
3167 65.7528
3168 65.7528
3169 65.7528
3170 65.7528
3171 65.7528
3172 65.7528
3173 65.7528
3174 65.7528
3175 65.7528
3176 65.7528
3177 65.7528
3178 65.7528
3179 65.7528
3180 65.7528
3181 65.7528
3182 65.7528
3183 65.7528
3184 65.7528
3185 65.7528
3186 65.7528
3187 65.7528
3188 65.7528
3189 65.7528
3190 65.7528
3191 65.7528
3192 65.7528
3193 65.7528
3194 65.7528
3195 65.7528
3196 65.7528
3197 65.7528
3198 65.7528
3199 65.7528
3200 65.7528
3201 65.7528
3202 65.7528
3203 65.7528
3204 65.7528
3205 65.7528
3206 65.7528
3207 65.7528
3208 65.7528
3209 65.7528
3210 65.7528
3211 65.7528
3212 65.7528
3213 65.7528
3214 65.7528
3215 65.7528
3216 65.7528
3217 65.7528
3218 65.7528
3219 65.7528
3220 65.7528
3221 65.7528
3222 65.7528
3223 65.7528
3224 65.7528
3225 65.7528
3226 65.7528
3227 65.7528
3228 65.7528
3229 65.7528
3230 65.7528
3231 65.7528
3232 65.7528
3233 65.7528
3234 65.7528
3235 65.7528
3236 65.7528
3237 65.7528
3238 65.7528
3239 65.7528
3240 65.7528
3241 65.7528
3242 65.7528
3243 65.7528
3244 65.7528
3245 65.7528
3246 65.7528
3247 65.7528
3248 65.7528
3249 65.7528
3250 65.7528
3251 65.7528
3252 65.7528
3253 65.7528
3254 65.7528
3255 65.7528
3256 65.7528
3257 65.7528
3258 65.7528
3259 65.7528
3260 65.7528
3261 65.7528
3262 65.7528
3263 65.7528
3264 65.7528
3265 65.7528
3266 65.7528
3267 65.7528
3268 65.7528
3269 65.7528
3270 65.7528
3271 65.7528
3272 65.7528
3273 65.7528
3274 65.7528
3275 65.7528
3276 65.7528
3277 65.7528
3278 65.7528
3279 65.7528
3280 65.7528
3281 65.7528
3282 65.7528
3283 65.7528
3284 65.7528
3285 65.7528
3286 65.7528
3287 65.7528
3288 65.7528
3289 65.7528
3290 65.7528
3291 65.7528
3292 65.7528
3293 65.7528
3294 65.7528
3295 65.7528
3296 65.7528
3297 65.7528
3298 65.7528
3299 65.7528
3300 65.7528
3301 65.7528
3302 65.7528
3303 65.7528
3304 65.7528
3305 65.7528
3306 65.7528
3307 65.7528
3308 65.7528
3309 65.7528
3310 65.7528
3311 65.7528
3312 65.7528
3313 65.7528
3314 65.7528
3315 65.7528
3316 65.7528
3317 65.7528
3318 65.7528
3319 65.7528
3320 65.7528
3321 65.7528
3322 65.7528
3323 65.7528
3324 65.7528
3325 65.7528
3326 65.7528
3327 65.7528
3328 65.7528
3329 65.7528
3330 65.7528
3331 65.7528
3332 65.7528
3333 65.7528
3334 65.7528
3335 65.7528
3336 65.7528
3337 65.7528
3338 65.7528
3339 65.7528
3340 65.7528
3341 65.7528
3342 65.7528
3343 65.7528
3344 65.7528
3345 65.7528
3346 65.7528
3347 65.7528
3348 65.7528
3349 65.7528
3350 65.7528
3351 65.7528
3352 65.7528
3353 65.7528
3354 65.7528
3355 65.7528
3356 65.7528
3357 65.7528
3358 65.7528
3359 65.7528
3360 65.7528
3361 65.7528
3362 65.7528
3363 65.7528
3364 65.7528
3365 65.7528
3366 65.7528
3367 65.7528
3368 65.7528
3369 65.7528
3370 65.7528
3371 65.7528
3372 65.7528
3373 65.7528
3374 65.7528
3375 65.7528
3376 65.7528
3377 65.7528
3378 65.7528
3379 65.7528
3380 65.7528
3381 65.7528
3382 65.7528
3383 65.7528
3384 65.7528
3385 65.7528
3386 65.7528
3387 65.7528
3388 65.7528
3389 65.7528
3390 65.7528
3391 65.7528
3392 65.7528
3393 65.7528
3394 65.7528
3395 65.7528
3396 65.7528
3397 65.7528
3398 65.7528
3399 65.7528
3400 65.7528
3401 65.7528
3402 65.7528
3403 65.7528
3404 65.7528
3405 65.7528
3406 65.7528
3407 65.7528
3408 65.7528
3409 65.7528
3410 65.7528
3411 65.7528
3412 65.7528
3413 65.7528
3414 65.7528
3415 65.7528
3416 65.7528
3417 65.7528
3418 65.7528
3419 65.7528
3420 65.7528
3421 65.7528
3422 65.7528
3423 65.7528
3424 65.7528
3425 65.7528
3426 65.7528
3427 65.7528
3428 65.7528
3429 65.7528
3430 65.7528
3431 65.7528
3432 65.7528
3433 65.7528
3434 65.7528
3435 65.7528
3436 65.7528
3437 65.7528
3438 65.7528
3439 65.7528
3440 65.7528
3441 65.7528
3442 65.7528
3443 65.7528
3444 65.7528
3445 65.7528
3446 65.7528
3447 65.7528
3448 65.7528
3449 65.7528
3450 65.7528
3451 65.7528
3452 65.7528
3453 65.7528
3454 65.7528
3455 65.7528
3456 65.7528
3457 65.7528
3458 65.7528
3459 65.7528
3460 65.7528
3461 65.7528
3462 65.7528
3463 65.7528
3464 65.7528
3465 65.7528
3466 65.7528
3467 65.7528
3468 65.7528
3469 65.7528
3470 65.7528
3471 65.7528
3472 65.7528
3473 65.7528
3474 65.7528
3475 65.7528
3476 65.7528
3477 65.7528
3478 65.7528
3479 65.7528
3480 65.7528
3481 65.7528
3482 65.7528
3483 65.7528
3484 65.7528
3485 65.7528
3486 65.7528
3487 65.7528
3488 65.7528
3489 65.7528
3490 65.7528
3491 65.7528
3492 65.7528
3493 65.7528
3494 65.7528
3495 65.7528
3496 65.7528
3497 65.7528
3498 65.7528
3499 65.7528
3500 65.7528
