0 510.334
1 446.998
2 412.523
3 382.583
4 366.75
5 352.413
6 342.402
7 333.371
8 322.213
9 311.076
10 300.74
11 291.361
12 282.31
13 274.401
14 268.015
15 261.504
16 254.216
17 247.874
18 243.505
19 239.89
20 236.305
21 227.767
22 218.043
23 211.444
24 205.725
25 201.578
26 197.271
27 193.128
28 189.877
29 187.126
30 184.477
31 184.096
32 182.761
33 180.713
34 175.958
35 171.294
36 167.238
37 164.986
38 160.228
39 154.547
40 154.318
41 153.181
42 150.591
43 147.196
44 144.42
45 142.16
46 140.546
47 138.963
48 136.981
49 134.648
50 131.719
51 129.854
52 128.054
53 127.072
54 125.382
55 124.066
56 122.42
57 122.888
58 122.383
59 119.509
60 116.605
61 114.552
62 113.139
63 112.979
64 111.911
65 110.335
66 108.961
67 107.893
68 110.113
69 110.437
70 111.674
71 110.145
72 106.82
73 104.351
74 103.487
75 102.657
76 102.169
77 102.034
78 101.287
79 101.632
80 101.849
81 101.106
82 100.965
83 100.476
84 99.6867
85 99.1606
86 98.8692
87 97.9874
88 97.6578
89 96.9036
90 96.1134
91 95.2014
92 93.9879
93 93.0664
94 92.637
95 92.2022
96 92.2555
97 92.3388
98 90.8934
99 90.0315
100 89.4491
101 88.9311
102 88.771
103 87.9627
104 88.1747
105 87.9213
106 87.3134
107 88.4658
108 87.6068
109 86.485
110 85.4406
111 87.947
112 88.5677
113 87.3198
114 86.0597
115 85.3571
116 84.8655
117 84.4024
118 83.9376
119 83.7576
120 83.6516
121 83.2511
122 83.2674
123 82.9662
124 82.7721
125 82.6589
126 83.6038
127 83.2581
128 81.8291
129 81.3455
130 81.4333
131 80.4766
132 83.3859
133 83.1273
134 81.0107
135 80.4492
136 80.345
137 79.5602
138 78.9625
139 78.5688
140 79.13
141 78.9963
142 78.5471
143 78.7541
144 78.5478
145 78.3095
146 78.2752
147 78.1563
148 78.0282
149 77.8536
150 77.9933
151 78.1231
152 78.0558
153 77.9373
154 77.8906
155 77.8056
156 78.0807
157 78.0906
158 78.0765
159 78.2141
160 77.7413
161 77.3221
162 77.278
163 77.0702
164 76.8671
165 76.4384
166 76.3257
167 76.5364
168 76.3896
169 76.2159
170 75.8575
171 75.682
172 75.3816
173 75.464
174 75.3167
175 75.6201
176 75.524
177 75.6082
178 75.4537
179 75.7101
180 75.9334
181 75.7875
182 79.1564
183 79.1789
184 77.3365
185 77.4554
186 76.1198
187 75.4019
188 75.3871
189 75.1448
190 74.751
191 74.9419
192 74.831
193 74.7564
194 74.8304
195 74.8178
196 75.0378
197 75.021
198 75.2904
199 74.7516
200 74.8012
201 74.6556
202 74.5237
203 74.2742
204 74.657
205 74.3833
206 74.6324
207 74.6253
208 74.7406
209 74.745
210 74.8312
211 74.8093
212 74.8221
213 74.7135
214 74.3449
215 74.3476
216 74.6349
217 74.8218
218 74.2933
219 74.448
220 74.5713
221 74.6726
222 74.9463
223 74.4884
224 74.416
225 74.4462
226 74.3647
227 74.5126
228 74.9954
229 74.476
230 74.3724
231 74.403
232 74.3258
233 74.4379
234 74.6945
235 74.7618
236 74.1659
237 74.3062
238 74.3554
239 74.5165
240 74.5014
241 74.3531
242 74.5026
243 74.8033
244 74.5636
245 74.4332
246 74.3277
247 74.9899
248 74.2475
249 74.2958
250 74.3975
251 74.3956
252 74.5404
253 74.4184
254 74.7553
255 74.5578
256 74.7266
257 74.776
258 74.4263
259 74.6699
260 74.7045
261 74.8905
262 74.5093
263 74.4163
264 74.2422
265 74.3859
266 74.9895
267 74.5218
268 74.4254
269 74.613
270 74.5089
271 74.4296
272 74.4935
273 74.3407
274 74.667
275 74.891
276 74.6855
277 74.6632
278 74.9156
279 74.7988
280 74.9084
281 74.6758
282 74.3815
283 74.5409
284 74.1879
285 74.4352
286 74.462
287 74.2915
288 76.4054
289 77.3791
290 76.125
291 76.2187
292 75.473
293 75.0358
294 74.1125
295 74.1388
296 74.1548
297 74.1641
298 74.0053
299 73.9075
300 74.0012
301 74.1786
302 74.4255
303 73.9295
304 74.1296
305 73.9972
306 73.7182
307 73.7562
308 74.3638
309 73.7
310 73.4037
311 73.4138
312 73.1806
313 73.3956
314 73.5546
315 73.6219
316 73.6827
317 73.6955
318 73.4172
319 73.2283
320 73.6299
321 73.3823
322 73.4164
323 73.4798
324 73.3558
325 73.4233
326 73.1284
327 73.2326
328 73.0514
329 73.086
330 73.1822
331 73.1135
332 73.1794
333 73.2826
334 73.3433
335 73.4426
336 73.5053
337 73.2394
338 73.2549
339 73.1697
340 73.4302
341 73.4337
342 73.1056
343 73.5
344 73.3243
345 73.0919
346 73.5825
347 73.3733
348 73.1523
349 73.1487
350 73.0921
351 72.7428
352 73.1304
353 73.0812
354 73.2393
355 73.0574
356 73.3925
357 73.1808
358 73.1367
359 73.1576
360 72.963
361 73.108
362 73.2155
363 73.077
364 73.2304
365 73.1343
366 72.9748
367 73.1129
368 72.9879
369 73.2422
370 73.1147
371 73.1043
372 73.0614
373 73.2115
374 72.9483
375 73.1918
376 73.1132
377 72.9579
378 73.144
379 73.1628
380 73.0108
381 73.1959
382 72.9204
383 73.1779
384 73.294
385 73.2349
386 73.101
387 72.9972
388 73.054
389 73.0184
390 73.4579
391 73.125
392 73.2204
393 73.2746
394 73.2255
395 73.0305
396 73.195
397 73.3943
398 73.4869
399 73.1388
400 73.4319
401 73.2423
402 73.3352
403 73.2198
404 73.0635
405 73.2503
406 73.0305
407 73.2834
408 73.0387
409 73.1428
410 73.5112
411 73.1633
412 73.3697
413 73.1023
414 73.0766
415 72.8711
416 73.2823
417 73.3665
418 73.2755
419 73.3731
420 72.9106
421 72.9387
422 73.1634
423 73.511
424 73.3719
425 73.3309
426 73.0481
427 73.1556
428 73.1677
429 73.1826
430 73.0736
431 73.0555
432 73.1306
433 73.2184
434 73.033
435 73.1597
436 72.8886
437 72.896
438 73.2038
439 73.2642
440 72.9687
441 72.9419
442 72.9488
443 73.1551
444 73.2104
445 73.1037
446 73.2956
447 73.0439
448 72.9637
449 72.9609
450 73.0905
451 73.0832
452 73.3378
453 73.2591
454 73.3907
455 73.2301
456 73.2167
457 73.3449
458 73.3261
459 73.3805
460 73.4258
461 73.1482
462 72.781
463 72.8749
464 73.0121
465 73.1521
466 72.8521
467 73.0452
468 72.8531
469 73.1298
470 73.0338
471 73.041
472 72.9649
473 73.0155
474 73.1755
475 73.0826
476 73.2504
477 73.1998
478 73.2729
479 73.0753
480 73.0019
481 73.1546
482 73.0675
483 73.2839
484 73.0871
485 73.0237
486 73.0511
487 73.5822
488 73.4495
489 73.2427
490 72.9871
491 73.0702
492 73.025
493 73.2273
494 73.1123
495 72.9782
496 73.2193
497 72.7882
498 73.1188
499 73.0634
500 73.3535
501 73.203
502 73.3549
503 73.2272
504 73.3156
505 73.273
506 72.8769
507 72.9724
508 73.1551
509 72.9948
510 72.9609
511 73.1636
512 73.2027
513 73.3755
514 73.1491
515 73.3535
516 73.6135
517 73.0952
518 73.1691
519 73.0615
520 72.8334
521 72.942
522 72.8708
523 72.9885
524 73.1553
525 73.054
526 73.4066
527 73.0264
528 73.1163
529 73.2442
530 73.2743
531 73.2038
532 73.0839
533 72.9702
534 72.8945
535 73.0007
536 73.1313
537 73.0659
538 73.4017
539 72.9891
540 73.0566
541 73.0137
542 72.8767
543 73.2474
544 73.3401
545 73.1003
546 72.9091
547 73.2597
548 72.9987
549 73.2025
550 73.2279
551 73.0429
552 73.1878
553 73.2754
554 73.4795
555 73.1773
556 72.8479
557 72.9366
558 73.0015
559 72.8314
560 73.1244
561 73.1648
562 73.1423
563 73.0891
564 73.3772
565 72.945
566 73.0753
567 72.9759
568 73.1013
569 73.2858
570 73.3647
571 73.3175
572 73.2544
573 73.2277
574 73.3396
575 73.104
576 73.228
577 73.6539
578 73.2325
579 73.1298
580 73.1521
581 73.5135
582 73.4091
583 73.3144
584 73.3391
585 73.0179
586 72.9778
587 73.0208
588 73.0011
589 73.046
590 73.284
591 72.9304
592 73.0795
593 73.071
594 73.2141
595 73.2137
596 73.3607
597 73.3268
598 73.0157
599 73.361
600 74.4867
601 73.9293
602 73.1573
603 72.8996
604 72.6553
605 72.8827
606 73.1462
607 72.6502
608 72.8529
609 72.7855
610 72.9076
611 72.9517
612 72.7547
613 72.9449
614 72.8862
615 72.621
616 73.083
617 72.7685
618 72.9291
619 72.8367
620 73.0011
621 72.9338
622 73.0989
623 72.6153
624 72.5589
625 72.5973
626 72.6754
627 73.0349
628 73.0153
629 72.9737
630 72.9728
631 73.0653
632 73.052
633 72.8538
634 72.8751
635 72.6152
636 72.7394
637 72.6218
638 72.8352
639 72.664
640 72.5765
641 72.7636
642 72.7844
643 73.1546
644 72.9457
645 72.8981
646 72.8479
647 73.1879
648 72.9365
649 72.9402
650 73.0111
651 72.9803
652 72.8234
653 73.012
654 72.6781
655 73.0409
656 73.0569
657 72.8244
658 72.7878
659 73.0131
660 72.5666
661 72.9106
662 73.1289
663 73.0498
664 73.0239
665 73.1844
666 72.9669
667 72.9106
668 72.6035
669 72.9089
670 72.9745
671 73.0212
672 72.8721
673 72.8904
674 73.0634
675 72.6762
676 72.8086
677 72.9012
678 72.5924
679 72.967
680 72.7931
681 72.7553
682 73.0351
683 72.899
684 72.5271
685 72.6609
686 72.9745
687 73.2433
688 72.9282
689 72.7034
690 72.7935
691 72.7328
692 72.8977
693 72.9045
694 72.522
695 72.9756
696 72.717
697 72.6806
698 72.4773
699 72.8257
700 72.7589
701 72.8735
702 73.1616
703 73.1708
704 72.7845
705 72.8397
706 73.1665
707 72.8844
708 72.8841
709 73.1592
710 72.7623
711 72.752
712 72.7856
713 73.0129
714 73.0207
715 72.7067
716 72.5396
717 72.4711
718 72.6037
719 72.9221
720 73.0643
721 72.7967
722 73.0098
723 72.8964
724 72.9493
725 72.8587
726 72.6983
727 72.5661
728 72.9658
729 72.6471
730 72.901
731 72.9308
732 72.7828
733 72.9461
734 72.69
735 72.7826
736 72.8361
737 72.9569
738 73.0318
739 73.1054
740 72.8994
741 72.8128
742 73.0059
743 72.7454
744 72.7933
745 72.7493
746 72.4956
747 72.9369
748 73.0237
749 72.8711
750 73.2438
751 73.1278
752 72.9038
753 72.7241
754 72.7119
755 72.6022
756 72.7573
757 73.0112
758 72.8802
759 72.5637
760 72.6466
761 72.7522
762 72.6739
763 72.9682
764 72.8519
765 72.7157
766 72.7379
767 72.7841
768 73.2672
769 72.9267
770 73.0651
771 73.1818
772 73.1568
773 73.0263
774 72.8262
775 72.807
776 72.9419
777 72.9293
778 72.7517
779 72.9526
780 73.1993
781 72.9597
782 73.1044
783 72.8757
784 72.7456
785 72.7978
786 73.2741
787 72.7682
788 72.9002
789 72.9459
790 73.3292
791 73.1383
792 72.9252
793 72.9933
794 72.9015
795 72.9701
796 72.7299
797 72.7053
798 73.03
799 73.2415
800 72.8017
801 72.7238
802 72.6248
803 72.9539
804 73.147
805 72.9952
806 72.6559
807 72.7202
808 72.9075
809 72.8816
810 72.7046
811 72.6859
812 72.8169
813 72.5205
814 72.7723
815 72.9629
816 73.0781
817 73.038
818 72.8371
819 72.808
820 73.1692
821 72.784
822 72.9302
823 72.9954
824 73.1176
825 73.0508
826 72.7542
827 72.9684
828 73.0027
829 72.8848
830 72.796
831 72.7438
832 72.8072
833 72.8311
834 73.0927
835 72.599
836 72.5064
837 72.8224
838 72.7345
839 73.0018
840 72.9023
841 72.934
842 73.0765
843 72.7611
844 72.5168
845 72.7766
846 72.556
847 72.6695
848 72.8093
849 72.9103
850 72.8704
851 72.8362
852 72.6117
853 72.5343
854 72.7172
855 72.9561
856 72.9132
857 72.7932
858 72.9359
859 73.0953
860 72.8588
861 72.7871
862 72.8963
863 72.9261
864 73.1813
865 73.0547
866 73.0038
867 72.6623
868 72.9357
869 72.8885
870 73.0129
871 72.9572
872 72.8582
873 73.0009
874 72.9442
875 73.0642
876 73.0174
877 72.5545
878 72.9275
879 72.8202
880 72.8965
881 72.9836
882 72.7198
883 72.747
884 72.7111
885 72.6959
886 73.0636
887 72.5829
888 72.9909
889 72.8828
890 72.8794
891 73.422
892 72.8223
893 72.6145
894 72.835
895 72.9726
896 73.0135
897 72.8556
898 73.0156
899 72.814
900 72.6477
901 72.8411
902 72.9429
903 72.6803
904 72.7935
905 72.6781
906 72.8524
907 73.0658
908 73.1046
909 72.787
910 72.5842
911 72.7255
912 73.0285
913 72.8357
914 73.0976
915 72.8067
916 72.9558
917 73.1596
918 73.1314
919 72.6577
920 72.5556
921 72.9985
922 72.9305
923 72.774
924 72.5823
925 73.0415
926 72.8758
927 72.7577
928 73.0348
929 72.7739
930 72.8796
931 72.9142
932 72.9572
933 72.8775
934 72.8268
935 72.4588
936 72.5938
937 72.7457
938 72.6958
939 72.8758
940 73.069
941 72.8551
942 72.5225
943 72.7452
944 72.6656
945 72.7464
946 72.8684
947 72.7849
948 72.8836
949 72.8609
950 72.7876
951 72.715
952 72.843
953 72.7188
954 72.776
955 72.9318
956 73.2052
957 73.051
958 72.9551
959 72.6432
960 72.5762
961 72.6919
962 72.7233
963 72.9749
964 72.768
965 72.8323
966 72.753
967 72.7426
968 72.8918
969 72.7819
970 72.6965
971 72.8433
972 72.9758
973 72.7279
974 72.7393
975 72.6496
976 72.4793
977 72.8292
978 73.2509
979 72.9233
980 73.1357
981 72.9046
982 73.1742
983 72.9918
984 72.6314
985 72.7719
986 73.1455
987 72.8028
988 72.7322
989 72.879
990 72.9551
991 72.8174
992 72.9391
993 72.6499
994 72.8055
995 72.8939
996 72.6985
997 72.8758
998 72.9446
999 72.6751
1000 72.6708
1001 73.0834
1002 73.0444
1003 72.7107
1004 72.8912
1005 72.8429
1006 72.7265
1007 72.9805
1008 72.7845
1009 72.8158
1010 72.7502
1011 72.7522
1012 72.6657
1013 72.754
1014 72.8153
1015 72.8282
1016 72.5516
1017 72.6984
1018 72.6389
1019 72.5846
1020 72.4083
1021 72.6116
1022 72.285
1023 72.5509
1024 72.5766
1025 72.7132
1026 72.7102
1027 72.6603
1028 72.7951
1029 72.7883
1030 72.45
1031 72.4806
1032 72.6419
1033 72.5602
1034 72.7297
1035 72.5733
1036 72.8107
1037 72.673
1038 73.0198
1039 72.7988
1040 72.7728
1041 72.8567
1042 72.8251
1043 72.5834
1044 72.714
1045 72.3968
1046 72.5126
1047 72.8481
1048 72.6286
1049 72.6893
1050 72.7623
1051 72.9442
1052 72.5895
1053 72.8447
1054 72.7157
1055 72.5951
1056 72.6661
1057 72.6077
1058 72.7955
1059 72.8611
1060 72.8115
1061 72.8406
1062 72.7623
1063 72.5644
1064 72.7851
1065 72.6151
1066 72.6951
1067 72.4967
1068 72.9451
1069 72.6552
1070 72.6331
1071 72.91
1072 72.8155
1073 72.9462
1074 72.8674
1075 72.6066
1076 72.8747
1077 72.8566
1078 72.763
1079 72.9304
1080 72.6804
1081 72.8933
1082 72.8411
1083 72.8613
1084 72.6183
1085 72.7474
1086 72.7282
1087 72.6067
1088 72.4526
1089 72.8125
1090 72.6341
1091 72.9092
1092 72.2657
1093 72.6562
1094 72.4531
1095 72.6627
1096 72.6397
1097 72.2587
1098 72.5135
1099 72.9718
1100 72.8316
1101 72.8549
1102 72.8761
1103 72.5709
1104 72.7499
1105 72.3835
1106 72.8387
1107 72.657
1108 72.663
1109 72.6379
1110 72.6344
1111 72.794
1112 72.5655
1113 72.9313
1114 72.5909
1115 72.8191
1116 72.4457
1117 72.7371
1118 72.6546
1119 72.7586
1120 72.6649
1121 72.8307
1122 72.9119
1123 72.6936
1124 72.6896
1125 72.7794
1126 72.6902
1127 72.6482
1128 73.1218
1129 72.7092
1130 72.369
1131 72.6847
1132 72.5846
1133 72.5842
1134 72.2651
1135 72.4537
1136 72.681
1137 72.6508
1138 72.7841
1139 72.7561
1140 72.6029
1141 72.8431
1142 72.7573
1143 72.7289
1144 72.1087
1145 72.1683
1146 72.5754
1147 72.3202
1148 72.5282
1149 72.4213
1150 72.2663
1151 72.6272
1152 72.4589
1153 72.6808
1154 72.9938
1155 72.6795
1156 72.7678
1157 72.3068
1158 72.2779
1159 72.1181
1160 72.4643
1161 72.7801
1162 72.5784
1163 72.2742
1164 72.5971
1165 72.7376
1166 72.7969
1167 72.7562
1168 72.7743
1169 73.0114
1170 72.1607
1171 72.5996
1172 72.3995
1173 72.1853
1174 72.309
1175 72.3494
1176 72.5773
1177 72.3247
1178 72.6004
1179 72.5219
1180 72.4306
1181 72.5662
1182 72.2089
1183 72.6272
1184 72.6347
1185 72.512
1186 72.5689
1187 72.2862
1188 72.2156
1189 72.1285
1190 72.6127
1191 72.7254
1192 72.6043
1193 72.0617
1194 71.9456
1195 71.7191
1196 71.774
1197 71.8467
1198 71.8704
1199 71.8483
1200 71.9533
1201 72.1221
1202 71.9252
1203 71.9743
1204 71.691
1205 71.6772
1206 72.1914
1207 71.7415
1208 71.8107
1209 72.2992
1210 72.0598
1211 72.1225
1212 72.2189
1213 72.3228
1214 71.8282
1215 71.8262
1216 71.9213
1217 71.734
1218 71.6287
1219 71.892
1220 71.925
1221 71.8667
1222 71.7767
1223 72.1103
1224 72.5277
1225 72.1605
1226 72.0813
1227 72.1665
1228 72.0114
1229 72.0048
1230 71.9154
1231 72.0707
1232 72.2535
1233 72.1657
1234 71.77
1235 72.0257
1236 71.974
1237 71.7524
1238 71.8468
1239 71.9498
1240 71.8253
1241 71.7775
1242 71.8219
1243 71.6564
1244 71.8416
1245 71.7672
1246 71.9479
1247 71.8415
1248 72.2201
1249 71.8305
1250 72.2641
1251 72.0417
1252 71.6229
1253 72.063
1254 72.0558
1255 72.025
1256 72.0429
1257 72.0533
1258 72.0122
1259 71.6716
1260 72.0661
1261 72.1679
1262 71.8927
1263 71.7954
1264 71.812
1265 71.8731
1266 72.095
1267 71.8341
1268 72.092
1269 72.2621
1270 71.7764
1271 71.7255
1272 72.3042
1273 71.6473
1274 71.7547
1275 71.9795
1276 71.6079
1277 71.8265
1278 71.8994
1279 72.1525
1280 71.8221
1281 71.9423
1282 71.8478
1283 71.853
1284 72.0353
1285 71.9351
1286 72.2614
1287 71.9108
1288 71.882
1289 71.7648
1290 71.7228
1291 72.0766
1292 72.0434
1293 71.7622
1294 71.8826
1295 71.7679
1296 71.6558
1297 72.1127
1298 71.9958
1299 71.774
1300 71.6562
1301 72.2796
1302 71.8924
1303 71.8986
1304 71.8621
1305 71.8103
1306 71.7676
1307 71.5717
1308 71.9828
1309 72.0674
1310 72.0771
1311 71.9643
1312 71.9041
1313 72.1244
1314 71.9144
1315 71.9758
1316 71.7253
1317 71.9722
1318 71.8216
1319 71.7024
1320 71.6014
1321 71.891
1322 71.8296
1323 72.1587
1324 71.6982
1325 71.8069
1326 71.5581
1327 71.5427
1328 72.3508
1329 72.0707
1330 72.0327
1331 71.7561
1332 71.744
1333 71.8438
1334 71.8741
1335 72.135
1336 72.2627
1337 71.9631
1338 72.0886
1339 72.0553
1340 71.7645
1341 72.0652
1342 71.9689
1343 71.9482
1344 71.9152
1345 71.9776
1346 72.112
1347 71.6137
1348 71.8653
1349 71.876
1350 71.7656
1351 71.8278
1352 71.7104
1353 71.7757
1354 71.8702
1355 71.8318
1356 71.7214
1357 71.81
1358 71.7181
1359 72.2214
1360 71.9444
1361 71.8956
1362 71.5652
1363 72.4559
1364 72.1709
1365 71.8376
1366 72.0277
1367 72.0299
1368 71.6221
1369 71.7193
1370 71.8632
1371 71.8318
1372 71.8236
1373 71.5521
1374 71.7911
1375 71.7542
1376 72.0276
1377 72.133
1378 71.8554
1379 72.1431
1380 72.1323
1381 72.0532
1382 71.8481
1383 71.423
1384 72.7477
1385 72.3985
1386 72.1484
1387 71.8587
1388 72.1539
1389 71.9575
1390 71.8751
1391 71.8569
1392 71.7645
1393 71.6538
1394 71.4137
1395 71.667
1396 71.7307
1397 71.4639
1398 71.4347
1399 71.7702
1400 71.9294
1401 71.9961
1402 71.7719
1403 71.9545
1404 71.7128
1405 71.5721
1406 71.9488
1407 71.8683
1408 71.7454
1409 71.5144
1410 71.3074
1411 71.6857
1412 71.6088
1413 71.5546
1414 71.6888
1415 72.14
1416 71.8916
1417 71.8912
1418 71.626
1419 71.7018
1420 71.6058
1421 71.9559
1422 71.6855
1423 71.5218
1424 71.6482
1425 71.7497
1426 71.9695
1427 71.9804
1428 71.8551
1429 71.6619
1430 71.7332
1431 71.853
1432 71.8536
1433 71.763
1434 72.0031
1435 71.6726
1436 71.7717
1437 71.7885
1438 71.8081
1439 71.7968
1440 71.9562
1441 71.4211
1442 71.5751
1443 71.5861
1444 71.7292
1445 71.7997
1446 72.0109
1447 71.8465
1448 72.0892
1449 71.7375
1450 71.8113
1451 72.1481
1452 71.8637
1453 71.6454
1454 71.6669
1455 71.6619
1456 71.8127
1457 71.8113
1458 72.1508
1459 71.8708
1460 71.7025
1461 71.7937
1462 71.7043
1463 71.8977
1464 71.6723
1465 71.6239
1466 71.6229
1467 72.2247
1468 71.8427
1469 71.7337
1470 71.8471
1471 71.8148
1472 71.817
1473 71.7882
1474 71.9642
1475 71.9486
1476 71.6542
1477 71.6113
1478 71.7545
1479 71.5706
1480 71.6972
1481 72.108
1482 71.496
1483 71.7628
1484 71.8349
1485 72.1967
1486 71.6752
1487 71.7525
1488 71.6368
1489 71.9374
1490 71.9257
1491 71.5309
1492 71.621
1493 71.5851
1494 72.0566
1495 72.0252
1496 71.9115
1497 71.7556
1498 72.0755
1499 71.6118
1500 71.7133
1501 71.8216
1502 71.7843
1503 72.0027
1504 71.7366
1505 71.5769
1506 71.5199
1507 71.3747
1508 71.4583
1509 71.369
1510 71.873
1511 71.3337
1512 71.7863
1513 71.6919
1514 71.811
1515 71.6054
1516 71.5626
1517 71.5824
1518 71.748
1519 71.6359
1520 71.6746
1521 71.5974
1522 71.7136
1523 71.475
1524 71.7185
1525 72.2346
1526 71.5257
1527 71.6935
1528 71.8497
1529 71.6314
1530 72.0854
1531 71.4989
1532 71.9338
1533 71.6965
1534 71.6049
1535 71.9045
1536 71.8643
1537 71.4741
1538 72.1091
1539 71.5713
1540 71.5924
1541 71.795
1542 71.8332
1543 71.9587
1544 71.7229
1545 71.4731
1546 71.7205
1547 71.719
1548 71.6106
1549 71.8333
1550 71.9568
1551 71.8688
1552 71.6021
1553 71.9312
1554 71.6248
1555 71.7194
1556 71.9813
1557 72.0073
1558 71.7215
1559 71.5526
1560 71.6315
1561 71.8623
1562 71.9168
1563 71.485
1564 71.6829
1565 72.1014
1566 71.8168
1567 71.7156
1568 71.7184
1569 71.3637
1570 71.9532
1571 71.6608
1572 71.68
1573 71.5985
1574 71.4628
1575 71.6282
1576 71.6841
1577 71.5109
1578 71.8891
1579 71.9921
1580 71.8899
1581 72.2062
1582 71.9836
1583 71.7588
1584 71.7565
1585 71.5921
1586 71.8793
1587 71.5763
1588 71.735
1589 71.8673
1590 71.5618
1591 71.7929
1592 71.703
1593 71.8593
1594 71.9005
1595 71.8695
1596 71.9499
1597 71.9126
1598 71.5976
1599 71.7808
1600 71.7646
1601 71.6648
1602 71.7242
1603 71.6615
1604 71.829
1605 71.6564
1606 71.8404
1607 71.7484
1608 71.5847
1609 71.5985
1610 72.0205
1611 71.8075
1612 71.6591
1613 72.2101
1614 71.8832
1615 71.7868
1616 72.1359
1617 72.2344
1618 71.9567
1619 71.7805
1620 71.7751
1621 71.9311
1622 71.7124
1623 71.6943
1624 71.6501
1625 71.8265
1626 71.5532
1627 71.834
1628 71.7452
1629 71.7173
1630 71.7395
1631 71.5117
1632 71.6332
1633 71.8147
1634 71.6756
1635 71.7764
1636 71.9324
1637 71.9251
1638 71.6994
1639 71.6365
1640 71.6241
1641 71.7698
1642 71.7395
1643 71.8023
1644 71.7119
1645 71.9086
1646 71.7196
1647 71.817
1648 72.037
1649 71.8237
1650 71.862
1651 71.7478
1652 71.5163
1653 71.7819
1654 71.3771
1655 71.5658
1656 71.7245
1657 71.3725
1658 71.6903
1659 71.7992
1660 71.7109
1661 71.5939
1662 71.9559
1663 71.4625
1664 71.6335
1665 71.7201
1666 71.7991
1667 71.6402
1668 71.5294
1669 71.5687
1670 71.8369
1671 71.7558
1672 71.5988
1673 71.3353
1674 71.3471
1675 71.4093
1676 71.7607
1677 71.5746
1678 71.8354
1679 71.8032
1680 71.7906
1681 72.025
1682 71.8534
1683 71.4071
1684 71.7661
1685 71.4567
1686 71.4041
1687 71.7102
1688 71.5431
1689 71.331
1690 71.2606
1691 71.713
1692 71.6184
1693 71.5414
1694 71.413
1695 71.3778
1696 71.493
1697 71.6976
1698 71.6606
1699 71.6609
1700 71.4912
1701 71.6119
1702 71.6268
1703 71.3893
1704 71.3156
1705 71.3638
1706 71.9102
1707 71.9232
1708 71.6117
1709 71.4973
1710 71.8101
1711 71.3506
1712 71.5822
1713 71.4273
1714 71.6314
1715 71.391
1716 71.7149
1717 71.4809
1718 71.8344
1719 71.5468
1720 71.4517
1721 71.4171
1722 71.427
1723 71.5187
1724 71.3469
1725 71.4229
1726 71.627
1727 71.5769
1728 71.518
1729 71.4429
1730 71.2288
1731 71.1798
1732 71.4222
1733 71.4964
1734 71.5554
1735 71.5452
1736 71.5732
1737 71.7195
1738 71.7228
1739 71.4971
1740 71.7229
1741 71.4659
1742 71.5475
1743 71.4468
1744 71.5963
1745 71.8195
1746 71.6998
1747 71.5562
1748 71.6703
1749 71.3147
1750 71.7023
1751 71.3414
1752 71.429
1753 71.1644
1754 71.5098
1755 71.471
1756 71.46
1757 71.5751
1758 71.6516
1759 71.2917
1760 71.4756
1761 71.5383
1762 71.4612
1763 71.5201
1764 71.6616
1765 71.5328
1766 71.9196
1767 71.7031
1768 71.1928
1769 71.3398
1770 71.355
1771 71.4794
1772 71.2951
1773 71.1879
1774 71.4991
1775 71.4387
1776 71.2984
1777 71.5171
1778 71.5615
1779 71.8281
1780 71.8401
1781 71.8733
1782 71.4862
1783 71.5872
1784 71.6194
1785 71.4877
1786 71.3562
1787 71.5547
1788 71.3693
1789 71.4072
1790 71.4208
1791 71.4684
1792 71.4478
1793 71.7059
1794 71.7366
1795 71.6746
1796 71.2254
1797 71.1775
1798 71.3811
1799 71.6307
1800 71.8208
1801 71.9165
1802 71.8994
1803 71.4339
1804 71.7479
1805 71.6502
1806 71.69
1807 71.658
1808 71.501
1809 71.6629
1810 71.5424
1811 71.1424
1812 71.4526
1813 71.4396
1814 71.4527
1815 71.2518
1816 71.6599
1817 71.3981
1818 71.3766
1819 71.3397
1820 71.4887
1821 71.6447
1822 71.7623
1823 71.8178
1824 71.6106
1825 71.4781
1826 71.4914
1827 71.5264
1828 71.7721
1829 71.3472
1830 71.674
1831 71.4021
1832 71.672
1833 71.523
1834 71.3658
1835 71.4581
1836 71.6559
1837 71.8478
1838 71.4347
1839 71.6949
1840 71.6708
1841 71.747
1842 71.6603
1843 71.6392
1844 71.8169
1845 71.4952
1846 71.5467
1847 71.7295
1848 71.4084
1849 71.5003
1850 71.6761
1851 71.5361
1852 71.4588
1853 71.2527
1854 71.3478
1855 71.6247
1856 71.2002
1857 71.6557
1858 71.5828
1859 71.4275
1860 71.785
1861 71.8402
1862 71.5537
1863 71.5896
1864 71.2363
1865 71.4611
1866 71.4992
1867 71.0853
1868 71.6081
1869 71.6475
1870 71.6235
1871 71.4446
1872 71.4662
1873 71.6577
1874 71.3868
1875 71.2751
1876 71.7859
1877 71.6987
1878 71.51
1879 71.5037
1880 71.6233
1881 71.4457
1882 71.5232
1883 71.5658
1884 71.5658
1885 71.8181
1886 71.3055
1887 71.4099
1888 71.5636
1889 71.4497
1890 71.4126
1891 71.2819
1892 71.5527
1893 71.3953
1894 71.7492
1895 71.6492
1896 71.7214
1897 71.6825
1898 71.6198
1899 71.6872
1900 71.8796
1901 71.6004
1902 71.7712
1903 71.8564
1904 71.8992
1905 71.4698
1906 71.2339
1907 71.5218
1908 71.6215
1909 71.4028
1910 71.8547
1911 71.5512
1912 71.6108
1913 71.7957
1914 71.7024
1915 71.7522
1916 71.5909
1917 71.388
1918 71.2163
1919 71.5825
1920 71.4595
1921 71.219
1922 71.2803
1923 71.7686
1924 71.6328
1925 71.4346
1926 71.3152
1927 71.8729
1928 72.0209
1929 71.8557
1930 71.7436
1931 71.5361
1932 71.5311
1933 71.4106
1934 71.61
1935 72.0007
1936 71.8905
1937 71.7427
1938 71.7575
1939 71.5559
1940 71.5534
1941 71.3213
1942 71.4235
1943 71.2834
1944 71.4313
1945 71.9277
1946 71.4688
1947 71.537
1948 71.4953
1949 71.4073
1950 71.4682
1951 71.4081
1952 71.698
1953 71.5469
1954 71.3554
1955 71.3571
1956 71.5487
1957 71.6604
1958 71.5702
1959 71.5305
1960 71.4807
1961 71.5168
1962 71.2867
1963 71.3608
1964 71.6942
1965 71.475
1966 71.2253
1967 71.4764
1968 71.7972
1969 71.5483
1970 70.9513
1971 71.7443
1972 71.2676
1973 71.4471
1974 71.5046
1975 71.8475
1976 71.3161
1977 71.4246
1978 71.4304
1979 71.4187
1980 71.2504
1981 71.1308
1982 71.108
1983 71.7229
1984 71.703
1985 71.2153
1986 71.4045
1987 71.3155
1988 71.7307
1989 71.4406
1990 71.2705
1991 71.3617
1992 71.1008
1993 71.564
1994 71.4361
1995 71.2845
1996 71.4436
1997 71.5663
1998 71.5262
1999 71.2913
2000 71.4213
2001 71.6622
2002 71.6117
2003 71.3526
2004 71.3013
2005 71.3441
2006 71.6816
2007 71.3705
2008 71.2965
2009 71.3124
2010 71.4276
2011 71.4607
2012 71.6387
2013 71.7015
2014 71.3027
2015 71.1942
2016 71.412
2017 71.8138
2018 71.7557
2019 71.7667
2020 71.7961
2021 71.344
2022 71.0033
2023 71.307
2024 71.4318
2025 71.4352
2026 71.2077
2027 71.4714
2028 71.3551
2029 71.4416
2030 71.2966
2031 71.2093
2032 71.3304
2033 71.48
2034 71.311
2035 71.4813
2036 71.2242
2037 71.6633
2038 71.544
2039 71.334
2040 71.6304
2041 71.7389
2042 71.4459
2043 71.4604
2044 71.5589
2045 71.6295
2046 71.4392
2047 71.7466
2048 71.4285
2049 71.6605
2050 71.7111
2051 71.3286
2052 71.499
2053 71.6922
2054 71.6233
2055 71.6914
2056 71.5192
2057 71.3251
2058 71.3414
2059 71.7987
2060 71.4786
2061 71.4021
2062 71.3434
2063 71.1534
2064 71.2706
2065 71.1311
2066 71.5632
2067 71.4169
2068 71.4077
2069 71.3461
2070 71.3745
2071 71.4078
2072 71.3795
2073 71.474
2074 71.4232
2075 71.2566
2076 71.1308
2077 71.4608
2078 71.4421
2079 71.6029
2080 71.5662
2081 71.2648
2082 71.6578
2083 71.5367
2084 71.5372
2085 71.4702
2086 71.4942
2087 71.4147
2088 71.6063
2089 71.1689
2090 71.2952
2091 71.6407
2092 71.315
2093 71.201
2094 71.2194
2095 71.5016
2096 71.3714
2097 71.5157
2098 71.3612
2099 71.4836
2100 71.7099
2101 71.7826
2102 71.4254
2103 71.1074
2104 71.4903
2105 71.6568
2106 71.879
2107 71.4946
2108 71.9215
2109 71.2621
2110 71.3614
2111 71.2196
2112 71.549
2113 71.4459
2114 71.6
2115 71.4892
2116 71.7678
2117 71.5806
2118 71.3473
2119 71.5386
2120 71.33
2121 71.554
2122 71.6474
2123 71.5947
2124 71.5853
2125 71.6337
2126 71.4664
2127 71.4194
2128 71.3625
2129 71.4939
2130 71.5453
2131 71.3062
2132 71.545
2133 71.4639
2134 71.5084
2135 71.5236
2136 71.3905
2137 71.3377
2138 71.4545
2139 71.4948
2140 71.2944
2141 71.358
2142 71.339
2143 71.4273
2144 71.3801
2145 71.4337
2146 71.2374
2147 71.5984
2148 71.3382
2149 71.5543
2150 71.2002
2151 71.4584
2152 71.3997
2153 71.2359
2154 71.5375
2155 71.3945
2156 71.4304
2157 71.4394
2158 71.2743
2159 71.4857
2160 71.148
2161 71.6056
2162 71.6277
2163 71.6394
2164 71.4634
2165 71.5745
2166 71.6166
2167 71.5119
2168 71.6383
2169 71.4034
2170 71.577
2171 71.258
2172 71.0769
2173 71.1417
2174 71.364
2175 71.6642
2176 71.7249
2177 71.3494
2178 71.4671
2179 71.3387
2180 71.2488
2181 71.2812
2182 71.2468
2183 71.0692
2184 71.5266
2185 71.3513
2186 71.501
2187 71.4845
2188 71.2902
2189 71.6598
2190 71.6043
2191 71.4029
2192 71.2928
2193 71.6299
2194 71.3427
2195 71.2945
2196 71.46
2197 71.3746
2198 71.3794
2199 71.4467
2200 71.5184
2201 71.5143
2202 71.5337
2203 71.5457
2204 71.8639
2205 71.5609
2206 71.646
2207 71.2713
2208 71.3378
2209 71.3972
2210 71.5146
2211 71.2642
2212 71.618
2213 71.4217
2214 71.1785
2215 71.2497
2216 71.331
2217 71.5425
2218 71.5634
2219 71.4889
2220 71.6925
2221 71.5674
2222 71.6786
2223 71.5022
2224 71.7015
2225 71.4934
2226 71.3958
2227 71.2935
2228 71.0622
2229 71.3221
2230 71.6812
2231 71.6027
2232 71.5303
2233 71.2733
2234 71.4377
2235 71.4649
2236 71.2837
2237 71.2782
2238 71.376
2239 71.1602
2240 71.4291
2241 71.4356
2242 71.7589
2243 71.6908
2244 71.5736
2245 71.361
2246 71.5944
2247 71.7098
2248 71.1663
2249 71.1619
2250 71.3952
2251 71.2312
2252 71.3409
2253 71.1315
2254 71.51
2255 71.5334
2256 71.5576
2257 71.7752
2258 71.3389
2259 71.6993
2260 71.3977
2261 71.7153
2262 71.8229
2263 71.4611
2264 71.4817
2265 71.5911
2266 71.2044
2267 71.5097
2268 71.1065
2269 71.2439
2270 71.4271
2271 71.8902
2272 71.3461
2273 71.301
2274 71.598
2275 71.4865
2276 71.6941
2277 71.7261
2278 71.4179
2279 71.571
2280 71.5148
2281 71.8441
2282 71.4168
2283 71.487
2284 71.3216
2285 71.317
2286 71.5686
2287 71.511
2288 71.7997
2289 71.296
2290 71.6593
2291 71.642
2292 71.4815
2293 71.4973
2294 71.5559
2295 71.1454
2296 71.351
2297 71.3735
2298 71.26
2299 71.2271
2300 71.4812
2301 71.8131
2302 71.5225
2303 71.6235
2304 71.5231
2305 71.876
2306 71.5281
2307 71.3393
2308 70.9541
2309 71.3931
2310 71.4537
2311 71.3731
2312 71.1227
2313 71.1927
2314 71.6459
2315 71.5796
2316 71.2134
2317 71.3196
2318 71.5596
2319 71.7723
2320 71.246
2321 71.5394
2322 71.3149
2323 71.3087
2324 70.9979
2325 71.1062
2326 71.456
2327 71.4662
2328 71.1185
2329 71.1995
2330 71.1602
2331 71.3945
2332 71.2955
2333 71.5776
2334 71.4012
2335 71.5424
2336 71.5872
2337 71.3994
2338 71.4616
2339 71.4499
2340 71.1921
2341 71.429
2342 71.4987
2343 71.1999
2344 71.3804
2345 71.4313
2346 71.547
2347 71.4305
2348 71.4717
2349 71.5781
2350 71.3668
2351 71.4667
2352 71.4499
2353 71.236
2354 71.4795
2355 71.4604
2356 71.4351
2357 71.6081
2358 71.5756
2359 71.6936
2360 71.6115
2361 71.3329
2362 71.2882
2363 71.4597
2364 71.4856
2365 71.7487
2366 71.6999
2367 71.5966
2368 71.5525
2369 71.5939
2370 71.469
2371 71.773
2372 71.3016
2373 71.4413
2374 71.0326
2375 71.1284
2376 71.2548
2377 71.6156
2378 71.1944
2379 71.1149
2380 71.2807
2381 71.2683
2382 71.2341
2383 71.2166
2384 71.4972
2385 71.5387
2386 71.2618
2387 71.4229
2388 71.5204
2389 71.3406
2390 71.5371
2391 71.7312
2392 71.7183
2393 71.3573
2394 71.3102
2395 71.6778
2396 71.3306
2397 71.5662
2398 71.5837
2399 71.426
2400 71.1163
2401 71.3747
2402 71.0414
2403 71.1596
2404 71.3623
2405 71.7575
2406 71.5032
2407 71.4466
2408 71.3172
2409 71.6218
2410 71.9089
2411 71.4134
2412 71.6673
2413 71.4045
2414 71.5712
2415 71.7404
2416 71.4424
2417 71.4102
2418 71.3753
2419 71.2362
2420 71.5165
2421 71.3549
2422 71.717
2423 71.3794
2424 71.6185
2425 71.6198
2426 71.0422
2427 71.5192
2428 71.2596
2429 71.0104
2430 71.1454
2431 71.1966
2432 71.4302
2433 71.2095
2434 71.3793
2435 71.4104
2436 71.1814
2437 71.1867
2438 71.2064
2439 71.5297
2440 71.4588
2441 71.7236
2442 71.4025
2443 71.6011
2444 71.496
2445 71.2902
2446 71.1111
2447 71.7673
2448 71.6506
2449 71.3574
2450 71.1976
2451 71.771
2452 71.4989
2453 71.2823
2454 71.3153
2455 71.4625
2456 71.5123
2457 71.599
2458 71.4902
2459 71.303
2460 71.2316
2461 71.3953
2462 71.3486
2463 71.3279
2464 71.2821
2465 71.3926
2466 71.2605
2467 71.4408
2468 71.3523
2469 71.5337
2470 71.5399
2471 71.6886
2472 71.5088
2473 71.4537
2474 71.4473
2475 71.2338
2476 71.2344
2477 71.3884
2478 71.538
2479 71.483
2480 71.2617
2481 71.2897
2482 71.3805
2483 71.2862
2484 71.0295
2485 71.0725
2486 70.9805
2487 71.2492
2488 71.2042
2489 71.6826
2490 71.6093
2491 71.4439
2492 71.6758
2493 71.2732
2494 71.5314
2495 71.3602
2496 71.266
2497 71.479
2498 71.4408
2499 71.2893
2500 71.5472
2501 71.5787
2502 71.6005
2503 71.1744
2504 71.3655
2505 71.0857
2506 71.5988
2507 71.4858
2508 71.5328
2509 71.2854
2510 71.4751
2511 71.675
2512 71.6994
2513 71.2632
2514 71.6409
2515 71.3076
2516 71.4322
2517 71.3886
2518 71.387
2519 71.2734
2520 71.4634
2521 71.4324
2522 71.3535
2523 71.3025
2524 71.3246
2525 71.5973
2526 71.645
2527 71.4142
2528 71.3526
2529 71.5091
2530 71.1821
2531 71.2357
2532 71.4127
2533 71.4518
2534 71.3463
2535 71.4382
2536 71.5518
2537 71.1821
2538 71.5945
2539 71.4888
2540 71.709
2541 71.6044
2542 71.473
2543 71.5761
2544 71.3633
2545 71.2688
2546 71.5978
2547 71.3987
2548 71.3042
2549 71.5271
2550 71.6955
2551 71.5869
2552 71.3825
2553 71.5164
2554 71.554
2555 71.2072
2556 71.4557
2557 71.4796
2558 71.4177
2559 71.432
2560 71.668
2561 71.4419
2562 71.5081
2563 71.1677
2564 71.3199
2565 71.6651
2566 71.6112
2567 71.5269
2568 71.722
2569 71.7843
2570 71.4567
2571 71.0458
2572 71.4551
2573 71.4111
2574 71.3038
2575 71.5195
2576 71.4266
2577 71.3138
2578 71.3719
2579 71.369
2580 71.6844
2581 71.3357
2582 71.3476
2583 71.4315
2584 71.6257
2585 71.7342
2586 71.4482
2587 71.3819
2588 71.4694
2589 71.3671
2590 71.2259
2591 71.1511
2592 71.3868
2593 71.3905
2594 71.8025
2595 71.1241
2596 71.0894
2597 71.3477
2598 71.3252
2599 71.5268
2600 71.2555
2601 71.529
2602 71.4552
2603 71.2685
2604 71.2392
2605 71.4351
2606 71.412
2607 71.6213
2608 71.5697
2609 71.2429
2610 71.5414
2611 71.3369
2612 71.3681
2613 71.3183
2614 71.1061
2615 71.2497
2616 71.2121
2617 71.1944
2618 71.2827
2619 71.2861
2620 71.6164
2621 71.7248
2622 71.142
2623 71.2294
2624 71.723
2625 71.4651
2626 71.371
2627 71.501
2628 71.6547
2629 71.4963
2630 71.5826
2631 71.2801
2632 71.6866
2633 71.7974
2634 71.4815
2635 71.5102
2636 71.8063
2637 71.6579
2638 71.8371
2639 71.3697
2640 71.6952
2641 71.2929
2642 71.276
2643 71.4995
2644 71.3429
2645 71.5113
2646 71.5154
2647 71.2219
2648 71.359
2649 71.1546
2650 71.457
2651 70.9948
2652 71.1634
2653 71.2528
2654 71.5126
2655 71.5342
2656 71.4146
2657 71.2509
2658 71.2893
2659 71.3475
2660 71.5072
2661 71.3548
2662 71.4868
2663 71.3009
2664 71.1903
2665 71.25
2666 71.2477
2667 71.1553
2668 71.08
2669 71.3245
2670 71.5205
2671 71.2549
2672 71.427
2673 71.2691
2674 71.1948
2675 71.3008
2676 71.381
2677 71.4822
2678 71.1291
2679 71.5407
2680 71.4697
2681 71.2549
2682 71.3027
2683 71.2277
2684 71.4149
2685 71.5032
2686 71.403
2687 71.4533
2688 71.48
2689 71.5667
2690 71.3947
2691 71.4385
2692 71.3754
2693 71.5427
2694 71.4314
2695 71.3381
2696 71.3779
2697 71.2846
2698 71.4574
2699 71.3963
2700 71.0755
2701 71.5134
2702 71.7092
2703 71.5474
2704 71.0235
2705 71.145
2706 71.0373
2707 70.9488
2708 71.2489
2709 71.1946
2710 71.8854
2711 71.4924
2712 71.306
2713 71.3115
2714 71.2354
2715 71.3597
2716 71.3095
2717 71.4955
2718 71.4434
2719 71.3284
2720 71.4361
2721 71.4078
2722 71.782
2723 71.2519
2724 71.4029
2725 71.2482
2726 71.2956
2727 71.4581
2728 71.3016
2729 71.2363
2730 71.3983
2731 71.2952
2732 71.4301
2733 71.491
2734 71.5149
2735 71.3338
2736 71.2182
2737 71.5748
2738 71.3705
2739 71.3983
2740 71.3726
2741 71.3782
2742 71.5567
2743 71.7685
2744 71.6273
2745 71.54
2746 71.3011
2747 71.4752
2748 71.3924
2749 71.5298
2750 71.6185
2751 71.2208
2752 71.185
2753 71.2381
2754 71.3829
2755 71.4094
2756 71.2949
2757 71.3826
2758 71.3463
2759 71.4375
2760 71.4209
2761 71.5257
2762 71.2201
2763 71.3727
2764 71.2626
2765 71.6275
2766 71.5351
2767 71.7311
2768 71.7637
2769 71.2501
2770 71.208
2771 71.3278
2772 71.4304
2773 71.5374
2774 71.5827
2775 71.5524
2776 71.6586
2777 71.3237
2778 71.3794
2779 71.1291
2780 71.498
2781 71.5616
2782 71.4974
2783 71.6084
2784 71.6389
2785 71.4146
2786 71.5107
2787 71.4924
2788 71.4037
2789 71.921
2790 71.4187
2791 71.3062
2792 71.7615
2793 71.7822
2794 71.313
2795 71.2999
2796 71.5286
2797 71.1203
2798 71.3085
2799 71.2487
2800 71.2936
2801 71.2636
2802 71.1409
2803 71.4919
2804 71.8335
2805 71.2897
2806 71.5648
2807 71.3601
2808 71.2797
2809 71.3206
2810 71.5511
2811 71.4788
2812 71.5403
2813 71.2794
2814 71.3386
2815 71.4019
2816 71.6721
2817 71.6221
2818 71.7394
2819 71.7434
2820 71.6233
2821 71.5634
2822 71.7865
2823 71.2747
2824 71.0845
2825 71.4802
2826 71.4615
2827 71.4731
2828 71.1728
2829 71.5104
2830 71.3286
2831 71.19
2832 71.3514
2833 71.3323
2834 71.527
2835 71.3041
2836 71.2535
2837 71.0351
2838 71.0694
2839 71.212
2840 71.1075
2841 71.4597
2842 71.2966
2843 70.9477
2844 71.3187
2845 71.1774
2846 71.3917
2847 71.3619
2848 71.5304
2849 71.1468
2850 71.4407
2851 71.6144
2852 71.6986
2853 71.4069
2854 71.6204
2855 71.6505
2856 71.5284
2857 71.7209
2858 71.475
2859 71.4636
2860 71.7797
2861 71.3835
2862 71.3157
2863 71.5729
2864 71.7038
2865 71.6364
2866 71.67
2867 71.4889
2868 71.572
2869 71.6053
2870 71.6166
2871 71.6193
2872 71.6152
2873 71.1861
2874 71.4795
2875 71.4946
2876 71.1148
2877 71.5205
2878 71.1564
2879 71.3136
2880 71.2274
2881 71.3041
2882 71.5704
2883 71.6873
2884 71.426
2885 71.6316
2886 71.3953
2887 71.4129
2888 71.5406
2889 71.722
2890 71.3098
2891 71.0685
2892 71.2112
2893 71.565
2894 71.576
2895 71.4566
2896 71.1685
2897 71.2994
2898 71.2761
2899 71.3429
2900 71.318
2901 71.372
2902 71.4377
2903 71.2058
2904 71.507
2905 71.6875
2906 71.6186
2907 71.6275
2908 71.7724
2909 72.1507
2910 71.2303
2911 71.2325
2912 71.5636
2913 71.6684
2914 71.846
2915 71.5311
2916 71.3321
2917 71.0289
2918 71.3124
2919 71.6501
2920 71.6354
2921 71.4978
2922 71.2746
2923 71.4833
2924 71.4742
2925 71.3962
2926 71.6831
2927 71.5877
2928 71.4531
2929 71.3038
2930 71.5965
2931 71.4307
2932 71.7519
2933 71.4498
2934 71.5822
2935 71.2052
2936 71.4792
2937 71.3826
2938 71.3686
2939 71.4403
2940 71.7309
2941 71.4379
2942 71.1594
2943 71.5889
2944 71.6988
2945 71.428
2946 71.491
2947 71.4204
2948 71.3162
2949 71.7004
2950 71.2395
2951 71.3061
2952 71.1928
2953 71.4451
2954 71.4875
2955 71.5697
2956 71.2543
2957 71.318
2958 71.494
2959 71.6977
2960 71.4416
2961 71.522
2962 71.5846
2963 71.4975
2964 71.5947
2965 71.4208
2966 71.9205
2967 71.7864
2968 71.4799
2969 71.0655
2970 71.4386
2971 71.3316
2972 71.2733
2973 71.3157
2974 71.8009
2975 71.686
2976 71.35
2977 71.699
2978 71.521
2979 71.5848
2980 71.6278
2981 71.2695
2982 71.4665
2983 71.3311
2984 71.4392
2985 71.6119
2986 71.5313
2987 71.719
2988 71.3536
2989 71.3136
2990 71.5927
2991 71.4649
2992 71.3669
2993 71.2879
2994 71.42
2995 71.378
2996 71.2853
2997 71.4705
2998 71.2409
2999 71.5731
3000 71.2678
3001 71.5878
3002 71.4273
3003 70.9701
3004 71.3441
3005 71.4345
3006 71.367
3007 71.2375
3008 71.5161
3009 71.564
3010 71.5088
3011 71.7262
3012 71.6456
3013 71.5592
3014 71.7233
3015 71.4344
3016 71.3073
3017 71.5938
3018 71.6567
3019 71.5803
3020 71.6149
3021 71.7159
3022 71.821
3023 71.329
3024 71.1457
3025 71.388
3026 71.4098
3027 71.5515
3028 71.5555
3029 71.714
3030 71.3536
3031 71.1012
3032 71.464
3033 71.6321
3034 71.5716
3035 71.3628
3036 71.2707
3037 71.5161
3038 71.1999
3039 71.3086
3040 71.8596
3041 71.418
3042 71.2983
3043 71.3156
3044 71.325
3045 71.6957
3046 71.5744
3047 71.1971
3048 71.6947
3049 71.1425
3050 71.3212
3051 71.552
3052 71.6939
3053 71.2125
3054 71.2267
3055 71.2778
3056 71.57
3057 71.159
3058 71.2064
3059 71.1887
3060 71.5003
3061 71.0695
3062 71.4737
3063 71.201
3064 71.3435
3065 71.5874
3066 71.5473
3067 71.6383
3068 71.4458
3069 71.2239
3070 71.2038
3071 71.831
3072 71.713
3073 71.5814
3074 71.1426
3075 71.6774
3076 71.4775
3077 71.2779
3078 71.2669
3079 71.5288
3080 71.6394
3081 71.2244
3082 71.2677
3083 71.4894
3084 71.3501
3085 71.5038
3086 71.1366
3087 71.3731
3088 71.3649
3089 71.5839
3090 71.7877
3091 71.4329
3092 71.1703
3093 71.614
3094 71.645
3095 71.1946
3096 71.3075
3097 71.5722
3098 71.6116
3099 71.3721
3100 71.4257
3101 71.1728
3102 71.5488
3103 71.8202
3104 71.7074
3105 71.7205
3106 71.7667
3107 71.5453
3108 71.5983
3109 71.2291
3110 71.4008
3111 71.6598
3112 71.4937
3113 71.2971
3114 71.5562
3115 71.6228
3116 71.2287
3117 71.4332
3118 71.4122
3119 71.5568
3120 71.4349
3121 71.5981
3122 71.5631
3123 71.6674
3124 71.5503
3125 71.2762
3126 71.4895
3127 71.6755
3128 71.2522
3129 71.1821
3130 71.4531
3131 71.5825
3132 71.3022
3133 71.2924
3134 71.1615
3135 71.5183
3136 71.6382
3137 71.6323
3138 71.309
3139 71.2732
3140 71.6091
3141 71.7031
3142 71.4661
3143 71.4181
3144 71.6568
3145 71.32
3146 71.2027
3147 71.5811
3148 71.8323
3149 71.4561
3150 71.2128
3151 71.1894
3152 71.2387
3153 71.6205
3154 71.4966
3155 71.7297
3156 71.246
3157 71.4024
3158 71.5024
3159 71.0449
3160 71.1981
3161 71.381
3162 71.2733
3163 71.3685
3164 71.6638
3165 71.5359
3166 71.3305
3167 71.7115
3168 71.6855
3169 71.2388
3170 71.4361
3171 71.2611
3172 71.2894
3173 71.3187
3174 71.3262
3175 71.6616
3176 71.7723
3177 71.216
3178 71.1481
3179 71.3678
3180 71.3038
3181 71.3346
3182 71.0416
3183 71.5246
3184 71.4397
3185 71.5991
3186 71.5572
3187 71.6479
3188 71.5955
3189 71.551
3190 71.3282
3191 71.5096
3192 71.6116
3193 71.6218
3194 71.1474
3195 71.4792
3196 71.5962
3197 71.5968
3198 71.4053
3199 71.8327
3200 71.5291
3201 71.1705
3202 71.6963
3203 71.1917
3204 71.276
3205 71.4943
3206 71.2349
3207 71.4029
3208 71.2646
3209 71.2879
3210 71.0578
3211 71.1659
3212 71.5067
3213 71.4851
3214 71.5111
3215 71.3469
3216 71.7778
3217 71.3223
3218 71.5762
3219 71.3921
3220 71.5261
3221 71.2787
3222 71.617
3223 71.5314
3224 71.4793
3225 71.4816
3226 71.4657
3227 71.4689
3228 71.471
3229 71.4829
3230 71.4061
3231 71.4375
3232 71.0256
3233 71.4351
3234 71.4225
3235 71.7497
3236 71.5286
3237 71.3769
3238 71.475
3239 71.1569
3240 71.4187
3241 71.6109
3242 71.4325
3243 71.3442
3244 71.3729
3245 71.6495
3246 71.2737
3247 71.2639
3248 71.1754
3249 71.5904
3250 71.5304
3251 71.5595
3252 71.7199
3253 71.6309
3254 71.4837
3255 71.4292
3256 71.3863
3257 71.1258
3258 71.2062
3259 71.2152
3260 71.1404
3261 71.6234
3262 71.3263
3263 71.2862
3264 71.2925
3265 71.4156
3266 71.5982
3267 70.8642
3268 71.2654
3269 71.4511
3270 71.4471
3271 71.376
3272 71.2587
3273 71.1468
3274 70.9529
3275 71.2848
3276 71.4453
3277 71.5176
3278 71.6544
3279 71.1037
3280 71.6091
3281 71.8396
3282 71.8056
3283 71.4945
3284 71.6185
3285 71.4205
3286 71.4275
3287 71.3651
3288 71.5475
3289 71.3762
3290 71.8446
3291 71.4287
3292 71.3656
3293 71.4195
3294 71.7774
3295 71.7436
3296 71.6165
3297 71.5512
3298 71.2915
3299 71.5756
3300 71.4331
3301 71.4115
3302 71.5417
3303 71.3961
3304 71.495
3305 71.7781
3306 71.3308
3307 71.5038
3308 71.5521
3309 71.4079
3310 71.4612
3311 71.4178
3312 71.4031
3313 71.2993
3314 71.2883
3315 71.377
3316 71.4315
3317 71.3718
3318 71.9255
3319 71.4207
3320 71.4826
3321 71.1717
3322 71.505
3323 71.5055
3324 71.7241
3325 71.6094
3326 71.7845
3327 71.5827
3328 71.263
3329 71.5511
3330 71.5116
3331 71.2721
3332 71.7882
3333 71.5852
3334 71.6829
3335 71.615
3336 71.524
3337 71.6217
3338 71.7087
3339 71.6848
3340 71.5371
3341 71.631
3342 71.7564
3343 71.3634
3344 71.0982
3345 71.2732
3346 71.3606
3347 71.2927
3348 71.6046
3349 71.4888
3350 71.342
3351 71.6286
3352 71.6146
3353 71.441
3354 71.4479
3355 71.3474
3356 71.3482
3357 71.4142
3358 71.3856
3359 71.4461
3360 71.2889
3361 71.5996
3362 71.464
3363 71.7141
3364 71.9491
3365 71.4275
3366 71.5575
3367 71.5028
3368 71.4257
3369 71.7079
3370 71.4533
3371 71.5247
3372 71.392
3373 71.6982
3374 71.633
3375 71.2887
3376 71.6272
3377 71.7766
3378 71.6229
3379 71.7854
3380 71.6079
3381 71.1959
3382 71.4165
3383 71.3613
3384 71.4436
3385 71.6105
3386 71.6885
3387 71.3766
3388 71.3259
3389 71.5731
3390 71.6569
3391 71.8288
3392 71.5386
3393 71.5682
3394 71.8629
3395 71.4778
3396 71.5999
3397 71.3421
3398 71.65
3399 71.8167
3400 71.6316
3401 71.6379
3402 71.4023
3403 71.2229
3404 71.4422
3405 71.3066
3406 71.3763
3407 71.2929
3408 71.3482
3409 71.6179
3410 71.4602
3411 71.3714
3412 71.4366
3413 71.2834
3414 71.4168
3415 71.3902
3416 71.199
3417 71.3519
3418 71.316
3419 71.5723
3420 71.3956
3421 71.6524
3422 71.427
3423 71.5557
3424 71.1297
3425 71.2626
3426 71.3261
3427 71.3411
3428 71.1548
3429 71.3078
3430 71.4579
3431 71.4245
3432 71.4869
3433 71.4044
3434 71.5675
3435 71.2685
3436 71.4549
3437 71.6208
3438 71.5773
3439 71.373
3440 71.2729
3441 71.5615
3442 71.3088
3443 71.3886
3444 71.3315
3445 71.2086
3446 71.3326
3447 71.5784
3448 71.6306
3449 71.2717
3450 71.6993
3451 71.3162
3452 71.3388
3453 71.4878
3454 71.4783
3455 71.2001
3456 71.0271
3457 71.4813
3458 71.4127
3459 71.6206
3460 71.5038
3461 71.3321
3462 71.3013
3463 71.2896
3464 71.4265
3465 71.5192
3466 71.4924
3467 71.3094
3468 71.2576
3469 71.49
3470 71.5567
3471 71.5692
3472 71.5777
3473 71.2007
3474 71.6272
3475 71.451
3476 71.5067
3477 71.4498
3478 71.904
3479 71.279
3480 71.3264
3481 71.3034
3482 71.4466
3483 71.5814
3484 71.279
3485 71.4938
3486 71.5631
3487 71.2282
3488 71.5679
3489 71.4305
3490 71.2604
3491 71.4946
3492 71.4107
3493 71.3953
3494 71.3733
3495 71.2532
3496 71.4343
3497 71.1852
3498 71.6744
3499 71.4558
3500 71.4586
