1 401.429
2 381.044
3 370.145
4 354.512
5 339.75
6 331.227
7 322.719
8 308.051
9 294.542
10 288.051
11 280.016
12 272.954
13 267.911
14 262.635
15 257.392
16 251.796
17 243.988
18 235.996
19 227.624
20 224.969
21 222.295
22 218.538
23 216.037
24 211.723
25 203.917
26 200.054
27 195.509
28 190.016
29 185.507
30 183.35
31 178.5
32 177.396
33 174.35
34 169.035
35 164.868
36 163.488
37 161.317
38 158.245
39 154.465
40 152.052
41 149.636
42 148.647
43 146.508
44 145.229
45 140.782
46 139.018
47 138.361
48 134.908
49 133.681
50 133.626
51 132.867
52 131.546
53 127.716
54 126.465
55 125.452
56 124.693
57 123.899
58 122.04
59 120.729
60 119.732
61 118.867
62 118.811
63 118.256
64 117.698
65 117.155
66 116.542
67 114.37
68 112.701
69 112.701
70 111.306
71 110.963
72 109.464
73 108.745
74 107.773
75 106.711
76 105.79
77 104.687
78 104.687
79 104.045
80 104.019
81 102.803
82 102.562
83 101.853
84 100.04
85 99.9881
86 99.4055
87 99.11
88 99.0111
89 97.4855
90 96.7935
91 96.4773
92 96.4773
93 95.5142
94 95.5142
95 95.0452
96 94.7631
97 94.7631
98 94.0308
99 93.7893
100 92.8512
101 92.0582
102 91.9256
103 91.9256
104 91.3597
105 91.1489
106 91.0546
107 90.4402
108 89.9442
109 89.9442
110 89.9365
111 89.1286
112 88.5583
113 88.1339
114 87.6152
115 86.2157
116 85.7379
117 85.1407
118 84.4226
119 84.2013
120 83.5968
121 83.2664
122 83.0757
123 82.7421
124 82.2944
125 81.9653
126 81.7036
127 81.4746
128 81.4746
129 80.4742
130 80.3773
131 80.3088
132 79.9084
133 79.9084
134 79.5414
135 79.4285
136 79.0437
137 79.0437
138 78.7368
139 78.7368
140 78.4501
141 78.4501
142 77.9902
143 77.9195
144 77.8666
145 77.5495
146 77.5495
147 77.0635
148 77.0635
149 76.2867
150 76.2867
151 76.0942
152 76.0733
153 76.0733
154 75.5063
155 75.4854
156 75.4854
157 74.4342
158 74.4342
159 74.1943
160 74.1943
161 74.0021
162 73.8579
163 73.8579
164 73.8483
165 73.8483
166 73.3338
167 73.3338
168 73.1281
169 73.1281
170 73.0093
171 72.8037
172 72.8037
173 72.5265
174 72.4734
175 72.4627
176 72.4627
177 72.4168
178 72.3814
179 72.3814
180 72.3814
181 72.0158
182 71.9804
183 71.9804
184 71.8231
185 71.8231
186 71.8231
187 71.7361
188 71.634
189 71.4075
190 71.4075
191 71.4075
192 71.4075
193 71.4075
194 71.4075
195 71.3715
196 71.2406
197 70.5807
198 70.5636
199 70.5636
200 70.2325
201 70.2325
202 70.2325
203 70.1647
204 70.1647
205 70.1647
206 70.1647
207 70.1647
208 70.1647
209 70.1647
210 70.1647
211 70.1647
212 70.1647
213 70.1647
214 70.1647
215 70.1647
216 70.1647
217 70.1647
218 70.1647
219 70.1647
220 70.1647
221 70.1647
222 70.1647
223 70.1647
224 70.1074
225 70.1074
226 70.1074
227 70.1074
228 70.1074
229 70.1074
230 70.1074
231 70.1074
232 70.1074
233 70.1074
234 70.1074
235 70.1074
236 70.1074
237 70.1074
238 70.1074
239 70.1074
240 70.1074
241 70.0204
242 70.0204
243 70.0204
244 70.0204
245 70.0204
246 70.0204
247 69.5671
248 69.5671
249 69.5671
250 69.5671
251 69.5671
252 69.5671
253 69.5671
254 69.5671
255 69.5671
256 69.5671
257 69.5671
258 69.5671
259 69.5671
260 69.5671
261 69.5671
262 69.5671
263 69.5671
264 69.5145
265 69.5145
266 69.5145
267 69.5145
268 69.5145
269 69.5145
270 69.5145
271 69.5145
272 69.5145
273 69.5145
274 69.5145
275 69.5145
276 69.5145
277 69.4438
278 69.4438
279 69.4438
280 69.4438
281 69.4438
282 69.4438
283 69.4438
284 69.4438
285 69.4438
286 69.4438
287 69.4438
288 69.4438
289 69.4438
290 69.4438
291 69.4438
292 69.4438
293 69.4438
294 69.4438
295 69.4438
296 69.4438
297 69.4438
298 69.4438
299 69.4438
300 69.4438
301 69.4438
302 69.4438
303 69.4438
304 69.4438
305 69.4438
306 69.4438
307 69.4438
308 69.4438
309 69.4438
310 69.4438
311 69.4438
312 69.4438
313 69.4438
314 69.4438
315 69.4438
316 69.4438
317 69.4438
318 69.4438
319 69.4438
320 69.4438
321 69.4438
322 69.4438
323 69.4438
324 69.4438
325 69.4438
326 69.4438
327 69.4438
328 69.4438
329 69.4438
330 69.4438
331 69.4438
332 69.4438
333 69.4438
334 69.4438
335 69.4438
336 69.4438
337 69.4438
338 69.4438
339 69.4438
340 69.4438
341 69.4438
342 69.4438
343 69.4438
344 69.4438
345 69.4438
346 69.4438
347 69.4438
348 69.4438
349 69.4438
350 69.4438
351 69.4438
352 69.4438
353 69.4438
354 69.4438
355 69.4438
356 69.4438
357 69.4438
358 69.4438
359 69.4438
360 69.4438
361 69.4438
362 69.4438
363 69.4438
364 69.4438
365 69.4438
366 69.4438
367 69.4438
368 69.4438
369 69.4438
370 69.4438
371 69.4438
372 69.4438
373 69.4438
374 69.4438
375 69.4438
376 69.4438
377 69.4438
378 69.4438
379 69.4438
380 69.4438
381 69.4438
382 69.4438
383 69.4438
384 69.4438
385 69.4438
386 69.4438
387 69.4438
388 69.4438
389 69.4438
390 69.4438
391 69.4438
392 69.4438
393 69.4438
394 69.4438
395 69.4438
396 69.4438
397 69.4438
398 69.4438
399 69.4438
400 69.4438
401 69.4438
402 69.4438
403 69.4438
404 69.4438
405 69.4438
406 69.4438
407 69.4438
408 69.4438
409 69.4438
410 69.4438
411 69.4438
412 69.4438
413 69.4438
414 69.4438
415 69.4438
416 69.4438
417 69.4438
418 69.4438
419 69.4438
420 69.4438
421 69.4438
422 69.4438
423 69.4438
424 69.4438
425 69.4438
426 69.4438
427 69.4438
428 69.4438
429 69.4438
430 69.4438
431 69.4438
432 69.4438
433 69.4438
434 69.4438
435 69.4438
436 69.4438
437 69.4438
438 69.4438
439 69.4438
440 69.4438
441 69.4438
442 69.4438
443 69.4438
444 69.4438
445 69.4438
446 69.4438
447 69.4438
448 69.4438
449 69.4438
450 69.4438
451 69.4438
452 69.4438
453 69.4438
454 69.4438
455 69.4438
456 69.4438
457 69.4438
458 69.4438
459 69.4438
460 69.4438
461 69.4438
462 69.4438
463 69.4438
464 69.4438
465 69.4438
466 69.4438
467 69.4438
468 69.4438
469 69.4438
470 69.4438
471 69.4438
472 69.4438
473 69.4438
474 69.4438
475 69.4438
476 69.4438
477 69.4438
478 69.4438
479 69.4438
480 69.4438
481 69.4438
482 69.4438
483 69.4438
484 69.4438
485 69.4438
486 69.0902
487 69.0902
488 69.0902
489 69.0902
490 69.0902
491 69.0902
492 69.0902
493 69.0902
494 69.0902
495 69.0902
496 69.0902
497 69.0902
498 69.0902
499 69.0902
500 69.0902
501 69.0902
502 69.0902
503 69.0902
504 69.0902
505 69.0902
506 69.0902
507 69.0902
508 69.0371
509 69.0371
510 69.0371
511 69.0371
512 69.0371
513 69.0371
514 69.0371
515 69.0371
516 69.0371
517 69.0371
518 69.0371
519 68.8475
520 68.8475
521 68.8475
522 68.8475
523 68.8475
524 68.8475
525 68.8475
526 68.8475
527 68.8475
528 68.8475
529 68.8475
530 68.8475
531 68.8475
532 68.8475
533 68.8475
534 68.8475
535 68.8475
536 68.8475
537 68.8475
538 68.8475
539 68.8475
540 68.8475
541 68.8475
542 68.8475
543 68.8475
544 68.8475
545 68.8475
546 68.8475
547 68.8475
548 68.8475
549 68.8475
550 68.8475
551 68.8475
552 68.8475
553 68.8475
554 68.8475
555 68.8475
556 68.8475
557 68.8475
558 68.8475
559 68.8475
560 68.8475
561 68.8475
562 68.8475
563 68.8475
564 68.8475
565 68.8475
566 68.8475
567 68.8475
568 68.8475
569 68.8475
570 68.8475
571 68.8475
572 68.8475
573 68.8475
574 68.8475
575 68.8475
576 68.8475
577 68.8475
578 68.8475
579 68.8475
580 68.8475
581 68.8475
582 68.8475
583 68.8475
584 68.8475
585 68.8475
586 68.8475
587 68.8475
588 68.8475
589 68.8475
590 68.8475
591 68.8475
592 68.8475
593 68.8475
594 68.8475
595 68.8475
596 68.8475
597 68.8475
598 68.8475
599 68.8475
600 68.8475
601 68.8475
602 68.8475
603 68.8475
604 68.8475
605 68.8475
606 68.8475
607 68.8475
608 68.8475
609 68.8475
610 68.8475
611 68.8475
612 68.8475
613 68.8475
614 68.8475
615 68.8475
616 68.8475
617 68.8475
618 68.8475
619 68.8475
620 68.8475
621 68.8475
622 68.8475
623 68.8475
624 68.8475
625 68.8475
626 68.8475
627 68.8475
628 68.8475
629 68.8475
630 68.8475
631 68.8475
632 68.8475
633 68.8475
634 68.8475
635 68.8475
636 68.8475
637 68.8475
638 68.8475
639 68.8475
640 68.8475
641 68.8475
642 68.8475
643 68.8475
644 68.8475
645 68.8475
646 68.8475
647 68.8475
648 68.8475
649 68.8475
650 68.8475
651 68.8475
652 68.8475
653 68.8475
654 68.8475
655 68.8475
656 68.8475
657 68.8475
658 68.8475
659 68.8475
660 68.8475
661 68.8475
662 68.8475
663 68.8475
664 68.8475
665 68.8475
666 68.8475
667 68.8475
668 68.8475
669 68.8475
670 68.8475
671 68.8475
672 68.8475
673 68.8475
674 68.8475
675 68.8475
676 68.8475
677 68.8475
678 68.8475
679 68.8475
680 68.8475
681 68.8475
682 68.8475
683 68.8475
684 68.8475
685 68.8475
686 68.8475
687 68.8475
688 68.8475
689 68.8475
690 68.8475
691 68.8475
692 68.8475
693 68.8475
694 68.8475
695 68.8475
696 68.8475
697 68.8475
698 68.8475
699 68.8475
700 68.8475
701 68.8475
702 68.8475
703 68.8475
704 68.8475
705 68.8475
706 68.8475
707 68.8475
708 68.8475
709 68.8475
710 68.8475
711 68.8475
712 68.8475
713 68.8475
714 68.8475
715 68.8475
716 68.8475
717 68.8475
718 68.8475
719 68.8475
720 68.8475
721 68.8475
722 68.8475
723 68.8475
724 68.8475
725 68.8475
726 68.8475
727 68.8475
728 68.8475
729 68.8475
730 68.8475
731 68.8475
732 68.8475
733 68.8475
734 68.8475
735 68.8475
736 68.8475
737 68.8475
738 68.8475
739 68.8475
740 68.8475
741 68.8475
742 68.8475
743 68.8475
744 68.8475
745 68.8475
746 68.8475
747 68.8475
748 68.8475
749 68.8475
750 68.8475
751 68.8475
752 68.8475
753 68.8475
754 68.8475
755 68.8475
756 68.8475
757 68.8475
758 68.8475
759 68.8475
760 68.8475
761 68.8475
762 68.8475
763 68.8475
764 68.8475
765 68.8475
766 68.8475
767 68.8475
768 68.8475
769 68.8475
770 68.8475
771 68.8475
772 68.8475
773 68.8475
774 68.8475
775 68.8475
776 68.8475
777 68.8475
778 68.8475
779 68.8475
780 68.8475
781 68.8475
782 68.8475
783 68.8475
784 68.8475
785 68.8475
786 68.8475
787 68.8475
788 68.8475
789 68.8475
790 68.8475
791 68.8475
792 68.8475
793 68.8475
794 68.8475
795 68.8475
796 68.8475
797 68.8475
798 68.8475
799 68.8475
800 68.8475
801 68.8475
802 68.8475
803 68.8475
804 68.8475
805 68.8475
806 68.8475
807 68.8475
808 68.8475
809 68.8475
810 68.8475
811 68.8475
812 68.8475
813 68.8475
814 68.8475
815 68.8475
816 68.8475
817 68.8475
818 68.8475
819 68.8475
820 68.8475
821 68.8475
822 68.8475
823 68.8475
824 68.8475
825 68.8475
826 68.8475
827 68.8475
828 68.8475
829 68.8475
830 68.8475
831 68.8475
832 68.8475
833 68.8475
834 68.8475
835 68.8475
836 68.8475
837 68.8475
838 68.8475
839 68.8475
840 68.8475
841 68.8475
842 68.8475
843 68.8475
844 68.8475
845 68.8475
846 68.8475
847 68.8475
848 68.8475
849 68.8475
850 68.8475
851 68.8475
852 68.8475
853 68.8475
854 68.8475
855 68.8475
856 68.8475
857 68.8475
858 68.8475
859 68.8475
860 68.8475
861 68.8475
862 68.8475
863 68.8475
864 68.8475
865 68.8475
866 68.8475
867 68.8475
868 68.8475
869 68.8475
870 68.8475
871 68.8475
872 68.8475
873 68.8475
874 68.8475
875 68.8475
876 68.8475
877 68.8475
878 68.8475
879 68.8475
880 68.8475
881 68.8475
882 68.8475
883 68.8475
884 68.8475
885 68.8475
886 68.8475
887 68.8475
888 68.8475
889 68.8475
890 68.8475
891 68.8475
892 68.8475
893 68.8475
894 68.8475
895 68.8475
896 68.8475
897 68.8475
898 68.8475
899 68.8475
900 68.8475
901 68.8475
902 68.8475
903 68.8475
904 68.8475
905 68.8475
906 68.8475
907 68.8475
908 68.8475
909 68.8475
910 68.8475
911 68.8475
912 68.8475
913 68.8475
914 68.8475
915 68.8475
916 68.8475
917 68.8475
918 68.8475
919 68.8475
920 68.8475
921 68.8475
922 68.8475
923 68.8475
924 68.8475
925 68.8475
926 68.8475
927 68.8475
928 68.8475
929 68.8475
930 68.8475
931 68.8475
932 68.8475
933 68.8475
934 68.8475
935 68.8475
936 68.8475
937 68.8475
938 68.8475
939 68.8475
940 68.8475
941 68.8475
942 68.8475
943 68.8475
944 68.8475
945 68.8475
946 68.8475
947 68.8475
948 68.8475
949 68.8475
950 68.8475
951 68.8475
952 68.8475
953 68.8475
954 68.8475
955 68.8475
956 68.8475
957 68.8475
958 68.8475
959 68.8475
960 68.8475
961 68.8475
962 68.8475
963 68.8475
964 68.8475
965 68.8475
966 68.8475
967 68.8475
968 68.8475
969 68.8475
970 68.8475
971 68.8475
972 68.8475
973 68.8475
974 68.8475
975 68.8475
976 68.8475
977 68.8475
978 68.8475
979 68.8475
980 68.8475
981 68.8475
982 68.8475
983 68.8475
984 68.8475
985 68.8475
986 68.8475
987 68.8475
988 68.8475
989 68.8475
990 68.8475
991 68.8475
992 68.8475
993 68.8475
994 68.8475
995 68.8475
996 68.8475
997 68.8475
998 68.8475
999 68.8475
1000 68.8475
1001 68.8475
1002 68.8475
1003 68.8475
1004 68.8475
1005 68.8475
1006 68.8475
1007 68.8475
1008 68.8475
1009 68.8475
1010 68.8475
1011 68.8475
1012 68.8475
1013 68.8475
1014 68.8475
1015 68.8475
1016 68.8475
1017 68.8475
1018 68.8475
1019 68.8475
1020 68.8475
1021 68.8475
1022 68.8475
1023 68.8475
1024 68.8475
1025 68.8475
1026 68.8475
1027 68.8475
1028 68.8475
1029 68.8475
1030 68.8475
1031 68.8475
1032 68.8475
1033 68.8475
1034 68.8475
1035 68.8475
1036 68.8475
1037 68.8475
1038 68.8475
1039 68.8475
1040 68.8475
1041 68.8475
1042 68.8475
1043 68.8475
1044 68.8475
1045 68.8475
1046 68.8475
1047 68.8475
1048 68.8475
1049 68.8475
1050 68.8475
1051 68.8475
1052 68.8475
1053 68.8475
1054 68.8475
1055 68.8475
1056 68.8475
1057 68.8475
1058 68.8475
1059 68.8475
1060 68.8475
1061 68.8475
1062 68.8475
1063 68.8475
1064 68.8475
1065 68.8475
1066 68.8475
1067 68.8475
1068 68.8475
1069 68.8475
1070 68.8475
1071 68.8475
1072 68.8475
1073 68.8475
1074 68.8475
1075 68.8475
1076 68.8475
1077 68.8475
1078 68.8475
1079 68.8475
1080 68.8475
1081 68.8475
1082 68.8475
1083 68.8475
1084 68.8475
1085 68.8475
1086 68.8475
1087 68.8475
1088 68.8475
1089 68.8475
1090 68.8475
1091 68.8475
1092 68.8475
1093 68.8475
1094 68.8475
1095 68.8475
1096 68.8475
1097 68.8475
1098 68.8475
1099 68.8475
1100 68.8475
1101 68.8475
1102 68.8475
1103 68.8475
1104 68.8475
1105 68.8475
1106 68.8475
1107 68.8475
1108 68.8475
1109 68.8475
1110 68.8475
1111 68.8475
1112 68.8475
1113 68.8475
1114 68.8475
1115 68.8475
1116 68.8475
1117 68.8475
1118 68.8475
1119 68.8448
1120 68.8448
1121 68.8448
1122 68.8448
1123 68.8448
1124 68.8448
1125 68.8448
1126 68.8448
1127 68.8448
1128 68.8448
1129 68.8448
1130 68.6212
1131 68.6212
1132 68.6212
1133 68.6212
1134 68.6212
1135 68.6212
1136 68.6212
1137 68.6212
1138 68.6212
1139 68.6212
1140 68.6212
1141 68.6212
1142 68.6212
1143 68.6212
1144 68.6212
1145 68.6212
1146 68.6212
1147 68.6212
1148 68.6212
1149 68.6212
1150 68.6212
1151 68.6212
1152 68.6212
1153 68.6212
1154 68.6212
1155 68.6212
1156 68.6212
1157 68.6212
1158 68.6212
1159 68.6212
1160 68.6212
1161 68.6212
1162 68.6212
1163 68.6212
1164 68.6212
1165 68.6212
1166 68.6212
1167 68.6212
1168 68.6212
1169 68.6212
1170 68.6212
1171 68.6212
1172 68.6212
1173 68.6212
1174 68.6212
1175 68.6212
1176 68.6212
1177 68.6212
1178 68.6212
1179 68.6212
1180 68.6212
1181 68.6212
1182 68.6212
1183 68.6212
1184 68.6212
1185 68.6212
1186 68.6212
1187 68.6212
1188 68.6212
1189 68.6212
1190 68.6212
1191 68.6212
1192 68.6212
1193 68.6212
1194 68.6212
1195 68.6212
1196 68.6212
1197 68.6212
1198 68.6212
1199 68.6212
1200 68.6212
1201 68.6212
1202 68.6212
1203 68.6212
1204 68.6212
1205 68.6212
1206 68.6212
1207 68.6212
1208 68.6212
1209 68.6212
1210 68.6212
1211 68.6212
1212 68.6212
1213 68.6212
1214 68.6212
1215 68.6212
1216 68.6212
1217 68.6212
1218 68.6212
1219 68.6212
1220 68.6212
1221 68.6212
1222 68.6212
1223 68.6212
1224 68.6212
1225 68.6212
1226 68.6212
1227 68.6212
1228 68.6212
1229 68.6212
1230 68.6212
1231 68.6212
1232 68.6212
1233 68.6212
1234 68.6212
1235 68.6212
1236 68.6212
1237 68.6212
1238 68.6212
1239 68.6212
1240 68.6212
1241 68.6212
1242 68.6212
1243 68.6212
1244 68.6212
1245 68.6212
1246 68.6212
1247 68.6212
1248 68.6212
1249 68.6212
1250 68.6212
1251 68.6212
1252 68.6212
1253 68.6212
1254 68.6212
1255 68.6212
1256 68.6212
1257 68.6212
1258 68.6212
1259 68.6212
1260 68.6212
1261 68.6212
1262 68.6212
1263 68.6212
1264 68.6212
1265 68.6212
1266 68.6212
1267 68.6212
1268 68.6212
1269 68.6212
1270 68.6212
1271 68.6212
1272 68.6212
1273 68.6212
1274 68.6212
1275 68.6212
1276 68.6212
1277 68.6212
1278 68.6212
1279 68.6212
1280 68.6212
1281 68.6212
1282 68.6212
1283 68.6212
1284 68.6212
1285 68.6212
1286 68.6212
1287 68.6212
1288 68.6212
1289 68.6212
1290 68.6212
1291 68.6212
1292 68.6212
1293 68.6212
1294 68.6212
1295 68.6212
1296 68.6212
1297 68.6212
1298 68.6212
1299 68.6212
1300 68.6212
1301 68.6212
1302 68.6212
1303 68.6212
1304 68.6212
1305 68.6212
1306 68.6212
1307 68.6212
1308 68.6212
1309 68.6212
1310 68.6212
1311 68.6212
1312 68.6212
1313 68.6212
1314 68.6212
1315 68.6212
1316 68.6212
1317 68.6212
1318 68.6212
1319 68.6212
1320 68.6212
1321 68.6212
1322 68.6212
1323 68.6212
1324 68.6212
1325 68.6212
1326 68.6212
1327 68.6212
1328 68.6212
1329 68.6212
1330 68.6212
1331 68.6212
1332 68.6212
1333 68.6212
1334 68.6212
1335 68.6212
1336 68.6212
1337 68.6212
1338 68.6212
1339 68.6212
1340 68.6212
1341 68.6212
1342 68.6212
1343 68.6212
1344 68.6212
1345 68.6212
1346 68.6212
1347 68.6212
1348 68.6212
1349 68.6212
1350 68.6212
1351 68.6212
1352 68.6212
1353 68.6212
1354 68.6212
1355 68.6212
1356 68.6212
1357 68.6212
1358 68.6212
1359 68.6212
1360 68.6212
1361 68.6212
1362 68.6212
1363 68.6212
1364 68.6212
1365 68.6212
1366 68.6212
1367 68.6212
1368 68.6212
1369 68.6212
1370 68.6212
1371 68.6212
1372 68.6212
1373 68.6212
1374 68.6212
1375 68.6212
1376 68.6212
1377 68.6212
1378 68.6212
1379 68.6212
1380 68.6212
1381 68.6212
1382 68.6212
1383 68.6212
1384 68.6212
1385 68.6212
1386 68.6212
1387 68.6212
1388 68.6212
1389 68.6212
1390 68.6212
1391 68.6212
1392 68.6212
1393 68.6212
1394 68.6212
1395 68.6212
1396 68.6212
1397 68.6212
1398 68.6212
1399 68.6212
1400 68.6212
1401 68.6212
1402 68.6212
1403 68.6212
1404 68.6212
1405 68.6212
1406 68.6212
1407 68.6212
1408 68.6212
1409 68.6212
1410 68.6212
1411 68.6212
1412 68.6212
1413 68.6212
1414 68.6212
1415 68.6212
1416 68.6212
1417 68.6212
1418 68.6212
1419 68.6212
1420 68.6212
1421 68.6212
1422 68.6212
1423 68.6212
1424 68.6212
1425 68.6212
1426 68.6212
1427 68.6212
1428 68.6212
1429 68.6212
1430 68.6212
1431 68.6212
1432 68.6212
1433 68.6212
1434 68.6212
1435 68.6212
1436 68.6212
1437 68.6212
1438 68.6212
1439 68.6212
1440 68.6212
1441 68.6212
1442 68.6212
1443 68.6212
1444 68.6212
1445 68.6212
1446 68.6212
1447 68.6212
1448 68.6212
1449 68.6212
1450 68.6212
1451 68.6212
1452 68.6212
1453 68.6212
1454 68.6212
1455 68.6212
1456 68.6212
1457 68.6212
1458 68.6212
1459 68.6212
1460 68.6212
1461 68.6212
1462 68.6212
1463 68.6212
1464 68.6212
1465 68.6212
1466 68.6212
1467 68.6212
1468 68.6212
1469 68.6212
1470 68.6212
1471 68.6212
1472 68.6212
1473 68.6212
1474 68.6212
1475 68.6212
1476 68.6212
1477 68.6212
1478 68.6212
1479 68.6212
1480 68.6212
1481 68.6212
1482 68.6212
1483 68.6212
1484 68.6212
1485 68.6212
1486 68.6212
1487 68.6212
1488 68.6212
1489 68.6212
1490 68.6212
1491 68.6212
1492 68.6212
1493 68.6212
1494 68.6212
1495 68.6212
1496 68.6212
1497 68.6212
1498 68.6212
1499 68.6212
1500 68.6212
1501 68.6212
1502 68.6212
1503 68.6212
1504 68.6212
1505 68.6212
1506 68.6212
1507 68.6212
1508 68.6212
1509 68.6212
1510 68.6212
1511 68.6212
1512 68.6212
1513 68.6212
1514 68.6212
1515 68.6212
1516 68.6212
1517 68.6212
1518 68.6212
1519 68.6212
1520 68.6212
1521 68.6212
1522 68.6212
1523 68.6212
1524 68.6212
1525 68.6212
1526 68.6212
1527 68.6212
1528 68.6212
1529 68.6212
1530 68.6212
1531 68.6212
1532 68.6212
1533 68.6212
1534 68.6212
1535 68.6212
1536 68.6212
1537 68.6212
1538 68.6212
1539 68.6212
1540 68.6212
1541 68.6212
1542 68.6212
1543 68.6212
1544 68.6212
1545 68.6212
1546 68.6212
1547 68.6212
1548 68.6212
1549 68.6212
1550 68.6212
1551 68.6212
1552 68.6212
1553 68.6212
1554 68.6212
1555 68.6212
1556 68.6212
1557 68.6212
1558 68.6212
1559 68.6212
1560 68.6212
1561 68.6212
1562 68.6212
1563 68.6212
1564 68.6212
1565 68.6212
1566 68.6212
1567 68.6212
1568 68.6212
1569 68.6212
1570 68.6212
1571 68.6212
1572 68.6212
1573 68.6212
1574 68.6212
1575 68.6212
1576 68.6212
1577 68.6212
1578 68.6212
1579 68.6212
1580 68.6212
1581 68.6212
1582 68.6212
1583 68.6212
1584 68.6212
1585 68.6212
1586 68.6212
1587 68.6212
1588 68.6212
1589 68.6212
1590 68.6212
1591 68.6212
1592 68.6212
1593 68.6212
1594 68.6212
1595 68.6212
1596 68.6212
1597 68.6212
1598 68.6212
1599 68.6212
1600 68.6212
1601 68.6212
1602 68.6212
1603 68.6212
1604 68.6212
1605 68.6212
1606 68.6212
1607 68.6212
1608 68.6212
1609 68.6212
1610 68.6212
1611 68.6212
1612 68.6212
1613 68.6212
1614 68.6212
1615 68.6212
1616 68.6212
1617 68.6212
1618 68.6212
1619 68.6212
1620 68.6212
1621 68.6212
1622 68.6212
1623 68.6212
1624 68.6212
1625 68.6212
1626 68.6212
1627 68.6212
1628 68.6212
1629 68.6212
1630 68.6212
1631 68.6212
1632 68.6212
1633 68.6212
1634 68.6212
1635 68.6212
1636 68.6212
1637 68.6212
1638 68.6212
1639 68.6212
1640 68.6212
1641 68.6212
1642 68.6212
1643 68.6212
1644 68.6212
1645 68.6212
1646 68.6212
1647 68.6212
1648 68.6212
1649 68.6212
1650 68.6212
1651 68.6212
1652 68.6212
1653 68.6212
1654 68.6212
1655 68.6212
1656 68.6212
1657 68.6212
1658 68.6212
1659 68.6212
1660 68.6212
1661 68.6212
1662 68.6212
1663 68.6212
1664 68.6212
1665 68.6212
1666 68.6212
1667 68.6212
1668 68.6212
1669 68.6212
1670 68.6212
1671 68.6212
1672 68.6212
1673 68.6212
1674 68.6212
1675 68.6212
1676 68.6212
1677 68.6212
1678 68.6212
1679 68.6212
1680 68.6212
1681 68.6212
1682 68.6212
1683 68.6212
1684 68.6212
1685 68.6212
1686 68.6212
1687 68.6212
1688 68.6212
1689 68.6212
1690 68.6212
1691 68.6212
1692 68.6212
1693 68.6212
1694 68.6212
1695 68.6212
1696 68.6212
1697 68.6212
1698 68.6212
1699 68.6212
1700 68.6212
1701 68.6212
1702 68.6212
1703 68.6212
1704 68.6212
1705 68.6212
1706 68.6212
1707 68.6212
1708 68.6212
1709 68.6212
1710 68.6212
1711 68.6212
1712 68.6212
1713 68.6212
1714 68.6212
1715 68.6212
1716 68.6212
1717 68.6212
1718 68.6212
1719 68.6212
1720 68.6212
1721 68.6212
1722 68.6212
1723 68.6212
1724 68.6212
1725 68.6212
1726 68.6212
1727 68.6212
1728 68.6212
1729 68.6212
1730 68.6212
1731 68.6212
1732 68.6212
1733 68.6212
1734 68.6212
1735 68.6212
1736 68.6212
1737 68.6212
1738 68.6212
1739 68.6212
1740 68.6212
1741 68.6212
1742 68.6212
1743 68.6212
1744 68.6212
1745 68.6212
1746 68.6212
1747 68.6212
1748 68.6212
1749 68.6212
1750 68.6212
1751 68.6212
1752 68.6212
1753 68.6212
1754 68.6212
1755 68.6212
1756 68.6212
1757 68.6212
1758 68.6212
1759 68.6212
1760 68.6212
1761 68.6212
1762 68.6212
1763 68.6212
1764 68.6212
1765 68.6212
1766 68.6212
1767 68.6212
1768 68.6212
1769 68.6212
1770 68.6212
1771 68.6212
1772 68.6212
1773 68.6212
1774 68.6212
1775 68.6212
1776 68.6212
1777 68.6212
1778 68.6212
1779 68.6212
1780 68.6212
1781 68.6212
1782 68.6212
1783 68.6212
1784 68.6212
1785 68.6212
1786 68.6212
1787 68.6212
1788 68.6212
1789 68.6212
1790 68.6212
1791 68.6212
1792 68.6212
1793 68.6212
1794 68.6212
1795 68.6212
1796 68.6212
1797 68.6212
1798 68.6212
1799 68.6212
1800 68.6212
1801 68.6212
1802 68.6212
1803 68.6212
1804 68.6212
1805 68.6212
1806 68.6212
1807 68.6212
1808 68.6212
1809 68.6212
1810 68.6212
1811 68.6212
1812 68.6212
1813 68.6212
1814 68.6212
1815 68.6212
1816 68.6212
1817 68.6212
1818 68.6212
1819 68.6212
1820 68.6212
1821 68.6212
1822 68.6212
1823 68.6212
1824 68.6212
1825 68.6212
1826 68.6212
1827 68.6212
1828 68.6212
1829 68.6212
1830 68.6212
1831 68.6212
1832 68.6212
1833 68.6212
1834 68.6212
1835 68.6212
1836 68.6212
1837 68.6212
1838 68.6212
1839 68.6212
1840 68.6212
1841 68.6212
1842 68.6212
1843 68.6212
1844 68.6212
1845 68.6212
1846 68.6212
1847 68.6212
1848 68.6212
1849 68.6212
1850 68.6212
1851 68.6212
1852 68.6212
1853 68.6212
1854 68.6212
1855 68.6212
1856 68.6212
1857 68.6212
1858 68.6212
1859 68.6212
1860 68.6212
1861 68.6212
1862 68.6212
1863 68.6212
1864 68.6212
1865 68.6212
1866 68.6212
1867 68.6212
1868 68.6212
1869 68.6212
1870 68.6212
1871 68.6212
1872 68.6212
1873 68.6212
1874 68.6212
1875 68.6212
1876 68.6212
1877 68.6212
1878 68.6212
1879 68.6212
1880 68.6212
1881 68.6212
1882 68.6212
1883 68.6212
1884 68.6212
1885 68.6212
1886 68.6212
1887 68.6212
1888 68.6212
1889 68.6212
1890 68.6212
1891 68.6212
1892 68.6212
1893 68.6212
1894 68.6212
1895 68.6212
1896 68.6212
1897 68.6212
1898 68.6212
1899 68.6212
1900 68.6212
1901 68.6212
1902 68.6212
1903 68.6212
1904 68.6212
1905 68.6212
1906 68.6212
1907 68.6212
1908 68.6212
1909 68.6212
1910 68.6212
1911 68.6212
1912 68.6212
1913 68.6212
1914 68.6212
1915 68.6212
1916 68.6212
1917 68.6212
1918 68.6212
1919 68.6212
1920 68.6212
1921 68.6212
1922 68.6212
1923 68.6212
1924 68.6212
1925 68.6212
1926 68.6212
1927 68.6212
1928 68.6212
1929 68.6212
1930 68.6212
1931 68.6212
1932 68.6212
1933 68.6212
1934 68.6212
1935 68.6212
1936 68.6212
1937 68.6212
1938 68.6212
1939 68.6212
1940 68.6212
1941 68.6212
1942 68.6212
1943 68.6212
1944 68.6212
1945 68.6212
1946 68.6212
1947 68.6212
1948 68.6212
1949 68.6212
1950 68.6212
1951 68.6212
1952 68.6212
1953 68.6212
1954 68.6212
1955 68.6212
1956 68.6212
1957 68.6212
1958 68.6212
1959 68.6212
1960 68.6212
1961 68.6212
1962 68.6212
1963 68.6212
1964 68.6212
1965 68.6212
1966 68.6212
1967 68.6212
1968 68.6212
1969 68.6212
1970 68.6212
1971 68.6212
1972 68.6212
1973 68.6212
1974 68.6212
1975 68.6212
1976 68.6212
1977 68.6212
1978 68.6212
1979 68.6212
1980 68.6212
1981 68.6212
1982 68.6212
1983 68.6212
1984 68.6212
1985 68.6212
1986 68.6212
1987 68.6212
1988 68.6212
1989 68.6212
1990 68.6212
1991 68.6212
1992 68.6212
1993 68.6212
1994 68.6212
1995 68.6212
1996 68.6212
1997 68.6212
1998 68.6212
1999 68.6212
2000 68.6212
