0 510.408
1 451.476
2 419.275
3 395.56
4 379.532
5 358.248
6 338.596
7 318.345
8 303.161
9 291.619
10 278.329
11 267.497
12 258.361
13 251.396
14 245.777
15 239.172
16 232.453
17 227.907
18 223.066
19 217.604
20 211.494
21 206.222
22 201.157
23 196.32
24 193.017
25 189.363
26 186.576
27 183.536
28 179.995
29 175.297
30 170.368
31 166.831
32 163.653
33 160.187
34 157.039
35 154.796
36 153.135
37 151.315
38 148.162
39 145.841
40 143.821
41 142.268
42 139.427
43 136.983
44 135.481
45 133.257
46 131.094
47 129.598
48 130.083
49 128.789
50 126.256
51 123.319
52 120.661
53 118.295
54 116.307
55 114.324
56 113.101
57 111.837
58 111.06
59 109.554
60 107.309
61 105.777
62 104.653
63 103.236
64 102.613
65 101.805
66 101.05
67 100.168
68 98.8863
69 98.1112
70 97.0724
71 96.1196
72 95.0775
73 94.3096
74 93.2666
75 92.2095
76 91.5791
77 91.3802
78 92.5185
79 91.8152
80 89.8903
81 88.7937
82 88.1557
83 87.6401
84 86.8805
85 86.1125
86 85.6015
87 85.5602
88 85.2899
89 84.6708
90 84.1897
91 83.1076
92 82.9295
93 82.5186
94 81.982
95 82.3775
96 82.1579
97 81.7121
98 81.7232
99 81.6603
100 80.6693
101 80.3738
102 79.9752
103 79.6941
104 79.3556
105 79.2566
106 78.7699
107 80.2879
108 80.9068
109 80.7636
110 80.0998
111 79.3274
112 78.4451
113 78.5971
114 78.2454
115 77.9605
116 77.9755
117 79.1548
118 79.8449
119 79.4358
120 79.2511
121 78.5714
122 77.5177
123 77.1419
124 76.9322
125 76.8703
126 77.3484
127 77.6792
128 77.5322
129 76.7722
130 76.5924
131 75.9616
132 75.9252
133 75.3425
134 75.404
135 75.4482
136 75.5209
137 75.2058
138 75.0956
139 75.1467
140 75.0959
141 74.8079
142 74.7788
143 74.8292
144 75.0126
145 75.1078
146 74.9071
147 74.7894
148 74.6295
149 74.9454
150 74.8408
151 74.8179
152 74.7916
153 74.7343
154 74.5989
155 74.5035
156 74.3223
157 74.4862
158 74.7122
159 74.4867
160 73.9591
161 73.7354
162 73.1179
163 73.003
164 73.1475
165 73.3811
166 73.0036
167 73.3164
168 73.4934
169 73.3635
170 73.367
171 73.4843
172 72.9761
173 73.3763
174 73.3098
175 73.3115
176 73.145
177 72.8907
178 73.1875
179 73.1175
180 72.7364
181 72.4687
182 72.4914
183 72.8261
184 72.3564
185 72.2219
186 72.1939
187 72.3422
188 72.0861
189 71.9469
190 71.8369
191 72.3361
192 72.3787
193 72.1329
194 72.3442
195 72.4376
196 72.379
197 72.1536
198 72.2747
199 72.0747
200 72.2449
201 72.0589
202 72.1664
203 72.2689
204 72.5259
205 72.2579
206 72.0497
207 71.9523
208 72.0181
209 71.929
210 71.9984
211 72.1887
212 72.1791
213 72.062
214 72.1728
215 72.1694
216 71.798
217 71.9325
218 71.8863
219 71.8176
220 71.8076
221 71.6805
222 71.5238
223 71.1937
224 71.2706
225 71.3581
226 71.2678
227 71.2698
228 71.0042
229 71.1961
230 71.178
231 71.0598
232 70.7869
233 71.2912
234 71.3037
235 71.6183
236 71.6221
237 71.5591
238 71.2098
239 71.2325
240 70.9848
241 71.2249
242 71.1191
243 71.1536
244 71.3898
245 71.2848
246 71.6437
247 71.4243
248 71.1556
249 70.9878
250 70.8591
251 71.2019
252 71.2103
253 71.2917
254 71.2739
255 71.1792
256 71.3901
257 70.988
258 71.0757
259 71.0789
260 71.1446
261 71.3322
262 71.4277
263 71.3902
264 71.0093
265 71.2026
266 71.4768
267 71.5472
268 71.3443
269 71.3254
270 71.243
271 71.2175
272 71.0873
273 71.2042
274 71.7008
275 71.3708
276 70.884
277 71.0908
278 70.7166
279 70.7677
280 71.0022
281 70.6354
282 70.9258
283 70.7259
284 70.6298
285 70.8851
286 70.5453
287 70.5798
288 70.4017
289 70.3584
290 70.3172
291 70.1777
292 70.2759
293 70.3579
294 70.3595
295 69.9485
296 70.1422
297 70.1684
298 70.3997
299 70.343
300 70.3865
301 70.1917
302 70.3907
303 70.3026
304 70.2404
305 70.4595
306 70.4673
307 70.1987
308 70.3599
309 70.5922
310 70.4577
311 70.1826
312 69.9847
313 70.3156
314 70.3544
315 70.5209
316 70.3987
317 70.3718
318 70.3445
319 70.2403
320 70.1984
321 70.1282
322 70.186
323 70.0978
324 70.348
325 70.2477
326 70.142
327 70.2147
328 70.1497
329 70.0079
330 70.1729
331 70.5248
332 70.3998
333 70.3566
334 70.5645
335 70.6915
336 70.5138
337 70.4281
338 70.122
339 70.1837
340 69.723
341 69.8236
342 70.0597
343 69.6958
344 69.7851
345 69.88
346 69.8883
347 70.117
348 70.0783
349 69.814
350 69.4902
351 69.4771
352 70.1706
353 69.7563
354 69.9154
355 69.8931
356 69.647
357 69.8963
358 69.5687
359 69.7373
360 69.9349
361 70.0061
362 70.0986
363 69.8242
364 69.6418
365 69.8666
366 69.9483
367 69.8891
368 69.5099
369 69.8042
370 69.6079
371 69.7017
372 69.6895
373 69.6619
374 70.3017
375 70.197
376 69.9194
377 69.9403
378 69.659
379 69.5999
380 69.7812
381 70.1715
382 69.737
383 69.5268
384 69.5754
385 69.4941
386 69.9395
387 69.4518
388 69.7164
389 70.017
390 69.6697
391 69.7303
392 69.649
393 69.8155
394 69.6455
395 69.9317
396 69.4468
397 69.7497
398 69.5233
399 69.4625
400 69.666
401 69.666
402 69.5617
403 69.5803
404 69.6406
405 69.1738
406 69.3016
407 69.127
408 69.4053
409 69.3048
410 69.1384
411 69.0313
412 69.4206
413 69.5576
414 69.4343
415 69.1544
416 69.1834
417 69.6948
418 69.1772
419 69.4776
420 69.4856
421 69.4478
422 69.2886
423 69.3379
424 68.9511
425 69.4027
426 69.6005
427 69.3052
428 69.1963
429 69.0269
430 69.0419
431 69.3582
432 69.2092
433 69.0697
434 69.1237
435 69.1931
436 69.1928
437 69.0655
438 69.1758
439 69.1433
440 68.9922
441 69.4419
442 68.9186
443 69.1762
444 69.1442
445 69.4522
446 69.0095
447 69.0587
448 69.6607
449 69.2513
450 69.2752
451 69.1408
452 69.0495
453 69.2799
454 69.3651
455 69.3586
456 69.4743
457 69.0426
458 69.0697
459 68.9948
460 69.1871
461 69.0794
462 69.2534
463 69.6457
464 69.4011
465 69.0985
466 69.2368
467 69.2956
468 69.0764
469 69.0851
470 69.3272
471 69.3589
472 69.324
473 69.1803
474 69.0444
475 69.0935
476 69.6075
477 69.5967
478 69.2513
479 69.383
480 69.3
481 69.1313
482 69.5025
483 69.1774
484 69.169
485 69.2928
486 69.2063
487 69.5386
488 69.5546
489 69.0594
490 68.9658
491 69.2736
492 68.8895
493 68.9988
494 69.1496
495 69.0965
496 69.3485
497 69.5025
498 69.3222
499 69.3221
500 69.2439
501 69.2806
502 69.0561
503 69.0445
504 69.388
505 69.3026
506 69.1763
507 68.9795
508 69.2632
509 69.4996
510 69.3971
511 69.0018
512 69.0551
513 69.0229
514 69.3893
515 69.2278
516 69.4497
517 69.26
518 69.0068
519 68.9364
520 69.3303
521 69.0662
522 69.3443
523 69.396
524 68.9125
525 68.9315
526 69.5546
527 69.5222
528 69.3933
529 69.7336
530 69.3356
531 69.3281
532 69.0763
533 69.0398
534 69.2599
535 69.4998
536 69.3949
537 69.544
538 69.3835
539 69.3327
540 69.1008
541 69.0567
542 69.4295
543 69.1354
544 69.3981
545 69.3548
546 69.501
547 69.1698
548 68.9986
549 68.8684
550 68.9477
551 69.1265
552 68.9405
553 68.8722
554 68.9605
555 68.9337
556 68.6348
557 68.9655
558 69.2128
559 68.8635
560 68.7267
561 68.9919
562 68.6701
563 68.8237
564 68.7781
565 68.7862
566 68.8541
567 68.7066
568 68.6996
569 68.7729
570 68.8657
571 69.2241
572 69.218
573 68.9567
574 68.8362
575 68.8248
576 68.7361
577 68.9073
578 68.7083
579 68.973
580 68.6515
581 68.714
582 68.8292
583 69.1151
584 68.6503
585 68.584
586 68.633
587 68.903
588 68.9999
589 68.9635
590 68.7812
591 68.5717
592 68.8027
593 68.7899
594 68.6996
595 68.7799
596 68.5902
597 68.6868
598 68.823
599 68.8542
600 69.0246
601 68.9875
602 68.6716
603 68.9897
604 68.8545
605 68.7947
606 68.8296
607 68.6543
608 68.859
609 68.8065
610 68.7247
611 68.7414
612 68.5531
613 68.9638
614 69.1642
615 68.7785
616 68.7315
617 68.8608
618 68.8748
619 68.9807
620 68.5472
621 68.5237
622 68.64
623 68.4586
624 68.7659
625 68.6637
626 68.7067
627 68.8137
628 68.5958
629 68.7576
630 68.8389
631 68.6875
632 68.2496
633 68.2651
634 68.6731
635 68.8159
636 69.09
637 68.6171
638 68.4925
639 68.4985
640 68.4231
641 68.6649
642 68.403
643 68.2144
644 68.5375
645 68.6297
646 68.5479
647 68.8489
648 68.5313
649 68.1965
650 68.4498
651 68.4165
652 68.7942
653 68.4978
654 68.6808
655 68.5043
656 68.9422
657 68.4611
658 68.7084
659 68.8683
660 68.8709
661 68.8465
662 68.613
663 68.232
664 68.2783
665 68.5559
666 68.5901
667 68.4282
668 68.5688
669 68.8355
670 68.7554
671 68.5045
672 68.499
673 68.7215
674 68.5035
675 68.3971
676 68.5499
677 68.7097
678 68.548
679 68.5313
680 68.3405
681 68.7418
682 68.6872
683 68.5902
684 68.4355
685 68.6701
686 68.5998
687 68.5299
688 68.5559
689 68.824
690 68.5193
691 68.6086
692 68.5429
693 68.4892
694 68.376
695 68.4467
696 68.4539
697 68.4733
698 68.6276
699 68.5636
700 68.487
701 68.7081
702 68.6823
703 68.7609
704 68.6126
705 68.6979
706 68.8058
707 68.9291
708 68.8319
709 68.8084
710 68.5841
711 68.6055
712 68.508
713 68.6883
714 68.4474
715 68.2952
716 68.5931
717 68.5226
718 68.5776
719 68.9672
720 69.1611
721 68.4477
722 68.7022
723 68.8398
724 68.5124
725 68.664
726 68.6345
727 68.6397
728 68.4832
729 68.6007
730 68.9126
731 68.7331
732 68.5677
733 68.6103
734 68.5638
735 68.7166
736 68.8313
737 68.7496
738 68.6666
739 68.5796
740 68.6317
741 68.5805
742 68.8481
743 68.748
744 68.9461
745 68.3466
746 68.6699
747 68.6731
748 68.3709
749 68.3798
750 68.6939
751 68.6203
752 68.6129
753 68.3623
754 68.5106
755 68.7167
756 68.9344
757 68.6891
758 68.4294
759 68.6563
760 68.5399
761 68.5783
762 68.8662
763 68.6428
764 68.6952
765 68.3634
766 68.501
767 68.6735
768 68.7817
769 68.658
770 68.7768
771 68.635
772 68.5922
773 68.4452
774 68.3941
775 68.7527
776 68.7445
777 68.7643
778 68.8608
779 68.6698
780 69.2253
781 68.0946
782 67.0261
783 66.8505
784 66.8389
785 66.7647
786 66.801
787 66.5593
788 66.9657
789 66.8574
790 67.0246
791 66.6715
792 66.532
793 66.7057
794 66.3741
795 66.8264
796 66.5522
797 66.6312
798 66.4343
799 66.4369
800 66.7881
801 66.8307
802 66.8076
803 66.6461
804 66.6407
805 66.668
806 66.8853
807 66.6127
808 66.5403
809 66.7352
810 66.6429
811 66.6786
812 66.8148
813 66.7499
814 66.528
815 66.7959
816 66.429
817 66.6214
818 66.6013
819 66.6867
820 66.3913
821 66.474
822 66.5817
823 66.6199
824 66.7993
825 66.4428
826 66.5611
827 66.6466
828 66.6437
829 66.7601
830 66.8931
831 66.5926
832 66.6558
833 66.8591
834 66.7464
835 66.8157
836 66.8726
837 66.754
838 66.989
839 66.9112
840 66.7916
841 67.0947
842 66.8622
843 66.9379
844 66.785
845 66.8464
846 66.6712
847 66.529
848 67.1433
849 66.891
850 66.8513
851 66.829
852 66.6836
853 66.6299
854 66.7627
855 66.6835
856 66.5987
857 66.578
858 66.7338
859 66.7891
860 66.6197
861 66.5772
862 67.1904
863 66.8167
864 66.4436
865 66.6583
866 66.7778
867 66.6712
868 66.8278
869 66.8804
870 66.9783
871 66.5683
872 66.5655
873 66.4728
874 66.4907
875 66.8592
876 66.9019
877 66.7171
878 66.8561
879 66.6498
880 66.501
881 66.5135
882 66.5175
883 66.6435
884 66.4097
885 66.7979
886 66.6206
887 66.5184
888 66.5272
889 66.7122
890 66.8876
891 66.3115
892 66.5141
893 66.7813
894 66.6717
895 66.5923
896 66.7778
897 66.3813
898 66.4807
899 66.7664
900 66.6883
901 66.7161
902 66.793
903 66.7272
904 66.7461
905 66.8769
906 66.7319
907 66.7097
908 66.3616
909 66.6636
910 66.8051
911 66.7905
912 66.5679
913 66.4758
914 66.4796
915 66.6098
916 66.5778
917 66.511
918 66.6437
919 66.7306
920 66.4637
921 66.3728
922 66.4068
923 66.7395
924 66.3549
925 66.4077
926 66.6743
927 66.7255
928 66.5491
929 66.4595
930 66.4924
931 66.6172
932 66.6181
933 66.4903
934 66.5831
935 66.7346
936 66.7661
937 66.8268
938 66.7489
939 66.5827
940 66.8489
941 66.4255
942 66.634
943 66.4361
944 66.5048
945 66.644
946 66.804
947 66.5732
948 66.5425
949 66.4756
950 66.2921
951 66.575
952 66.5629
953 66.7272
954 66.945
955 66.3047
956 66.5228
957 66.4268
958 66.4207
959 66.6032
960 66.5528
961 66.8023
962 66.6826
963 66.5162
964 66.7234
965 66.354
966 66.7781
967 66.8277
968 66.8027
969 66.4321
970 66.7121
971 66.6296
972 66.629
973 66.4878
974 66.8284
975 66.8634
976 66.8958
977 66.5929
978 66.5639
979 66.3117
980 66.6019
981 66.5028
982 66.7129
983 66.5382
984 66.5288
985 66.5254
986 66.58
987 66.2269
988 66.7296
989 66.669
990 66.6819
991 66.6566
992 66.5261
993 66.5973
994 66.7559
995 66.9425
996 66.663
997 66.6073
998 66.6291
999 66.8361
1000 66.5324
1001 66.5518
1002 66.6955
1003 66.5442
1004 66.7471
1005 66.7819
1006 66.9969
1007 66.8454
1008 66.6538
1009 66.4903
1010 66.4248
1011 66.7667
1012 66.6454
1013 66.5262
1014 66.4122
1015 66.6092
1016 66.3756
1017 66.5543
1018 66.4325
1019 66.4355
1020 66.5241
1021 66.5119
1022 66.5924
1023 66.5918
1024 66.5022
1025 66.425
1026 66.435
1027 66.6308
1028 66.4924
1029 66.3746
1030 66.3791
1031 66.4703
1032 66.7489
1033 66.6884
1034 66.4724
1035 66.4382
1036 66.842
1037 66.8246
1038 66.7119
1039 66.7182
1040 66.6513
1041 66.6251
1042 66.8885
1043 66.7778
1044 66.6127
1045 66.4984
1046 66.577
1047 66.5937
1048 66.8012
1049 66.6785
1050 66.4529
1051 66.7355
1052 66.5555
1053 66.4158
1054 66.511
1055 66.775
1056 66.5958
1057 66.621
1058 66.5515
1059 66.347
1060 66.8633
1061 66.5963
1062 66.4802
1063 66.646
1064 66.5236
1065 66.4257
1066 66.468
1067 66.7134
1068 66.2813
1069 66.1945
1070 66.4047
1071 67.1052
1072 66.8415
1073 66.5102
1074 66.5242
1075 66.6625
1076 66.8261
1077 66.1164
1078 66.5554
1079 66.5545
1080 66.7677
1081 66.5781
1082 66.5394
1083 66.2798
1084 66.7849
1085 66.4895
1086 66.642
1087 66.6396
1088 66.8388
1089 66.8229
1090 66.9676
1091 66.7036
1092 66.9679
1093 66.8671
1094 66.6992
1095 66.8481
1096 66.7059
1097 66.7836
1098 66.7278
1099 66.6774
1100 66.392
1101 66.6383
1102 66.5823
1103 66.2913
1104 67.0382
1105 66.6159
1106 66.3667
1107 66.5313
1108 66.4818
1109 66.2493
1110 66.5609
1111 66.4322
1112 66.266
1113 66.4408
1114 66.751
1115 66.7684
1116 66.5967
1117 66.8189
1118 66.814
1119 66.5859
1120 66.6543
1121 66.6066
1122 66.632
1123 66.5091
1124 66.5473
1125 66.551
1126 66.5272
1127 66.5804
1128 66.3157
1129 66.3345
1130 66.5703
1131 66.649
1132 66.3729
1133 66.5741
1134 66.5571
1135 66.3833
1136 66.5933
1137 66.6737
1138 66.7384
1139 66.7365
1140 66.5877
1141 66.463
1142 66.5449
1143 66.7312
1144 66.6949
1145 66.71
1146 66.9432
1147 66.4872
1148 66.8171
1149 66.681
1150 66.4091
1151 66.6341
1152 66.8775
1153 66.6473
1154 66.3178
1155 66.6443
1156 66.5447
1157 66.7029
1158 66.8706
1159 66.5477
1160 66.9348
1161 66.4009
1162 66.6223
1163 66.7098
1164 66.7669
1165 66.6662
1166 66.5709
1167 66.5696
1168 66.5418
1169 66.9558
1170 66.6634
1171 66.6963
1172 66.7152
1173 66.5786
1174 66.8716
1175 67.0268
1176 66.979
1177 66.5576
1178 66.8362
1179 66.5476
1180 66.5408
1181 66.4906
1182 66.5088
1183 66.4894
1184 66.7135
1185 66.6454
1186 66.2473
1187 66.5526
1188 66.8712
1189 66.4876
1190 66.3694
1191 66.5216
1192 66.8202
1193 67.0532
1194 66.497
1195 66.3832
1196 66.5584
1197 66.7292
1198 66.8478
1199 66.7118
1200 66.7751
1201 67.0505
1202 66.7132
1203 66.4115
1204 66.6261
1205 66.5195
1206 66.4675
1207 66.5593
1208 66.5036
1209 66.515
1210 66.6572
1211 66.5446
1212 66.4739
1213 66.4282
1214 66.4868
1215 66.5106
1216 66.5682
1217 66.359
1218 66.4789
1219 66.4047
1220 66.4838
1221 66.8299
1222 66.6037
1223 66.6166
1224 66.4132
1225 66.4339
1226 66.4661
1227 66.7071
1228 66.4743
1229 66.7405
1230 66.3213
1231 66.4176
1232 66.4925
1233 66.5826
1234 67.2613
1235 66.7342
1236 66.4884
1237 66.7089
1238 66.7236
1239 66.4117
1240 66.5335
1241 66.6374
1242 66.8299
1243 66.9519
1244 67.0277
1245 66.6607
1246 66.4242
1247 66.567
1248 66.7095
1249 66.7917
1250 66.6796
1251 66.4779
1252 66.4855
1253 66.5931
1254 66.7058
1255 66.4675
1256 66.6701
1257 66.7058
1258 66.7863
1259 66.8973
1260 66.608
1261 66.8375
1262 66.5552
1263 66.6007
1264 66.6404
1265 66.5716
1266 66.7811
1267 66.7252
1268 66.6745
1269 66.6884
1270 66.7362
1271 66.4248
1272 66.4667
1273 66.8242
1274 66.8032
1275 66.6333
1276 66.5431
1277 66.6663
1278 66.6241
1279 66.6922
1280 66.3293
1281 66.5536
1282 66.8784
1283 66.6562
1284 66.74
1285 66.862
1286 66.5666
1287 66.2695
1288 66.5156
1289 66.3335
1290 66.7698
1291 66.9773
1292 66.6675
1293 66.6985
1294 66.4413
1295 66.6818
1296 66.849
1297 66.6545
1298 66.5737
1299 66.7235
1300 66.3197
1301 66.7304
1302 66.8216
1303 66.5191
1304 66.6329
1305 66.8116
1306 66.6704
1307 66.5681
1308 66.6333
1309 66.7463
1310 66.4488
1311 66.4456
1312 66.4454
1313 66.4468
1314 66.6102
1315 66.5645
1316 66.4066
1317 66.3296
1318 66.5706
1319 66.6667
1320 66.5896
1321 66.5889
1322 66.5768
1323 66.5705
1324 66.6007
1325 66.5785
1326 66.8452
1327 66.5678
1328 66.8259
1329 66.8209
1330 66.5721
1331 66.539
1332 66.8836
1333 66.7498
1334 66.7738
1335 66.8186
1336 66.7731
1337 66.5353
1338 66.3739
1339 66.4042
1340 66.6333
1341 66.885
1342 66.9362
1343 66.7878
1344 66.2916
1345 66.6443
1346 66.6801
1347 66.4896
1348 66.5765
1349 66.7425
1350 66.5407
1351 66.7032
1352 66.364
1353 66.7378
1354 66.4307
1355 66.6438
1356 66.4465
1357 66.3777
1358 66.6054
1359 66.8201
1360 66.8658
1361 66.7645
1362 66.4151
1363 66.5338
1364 66.633
1365 66.777
1366 66.9225
1367 66.6054
1368 66.5868
1369 66.5009
1370 66.6893
1371 66.8204
1372 66.7915
1373 66.8536
1374 66.7694
1375 66.5443
1376 66.4687
1377 66.6278
1378 66.5925
1379 66.5434
1380 66.5318
1381 66.5565
1382 66.4937
1383 66.5965
1384 66.8126
1385 66.6091
1386 66.6442
1387 66.7025
1388 66.257
1389 66.8503
1390 66.7093
1391 66.5562
1392 66.581
1393 66.5091
1394 66.4962
1395 66.5331
1396 66.6495
1397 66.3175
1398 66.4502
1399 66.3091
1400 66.4337
1401 66.7369
1402 66.6403
1403 66.7164
1404 66.7876
1405 66.4206
1406 66.8092
1407 66.8806
1408 66.7393
1409 66.7844
1410 66.8581
1411 66.7099
1412 66.6219
1413 66.7673
1414 66.9193
1415 66.6703
1416 66.8292
1417 66.8473
1418 66.4938
1419 66.1637
1420 66.7509
1421 66.6881
1422 66.349
1423 66.7093
1424 66.644
1425 66.753
1426 66.7712
1427 66.7709
1428 66.6479
1429 66.4812
1430 66.5714
1431 66.6242
1432 66.8444
1433 66.5821
1434 66.5601
1435 66.6628
1436 66.7513
1437 66.4237
1438 66.625
1439 66.3952
1440 66.3068
1441 66.6226
1442 66.5561
1443 66.3415
1444 66.779
1445 66.855
1446 66.7529
1447 66.5845
1448 66.6219
1449 66.8472
1450 66.75
1451 66.4723
1452 66.7166
1453 67.0083
1454 66.8757
1455 66.6656
1456 66.751
1457 66.6757
1458 66.5856
1459 66.6599
1460 66.722
1461 66.7993
1462 66.9091
1463 66.8447
1464 66.5612
1465 66.8286
1466 66.5774
1467 66.8174
1468 66.5092
1469 66.5337
1470 66.6559
1471 66.3272
1472 66.0688
1473 66.3965
1474 66.0996
1475 65.6694
1476 65.965
1477 65.6228
1478 65.6565
1479 65.6589
1480 66.0067
1481 65.978
1482 65.5198
1483 65.5389
1484 65.6537
1485 66.0713
1486 65.742
1487 65.688
1488 66.0639
1489 66.1266
1490 66.0741
1491 66.114
1492 66.0941
1493 65.8671
1494 65.5965
1495 65.5351
1496 65.6631
1497 65.9339
1498 66.0683
1499 65.9088
1500 65.5954
1501 65.5995
1502 65.6583
1503 65.891
1504 66.2088
1505 65.9514
1506 65.901
1507 66.1876
1508 66.0713
1509 66.0607
1510 66.0343
1511 66.0969
1512 66.09
1513 65.956
1514 66.0411
1515 66.0264
1516 65.8049
1517 65.7828
1518 65.5324
1519 66.0989
1520 65.9736
1521 65.9037
1522 66.1895
1523 66.1836
1524 65.925
1525 66.0781
1526 66.1344
1527 66.0751
1528 66.0136
1529 65.8931
1530 65.9924
1531 66.1493
1532 65.7593
1533 65.9017
1534 65.7846
1535 66.1905
1536 65.9768
1537 65.9384
1538 66.1026
1539 65.9671
1540 65.917
1541 66.1884
1542 66.0402
1543 66.0678
1544 65.9313
1545 65.9067
1546 66.0562
1547 65.7003
1548 65.9636
1549 66.0661
1550 65.7829
1551 65.6748
1552 65.9392
1553 66.0186
1554 65.8912
1555 65.903
1556 65.7335
1557 66.1281
1558 66.2144
1559 65.9503
1560 65.9278
1561 66.3171
1562 66.0178
1563 66.2979
1564 65.9773
1565 65.8402
1566 65.7888
1567 65.9127
1568 65.727
1569 65.8925
1570 66.1088
1571 65.8801
1572 65.834
1573 65.9213
1574 66.076
1575 65.9668
1576 66.0465
1577 66.1338
1578 65.7026
1579 65.6108
1580 65.75
1581 66.2859
1582 65.7821
1583 65.6614
1584 65.9509
1585 65.9874
1586 66.0619
1587 66.0715
1588 65.8865
1589 65.9639
1590 66.103
1591 65.9382
1592 65.9779
1593 66.0022
1594 65.777
1595 65.7544
1596 65.6937
1597 65.9076
1598 65.8306
1599 65.8855
1600 66.2564
1601 66.2202
1602 65.8698
1603 65.6102
1604 66.0677
1605 65.8992
1606 65.9181
1607 65.7096
1608 65.8626
1609 65.6043
1610 65.8233
1611 65.984
1612 65.7323
1613 65.8769
1614 65.7714
1615 65.827
1616 65.8294
1617 65.6152
1618 65.9813
1619 65.7044
1620 65.8117
1621 65.3866
1622 65.759
1623 65.9335
1624 66.2108
1625 66.0285
1626 65.9578
1627 66.1685
1628 66.07
1629 65.8784
1630 66.0276
1631 66.0466
1632 66.0483
1633 65.9715
1634 65.973
1635 66.0945
1636 65.8019
1637 66.1089
1638 66.2777
1639 66.1075
1640 65.8226
1641 66.1121
1642 66.0228
1643 65.8601
1644 66.119
1645 65.7998
1646 65.9911
1647 65.8213
1648 65.9973
1649 65.887
1650 65.6796
1651 65.6455
1652 65.7933
1653 65.8454
1654 65.8605
1655 66.2895
1656 65.8858
1657 65.9199
1658 65.6736
1659 66.1521
1660 65.9896
1661 65.9913
1662 65.8453
1663 66.0705
1664 65.892
1665 66.0445
1666 66.0696
1667 66.2893
1668 66.1348
1669 65.8999
1670 65.8998
1671 65.9295
1672 66.2197
1673 65.9843
1674 65.7076
1675 66.0276
1676 65.9785
1677 66.1391
1678 65.8304
1679 65.9428
1680 66.089
1681 65.6231
1682 65.8786
1683 65.7792
1684 65.8706
1685 65.8949
1686 65.873
1687 65.9903
1688 65.7355
1689 65.9901
1690 66.031
1691 65.9236
1692 65.8631
1693 65.8857
1694 65.9399
1695 66.0281
1696 65.8878
1697 66.1171
1698 65.8842
1699 65.9985
1700 65.9319
1701 65.9166
1702 66.2729
1703 66.1166
1704 65.6726
1705 65.8811
1706 65.9279
1707 66.2238
1708 65.8579
1709 65.4985
1710 65.5944
1711 66.0283
1712 66.1469
1713 65.9427
1714 66.0914
1715 66.1467
1716 65.9497
1717 65.8072
1718 65.8802
1719 65.8268
1720 65.9768
1721 65.8598
1722 65.8655
1723 65.9133
1724 65.798
1725 65.9678
1726 65.959
1727 65.6776
1728 65.8112
1729 66
1730 65.7992
1731 65.4325
1732 65.8279
1733 65.8241
1734 65.9601
1735 66.0574
1736 65.9383
1737 66.0322
1738 65.8569
1739 65.6699
1740 65.6853
1741 66.0756
1742 65.9281
1743 65.9762
1744 65.9948
1745 66.1315
1746 66.2003
1747 65.9225
1748 66.1615
1749 65.9929
1750 65.9295
1751 65.5407
1752 65.7029
1753 65.9903
1754 65.7953
1755 65.8075
1756 65.8407
1757 66.0008
1758 66.093
1759 66.0726
1760 65.9776
1761 66.0875
1762 66.0001
1763 66.2599
1764 66.1438
1765 66.0049
1766 66.0215
1767 65.9955
1768 66.0793
1769 66.0428
1770 66.0949
1771 66.0581
1772 65.8967
1773 65.9413
1774 65.875
1775 66.0454
1776 65.6445
1777 65.6155
1778 65.8079
1779 65.9928
1780 65.9817
1781 65.6302
1782 65.8201
1783 65.9746
1784 65.8607
1785 65.9601
1786 66.281
1787 65.941
1788 65.9249
1789 66.0857
1790 65.8343
1791 66.0737
1792 65.6597
1793 66.1372
1794 66.2984
1795 65.8493
1796 66.0414
1797 66.258
1798 65.7881
1799 65.8174
1800 65.7739
1801 65.8262
1802 65.693
1803 65.8574
1804 65.943
1805 66.2521
1806 65.7602
1807 66.2459
1808 66.3953
1809 66.3416
1810 66.2584
1811 66.0159
1812 66.0374
1813 65.8085
1814 65.8764
1815 65.9892
1816 65.9902
1817 65.7075
1818 65.6081
1819 65.5694
1820 65.7179
1821 66.1814
1822 65.7346
1823 65.9618
1824 65.6383
1825 66.1739
1826 66.377
1827 66.2642
1828 65.6774
1829 65.8677
1830 65.9099
1831 65.7959
1832 65.693
1833 66.0586
1834 65.7372
1835 65.8121
1836 65.8367
1837 65.6746
1838 65.9548
1839 65.881
1840 66.0824
1841 65.9345
1842 66.0275
1843 66.141
1844 65.8021
1845 66.123
1846 65.9331
1847 65.8812
1848 66.0024
1849 66.2234
1850 66.1578
1851 66.0546
1852 66.1189
1853 65.6871
1854 65.9543
1855 65.7407
1856 65.973
1857 66.0667
1858 66.1462
1859 66.2467
1860 66.1128
1861 66.0697
1862 65.836
1863 66.1185
1864 65.8323
1865 65.823
1866 65.8888
1867 66.166
1868 65.9082
1869 65.8593
1870 65.8638
1871 65.8234
1872 65.8594
1873 66.1047
1874 65.9212
1875 65.7678
1876 65.7343
1877 66.1335
1878 65.7126
1879 65.8867
1880 65.7783
1881 65.8703
1882 66.3362
1883 66.1675
1884 66.1897
1885 65.9116
1886 65.8498
1887 65.8759
1888 65.7172
1889 65.5366
1890 65.7959
1891 65.9782
1892 65.8886
1893 65.9214
1894 66.3178
1895 65.9017
1896 66.1441
1897 66.0543
1898 65.7887
1899 65.836
1900 65.662
1901 65.7584
1902 65.8599
1903 65.8539
1904 65.8126
1905 66.2193
1906 66.0869
1907 65.8231
1908 65.7019
1909 66.2103
1910 65.8935
1911 66.2051
1912 65.8851
1913 65.8212
1914 65.8281
1915 66.1395
1916 65.6046
1917 65.8327
1918 65.8879
1919 65.9363
1920 66.0242
1921 65.9029
1922 65.9886
1923 65.9311
1924 65.9312
1925 66.0255
1926 66.0946
1927 65.9957
1928 66.3537
1929 66.3107
1930 65.9284
1931 65.7031
1932 65.7252
1933 66.3154
1934 66.2463
1935 65.8906
1936 66.1275
1937 66.2099
1938 65.7626
1939 65.7951
1940 66.0178
1941 65.9362
1942 66.0674
1943 66.0584
1944 66.025
1945 65.8182
1946 66.0545
1947 65.8248
1948 65.9522
1949 66.3207
1950 66.0418
1951 65.8466
1952 65.8405
1953 65.8136
1954 65.876
1955 66.1196
1956 66.08
1957 66.0007
1958 65.7176
1959 65.673
1960 65.6642
1961 65.4648
1962 65.8169
1963 65.8808
1964 65.9009
1965 66.0938
1966 66.1711
1967 65.8245
1968 65.8406
1969 65.7351
1970 65.7128
1971 66.1312
1972 66.0646
1973 65.8194
1974 65.8236
1975 66.2957
1976 66.1339
1977 66.0499
1978 66.15
1979 66.0294
1980 66.0005
1981 65.9103
1982 65.8335
1983 65.6445
1984 66.0697
1985 65.9338
1986 65.7512
1987 66.1791
1988 65.9117
1989 66.1868
1990 66.3372
1991 65.7906
1992 66.4325
1993 66.0733
1994 66.2322
1995 65.9256
1996 65.858
1997 66.0998
1998 65.9761
1999 65.7053
2000 65.7484
2001 65.7551
2002 65.8489
2003 66.2331
2004 66.1168
2005 66.1759
2006 65.6925
2007 66.2429
2008 66.0096
2009 66.1578
2010 66.0894
2011 66.2596
2012 66.2555
2013 65.9956
2014 65.8639
2015 65.7666
2016 65.8802
2017 65.7093
2018 65.8718
2019 65.8541
2020 66.0755
2021 65.7336
2022 65.7356
2023 66.1029
2024 65.9414
2025 65.8195
2026 65.7817
2027 65.8126
2028 65.7978
2029 65.6491
2030 66.0651
2031 66.1195
2032 66.1771
2033 65.9549
2034 66.0448
2035 65.9276
2036 66.1029
2037 65.9071
2038 66.0065
2039 65.998
2040 65.8135
2041 65.839
2042 66.0191
2043 65.8665
2044 65.9063
2045 65.9315
2046 65.8644
2047 65.8458
2048 65.7992
2049 66.0305
2050 65.7061
2051 66.0256
2052 65.7031
2053 65.7007
2054 66.0894
2055 65.8839
2056 66.124
2057 66.2438
2058 65.9966
2059 65.6947
2060 65.8724
2061 65.7812
2062 65.7652
2063 65.9378
2064 65.7395
2065 65.9067
2066 65.8659
2067 65.9198
2068 66.3538
2069 65.9839
2070 65.7238
2071 66.1658
2072 66.1527
2073 66.3696
2074 66.1208
2075 65.8899
2076 66.0446
2077 65.8585
2078 65.9355
2079 65.8447
2080 65.8866
2081 66.0821
2082 66.1117
2083 66.0686
2084 65.7174
2085 65.8335
2086 66.0043
2087 66.017
2088 65.9449
2089 65.9099
2090 65.7921
2091 66.0124
2092 65.8205
2093 65.8957
2094 66.0305
2095 65.8753
2096 66.0479
2097 66.0935
2098 66.0241
2099 65.8302
2100 65.9818
2101 65.9399
2102 65.8418
2103 65.9998
2104 66.2448
2105 66.2579
2106 66.085
2107 66.1264
2108 66.0135
2109 66.2063
2110 66.1728
2111 66.1967
2112 65.7307
2113 65.7704
2114 65.6403
2115 65.8544
2116 65.9581
2117 65.9968
2118 65.7058
2119 66.1158
2120 66.2059
2121 66.2958
2122 66.1
2123 65.8493
2124 65.5376
2125 65.512
2126 65.5749
2127 65.9729
2128 65.6619
2129 65.7329
2130 65.8951
2131 65.6333
2132 65.6636
2133 65.5882
2134 66.0209
2135 66.2383
2136 66.0205
2137 66.1769
2138 66.04
2139 66.103
2140 66.0069
2141 65.8689
2142 66.0051
2143 66.0402
2144 65.7989
2145 65.8859
2146 65.501
2147 65.7946
2148 66.0309
2149 65.9989
2150 66.0212
2151 66.1133
2152 65.653
2153 66.0396
2154 65.8858
2155 65.7834
2156 65.7315
2157 65.8574
2158 66.0763
2159 65.7215
2160 65.6631
2161 65.6429
2162 65.9342
2163 66.0752
2164 65.7715
2165 65.7418
2166 65.81
2167 65.7511
2168 65.8731
2169 65.904
2170 65.7954
2171 65.71
2172 66.0263
2173 65.9299
2174 65.9815
2175 65.824
2176 65.892
2177 66.0155
2178 66.0785
2179 66.004
2180 65.9245
2181 65.6636
2182 66.1788
2183 65.595
2184 65.8973
2185 65.8937
2186 65.7428
2187 65.9635
2188 65.943
2189 66.1197
2190 65.8442
2191 66.1696
2192 66.0523
2193 66.0588
2194 65.7656
2195 65.9649
2196 66.0747
2197 65.9364
2198 65.7711
2199 65.8475
2200 65.7651
2201 66.0543
2202 65.8023
2203 65.8441
2204 65.9778
2205 66.1983
2206 65.8466
2207 65.7834
2208 65.7714
2209 66.0505
2210 66.3626
2211 66.3939
2212 66.1643
2213 66.0079
2214 65.9125
2215 65.7411
2216 65.9291
2217 65.8425
2218 66.2467
2219 66.0383
2220 66.1559
2221 66.314
2222 66.0091
2223 65.8674
2224 65.9148
2225 65.6712
2226 65.9618
2227 65.8043
2228 65.8437
2229 66.0666
2230 65.5927
2231 66.1765
2232 66.1096
2233 65.9168
2234 66.162
2235 65.9492
2236 65.995
2237 65.8801
2238 65.9964
2239 66.0098
2240 65.9299
2241 65.7324
2242 65.9117
2243 65.8799
2244 66.1048
2245 66.0266
2246 65.7921
2247 66.2198
2248 65.7905
2249 65.8792
2250 65.7855
2251 65.9701
2252 66.2805
2253 66.1426
2254 66.0077
2255 66.1921
2256 65.8082
2257 65.7995
2258 65.5257
2259 66.2606
2260 65.8854
2261 65.8577
2262 66.1334
2263 65.9523
2264 65.7902
2265 65.9294
2266 65.7621
2267 65.9389
2268 65.9745
2269 66.2365
2270 66.0096
2271 66.0087
2272 65.8
2273 66.0151
2274 65.9649
2275 65.7628
2276 65.7002
2277 65.6168
2278 65.7663
2279 65.5427
2280 66.4049
2281 66.1136
2282 66.4838
2283 65.9822
2284 66.148
2285 66.0647
2286 65.7158
2287 65.83
2288 65.8317
2289 65.9033
2290 65.8238
2291 66.0027
2292 65.8073
2293 65.6183
2294 65.7169
2295 65.7689
2296 66.0544
2297 65.919
2298 66.072
2299 66.029
2300 65.8883
2301 66.1551
2302 66.015
2303 65.9438
2304 65.8304
2305 66.0186
2306 65.8474
2307 65.8375
2308 65.7804
2309 66.1723
2310 65.8283
2311 65.818
2312 66.0596
2313 66.1709
2314 66.1029
2315 66.1643
2316 65.9959
2317 65.722
2318 65.8378
2319 65.9368
2320 65.8006
2321 66.1194
2322 65.7157
2323 65.9246
2324 65.9875
2325 66.0616
2326 65.842
2327 65.694
2328 65.7883
2329 65.9374
2330 66.3287
2331 65.8738
2332 65.7588
2333 65.9422
2334 66.0915
2335 65.7804
2336 65.9673
2337 65.8465
2338 66.0755
2339 65.947
2340 66.0006
2341 65.9035
2342 65.8163
2343 65.9312
2344 65.7021
2345 65.8172
2346 65.907
2347 65.7464
2348 66.2828
2349 66.3972
2350 65.9446
2351 66.2506
2352 66.1657
2353 66.0523
2354 65.8706
2355 66.2488
2356 65.8677
2357 65.9589
2358 65.9921
2359 65.5827
2360 65.8716
2361 65.7054
2362 65.8414
2363 65.8516
2364 65.9687
2365 66.0658
2366 66.0255
2367 66.0057
2368 65.6191
2369 65.9545
2370 65.9103
2371 65.9272
2372 66.0545
2373 65.9392
2374 66.1027
2375 66.1052
2376 66.0205
2377 66.0083
2378 65.7288
2379 65.9685
2380 65.5909
2381 65.6843
2382 65.7727
2383 65.9576
2384 65.8027
2385 65.8768
2386 66.0199
2387 66.0361
2388 65.8602
2389 65.6079
2390 65.8713
2391 65.861
2392 66.1208
2393 66.0813
2394 65.6423
2395 66.0047
2396 66.168
2397 65.8584
2398 65.769
2399 65.7572
2400 66.2561
2401 65.977
2402 65.851
2403 65.7551
2404 65.9844
2405 65.8713
2406 65.7769
2407 66.0196
2408 65.9866
2409 66.0135
2410 65.9824
2411 66.3255
2412 66.1872
2413 65.8172
2414 65.7735
2415 65.9938
2416 65.7746
2417 66.3079
2418 65.9636
2419 65.6678
2420 65.732
2421 65.9358
2422 66.2354
2423 65.8522
2424 65.8141
2425 66.0897
2426 65.908
2427 65.7594
2428 65.8867
2429 65.7195
2430 66.1198
2431 66.2884
2432 66.4691
2433 66.0486
2434 65.9368
2435 65.9815
2436 65.9979
2437 65.9011
2438 65.7565
2439 65.7561
2440 65.7601
2441 65.9702
2442 65.9542
2443 65.9518
2444 66.0034
2445 66.0704
2446 66.1582
2447 66.0305
2448 65.76
2449 65.9902
2450 65.9914
2451 66.179
2452 65.8238
2453 65.9789
2454 65.9279
2455 65.6852
2456 65.8945
2457 66.2136
2458 65.8597
2459 65.7366
2460 66.0622
2461 66.0667
2462 65.7748
2463 65.8247
2464 65.917
2465 65.6913
2466 65.559
2467 65.6907
2468 65.5791
2469 65.6258
2470 65.7459
2471 65.949
2472 66.1084
2473 66.0559
2474 65.732
2475 65.802
2476 66.0306
2477 66.1472
2478 65.852
2479 65.6612
2480 65.751
2481 65.9134
2482 65.8565
2483 66.0331
2484 66.2383
2485 65.9199
2486 65.7181
2487 65.6901
2488 65.9892
2489 65.9943
2490 65.8945
2491 65.9864
2492 65.8454
2493 65.7663
2494 65.9705
2495 65.7384
2496 65.8309
2497 66.0202
2498 65.8904
2499 65.8381
2500 65.9227
2501 66.0037
2502 66.1787
2503 66.1472
2504 65.9364
2505 65.9486
2506 65.6626
2507 65.8756
2508 65.7584
2509 65.9653
2510 66.1898
2511 66.0011
2512 65.737
2513 66.0298
2514 65.7434
2515 65.9936
2516 65.6267
2517 65.6638
2518 65.9842
2519 66.0682
2520 66.042
2521 66.0364
2522 66.0291
2523 65.7458
2524 65.8322
2525 66.1693
2526 65.9905
2527 65.6961
2528 65.8116
2529 65.8634
2530 65.5548
2531 65.7749
2532 65.5637
2533 65.8937
2534 66.0261
2535 65.6788
2536 65.8439
2537 66.069
2538 66.3311
2539 66.1451
2540 66.0609
2541 66.1893
2542 66.121
2543 65.8642
2544 65.8903
2545 65.6466
2546 65.5335
2547 66.1074
2548 66.0237
2549 66.2065
2550 66.0027
2551 66.1414
2552 66.1414
2553 66.101
2554 65.9839
2555 66.4054
2556 65.9287
2557 65.828
2558 65.7219
2559 65.9845
2560 66.0221
2561 66.0442
2562 65.7165
2563 65.8969
2564 66.1796
2565 66.0198
2566 66.3702
2567 66.1227
2568 65.9256
2569 65.8583
2570 65.7019
2571 65.5675
2572 65.9827
2573 65.6722
2574 65.7413
2575 66.2534
2576 65.715
2577 66.1324
2578 65.9098
2579 66.0461
2580 66.1504
2581 66.2457
2582 65.6483
2583 65.8879
2584 65.85
2585 65.931
2586 65.953
2587 66.1522
2588 66.0578
2589 66.0329
2590 65.8583
2591 65.8851
2592 65.747
2593 65.7926
2594 66.1324
2595 66.043
2596 65.9914
2597 65.5502
2598 65.7819
2599 65.7764
2600 66.1068
2601 66.0702
2602 65.8127
2603 66.1795
2604 65.8591
2605 65.9455
2606 65.9926
2607 66.3468
2608 65.9346
2609 66.0352
2610 66.1719
2611 65.9248
2612 65.9833
2613 65.5196
2614 65.5426
2615 65.8307
2616 65.6301
2617 65.9381
2618 66.1132
2619 65.6998
2620 66.0279
2621 65.9759
2622 65.7062
2623 65.7525
2624 65.7344
2625 65.9356
2626 65.8715
2627 65.7276
2628 66.0278
2629 65.7864
2630 65.6582
2631 65.7996
2632 65.7515
2633 66.0074
2634 65.9782
2635 65.8468
2636 66.2424
2637 65.9267
2638 66.0195
2639 66.0166
2640 65.793
2641 66.072
2642 65.9913
2643 65.897
2644 66.0289
2645 65.7235
2646 66.2449
2647 66.4969
2648 66.1218
2649 66.1043
2650 65.9576
2651 65.7658
2652 65.9785
2653 65.8308
2654 65.6215
2655 66.0992
2656 66.1155
2657 66.0121
2658 66.022
2659 65.9917
2660 65.6268
2661 65.7938
2662 65.7672
2663 65.7744
2664 65.8479
2665 65.8387
2666 65.9782
2667 66.1167
2668 66.0528
2669 66.0467
2670 65.5894
2671 65.4878
2672 66.0484
2673 66.2883
2674 66.3374
2675 65.939
2676 66.1618
2677 65.7716
2678 65.6951
2679 65.7962
2680 66.2736
2681 65.7109
2682 66.1586
2683 66.243
2684 65.8914
2685 66.3174
2686 66.4931
2687 66.1758
2688 66.0355
2689 66.1347
2690 66.2246
2691 66.0533
2692 66.0367
2693 65.9843
2694 65.7647
2695 65.5209
2696 65.5632
2697 65.9361
2698 65.8758
2699 66.0859
2700 66.1566
2701 65.7498
2702 66.0836
2703 66.098
2704 65.9004
2705 65.8041
2706 65.7437
2707 66.0678
2708 66.0709
2709 65.8041
2710 65.68
2711 65.6702
2712 66.1245
2713 65.819
2714 65.9055
2715 65.9085
2716 65.8063
2717 65.9158
2718 65.6501
2719 65.8024
2720 66.2963
2721 66.2734
2722 66.0466
2723 65.7905
2724 65.7297
2725 65.9359
2726 65.9029
2727 65.6734
2728 65.868
2729 66.0352
2730 66.0653
2731 66.2402
2732 66.1563
2733 65.8426
2734 66.0317
2735 66.2034
2736 66.1372
2737 66.517
2738 65.6425
2739 65.7347
2740 65.8422
2741 65.7429
2742 65.7517
2743 66.1572
2744 66.0039
2745 66.0661
2746 65.9473
2747 65.9687
2748 66.1115
2749 66.293
2750 66.1071
2751 65.9272
2752 66.0134
2753 65.9745
2754 65.8641
2755 65.999
2756 65.8786
2757 66.0401
2758 65.9928
2759 66.0304
2760 66.0811
2761 65.9977
2762 66.0945
2763 65.7818
2764 66.0586
2765 65.692
2766 65.8758
2767 66.2383
2768 66.1994
2769 65.6621
2770 65.8671
2771 66.0227
2772 66.2597
2773 65.9969
2774 65.8442
2775 66.1225
2776 66.2486
2777 66.0621
2778 66.0272
2779 66.0925
2780 66.1565
2781 66.2148
2782 65.7964
2783 65.8063
2784 66.0222
2785 65.979
2786 65.9818
2787 65.9423
2788 66.1979
2789 66.1371
2790 66.3712
2791 65.8443
2792 65.8668
2793 66.0163
2794 65.7133
2795 66.0731
2796 65.8902
2797 65.7196
2798 66.0351
2799 66.2471
2800 66.0433
2801 65.7307
2802 65.8449
2803 65.8355
2804 66.2737
2805 66.2171
2806 65.6474
2807 65.7367
2808 65.5011
2809 65.8374
2810 65.7267
2811 66.0964
2812 66.0631
2813 65.9275
2814 66.0491
2815 65.8564
2816 65.9071
2817 65.9139
2818 66.1502
2819 65.9748
2820 66.3466
2821 65.8063
2822 66.0255
2823 65.7539
2824 65.892
2825 65.836
2826 65.471
2827 65.6627
2828 65.7641
2829 65.992
2830 65.8947
2831 65.9051
2832 65.6647
2833 65.7641
2834 65.8365
2835 66.0055
2836 65.8523
2837 66
2838 65.889
2839 66.1483
2840 66.0651
2841 65.7422
2842 65.7947
2843 66.0271
2844 65.8967
2845 66.0425
2846 65.9045
2847 66.2354
2848 65.7963
2849 65.8577
2850 65.8801
2851 65.695
2852 65.9633
2853 66.158
2854 66.0098
2855 66.0037
2856 66.1724
2857 66.0336
2858 65.8086
2859 66.0066
2860 66.2544
2861 66.2372
2862 65.8333
2863 65.8818
2864 65.6659
2865 66.0474
2866 65.9788
2867 65.6854
2868 65.8003
2869 65.9596
2870 66.0588
2871 65.9737
2872 65.821
2873 66.0418
2874 65.5946
2875 65.8338
2876 65.8276
2877 65.8766
2878 66.0645
2879 66.0439
2880 65.732
2881 65.6566
2882 65.7958
2883 65.7955
2884 65.8011
2885 65.9389
2886 65.6925
2887 65.9861
2888 65.8282
2889 65.7836
2890 66.2597
2891 66.0738
2892 66.0806
2893 66.1606
2894 65.8011
2895 65.7624
2896 65.8486
2897 66.2597
2898 65.9657
2899 65.7726
2900 65.7984
2901 65.8953
2902 66.0673
2903 65.7749
2904 65.9075
2905 65.8132
2906 65.9421
2907 65.5665
2908 65.6596
2909 66.0193
2910 65.518
2911 65.6813
2912 65.6981
2913 65.8478
2914 65.7386
2915 65.8577
2916 65.6353
2917 65.7628
2918 65.791
2919 65.7673
2920 65.7753
2921 65.6606
2922 65.9725
2923 65.9163
2924 65.8575
2925 65.9152
2926 66.0476
2927 66.004
2928 65.9603
2929 65.799
2930 65.9263
2931 65.9958
2932 65.6644
2933 65.5982
2934 65.6515
2935 65.9775
2936 65.9461
2937 65.8057
2938 66.1478
2939 65.9175
2940 66.1772
2941 65.7386
2942 65.945
2943 65.9833
2944 65.9544
2945 66.171
2946 65.8507
2947 65.8123
2948 65.7278
2949 66.1731
2950 66.147
2951 65.8856
2952 65.7559
2953 66.0912
2954 65.6279
2955 65.9065
2956 65.916
2957 65.883
2958 66.0771
2959 65.8316
2960 65.8722
2961 65.7441
2962 65.6858
2963 65.9068
2964 65.7354
2965 65.9421
2966 65.8345
2967 65.8708
2968 66.0577
2969 65.9387
2970 66.2762
2971 65.9909
2972 65.9044
2973 65.7864
2974 65.7849
2975 65.7552
2976 65.7785
2977 65.8447
2978 66.0443
2979 65.6529
2980 66.17
2981 66.0432
2982 66.0853
2983 65.772
2984 65.8998
2985 65.9099
2986 65.9419
2987 65.7893
2988 65.6612
2989 65.9623
2990 65.8334
2991 65.9073
2992 65.9392
2993 65.5021
2994 66.1387
2995 66.0434
2996 66.1937
2997 66.0137
2998 65.8944
2999 66.0595
3000 65.7329
3001 66.2795
3002 66.0915
3003 65.9308
3004 66.0903
3005 66.1326
3006 65.8369
3007 66.0898
3008 65.9028
3009 66.0111
3010 65.9181
3011 65.6913
3012 65.9969
3013 65.9291
3014 66.004
3015 66.0396
3016 65.9403
3017 65.7984
3018 65.5707
3019 65.8268
3020 65.7931
3021 65.5995
3022 66.0128
3023 66.0405
3024 65.8653
3025 66.1203
3026 66.1303
3027 66.2464
3028 65.6709
3029 65.9507
3030 66.1418
3031 66.2426
3032 65.7322
3033 65.6917
3034 66.1363
3035 66.1232
3036 65.693
3037 65.9126
3038 65.9739
3039 65.8135
3040 65.7856
3041 65.601
3042 65.7847
3043 65.9084
3044 65.85
3045 65.9928
3046 65.8449
3047 65.652
3048 65.9682
3049 65.9058
3050 65.8684
3051 65.6235
3052 65.874
3053 65.7027
3054 65.9368
3055 65.6224
3056 65.8468
3057 65.8838
3058 66.3795
3059 66.3307
3060 66.2525
3061 65.9466
3062 66.069
3063 66.0267
3064 65.9149
3065 65.7323
3066 65.8186
3067 66.2039
3068 65.7376
3069 65.4991
3070 65.8403
3071 65.7006
3072 65.895
3073 65.4367
3074 65.8837
3075 65.8965
3076 65.702
3077 65.8715
3078 65.7357
3079 65.9482
3080 65.7797
3081 65.8589
3082 65.9677
3083 66.2731
3084 66.3343
3085 66.0922
3086 65.8844
3087 65.8107
3088 66.3094
3089 66.0061
3090 66.1266
3091 66.04
3092 65.8859
3093 65.7757
3094 65.9399
3095 66.1037
3096 65.7286
3097 65.7907
3098 65.9008
3099 65.735
3100 65.9658
3101 66.1952
3102 66.0215
3103 66.3717
3104 65.9311
3105 65.7568
3106 66.1059
3107 65.9287
3108 65.7964
3109 65.6983
3110 65.7735
3111 65.8836
3112 65.8543
3113 66.0929
3114 66.1932
3115 66.0275
3116 66.123
3117 66.1505
3118 65.9126
3119 66.0065
3120 65.9153
3121 65.8229
3122 66.047
3123 65.767
3124 66.2167
3125 65.9818
3126 66.0145
3127 65.9161
3128 65.6783
3129 66.2654
3130 65.797
3131 65.9016
3132 66.0897
3133 66.1483
3134 66.2368
3135 66.026
3136 65.6762
3137 65.7675
3138 65.9965
3139 65.877
3140 65.5235
3141 65.9542
3142 65.8535
3143 65.7508
3144 65.814
3145 65.6663
3146 66.0395
3147 65.7342
3148 65.6325
3149 65.7484
3150 65.8033
3151 65.7591
3152 65.9318
3153 66.0211
3154 66.0098
3155 65.9251
3156 65.8962
3157 65.9654
3158 65.728
3159 65.9759
3160 65.8207
3161 65.7844
3162 65.7252
3163 65.907
3164 66.2691
3165 65.8487
3166 65.831
3167 65.7168
3168 66.195
3169 65.8209
3170 66.1841
3171 65.9105
3172 66.2259
3173 65.9955
3174 65.8775
3175 66.2409
3176 66.003
3177 66.1694
3178 66.0166
3179 65.8594
3180 65.8785
3181 66.3936
3182 66.0046
3183 65.8247
3184 65.8816
3185 66.3157
3186 65.8898
3187 66.0812
3188 65.875
3189 65.626
3190 65.871
3191 66.0247
3192 65.8552
3193 66.1766
3194 65.8909
3195 65.8277
3196 65.9703
3197 65.9669
3198 66.3555
3199 65.91
3200 65.8473
3201 66.1785
3202 66.3356
3203 65.9816
3204 66.0849
3205 65.7991
3206 65.8992
3207 66.032
3208 66.1555
3209 66.3353
3210 65.9221
3211 65.8016
3212 65.6542
3213 66.0162
3214 65.4014
3215 65.6778
3216 66.0286
3217 66.0798
3218 66.0924
3219 65.9671
3220 65.6554
3221 65.8443
3222 65.9319
3223 66.046
3224 66.0133
3225 66.2109
3226 66.2165
3227 65.9623
3228 65.7806
3229 65.6118
3230 65.8743
3231 65.9048
3232 65.9108
3233 65.7415
3234 65.7615
3235 65.9547
3236 65.7562
3237 65.8769
3238 66.0452
3239 65.9305
3240 65.9471
3241 65.7716
3242 65.8556
3243 65.8669
3244 66.1914
3245 65.9303
3246 65.5739
3247 65.882
3248 66.197
3249 66.1894
3250 65.8772
3251 66.1321
3252 65.9923
3253 65.8677
3254 65.9768
3255 65.9766
3256 65.9836
3257 65.8012
3258 66.0093
3259 66.1508
3260 65.8483
3261 65.9172
3262 66.0484
3263 65.8028
3264 65.7709
3265 65.8395
3266 65.7599
3267 66.1022
3268 66.1455
3269 65.864
3270 66.0281
3271 65.7162
3272 66.0999
3273 66.3779
3274 66.392
3275 66.2431
3276 65.7774
3277 65.9814
3278 66.1926
3279 65.8495
3280 66.1633
3281 65.9358
3282 65.9146
3283 65.8983
3284 65.9462
3285 66.012
3286 65.9491
3287 66.0999
3288 65.681
3289 66.0028
3290 65.9654
3291 65.8723
3292 65.934
3293 66.1732
3294 66.1109
3295 65.8517
3296 66.2312
3297 65.9895
3298 65.956
3299 66.3717
3300 66.3123
3301 66.209
3302 66.3819
3303 66.1911
3304 66.0494
3305 65.9783
3306 66.1335
3307 66.1437
3308 65.9953
3309 65.905
3310 66.1789
3311 65.8656
3312 65.978
3313 66.1855
3314 66.1583
3315 66.1488
3316 65.8735
3317 65.6913
3318 65.9381
3319 65.7406
3320 65.9306
3321 66.0088
3322 65.7463
3323 65.8188
3324 65.9187
3325 66.045
3326 65.7549
3327 65.826
3328 66.0039
3329 66.0958
3330 65.8054
3331 65.6152
3332 65.9451
3333 66.1185
3334 65.9168
3335 65.7723
3336 65.6011
3337 65.8688
3338 65.9116
3339 65.8624
3340 65.5839
3341 65.7445
3342 65.6145
3343 65.8997
3344 65.8885
3345 65.8932
3346 65.8926
3347 65.9902
3348 66.1957
3349 65.9747
3350 65.8661
3351 65.6506
3352 65.8422
3353 66.0286
3354 65.7816
3355 65.8556
3356 65.6043
3357 65.6638
3358 65.6797
3359 65.5535
3360 66.1297
3361 65.9079
3362 65.9799
3363 65.8583
3364 65.9587
3365 66.0192
3366 65.8807
3367 65.8324
3368 65.8045
3369 66.279
3370 65.9282
3371 65.8638
3372 66.2492
3373 65.9493
3374 66.1739
3375 66.0274
3376 66.0815
3377 65.7692
3378 65.7215
3379 66.0858
3380 66.1621
3381 66.1189
3382 66.0416
3383 65.7238
3384 66.1379
3385 66.1111
3386 65.9142
3387 66.1055
3388 65.8827
3389 65.7624
3390 65.7854
3391 66.1261
3392 65.9778
3393 66.0231
3394 66.0975
3395 66.0438
3396 66.4586
3397 66.4387
3398 65.5886
3399 65.7674
3400 65.4078
3401 65.9794
3402 66.0873
3403 65.9756
3404 66.2364
3405 66.0467
3406 66.0106
3407 66.0216
3408 65.7067
3409 65.9143
3410 65.8152
3411 66.0005
3412 65.807
3413 65.8683
3414 66.1376
3415 66.0981
3416 65.6979
3417 66.1782
3418 66.0242
3419 65.5707
3420 66.1266
3421 65.6691
3422 65.8298
3423 66.0797
3424 66.035
3425 66.0764
3426 66.0143
3427 65.7674
3428 65.9927
3429 65.821
3430 65.9593
3431 66.0318
3432 66.0985
3433 66.2602
3434 66.4499
3435 66.1424
3436 65.9979
3437 65.9922
3438 65.9326
3439 65.7288
3440 65.997
3441 65.8617
3442 65.8139
3443 65.6765
3444 65.8406
3445 66.0854
3446 65.7145
3447 65.9016
3448 66.0151
3449 66.0168
3450 65.9953
3451 66.1032
3452 65.8784
3453 66.0075
3454 66.2019
3455 66.0882
3456 65.8363
3457 66.2241
3458 66.52
3459 66.2152
3460 65.8905
3461 66.0914
3462 66.1751
3463 65.8836
3464 66.1085
3465 65.806
3466 65.7995
3467 65.5794
3468 65.5725
3469 65.9667
3470 65.7409
3471 65.8081
3472 65.7912
3473 65.7449
3474 66.1342
3475 65.9963
3476 65.9183
3477 66.2138
3478 65.8182
3479 65.5829
3480 65.9474
3481 65.947
3482 66.2762
3483 66.2831
3484 66.1464
3485 66.2468
3486 65.8089
3487 65.5966
3488 66.1226
3489 66.29
3490 66.0506
3491 66.0636
3492 66.0933
3493 66.3279
3494 66.4577
3495 65.8029
3496 65.9252
3497 66.082
3498 66.0391
3499 66.0339
3500 65.8565
