1 407.914
2 385.26
3 373.588
4 340.996
5 328.053
6 308.241
7 296.166
8 279.299
9 267.137
10 257.585
11 247.964
12 239.998
13 236.164
14 230.452
15 227.117
16 223.19
17 216.627
18 210.192
19 204.413
20 198.546
21 194.11
22 191.338
23 187.353
24 184.1
25 182.107
26 179.193
27 175.712
28 169.348
29 166.123
30 163.115
31 160.192
32 156.608
33 153.787
34 152.213
35 149.556
36 146.811
37 145.048
38 143.081
39 141.482
40 139.049
41 135.8
42 134.215
43 131.831
44 129.908
45 128.653
46 127.105
47 124.879
48 123.536
49 121.175
50 119.908
51 116.757
52 115.595
53 113.681
54 112.006
55 111.246
56 109.348
57 106.267
58 106.015
59 104.602
60 104.203
61 102.376
62 101.51
63 100.959
64 99.8393
65 99.2876
66 97.9504
67 97.1142
68 96.5361
69 94.8155
70 94.2691
71 93.2222
72 92.184
73 91.358
74 90.6766
75 90.1899
76 89.8131
77 89.1425
78 88.7322
79 87.8189
80 86.8453
81 86.1229
82 85.419
83 84.986
84 84.7322
85 84.5493
86 84.1693
87 83.5605
88 83.0004
89 81.8257
90 81.5147
91 81.2368
92 80.5755
93 80.5755
94 80.2835
95 80.2276
96 79.8358
97 79.49
98 79.1049
99 79.096
100 78.7337
101 78.4005
102 78.3916
103 78.2874
104 77.8295
105 77.8295
106 77.7833
107 77.6287
108 77.465
109 77.465
110 77.2729
111 77.1866
112 77.0531
113 76.9387
114 76.8814
115 76.8814
116 76.7469
117 76.5886
118 76.4802
119 76.1639
120 76.0555
121 75.9796
122 75.8901
123 75.848
124 75.7925
125 75.6956
126 75.6596
127 75.1724
128 74.6198
129 74.4888
130 74.4265
131 74.4265
132 74.4265
133 74.1947
134 74.1947
135 74.0177
136 74.0177
137 74.0177
138 73.8618
139 73.8618
140 73.815
141 73.659
142 73.659
143 73.659
144 73.4723
145 73.4723
146 73.3923
147 73.3923
148 73.3923
149 73.3923
150 73.3923
151 73.3923
152 73.3923
153 73.3923
154 73.3923
155 73.3923
156 73.3742
157 73.3597
158 72.7981
159 72.4942
160 72.3467
161 72.111
162 72.0928
163 72.0928
164 72.0928
165 72.0928
166 72.0928
167 72.0928
168 72.0928
169 72.0928
170 72.0928
171 72.0928
172 72.0928
173 72.0928
174 72.0928
175 72.0928
176 72.0928
177 71.9791
178 71.4393
179 71.4393
180 71.4393
181 71.4393
182 71.4393
183 71.0657
184 71.0657
185 71.0657
186 71.0657
187 71.0657
188 71.0657
189 71.0657
190 71.0657
191 71.0657
192 71.0657
193 71.0175
194 71.0175
195 71.0175
196 71.0175
197 71.0175
198 71.0175
199 71.0175
200 71.0175
201 71.0175
202 71.0175
203 71.0175
204 71.0175
205 71.0175
206 71.0175
207 71.0175
208 71.0175
209 71.0175
210 70.9037
211 70.9037
212 70.7976
213 70.6839
214 70.6839
215 70.6839
216 70.6839
217 70.6784
218 70.47
219 70.4646
220 70.0901
221 70.0846
222 70.0846
223 70.0846
224 70.0846
225 70.0846
226 70.0846
227 70.0846
228 70.0846
229 70.0846
230 70.0846
231 70.0846
232 70.0846
233 70.0846
234 70.0846
235 70.0846
236 70.0846
237 70.0846
238 70.0846
239 70.0846
240 70.0846
241 70.0846
242 70.0846
243 70.0846
244 70.0846
245 70.0846
246 70.0846
247 70.0846
248 70.0846
249 70.0846
250 70.0846
251 70.0846
252 70.0846
253 70.0846
254 70.0846
255 70.0846
256 70.0846
257 70.0846
258 70.0846
259 70.0846
260 70.0846
261 70.0846
262 70.0846
263 70.0846
264 70.0846
265 70.0846
266 70.0846
267 70.0846
268 70.0846
269 70.0846
270 70.0846
271 70.0846
272 70.0846
273 69.6491
274 69.6491
275 69.6491
276 69.6491
277 69.6491
278 69.5586
279 69.5586
280 69.5586
281 69.5586
282 69.5586
283 69.5586
284 69.5586
285 69.5586
286 69.3392
287 69.3038
288 69.0844
289 69.0844
290 69.0844
291 69.0844
292 69.0844
293 69.0844
294 69.0844
295 69.0844
296 69.0844
297 69.0844
298 69.0844
299 69.0844
300 69.0844
301 69.0844
302 69.0844
303 69.0844
304 69.0844
305 69.0844
306 69.0844
307 69.0844
308 69.0844
309 69.0844
310 69.0844
311 69.0844
312 69.0844
313 69.0844
314 69.0844
315 69.0844
316 69.0844
317 69.0844
318 69.0844
319 69.0844
320 69.0844
321 69.0844
322 69.0844
323 69.0844
324 69.0844
325 69.0844
326 69.0844
327 69.0844
328 69.0844
329 69.0844
330 69.0844
331 69.0844
332 69.0844
333 69.0844
334 69.0844
335 69.0844
336 69.0844
337 69.0844
338 68.6028
339 68.6028
340 68.6028
341 68.6028
342 68.6028
343 68.6028
344 68.6028
345 68.6028
346 68.6028
347 68.6028
348 68.6028
349 68.6028
350 68.6028
351 68.6028
352 68.6028
353 68.6028
354 68.6028
355 68.6028
356 68.6028
357 68.6028
358 68.6028
359 68.6028
360 68.6028
361 68.6028
362 68.6028
363 68.6028
364 68.6028
365 68.6028
366 68.6028
367 68.6028
368 68.6028
369 68.6028
370 68.6028
371 68.6028
372 68.6028
373 68.4538
374 68.4538
375 68.4538
376 68.4538
377 68.4538
378 68.4538
379 68.4538
380 68.4538
381 68.4538
382 68.4538
383 68.4538
384 68.4538
385 68.4538
386 68.4538
387 68.4538
388 68.4538
389 68.4538
390 68.4538
391 68.4538
392 68.4538
393 68.4538
394 68.4538
395 68.4538
396 68.4538
397 68.4538
398 68.4538
399 68.4538
400 68.4538
401 68.4538
402 68.4538
403 68.0645
404 68.0645
405 68.0645
406 68.0645
407 68.0645
408 68.0645
409 68.0645
410 68.0645
411 68.0645
412 68.0645
413 68.0645
414 68.0645
415 68.0645
416 68.0645
417 68.0645
418 68.0645
419 68.0645
420 68.0645
421 68.0645
422 68.0645
423 68.0645
424 68.0645
425 68.0645
426 68.0645
427 68.0645
428 68.0645
429 68.0645
430 68.0645
431 68.0645
432 68.0645
433 68.0645
434 68.0645
435 68.0645
436 68.0645
437 68.0645
438 68.0645
439 68.0645
440 68.0645
441 68.0645
442 68.0645
443 68.0645
444 68.0645
445 68.0645
446 68.0645
447 68.0645
448 68.0645
449 68.0645
450 68.0645
451 68.0645
452 68.0645
453 68.0645
454 68.0645
455 68.0645
456 68.0645
457 68.0645
458 68.0645
459 68.0645
460 68.0645
461 68.0645
462 68.0645
463 68.0645
464 68.0645
465 68.0645
466 68.0645
467 68.0645
468 68.0645
469 68.0645
470 68.0645
471 68.0645
472 68.0645
473 68.0645
474 68.0645
475 68.0645
476 68.0645
477 68.0645
478 68.0645
479 68.0645
480 68.0645
481 68.0645
482 68.0645
483 68.0645
484 68.0645
485 68.0645
486 68.0645
487 68.0645
488 68.0645
489 68.0645
490 68.0645
491 68.0645
492 68.0645
493 68.0645
494 68.0645
495 68.0645
496 68.0645
497 68.0645
498 68.0645
499 68.0645
500 68.0645
501 68.0645
502 68.0645
503 68.0645
504 68.0645
505 68.0645
506 68.0645
507 68.0645
508 68.0645
509 68.0645
510 68.0645
511 68.0645
512 68.0645
513 68.0645
514 68.0645
515 68.0645
516 68.0645
517 68.0645
518 68.0645
519 68.0645
520 68.0645
521 68.0645
522 68.0645
523 68.0645
524 68.0645
525 68.0645
526 68.0645
527 68.0645
528 68.0645
529 68.0645
530 68.0645
531 68.0645
532 68.0645
533 68.0645
534 68.0645
535 68.0645
536 68.0645
537 68.0645
538 68.0645
539 68.0645
540 68.0645
541 68.0645
542 68.0645
543 68.0645
544 68.0645
545 67.6665
546 67.6665
547 67.6665
548 67.6665
549 67.6665
550 67.6665
551 67.6665
552 67.6665
553 67.6665
554 67.6665
555 67.6665
556 67.6665
557 67.6665
558 67.6665
559 67.6665
560 67.6665
561 67.6665
562 67.6665
563 67.6665
564 67.6665
565 67.6665
566 67.6665
567 67.6665
568 67.6665
569 67.6665
570 67.6665
571 67.6665
572 67.6665
573 67.6665
574 67.6665
575 67.6665
576 67.6665
577 67.6665
578 67.6665
579 67.6665
580 67.6665
581 67.6665
582 67.6665
583 67.6665
584 67.6665
585 67.6665
586 67.6665
587 67.6665
588 67.6665
589 67.6665
590 67.6665
591 67.6665
592 67.6665
593 67.6665
594 67.6665
595 67.6665
596 67.6665
597 67.6665
598 67.6665
599 67.6665
600 67.6665
601 67.6665
602 67.6665
603 67.6665
604 67.6665
605 67.6665
606 67.6665
607 67.6665
608 67.6665
609 67.6665
610 67.6665
611 67.6665
612 67.6665
613 67.6665
614 67.6665
615 67.6665
616 67.6665
617 67.6665
618 67.416
619 67.416
620 67.416
621 67.416
622 67.416
623 67.416
624 67.416
625 67.416
626 67.416
627 67.416
628 67.416
629 67.416
630 67.416
631 67.416
632 67.416
633 67.416
634 67.416
635 67.416
636 67.416
637 67.416
638 67.416
639 67.416
640 67.416
641 67.416
642 67.416
643 67.416
644 67.416
645 67.416
646 67.416
647 67.416
648 67.416
649 67.416
650 67.416
651 67.416
652 67.416
653 67.416
654 67.416
655 67.416
656 67.416
657 67.416
658 67.416
659 67.416
660 67.416
661 67.416
662 67.416
663 67.416
664 67.416
665 67.416
666 67.416
667 67.416
668 67.416
669 67.416
670 67.416
671 67.416
672 67.416
673 67.416
674 67.416
675 67.416
676 67.416
677 67.416
678 67.416
679 67.416
680 67.416
681 67.416
682 67.416
683 67.416
684 67.416
685 67.416
686 67.416
687 67.416
688 67.416
689 67.416
690 67.416
691 67.416
692 67.416
693 67.416
694 67.416
695 67.416
696 67.416
697 67.416
698 67.416
699 67.416
700 67.416
701 67.416
702 67.416
703 67.416
704 67.416
705 67.416
706 67.416
707 67.416
708 67.416
709 67.416
710 67.416
711 67.416
712 67.416
713 67.416
714 67.416
715 67.416
716 67.416
717 67.416
718 67.416
719 67.416
720 67.416
721 67.416
722 67.416
723 67.416
724 67.416
725 67.416
726 67.416
727 67.416
728 67.416
729 67.416
730 67.416
731 67.416
732 67.416
733 67.416
734 67.416
735 67.416
736 67.416
737 67.416
738 67.416
739 67.416
740 67.416
741 67.416
742 67.416
743 67.416
744 67.416
745 67.416
746 67.416
747 67.416
748 67.416
749 67.416
750 67.416
751 67.416
752 67.416
753 67.416
754 67.416
755 67.416
756 67.416
757 67.416
758 67.416
759 67.416
760 67.416
761 67.416
762 67.416
763 67.416
764 67.416
765 67.416
766 67.416
767 67.416
768 67.416
769 67.416
770 67.416
771 67.416
772 67.416
773 67.416
774 67.416
775 67.416
776 67.416
777 67.416
778 67.416
779 67.416
780 65.517
781 65.517
782 65.517
783 65.517
784 65.517
785 65.517
786 65.517
787 65.517
788 65.517
789 65.517
790 65.517
791 65.517
792 65.517
793 65.517
794 65.517
795 65.517
796 65.517
797 65.517
798 65.517
799 65.517
800 65.517
801 65.517
802 65.517
803 65.517
804 65.517
805 65.517
806 65.517
807 65.517
808 65.517
809 65.517
810 65.517
811 65.517
812 65.517
813 65.517
814 65.517
815 65.517
816 65.517
817 65.517
818 65.517
819 65.517
820 65.517
821 65.517
822 65.517
823 65.517
824 65.517
825 65.517
826 65.517
827 65.517
828 65.517
829 65.517
830 65.517
831 65.517
832 65.517
833 65.517
834 65.517
835 65.517
836 65.517
837 65.517
838 65.517
839 65.517
840 65.517
841 65.517
842 65.517
843 65.517
844 65.517
845 65.517
846 65.517
847 65.517
848 65.517
849 65.517
850 65.517
851 65.517
852 65.517
853 65.4566
854 65.4566
855 65.4566
856 65.4566
857 65.4566
858 65.4566
859 65.4566
860 65.4566
861 65.4566
862 65.4566
863 65.4566
864 65.4566
865 65.4566
866 65.4566
867 65.4566
868 65.4566
869 65.4566
870 65.4566
871 65.4566
872 65.4566
873 65.4566
874 65.4566
875 65.4566
876 65.4566
877 65.4566
878 65.4566
879 65.4566
880 65.4566
881 65.4566
882 65.4566
883 65.4566
884 65.4566
885 65.4566
886 65.4566
887 65.4566
888 65.4566
889 65.4566
890 65.4566
891 65.4566
892 65.4566
893 65.4566
894 65.4566
895 65.4566
896 65.4566
897 65.4566
898 65.4566
899 65.4566
900 65.4566
901 65.4566
902 65.4566
903 65.4566
904 65.4566
905 65.4566
906 65.4566
907 65.4566
908 65.4566
909 65.4566
910 65.4566
911 65.4566
912 65.4566
913 65.4566
914 65.4566
915 65.4566
916 65.4566
917 65.4566
918 65.4566
919 65.4566
920 65.4566
921 65.4566
922 65.4566
923 65.4566
924 65.4566
925 65.4566
926 65.4566
927 65.4566
928 65.4566
929 65.4566
930 65.4566
931 65.4566
932 65.4566
933 65.4566
934 65.4566
935 65.4566
936 65.4566
937 65.4566
938 65.4566
939 65.4566
940 65.4566
941 65.4566
942 65.4566
943 65.4566
944 65.4566
945 65.4566
946 65.4566
947 65.4566
948 65.4566
949 65.4566
950 65.4566
951 65.4566
952 65.4566
953 65.4566
954 65.4566
955 65.4566
956 65.4566
957 65.4566
958 65.4566
959 65.4566
960 65.4566
961 65.4566
962 65.4566
963 65.4566
964 65.4566
965 65.4566
966 65.4566
967 65.4566
968 65.4566
969 65.4566
970 65.4566
971 65.4566
972 65.4566
973 65.4566
974 65.4566
975 65.4566
976 65.4566
977 65.4566
978 65.4566
979 65.4566
980 65.4566
981 65.4566
982 65.4566
983 65.4566
984 65.4566
985 65.4566
986 65.4566
987 65.4566
988 65.4566
989 65.4566
990 65.4566
991 65.4566
992 65.4566
993 65.4566
994 65.4566
995 65.4566
996 65.4566
997 65.4566
998 65.4566
999 65.4566
1000 65.4566
1001 65.4566
1002 65.4566
1003 65.4566
1004 65.4566
1005 65.4566
1006 65.4566
1007 65.4566
1008 65.4566
1009 65.4566
1010 65.4566
1011 65.4566
1012 65.4566
1013 65.4566
1014 65.4566
1015 65.4566
1016 65.4566
1017 65.4566
1018 65.4566
1019 65.4566
1020 65.4566
1021 65.4566
1022 65.4566
1023 65.4566
1024 65.4566
1025 65.4566
1026 65.4566
1027 65.4566
1028 65.4566
1029 65.4566
1030 65.4566
1031 65.4566
1032 65.4566
1033 65.4566
1034 65.4566
1035 65.4566
1036 65.4566
1037 65.4566
1038 65.4566
1039 65.4566
1040 65.4566
1041 65.4566
1042 65.4566
1043 65.4566
1044 65.4566
1045 65.4566
1046 65.4566
1047 65.4566
1048 65.4566
1049 65.4566
1050 65.4566
1051 65.4566
1052 65.4566
1053 65.4566
1054 65.4566
1055 65.4566
1056 65.4566
1057 65.4566
1058 65.4566
1059 65.4566
1060 65.4566
1061 65.4566
1062 65.4566
1063 65.4566
1064 65.4566
1065 65.4566
1066 65.4566
1067 65.4566
1068 65.4566
1069 65.4566
1070 65.4566
1071 65.4566
1072 65.4566
1073 65.4566
1074 65.4566
1075 65.4566
1076 65.4566
1077 65.4566
1078 65.4566
1079 65.4566
1080 65.4566
1081 65.4566
1082 65.4566
1083 65.4566
1084 65.4566
1085 65.4566
1086 65.4566
1087 65.4566
1088 65.4566
1089 65.4566
1090 65.4566
1091 65.4566
1092 65.4566
1093 65.4566
1094 65.4566
1095 65.4566
1096 65.4566
1097 65.4566
1098 65.4566
1099 65.4566
1100 65.4566
1101 65.4566
1102 65.4566
1103 65.4566
1104 65.4566
1105 65.4566
1106 65.4566
1107 65.4566
1108 65.4566
1109 65.4566
1110 65.4566
1111 65.4566
1112 65.4566
1113 65.4566
1114 65.4566
1115 65.4566
1116 65.4566
1117 65.4566
1118 65.4566
1119 65.4566
1120 65.4566
1121 65.4566
1122 65.4566
1123 65.4566
1124 65.4566
1125 65.4566
1126 65.4566
1127 65.4566
1128 65.4566
1129 65.4566
1130 65.4566
1131 65.4566
1132 65.4566
1133 65.4566
1134 65.4566
1135 65.4566
1136 65.4566
1137 65.4566
1138 65.4566
1139 65.4566
1140 65.4566
1141 65.4566
1142 65.4566
1143 65.4566
1144 65.4566
1145 65.4566
1146 65.4566
1147 65.4566
1148 65.4566
1149 65.4566
1150 65.4566
1151 65.4566
1152 65.4566
1153 65.4566
1154 65.4566
1155 65.4566
1156 65.4566
1157 65.4566
1158 65.4566
1159 65.4566
1160 65.4566
1161 65.4566
1162 65.4566
1163 65.4566
1164 65.4566
1165 65.4566
1166 65.4566
1167 65.4566
1168 65.4566
1169 65.4566
1170 65.4566
1171 65.4566
1172 65.4566
1173 65.4566
1174 65.4566
1175 65.4566
1176 65.4566
1177 65.4566
1178 65.4566
1179 65.4566
1180 65.4566
1181 65.4566
1182 65.4566
1183 65.4566
1184 65.4566
1185 65.4566
1186 65.4566
1187 65.4566
1188 65.4566
1189 65.4566
1190 65.4566
1191 65.4566
1192 65.4566
1193 65.4566
1194 65.4566
1195 65.4566
1196 65.4566
1197 65.4566
1198 65.4566
1199 65.4566
1200 65.4566
1201 65.4566
1202 65.4566
1203 65.4566
1204 65.4566
1205 65.4566
1206 65.4566
1207 65.4566
1208 65.4566
1209 65.4566
1210 65.4566
1211 65.4566
1212 65.4566
1213 65.4566
1214 65.4566
1215 65.4566
1216 65.4566
1217 65.4566
1218 65.4566
1219 65.4566
1220 65.4566
1221 65.4566
1222 65.4566
1223 65.4566
1224 65.4566
1225 65.4566
1226 65.4566
1227 65.4566
1228 65.4566
1229 65.4566
1230 65.4566
1231 65.4566
1232 65.4566
1233 65.4566
1234 65.4566
1235 65.4566
1236 65.4566
1237 65.4566
1238 65.4566
1239 65.4566
1240 65.4566
1241 65.4566
1242 65.4566
1243 65.4566
1244 65.4566
1245 65.4566
1246 65.4566
1247 65.4566
1248 65.4566
1249 65.4566
1250 65.4566
1251 65.4566
1252 65.4566
1253 65.4566
1254 65.4566
1255 65.4566
1256 65.4566
1257 65.4566
1258 65.4566
1259 65.4566
1260 65.4566
1261 65.4566
1262 65.4566
1263 65.4566
1264 65.4566
1265 65.4566
1266 65.4566
1267 65.4566
1268 65.4566
1269 65.4566
1270 65.4566
1271 65.4566
1272 65.4566
1273 65.4566
1274 65.4566
1275 65.4566
1276 65.4566
1277 65.4566
1278 65.4566
1279 65.4566
1280 65.4566
1281 65.4566
1282 65.4566
1283 65.4566
1284 65.4566
1285 65.4566
1286 65.4566
1287 65.4566
1288 65.4566
1289 65.4566
1290 65.4566
1291 65.4566
1292 65.4566
1293 65.4566
1294 65.4566
1295 65.4566
1296 65.4566
1297 65.4566
1298 65.4566
1299 65.4566
1300 65.4566
1301 65.4566
1302 65.4566
1303 65.4566
1304 65.4566
1305 65.4566
1306 65.4566
1307 65.4566
1308 65.4566
1309 65.4566
1310 65.4566
1311 65.4566
1312 65.4566
1313 65.4566
1314 65.4566
1315 65.4566
1316 65.4566
1317 65.4566
1318 65.4566
1319 65.4566
1320 65.4566
1321 65.4566
1322 65.4566
1323 65.4566
1324 65.4566
1325 65.4566
1326 65.4566
1327 65.4566
1328 65.4566
1329 65.4566
1330 65.4566
1331 65.4566
1332 65.4566
1333 65.4566
1334 65.4566
1335 65.4566
1336 65.4566
1337 65.4566
1338 65.4566
1339 65.4566
1340 65.4566
1341 65.4566
1342 65.4566
1343 65.4566
1344 65.4566
1345 65.4566
1346 65.4566
1347 65.4566
1348 65.4566
1349 65.4566
1350 65.4566
1351 65.4566
1352 65.4566
1353 65.4566
1354 65.4566
1355 65.4566
1356 65.4566
1357 65.4566
1358 65.4566
1359 65.4566
1360 65.4566
1361 65.4566
1362 65.4566
1363 65.4566
1364 65.4566
1365 65.4566
1366 65.4566
1367 65.4566
1368 65.4566
1369 65.4566
1370 65.4566
1371 65.4566
1372 65.4566
1373 65.4566
1374 65.4566
1375 65.4566
1376 65.4566
1377 65.4566
1378 65.4566
1379 65.4566
1380 65.4566
1381 65.4566
1382 65.4566
1383 65.4566
1384 65.4566
1385 65.4566
1386 65.4566
1387 65.4566
1388 65.4566
1389 65.4566
1390 65.4566
1391 65.4566
1392 65.4566
1393 65.4566
1394 65.4566
1395 65.4566
1396 65.4566
1397 65.4566
1398 65.4566
1399 65.4566
1400 65.4566
1401 65.4566
1402 65.4566
1403 65.4566
1404 65.4566
1405 65.4566
1406 65.4566
1407 65.4566
1408 65.4566
1409 65.4566
1410 65.4566
1411 65.4566
1412 65.4566
1413 65.4566
1414 65.4566
1415 65.4566
1416 65.4566
1417 65.4566
1418 65.4566
1419 65.4566
1420 65.4566
1421 65.4566
1422 65.4566
1423 65.4566
1424 65.4566
1425 65.4566
1426 65.4566
1427 65.4566
1428 65.4566
1429 65.4566
1430 65.4566
1431 65.4566
1432 65.4566
1433 65.4566
1434 65.4566
1435 65.4566
1436 65.4566
1437 65.4566
1438 65.4566
1439 65.4566
1440 65.4566
1441 65.4566
1442 65.4566
1443 65.4566
1444 65.4566
1445 65.4566
1446 65.4566
1447 65.4566
1448 65.4566
1449 65.4566
1450 65.4566
1451 65.4566
1452 65.4566
1453 65.4566
1454 65.4566
1455 65.4566
1456 65.4566
1457 65.4566
1458 65.4566
1459 65.4566
1460 65.4566
1461 65.4566
1462 65.4566
1463 65.4566
1464 65.4566
1465 65.4566
1466 65.4566
1467 65.4566
1468 65.4566
1469 65.4566
1470 64.8814
1471 64.723
1472 64.723
1473 64.723
1474 64.723
1475 64.723
1476 64.723
1477 64.723
1478 64.723
1479 64.723
1480 64.723
1481 64.723
1482 64.723
1483 64.723
1484 64.723
1485 64.723
1486 64.723
1487 64.723
1488 64.723
1489 64.723
1490 64.723
1491 64.723
1492 64.723
1493 64.723
1494 64.723
1495 64.723
1496 64.723
1497 64.723
1498 64.723
1499 64.723
1500 64.723
1501 64.723
1502 64.723
1503 64.723
1504 64.723
1505 64.723
1506 64.723
1507 64.723
1508 64.723
1509 64.723
1510 64.723
1511 64.723
1512 64.723
1513 64.723
1514 64.723
1515 64.723
1516 64.723
1517 64.723
1518 64.723
1519 64.723
1520 64.723
1521 64.723
1522 64.723
1523 64.723
1524 64.723
1525 64.723
1526 64.723
1527 64.723
1528 64.723
1529 64.723
1530 64.723
1531 64.723
1532 64.723
1533 64.723
1534 64.723
1535 64.723
1536 64.723
1537 64.723
1538 64.723
1539 64.723
1540 64.723
1541 64.723
1542 64.723
1543 64.723
1544 64.723
1545 64.723
1546 64.723
1547 64.723
1548 64.723
1549 64.723
1550 64.723
1551 64.723
1552 64.723
1553 64.723
1554 64.723
1555 64.723
1556 64.723
1557 64.723
1558 64.723
1559 64.723
1560 64.723
1561 64.723
1562 64.723
1563 64.723
1564 64.723
1565 64.723
1566 64.723
1567 64.723
1568 64.723
1569 64.723
1570 64.723
1571 64.723
1572 64.723
1573 64.723
1574 64.723
1575 64.723
1576 64.723
1577 64.723
1578 64.723
1579 64.723
1580 64.723
1581 64.723
1582 64.723
1583 64.723
1584 64.723
1585 64.723
1586 64.723
1587 64.723
1588 64.723
1589 64.723
1590 64.723
1591 64.723
1592 64.723
1593 64.723
1594 64.723
1595 64.723
1596 64.723
1597 64.723
1598 64.723
1599 64.723
1600 64.723
1601 64.723
1602 64.723
1603 64.723
1604 64.723
1605 64.723
1606 64.723
1607 64.723
1608 64.723
1609 64.723
1610 64.723
1611 64.723
1612 64.723
1613 64.723
1614 64.723
1615 64.723
1616 64.723
1617 64.723
1618 64.723
1619 64.723
1620 64.723
1621 64.723
1622 64.723
1623 64.723
1624 64.723
1625 64.723
1626 64.723
1627 64.723
1628 64.723
1629 64.723
1630 64.723
1631 64.723
1632 64.723
1633 64.723
1634 64.723
1635 64.723
1636 64.723
1637 64.723
1638 64.723
1639 64.723
1640 64.723
1641 64.723
1642 64.723
1643 64.723
1644 64.723
1645 64.723
1646 64.723
1647 64.723
1648 64.723
1649 64.723
1650 64.723
1651 64.723
1652 64.723
1653 64.723
1654 64.723
1655 64.723
1656 64.723
1657 64.723
1658 64.723
1659 64.723
1660 64.723
1661 64.723
1662 64.723
1663 64.723
1664 64.723
1665 64.723
1666 64.723
1667 64.723
1668 64.723
1669 64.723
1670 64.723
1671 64.723
1672 64.723
1673 64.723
1674 64.723
1675 64.723
1676 64.723
1677 64.723
1678 64.723
1679 64.723
1680 64.723
1681 64.723
1682 64.723
1683 64.723
1684 64.723
1685 64.723
1686 64.723
1687 64.723
1688 64.723
1689 64.723
1690 64.723
1691 64.723
1692 64.723
1693 64.723
1694 64.723
1695 64.723
1696 64.723
1697 64.723
1698 64.723
1699 64.723
1700 64.723
1701 64.723
1702 64.723
1703 64.723
1704 64.723
1705 64.723
1706 64.723
1707 64.723
1708 64.723
1709 64.723
1710 64.723
1711 64.723
1712 64.723
1713 64.723
1714 64.723
1715 64.723
1716 64.723
1717 64.723
1718 64.723
1719 64.723
1720 64.723
1721 64.723
1722 64.723
1723 64.723
1724 64.723
1725 64.723
1726 64.723
1727 64.723
1728 64.723
1729 64.723
1730 64.723
1731 64.723
1732 64.723
1733 64.723
1734 64.723
1735 64.723
1736 64.723
1737 64.723
1738 64.723
1739 64.723
1740 64.723
1741 64.723
1742 64.723
1743 64.723
1744 64.723
1745 64.723
1746 64.723
1747 64.723
1748 64.723
1749 64.723
1750 64.723
1751 64.723
1752 64.723
1753 64.723
1754 64.723
1755 64.723
1756 64.723
1757 64.723
1758 64.723
1759 64.723
1760 64.723
1761 64.723
1762 64.723
1763 64.723
1764 64.723
1765 64.723
1766 64.723
1767 64.723
1768 64.723
1769 64.723
1770 64.723
1771 64.723
1772 64.723
1773 64.723
1774 64.723
1775 64.723
1776 64.723
1777 64.723
1778 64.723
1779 64.723
1780 64.723
1781 64.723
1782 64.723
1783 64.723
1784 64.723
1785 64.723
1786 64.723
1787 64.723
1788 64.723
1789 64.723
1790 64.723
1791 64.723
1792 64.723
1793 64.723
1794 64.723
1795 64.723
1796 64.723
1797 64.723
1798 64.723
1799 64.723
1800 64.723
1801 64.723
1802 64.723
1803 64.723
1804 64.723
1805 64.723
1806 64.723
1807 64.723
1808 64.723
1809 64.723
1810 64.723
1811 64.723
1812 64.723
1813 64.723
1814 64.723
1815 64.723
1816 64.723
1817 64.723
1818 64.723
1819 64.723
1820 64.723
1821 64.723
1822 64.723
1823 64.723
1824 64.723
1825 64.723
1826 64.723
1827 64.723
1828 64.723
1829 64.723
1830 64.723
1831 64.723
1832 64.723
1833 64.723
1834 64.723
1835 64.723
1836 64.723
1837 64.723
1838 64.723
1839 64.723
1840 64.723
1841 64.723
1842 64.723
1843 64.723
1844 64.723
1845 64.723
1846 64.723
1847 64.723
1848 64.723
1849 64.723
1850 64.723
1851 64.723
1852 64.723
1853 64.723
1854 64.723
1855 64.723
1856 64.723
1857 64.723
1858 64.723
1859 64.723
1860 64.723
1861 64.723
1862 64.723
1863 64.723
1864 64.723
1865 64.723
1866 64.723
1867 64.723
1868 64.723
1869 64.723
1870 64.723
1871 64.723
1872 64.723
1873 64.723
1874 64.723
1875 64.723
1876 64.723
1877 64.723
1878 64.723
1879 64.723
1880 64.723
1881 64.723
1882 64.723
1883 64.723
1884 64.723
1885 64.723
1886 64.723
1887 64.723
1888 64.723
1889 64.723
1890 64.723
1891 64.723
1892 64.723
1893 64.723
1894 64.723
1895 64.723
1896 64.723
1897 64.723
1898 64.723
1899 64.723
1900 64.723
1901 64.723
1902 64.723
1903 64.723
1904 64.723
1905 64.723
1906 64.723
1907 64.723
1908 64.723
1909 64.723
1910 64.723
1911 64.723
1912 64.723
1913 64.723
1914 64.723
1915 64.723
1916 64.723
1917 64.723
1918 64.723
1919 64.723
1920 64.723
1921 64.723
1922 64.723
1923 64.723
1924 64.723
1925 64.723
1926 64.723
1927 64.723
1928 64.723
1929 64.723
1930 64.723
1931 64.723
1932 64.723
1933 64.723
1934 64.723
1935 64.723
1936 64.723
1937 64.723
1938 64.723
1939 64.723
1940 64.723
1941 64.723
1942 64.723
1943 64.723
1944 64.723
1945 64.723
1946 64.723
1947 64.723
1948 64.723
1949 64.723
1950 64.723
1951 64.723
1952 64.723
1953 64.723
1954 64.723
1955 64.723
1956 64.723
1957 64.723
1958 64.723
1959 64.723
1960 64.723
1961 64.723
1962 64.723
1963 64.723
1964 64.723
1965 64.723
1966 64.723
1967 64.723
1968 64.723
1969 64.723
1970 64.723
1971 64.723
1972 64.723
1973 64.723
1974 64.723
1975 64.723
1976 64.723
1977 64.723
1978 64.723
1979 64.723
1980 64.723
1981 64.723
1982 64.723
1983 64.723
1984 64.723
1985 64.723
1986 64.723
1987 64.723
1988 64.723
1989 64.723
1990 64.723
1991 64.723
1992 64.723
1993 64.723
1994 64.723
1995 64.723
1996 64.723
1997 64.723
1998 64.723
1999 64.723
2000 64.723
2001 64.723
2002 64.723
2003 64.723
2004 64.723
2005 64.723
2006 64.723
2007 64.723
2008 64.723
2009 64.723
2010 64.723
2011 64.723
2012 64.723
2013 64.723
2014 64.723
2015 64.723
2016 64.723
2017 64.723
2018 64.723
2019 64.723
2020 64.723
2021 64.723
2022 64.723
2023 64.723
2024 64.723
2025 64.723
2026 64.723
2027 64.723
2028 64.723
2029 64.723
2030 64.723
2031 64.723
2032 64.723
2033 64.723
2034 64.723
2035 64.723
2036 64.723
2037 64.723
2038 64.723
2039 64.723
2040 64.723
2041 64.723
2042 64.723
2043 64.723
2044 64.723
2045 64.723
2046 64.723
2047 64.723
2048 64.723
2049 64.723
2050 64.723
2051 64.723
2052 64.723
2053 64.723
2054 64.723
2055 64.723
2056 64.723
2057 64.723
2058 64.723
2059 64.723
2060 64.723
2061 64.723
2062 64.723
2063 64.723
2064 64.723
2065 64.723
2066 64.723
2067 64.723
2068 64.723
2069 64.723
2070 64.723
2071 64.723
2072 64.723
2073 64.723
2074 64.723
2075 64.723
2076 64.723
2077 64.723
2078 64.723
2079 64.723
2080 64.723
2081 64.723
2082 64.723
2083 64.723
2084 64.723
2085 64.723
2086 64.723
2087 64.723
2088 64.723
2089 64.723
2090 64.723
2091 64.723
2092 64.723
2093 64.723
2094 64.723
2095 64.723
2096 64.723
2097 64.723
2098 64.723
2099 64.723
2100 64.723
2101 64.723
2102 64.723
2103 64.723
2104 64.723
2105 64.723
2106 64.723
2107 64.723
2108 64.723
2109 64.723
2110 64.723
2111 64.723
2112 64.723
2113 64.723
2114 64.723
2115 64.723
2116 64.723
2117 64.723
2118 64.723
2119 64.723
2120 64.723
2121 64.723
2122 64.723
2123 64.723
2124 64.723
2125 64.723
2126 64.723
2127 64.723
2128 64.723
2129 64.723
2130 64.723
2131 64.723
2132 64.723
2133 64.723
2134 64.723
2135 64.723
2136 64.723
2137 64.723
2138 64.723
2139 64.723
2140 64.723
2141 64.723
2142 64.723
2143 64.723
2144 64.723
2145 64.723
2146 64.723
2147 64.723
2148 64.723
2149 64.723
2150 64.723
2151 64.723
2152 64.723
2153 64.723
2154 64.723
2155 64.723
2156 64.723
2157 64.723
2158 64.723
2159 64.723
2160 64.723
2161 64.723
2162 64.723
2163 64.723
2164 64.723
2165 64.723
2166 64.723
2167 64.723
2168 64.723
2169 64.723
2170 64.723
2171 64.723
2172 64.723
2173 64.723
2174 64.723
2175 64.723
2176 64.723
2177 64.723
2178 64.723
2179 64.723
2180 64.723
2181 64.723
2182 64.723
2183 64.723
2184 64.723
2185 64.723
2186 64.723
2187 64.723
2188 64.723
2189 64.723
2190 64.723
2191 64.723
2192 64.723
2193 64.723
2194 64.723
2195 64.723
2196 64.723
2197 64.723
2198 64.723
2199 64.723
2200 64.723
2201 64.723
2202 64.723
2203 64.723
2204 64.723
2205 64.723
2206 64.723
2207 64.723
2208 64.723
2209 64.723
2210 64.723
2211 64.723
2212 64.723
2213 64.723
2214 64.723
2215 64.723
2216 64.723
2217 64.723
2218 64.723
2219 64.723
2220 64.723
2221 64.723
2222 64.723
2223 64.723
2224 64.723
2225 64.723
2226 64.723
2227 64.723
2228 64.723
2229 64.723
2230 64.723
2231 64.723
2232 64.723
2233 64.723
2234 64.723
2235 64.723
2236 64.723
2237 64.723
2238 64.723
2239 64.723
2240 64.723
2241 64.723
2242 64.723
2243 64.723
2244 64.723
2245 64.723
2246 64.723
2247 64.723
2248 64.723
2249 64.723
2250 64.723
2251 64.723
2252 64.723
2253 64.723
2254 64.723
2255 64.723
2256 64.723
2257 64.723
2258 64.723
2259 64.723
2260 64.723
2261 64.723
2262 64.723
2263 64.723
2264 64.723
2265 64.723
2266 64.723
2267 64.723
2268 64.723
2269 64.723
2270 64.723
2271 64.723
2272 64.723
2273 64.723
2274 64.723
2275 64.723
2276 64.723
2277 64.723
2278 64.723
2279 64.723
2280 64.723
2281 64.723
2282 64.723
2283 64.723
2284 64.723
2285 64.723
2286 64.723
2287 64.723
2288 64.723
2289 64.723
2290 64.723
2291 64.723
2292 64.723
2293 64.723
2294 64.723
2295 64.723
2296 64.723
2297 64.723
2298 64.723
2299 64.723
2300 64.723
2301 64.723
2302 64.723
2303 64.723
2304 64.723
2305 64.723
2306 64.723
2307 64.723
2308 64.723
2309 64.723
2310 64.723
2311 64.723
2312 64.723
2313 64.723
2314 64.723
2315 64.723
2316 64.723
2317 64.723
2318 64.723
2319 64.723
2320 64.723
2321 64.723
2322 64.723
2323 64.723
2324 64.723
2325 64.723
2326 64.723
2327 64.723
2328 64.723
2329 64.723
2330 64.723
2331 64.723
2332 64.723
2333 64.723
2334 64.723
2335 64.723
2336 64.723
2337 64.723
2338 64.723
2339 64.723
2340 64.723
2341 64.723
2342 64.723
2343 64.723
2344 64.723
2345 64.723
2346 64.723
2347 64.723
2348 64.723
2349 64.723
2350 64.723
2351 64.723
2352 64.723
2353 64.723
2354 64.723
2355 64.723
2356 64.723
2357 64.723
2358 64.723
2359 64.723
2360 64.723
2361 64.723
2362 64.723
2363 64.723
2364 64.723
2365 64.723
2366 64.723
2367 64.723
2368 64.723
2369 64.723
2370 64.723
2371 64.723
2372 64.723
2373 64.723
2374 64.723
2375 64.723
2376 64.723
2377 64.723
2378 64.723
2379 64.723
2380 64.723
2381 64.723
2382 64.723
2383 64.723
2384 64.723
2385 64.723
2386 64.723
2387 64.723
2388 64.723
2389 64.723
2390 64.723
2391 64.723
2392 64.723
2393 64.723
2394 64.723
2395 64.723
2396 64.723
2397 64.723
2398 64.723
2399 64.723
2400 64.723
2401 64.723
2402 64.723
2403 64.723
2404 64.723
2405 64.723
2406 64.723
2407 64.723
2408 64.723
2409 64.723
2410 64.723
2411 64.723
2412 64.723
2413 64.723
2414 64.723
2415 64.723
2416 64.723
2417 64.723
2418 64.723
2419 64.723
2420 64.723
2421 64.723
2422 64.723
2423 64.723
2424 64.723
2425 64.723
2426 64.723
2427 64.723
2428 64.723
2429 64.723
2430 64.723
2431 64.723
2432 64.723
2433 64.723
2434 64.723
2435 64.723
2436 64.723
2437 64.723
2438 64.723
2439 64.723
2440 64.723
2441 64.723
2442 64.723
2443 64.723
2444 64.723
2445 64.723
2446 64.723
2447 64.723
2448 64.723
2449 64.723
2450 64.723
2451 64.723
2452 64.723
2453 64.723
2454 64.723
2455 64.723
2456 64.723
2457 64.723
2458 64.723
2459 64.723
2460 64.723
2461 64.723
2462 64.723
2463 64.723
2464 64.723
2465 64.723
2466 64.723
2467 64.723
2468 64.723
2469 64.723
2470 64.723
2471 64.723
2472 64.723
2473 64.723
2474 64.723
2475 64.723
2476 64.723
2477 64.723
2478 64.723
2479 64.723
2480 64.723
2481 64.723
2482 64.723
2483 64.723
2484 64.723
2485 64.723
2486 64.723
2487 64.723
2488 64.723
2489 64.723
2490 64.723
2491 64.723
2492 64.723
2493 64.723
2494 64.723
2495 64.723
2496 64.723
2497 64.723
2498 64.723
2499 64.723
2500 64.723
2501 64.723
2502 64.723
2503 64.723
2504 64.723
2505 64.723
2506 64.723
2507 64.723
2508 64.723
2509 64.723
2510 64.723
2511 64.723
2512 64.723
2513 64.723
2514 64.723
2515 64.723
2516 64.723
2517 64.723
2518 64.723
2519 64.723
2520 64.723
2521 64.723
2522 64.723
2523 64.723
2524 64.723
2525 64.723
2526 64.723
2527 64.723
2528 64.723
2529 64.723
2530 64.723
2531 64.723
2532 64.723
2533 64.723
2534 64.723
2535 64.723
2536 64.723
2537 64.723
2538 64.723
2539 64.723
2540 64.723
2541 64.723
2542 64.723
2543 64.723
2544 64.723
2545 64.723
2546 64.723
2547 64.723
2548 64.723
2549 64.723
2550 64.723
2551 64.723
2552 64.723
2553 64.723
2554 64.723
2555 64.723
2556 64.723
2557 64.723
2558 64.723
2559 64.723
2560 64.723
2561 64.723
2562 64.723
2563 64.723
2564 64.723
2565 64.723
2566 64.723
2567 64.723
2568 64.723
2569 64.723
2570 64.723
2571 64.723
2572 64.723
2573 64.723
2574 64.723
2575 64.723
2576 64.723
2577 64.723
2578 64.723
2579 64.723
2580 64.723
2581 64.723
2582 64.723
2583 64.723
2584 64.723
2585 64.723
2586 64.723
2587 64.723
2588 64.723
2589 64.723
2590 64.723
2591 64.723
2592 64.723
2593 64.723
2594 64.723
2595 64.723
2596 64.723
2597 64.723
2598 64.723
2599 64.723
2600 64.723
2601 64.723
2602 64.723
2603 64.723
2604 64.723
2605 64.723
2606 64.723
2607 64.723
2608 64.723
2609 64.723
2610 64.723
2611 64.723
2612 64.723
2613 64.723
2614 64.723
2615 64.723
2616 64.723
2617 64.723
2618 64.723
2619 64.723
2620 64.723
2621 64.723
2622 64.723
2623 64.723
2624 64.723
2625 64.723
2626 64.723
2627 64.723
2628 64.723
2629 64.723
2630 64.723
2631 64.723
2632 64.723
2633 64.723
2634 64.723
2635 64.723
2636 64.723
2637 64.723
2638 64.723
2639 64.723
2640 64.723
2641 64.723
2642 64.723
2643 64.723
2644 64.723
2645 64.723
2646 64.723
2647 64.723
2648 64.723
2649 64.723
2650 64.723
2651 64.723
2652 64.723
2653 64.723
2654 64.723
2655 64.723
2656 64.723
2657 64.723
2658 64.723
2659 64.723
2660 64.723
2661 64.723
2662 64.723
2663 64.723
2664 64.723
2665 64.723
2666 64.723
2667 64.723
2668 64.723
2669 64.723
2670 64.723
2671 64.723
2672 64.723
2673 64.723
2674 64.723
2675 64.723
2676 64.723
2677 64.723
2678 64.723
2679 64.723
2680 64.723
2681 64.723
2682 64.723
2683 64.723
2684 64.723
2685 64.723
2686 64.723
2687 64.723
2688 64.723
2689 64.723
2690 64.723
2691 64.723
2692 64.723
2693 64.723
2694 64.723
2695 64.723
2696 64.723
2697 64.723
2698 64.723
2699 64.723
2700 64.723
2701 64.723
2702 64.723
2703 64.723
2704 64.723
2705 64.723
2706 64.723
2707 64.723
2708 64.723
2709 64.723
2710 64.723
2711 64.723
2712 64.723
2713 64.723
2714 64.723
2715 64.723
2716 64.723
2717 64.723
2718 64.723
2719 64.723
2720 64.723
2721 64.723
2722 64.723
2723 64.723
2724 64.723
2725 64.723
2726 64.723
2727 64.723
2728 64.723
2729 64.723
2730 64.723
2731 64.723
2732 64.723
2733 64.723
2734 64.723
2735 64.723
2736 64.723
2737 64.723
2738 64.723
2739 64.723
2740 64.723
2741 64.723
2742 64.723
2743 64.723
2744 64.723
2745 64.723
2746 64.723
2747 64.723
2748 64.723
2749 64.723
2750 64.723
2751 64.723
2752 64.723
2753 64.723
2754 64.723
2755 64.723
2756 64.723
2757 64.723
2758 64.723
2759 64.723
2760 64.723
2761 64.723
2762 64.723
2763 64.723
2764 64.723
2765 64.723
2766 64.723
2767 64.723
2768 64.723
2769 64.723
2770 64.723
2771 64.723
2772 64.723
2773 64.723
2774 64.723
2775 64.723
2776 64.723
2777 64.723
2778 64.723
2779 64.723
2780 64.723
2781 64.723
2782 64.723
2783 64.723
2784 64.723
2785 64.723
2786 64.723
2787 64.723
2788 64.723
2789 64.723
2790 64.723
2791 64.723
2792 64.723
2793 64.723
2794 64.723
2795 64.723
2796 64.723
2797 64.723
2798 64.723
2799 64.723
2800 64.723
2801 64.723
2802 64.723
2803 64.723
2804 64.723
2805 64.723
2806 64.723
2807 64.723
2808 64.723
2809 64.723
2810 64.723
2811 64.723
2812 64.723
2813 64.723
2814 64.723
2815 64.723
2816 64.723
2817 64.723
2818 64.723
2819 64.723
2820 64.723
2821 64.723
2822 64.723
2823 64.723
2824 64.723
2825 64.723
2826 64.723
2827 64.723
2828 64.723
2829 64.723
2830 64.723
2831 64.723
2832 64.723
2833 64.723
2834 64.723
2835 64.723
2836 64.723
2837 64.723
2838 64.723
2839 64.723
2840 64.723
2841 64.723
2842 64.723
2843 64.723
2844 64.723
2845 64.723
2846 64.723
2847 64.723
2848 64.723
2849 64.723
2850 64.723
2851 64.723
2852 64.723
2853 64.723
2854 64.723
2855 64.723
2856 64.723
2857 64.723
2858 64.723
2859 64.723
2860 64.723
2861 64.723
2862 64.723
2863 64.723
2864 64.723
2865 64.723
2866 64.723
2867 64.723
2868 64.723
2869 64.723
2870 64.723
2871 64.723
2872 64.723
2873 64.723
2874 64.723
2875 64.723
2876 64.723
2877 64.723
2878 64.723
2879 64.723
2880 64.723
2881 64.723
2882 64.723
2883 64.723
2884 64.723
2885 64.723
2886 64.723
2887 64.723
2888 64.723
2889 64.723
2890 64.723
2891 64.723
2892 64.723
2893 64.723
2894 64.723
2895 64.723
2896 64.723
2897 64.723
2898 64.723
2899 64.723
2900 64.723
2901 64.723
2902 64.723
2903 64.723
2904 64.723
2905 64.723
2906 64.723
2907 64.723
2908 64.723
2909 64.723
2910 64.723
2911 64.723
2912 64.723
2913 64.723
2914 64.723
2915 64.723
2916 64.723
2917 64.723
2918 64.723
2919 64.723
2920 64.723
2921 64.723
2922 64.723
2923 64.723
2924 64.723
2925 64.723
2926 64.723
2927 64.723
2928 64.723
2929 64.723
2930 64.723
2931 64.723
2932 64.723
2933 64.723
2934 64.723
2935 64.723
2936 64.723
2937 64.723
2938 64.723
2939 64.723
2940 64.723
2941 64.723
2942 64.723
2943 64.723
2944 64.723
2945 64.723
2946 64.723
2947 64.723
2948 64.723
2949 64.723
2950 64.723
2951 64.723
2952 64.723
2953 64.723
2954 64.723
2955 64.723
2956 64.723
2957 64.723
2958 64.723
2959 64.723
2960 64.723
2961 64.723
2962 64.723
2963 64.723
2964 64.723
2965 64.723
2966 64.723
2967 64.723
2968 64.723
2969 64.723
2970 64.723
2971 64.723
2972 64.723
2973 64.723
2974 64.723
2975 64.723
2976 64.723
2977 64.723
2978 64.723
2979 64.723
2980 64.723
2981 64.723
2982 64.723
2983 64.723
2984 64.723
2985 64.723
2986 64.723
2987 64.723
2988 64.723
2989 64.723
2990 64.723
2991 64.723
2992 64.723
2993 64.723
2994 64.723
2995 64.723
2996 64.723
2997 64.723
2998 64.723
2999 64.723
3000 64.723
3001 64.723
3002 64.723
3003 64.723
3004 64.723
3005 64.723
3006 64.723
3007 64.723
3008 64.723
3009 64.723
3010 64.723
3011 64.723
3012 64.723
3013 64.723
3014 64.723
3015 64.723
3016 64.723
3017 64.723
3018 64.723
3019 64.723
3020 64.723
3021 64.723
3022 64.723
3023 64.723
3024 64.723
3025 64.723
3026 64.723
3027 64.723
3028 64.723
3029 64.723
3030 64.723
3031 64.723
3032 64.723
3033 64.723
3034 64.723
3035 64.723
3036 64.723
3037 64.723
3038 64.723
3039 64.723
3040 64.723
3041 64.723
3042 64.723
3043 64.723
3044 64.723
3045 64.723
3046 64.723
3047 64.723
3048 64.723
3049 64.723
3050 64.723
3051 64.723
3052 64.723
3053 64.723
3054 64.723
3055 64.723
3056 64.723
3057 64.723
3058 64.723
3059 64.723
3060 64.723
3061 64.723
3062 64.723
3063 64.723
3064 64.723
3065 64.723
3066 64.723
3067 64.723
3068 64.723
3069 64.723
3070 64.723
3071 64.723
3072 64.723
3073 64.723
3074 64.723
3075 64.723
3076 64.723
3077 64.723
3078 64.723
3079 64.723
3080 64.723
3081 64.723
3082 64.723
3083 64.723
3084 64.723
3085 64.723
3086 64.723
3087 64.723
3088 64.723
3089 64.723
3090 64.723
3091 64.723
3092 64.723
3093 64.723
3094 64.723
3095 64.723
3096 64.723
3097 64.723
3098 64.723
3099 64.723
3100 64.723
3101 64.723
3102 64.723
3103 64.723
3104 64.723
3105 64.723
3106 64.723
3107 64.723
3108 64.723
3109 64.723
3110 64.723
3111 64.723
3112 64.723
3113 64.723
3114 64.723
3115 64.723
3116 64.723
3117 64.723
3118 64.723
3119 64.723
3120 64.723
3121 64.723
3122 64.723
3123 64.723
3124 64.723
3125 64.723
3126 64.723
3127 64.723
3128 64.723
3129 64.723
3130 64.723
3131 64.723
3132 64.723
3133 64.723
3134 64.723
3135 64.723
3136 64.723
3137 64.723
3138 64.723
3139 64.723
3140 64.723
3141 64.723
3142 64.723
3143 64.723
3144 64.723
3145 64.723
3146 64.723
3147 64.723
3148 64.723
3149 64.723
3150 64.723
3151 64.723
3152 64.723
3153 64.723
3154 64.723
3155 64.723
3156 64.723
3157 64.723
3158 64.723
3159 64.723
3160 64.723
3161 64.723
3162 64.723
3163 64.723
3164 64.723
3165 64.723
3166 64.723
3167 64.723
3168 64.723
3169 64.723
3170 64.723
3171 64.723
3172 64.723
3173 64.723
3174 64.723
3175 64.723
3176 64.723
3177 64.723
3178 64.723
3179 64.723
3180 64.723
3181 64.723
3182 64.723
3183 64.723
3184 64.723
3185 64.723
3186 64.723
3187 64.723
3188 64.723
3189 64.723
3190 64.723
3191 64.723
3192 64.723
3193 64.723
3194 64.723
3195 64.723
3196 64.723
3197 64.723
3198 64.723
3199 64.723
3200 64.723
3201 64.723
3202 64.723
3203 64.723
3204 64.723
3205 64.723
3206 64.723
3207 64.723
3208 64.723
3209 64.723
3210 64.723
3211 64.723
3212 64.723
3213 64.723
3214 64.723
3215 64.723
3216 64.723
3217 64.723
3218 64.723
3219 64.723
3220 64.723
3221 64.723
3222 64.723
3223 64.723
3224 64.723
3225 64.723
3226 64.723
3227 64.723
3228 64.723
3229 64.723
3230 64.723
3231 64.723
3232 64.723
3233 64.723
3234 64.723
3235 64.723
3236 64.723
3237 64.723
3238 64.723
3239 64.723
3240 64.723
3241 64.723
3242 64.723
3243 64.723
3244 64.723
3245 64.723
3246 64.723
3247 64.723
3248 64.723
3249 64.723
3250 64.723
3251 64.723
3252 64.723
3253 64.723
3254 64.723
3255 64.723
3256 64.723
3257 64.723
3258 64.723
3259 64.723
3260 64.723
3261 64.723
3262 64.723
3263 64.723
3264 64.723
3265 64.723
3266 64.723
3267 64.723
3268 64.723
3269 64.723
3270 64.723
3271 64.723
3272 64.723
3273 64.723
3274 64.723
3275 64.723
3276 64.723
3277 64.723
3278 64.723
3279 64.723
3280 64.723
3281 64.723
3282 64.723
3283 64.723
3284 64.723
3285 64.723
3286 64.723
3287 64.723
3288 64.723
3289 64.723
3290 64.723
3291 64.723
3292 64.723
3293 64.723
3294 64.723
3295 64.723
3296 64.723
3297 64.723
3298 64.723
3299 64.723
3300 64.723
3301 64.723
3302 64.723
3303 64.723
3304 64.723
3305 64.723
3306 64.723
3307 64.723
3308 64.723
3309 64.723
3310 64.723
3311 64.723
3312 64.723
3313 64.723
3314 64.723
3315 64.723
3316 64.723
3317 64.723
3318 64.723
3319 64.723
3320 64.723
3321 64.723
3322 64.723
3323 64.723
3324 64.723
3325 64.723
3326 64.723
3327 64.723
3328 64.723
3329 64.723
3330 64.723
3331 64.723
3332 64.723
3333 64.723
3334 64.723
3335 64.723
3336 64.723
3337 64.723
3338 64.723
3339 64.723
3340 64.723
3341 64.723
3342 64.723
3343 64.723
3344 64.723
3345 64.723
3346 64.723
3347 64.723
3348 64.723
3349 64.723
3350 64.723
3351 64.723
3352 64.723
3353 64.723
3354 64.723
3355 64.723
3356 64.723
3357 64.723
3358 64.723
3359 64.723
3360 64.723
3361 64.723
3362 64.723
3363 64.723
3364 64.723
3365 64.723
3366 64.723
3367 64.723
3368 64.723
3369 64.723
3370 64.723
3371 64.723
3372 64.723
3373 64.723
3374 64.723
3375 64.723
3376 64.723
3377 64.723
3378 64.723
3379 64.723
3380 64.723
3381 64.723
3382 64.723
3383 64.723
3384 64.723
3385 64.723
3386 64.723
3387 64.723
3388 64.723
3389 64.723
3390 64.723
3391 64.723
3392 64.723
3393 64.723
3394 64.723
3395 64.723
3396 64.723
3397 64.723
3398 64.723
3399 64.723
3400 64.723
3401 64.723
3402 64.723
3403 64.723
3404 64.723
3405 64.723
3406 64.723
3407 64.723
3408 64.723
3409 64.723
3410 64.723
3411 64.723
3412 64.723
3413 64.723
3414 64.723
3415 64.723
3416 64.723
3417 64.723
3418 64.723
3419 64.723
3420 64.723
3421 64.723
3422 64.723
3423 64.723
3424 64.723
3425 64.723
3426 64.723
3427 64.723
3428 64.723
3429 64.723
3430 64.723
3431 64.723
3432 64.723
3433 64.723
3434 64.723
3435 64.723
3436 64.723
3437 64.723
3438 64.723
3439 64.723
3440 64.723
3441 64.723
3442 64.723
3443 64.723
3444 64.723
3445 64.723
3446 64.723
3447 64.723
3448 64.723
3449 64.723
3450 64.723
3451 64.723
3452 64.723
3453 64.723
3454 64.723
3455 64.723
3456 64.723
3457 64.723
3458 64.723
3459 64.723
3460 64.723
3461 64.723
3462 64.723
3463 64.723
3464 64.723
3465 64.723
3466 64.723
3467 64.723
3468 64.723
3469 64.723
3470 64.723
3471 64.723
3472 64.723
3473 64.723
3474 64.723
3475 64.723
3476 64.723
3477 64.723
3478 64.723
3479 64.723
3480 64.723
3481 64.723
3482 64.723
3483 64.723
3484 64.723
3485 64.723
3486 64.723
3487 64.723
3488 64.723
3489 64.723
3490 64.723
3491 64.723
3492 64.723
3493 64.723
3494 64.723
3495 64.723
3496 64.723
3497 64.723
3498 64.723
3499 64.723
3500 64.723
