0 509.211
1 450.643
2 419.963
3 388.428
4 362.641
5 348.925
6 334.39
7 320.314
8 309.91
9 303.249
10 294.919
11 284.394
12 274.874
13 266.81
14 256.557
15 249.118
16 242.453
17 236.594
18 230.016
19 224.175
20 218.202
21 213.074
22 209.579
23 204.104
24 197.92
25 193.674
26 190.169
27 186.306
28 182.677
29 179.188
30 176.839
31 174.646
32 172.52
33 170.481
34 168.925
35 166.693
36 163.783
37 160.772
38 158.502
39 156.32
40 158.206
41 157.761
42 157.369
43 155.857
44 154.844
45 152.74
46 149.119
47 145.422
48 142.634
49 140.895
50 139.124
51 138.28
52 137.314
53 134.693
54 132.761
55 131.083
56 129.491
57 127.881
58 126.637
59 125.467
60 123.713
61 124.597
62 123.045
63 119.406
64 117.354
65 115.96
66 114.858
67 113.875
68 112.573
69 111.134
70 113.151
71 113.273
72 111.443
73 108.203
74 107.685
75 106.751
76 105.75
77 104.786
78 104.074
79 102.873
80 102.278
81 101.797
82 100.28
83 99.3607
84 101.19
85 101.482
86 99.3548
87 97.0132
88 95.1742
89 94.0702
90 93.5739
91 92.69
92 92.1504
93 92.6244
94 92.4997
95 92.8793
96 93.0985
97 91.9849
98 90.3675
99 89.5371
100 88.6259
101 91.1321
102 90.5788
103 88.47
104 86.962
105 85.9467
106 85.6499
107 84.7464
108 85.1966
109 85.5849
110 85.3041
111 84.4081
112 82.8801
113 82.2965
114 81.9972
115 81.6786
116 81.8273
117 81.3985
118 81.7471
119 82.1386
120 81.4516
121 81.19
122 80.9242
123 80.073
124 79.6379
125 79.4964
126 79.3152
127 79.5158
128 79.5714
129 79.2343
130 78.9824
131 78.5752
132 78.5405
133 78.4903
134 78.1615
135 78.3399
136 78.1837
137 79.3966
138 78.8842
139 77.5846
140 77.375
141 77.3288
142 76.6195
143 76.5662
144 76.6769
145 76.6609
146 76.6613
147 76.5177
148 76.6998
149 76.2604
150 76.3539
151 76.2199
152 76.6025
153 76.6027
154 76.5819
155 76.313
156 76.4453
157 76.125
158 76.1917
159 76.2443
160 76.1968
161 76.3652
162 76.4041
163 76.2583
164 75.9089
165 76.0686
166 76.1635
167 75.7449
168 76.038
169 75.6806
170 78.6786
171 80.118
172 77.5608
173 76.0246
174 75.2357
175 75.0294
176 75.0578
177 75.4093
178 75.2605
179 75.2772
180 75.3586
181 75.2109
182 75.2432
183 75.0749
184 75.344
185 75.4036
186 74.8444
187 74.4511
188 74.0528
189 74.2539
190 74.332
191 73.978
192 74.3254
193 74.4092
194 74.2882
195 74.4385
196 74.3389
197 73.7994
198 73.8817
199 73.5387
200 73.5037
201 72.7799
202 72.4477
203 72.8645
204 72.7828
205 72.4516
206 72.7685
207 72.5102
208 72.4158
209 72.5254
210 72.3273
211 72.2435
212 72.3169
213 72.0562
214 72.1151
215 72.2811
216 72.6428
217 72.2725
218 72.2136
219 72.3243
220 72.0996
221 71.8836
222 71.9502
223 71.9966
224 71.7848
225 71.6618
226 71.6169
227 72.2436
228 71.4398
229 71.2406
230 71.5875
231 71.4584
232 71.5008
233 71.6176
234 71.7115
235 71.6137
236 71.9172
237 71.737
238 71.4856
239 71.4006
240 71.505
241 71.7589
242 71.3414
243 71.5221
244 71.4281
245 71.1454
246 71.4703
247 71.1135
248 71.3635
249 71.4079
250 71.4745
251 71.5773
252 71.6529
253 71.3851
254 71.5103
255 71.439
256 71.3318
257 71.6882
258 71.6224
259 71.4631
260 71.4947
261 71.7444
262 71.5593
263 71.5101
264 71.3126
265 71.0532
266 71.49
267 71.3154
268 71.6526
269 71.7526
270 71.2726
271 71.06
272 71.2124
273 71.0608
274 70.9278
275 71.0644
276 71.2175
277 71.4002
278 71.4839
279 71.0916
280 71.2753
281 71.3495
282 71.3382
283 71.1669
284 71.2819
285 71.5538
286 71.3443
287 71.4573
288 71.4481
289 71.266
290 71.0474
291 71.2095
292 71.0595
293 71.5511
294 71.0575
295 71.288
296 71.3111
297 71.5596
298 71.544
299 71.2062
300 71.2666
301 71.2996
302 71.4288
303 71.4708
304 71.3222
305 71.4074
306 71.3156
307 71.2074
308 71.3167
309 71.5092
310 71.3661
311 71.2488
312 71.141
313 71.3599
314 71.0753
315 71.493
316 71.4698
317 71.1259
318 71.2534
319 71.4469
320 71.3051
321 71.3865
322 71.5043
323 71.2812
324 70.9044
325 71.5756
326 71.2815
327 71.6494
328 71.2733
329 71.2926
330 71.5523
331 71.0354
332 71.3252
333 71.1149
334 71.5273
335 71.4809
336 71.4628
337 71.2374
338 71.247
339 71.5621
340 71.5478
341 71.5072
342 71.4057
343 71.2337
344 71.0086
345 71.1299
346 71.3116
347 71.5475
348 71.3263
349 71.154
350 71.1951
351 71.2209
352 71.0579
353 71.3349
354 71.7066
355 71.3437
356 70.9763
357 71.1256
358 71.0423
359 71.265
360 71.1166
361 71.1462
362 71.0943
363 70.8735
364 71.1827
365 71.0558
366 71.0155
367 70.9385
368 70.8956
369 70.7736
370 71.2655
371 71.34
372 71.2522
373 71.1676
374 71.2315
375 71.2877
376 71.5478
377 71.6475
378 71.0549
379 71.0921
380 71.5359
381 71.5976
382 71.0928
383 71.2563
384 71.4043
385 71.2274
386 71.4074
387 71.0276
388 71.2878
389 71.2132
390 71.1756
391 71.1752
392 71.3793
393 70.861
394 70.6931
395 71.3488
396 71.4446
397 71.214
398 71.2375
399 71.393
400 70.8558
401 70.8622
402 70.924
403 71.2417
404 71.1942
405 71.3184
406 71.3232
407 71.126
408 71.0625
409 71.1427
410 70.9205
411 71.4005
412 71.1976
413 71.5583
414 71.0191
415 71.2357
416 71.0879
417 71.0413
418 70.7515
419 70.8047
420 71.1121
421 71.1384
422 71.366
423 71.0946
424 71.2223
425 70.861
426 70.9511
427 70.8366
428 70.9022
429 71.0345
430 70.9742
431 70.8249
432 70.9446
433 71.3522
434 71.4208
435 70.9731
436 71.1768
437 71.296
438 70.9435
439 70.7824
440 70.9897
441 71.0655
442 71.1649
443 71.0902
444 71.1515
445 71.1161
446 71.2141
447 71.002
448 70.9764
449 71.2931
450 71.2844
451 71.1745
452 71.2754
453 71.0372
454 70.8829
455 71.001
456 70.9776
457 70.8994
458 71.0025
459 71.0136
460 71.1542
461 71.3043
462 71.2085
463 71.0449
464 71.1385
465 71.0235
466 71.2227
467 71.2659
468 71.3123
469 71.0198
470 71.218
471 71.3424
472 70.7847
473 71.0879
474 71.0958
475 71.3194
476 71.4119
477 71.3445
478 71.3706
479 71.07
480 71.106
481 71.0539
482 71.3544
483 70.9903
484 71.174
485 71.0415
486 71.3074
487 71.2588
488 71.0515
489 71.2523
490 71.2839
491 71.1886
492 71.406
493 71.0747
494 71.2185
495 71.2498
496 71.0922
497 71.2321
498 71.397
499 71.295
500 71.37
501 71.0875
502 70.9543
503 71.1872
504 71.0905
505 71.1354
506 70.9326
507 70.9105
508 70.8536
509 70.866
510 71.2178
511 71.219
512 71.3753
513 71.2754
514 71.3043
515 71.2727
516 71.2557
517 71.1868
518 71.2703
519 71.5563
520 71.3614
521 71.007
522 71.0295
523 71.0602
524 71.2913
525 71.1483
526 71.089
527 71.0767
528 71.1978
529 71.3956
530 71.369
531 71.349
532 71.2817
533 71.4314
534 71.3578
535 71.0424
536 70.9755
537 71.1817
538 71.46
539 71.2256
540 70.9684
541 71.1475
542 71.6255
543 71.3925
544 71.4726
545 71.2153
546 71.1558
547 71.2801
548 70.8671
549 70.8396
550 70.9662
551 71.0299
552 71.01
553 71.1371
554 70.9412
555 71.072
556 70.6382
557 71.069
558 71.2345
559 71.2335
560 71.23
561 71.1414
562 71.1579
563 70.9811
564 70.9318
565 71.224
566 71.0603
567 71.4903
568 71.387
569 71.14
570 71.0251
571 70.8737
572 70.9014
573 71.2852
574 71.4106
575 71.1413
576 71.6477
577 71.1688
578 71.4323
579 71.0108
580 70.8959
581 71.5025
582 71.2564
583 71.1295
584 70.7405
585 71.1373
586 71.0582
587 71.256
588 71.0965
589 70.881
590 70.7692
591 70.8648
592 71.1652
593 71.3933
594 71.1404
595 71.0959
596 71.09
597 71.1186
598 70.9266
599 71.0464
600 71.1735
601 71.0247
602 71.0703
603 71.1937
604 71.2304
605 71.1254
606 71.1803
607 70.8339
608 70.8929
609 71.2733
610 71.1961
611 71.0529
612 71.1667
613 71.2306
614 71.356
615 70.9721
616 71.0203
617 71.3176
618 71.0998
619 71.3395
620 71.2997
621 71.3162
622 71.1351
623 71.2145
624 70.9264
625 70.7638
626 70.8648
627 70.9215
628 71.0431
629 71.0163
630 71.0716
631 71.0404
632 71.5082
633 70.8131
634 71.1105
635 71.2101
636 71.2177
637 70.9974
638 70.8365
639 71.1071
640 71.1858
641 71.2368
642 71.2919
643 71.1408
644 71.0364
645 70.8787
646 70.8833
647 71.0339
648 71.2121
649 71.1643
650 71.0801
651 71.0098
652 71.2896
653 71.1861
654 71.1446
655 70.8809
656 71.2199
657 71.358
658 71.0898
659 70.7796
660 71.0682
661 70.9691
662 71.2598
663 71.1018
664 71.2235
665 71.0155
666 71.184
667 70.7922
668 70.9406
669 71.0803
670 71.0351
671 71.4885
672 70.9673
673 71.6575
674 71.2358
675 71.3741
676 71.4398
677 71.5972
678 71.3985
679 71.0285
680 71.2446
681 71.3451
682 71.2058
683 71.472
684 71.348
685 71.076
686 71.3912
687 71.2865
688 71.5808
689 71.3619
690 71.2261
691 71.1344
692 71.4218
693 71.2917
694 71.2641
695 71.2177
696 71.0828
697 71.1553
698 71.0572
699 71.2467
700 71.4182
701 71.5359
702 71.296
703 71.2732
704 71.0428
705 71.015
706 71.147
707 70.8123
708 71.0952
709 71.4333
710 71.2634
711 71.2207
712 71.2288
713 71.1643
714 70.9979
715 71.3969
716 71.2344
717 71.1903
718 70.894
719 71.1086
720 71.2523
721 71.2802
722 71.3916
723 70.9989
724 70.9464
725 70.9264
726 71.1137
727 71.4798
728 71.3504
729 71.3642
730 71.1964
731 71.138
732 71.006
733 71.0845
734 71.0121
735 70.8369
736 71.1192
737 70.9587
738 71.1063
739 71.024
740 71.1539
741 70.9442
742 71.0241
743 71.1073
744 71.3389
745 70.9433
746 70.8186
747 70.6825
748 70.968
749 70.7993
750 71.1607
751 71.1886
752 71.1626
753 70.758
754 71.3814
755 71.2145
756 71.2161
757 70.9972
758 70.8369
759 71.3724
760 71.3642
761 71.0374
762 70.4824
763 71.2645
764 71.1917
765 71.011
766 70.8782
767 70.7226
768 70.968
769 70.9512
770 71.055
771 70.9469
772 70.8972
773 70.7844
774 70.7489
775 70.9289
776 70.8286
777 70.9478
778 71.4244
779 71.2342
780 70.9069
781 70.7466
782 70.8676
783 70.6481
784 70.8872
785 70.5727
786 70.9225
787 70.8887
788 71.0557
789 71.1632
790 70.9033
791 71.0605
792 70.9039
793 70.8599
794 71.1003
795 70.6362
796 70.9005
797 70.8696
798 71.1526
799 70.82
800 70.6877
801 70.8273
802 71.1368
803 70.8225
804 70.9331
805 70.9167
806 70.6528
807 71.2967
808 70.8067
809 70.6431
810 70.9739
811 70.9328
812 70.7722
813 71.0552
814 70.883
815 71.1661
816 70.7398
817 70.8846
818 71.1191
819 70.7423
820 71.0309
821 70.8594
822 71.0593
823 70.9241
824 70.7992
825 71.0439
826 70.975
827 70.5705
828 70.8169
829 71.3033
830 71.0259
831 70.7497
832 71.0814
833 70.8378
834 70.9842
835 70.9199
836 70.8315
837 70.6839
838 70.6187
839 70.6345
840 71.0632
841 70.9579
842 70.7012
843 70.8225
844 70.6821
845 70.7764
846 70.6673
847 70.6993
848 71.2468
849 71.2217
850 70.7407
851 70.9901
852 70.8785
853 70.9355
854 70.841
855 70.763
856 70.9068
857 70.9439
858 71.0822
859 70.7602
860 70.5233
861 71.0072
862 71.2464
863 70.9254
864 70.7646
865 70.8229
866 71.2434
867 70.8783
868 70.7797
869 70.9227
870 71.0238
871 70.7688
872 71.2242
873 71.1221
874 70.6547
875 71.2473
876 70.9819
877 71.1611
878 71.1795
879 71.2606
880 70.7691
881 71.081
882 70.9338
883 70.516
884 70.8806
885 70.7853
886 70.6986
887 70.913
888 70.8902
889 70.9036
890 70.8943
891 71.0526
892 70.9813
893 71.1768
894 70.9445
895 70.9535
896 70.927
897 70.9737
898 71.0412
899 70.7795
900 70.712
901 71.2076
902 70.8342
903 70.9302
904 70.7068
905 70.9776
906 71.4072
907 71.385
908 71.4204
909 71.4987
910 71.2564
911 71.1622
912 70.7829
913 70.8606
914 70.9512
915 70.7909
916 71.2506
917 71.1905
918 70.8187
919 70.9326
920 70.8068
921 71.2169
922 70.8491
923 71.4394
924 71.343
925 70.916
926 70.9023
927 70.6968
928 70.8388
929 71.0657
930 70.9338
931 71.2454
932 71.1811
933 70.6262
934 71.1715
935 71.1344
936 71.3529
937 70.7897
938 70.5799
939 70.7768
940 70.6891
941 70.9852
942 70.9424
943 70.8106
944 71.0769
945 70.9768
946 70.9996
947 71.1945
948 71.1594
949 71.0599
950 71.0751
951 71.0339
952 70.7885
953 70.7245
954 70.9665
955 71.1683
956 70.8462
957 71.1414
958 70.8328
959 70.744
960 70.7085
961 70.904
962 71.2412
963 70.7981
964 70.691
965 70.8084
966 70.806
967 71.1366
968 70.9691
969 70.9122
970 71.0102
971 71.1377
972 71.2966
973 71.1009
974 70.787
975 70.81
976 70.7412
977 70.3719
978 70.5195
979 70.6102
980 70.8338
981 70.6744
982 70.8378
983 70.6592
984 70.6342
985 70.5223
986 70.9125
987 70.5055
988 71.1837
989 70.6429
990 70.591
991 70.3198
992 70.5423
993 70.8776
994 70.5556
995 70.5962
996 70.6121
997 70.3275
998 70.5487
999 70.7202
1000 70.6735
1001 70.6965
1002 70.8958
1003 70.8213
1004 70.8913
1005 70.7377
1006 70.4906
1007 70.5799
1008 70.7843
1009 70.66
1010 71.0701
1011 70.8522
1012 71.1546
1013 70.7052
1014 70.8183
1015 70.8889
1016 70.5762
1017 70.583
1018 70.573
1019 70.6068
1020 70.7397
1021 70.7175
1022 70.6059
1023 70.6766
1024 70.7777
1025 70.8275
1026 70.644
1027 70.5869
1028 70.7213
1029 70.8687
1030 70.5802
1031 70.5794
1032 70.6915
1033 70.7212
1034 70.7427
1035 70.6844
1036 70.6488
1037 70.6072
1038 70.8008
1039 70.7325
1040 70.7123
1041 70.783
1042 70.7074
1043 70.7628
1044 70.7124
1045 70.77
1046 70.5675
1047 71.0282
1048 71.152
1049 70.9732
1050 70.4861
1051 71.0011
1052 71.0321
1053 70.8085
1054 70.6295
1055 70.7648
1056 70.7185
1057 70.6893
1058 70.8888
1059 71.0512
1060 70.8825
1061 70.8445
1062 70.4308
1063 70.7137
1064 70.5133
1065 70.4487
1066 70.8057
1067 70.8906
1068 70.7628
1069 70.6315
1070 70.4845
1071 70.8792
1072 70.9407
1073 70.8942
1074 70.6154
1075 70.7422
1076 70.7366
1077 70.7732
1078 70.7748
1079 71.1495
1080 70.999
1081 70.5357
1082 70.8045
1083 70.3826
1084 70.5143
1085 70.2141
1086 70.6405
1087 70.6078
1088 70.9327
1089 70.5796
1090 70.6577
1091 70.6791
1092 70.6955
1093 70.5517
1094 70.3416
1095 70.956
1096 71.0291
1097 70.59
1098 70.5813
1099 70.7232
1100 70.6449
1101 70.6942
1102 70.6508
1103 70.7862
1104 70.6622
1105 70.9405
1106 71.2521
1107 71.0074
1108 70.6838
1109 70.7839
1110 70.722
1111 70.8932
1112 70.6947
1113 70.9339
1114 70.5956
1115 70.3626
1116 70.6707
1117 70.571
1118 70.5823
1119 70.7836
1120 70.575
1121 70.5754
1122 70.8286
1123 70.8424
1124 70.8747
1125 70.4569
1126 70.4374
1127 70.7512
1128 70.4622
1129 70.4894
1130 70.3573
1131 70.7558
1132 70.5706
1133 70.5387
1134 70.6074
1135 70.8037
1136 70.5089
1137 70.7688
1138 70.7881
1139 70.8151
1140 70.5816
1141 70.6532
1142 70.6707
1143 70.6653
1144 70.8616
1145 71.0632
1146 70.7611
1147 70.3975
1148 70.8273
1149 70.2972
1150 70.6962
1151 70.6321
1152 70.6312
1153 70.5538
1154 70.8002
1155 70.921
1156 70.8799
1157 71.0904
1158 70.8956
1159 70.9558
1160 70.5502
1161 70.4532
1162 70.5038
1163 70.6301
1164 70.5518
1165 70.7913
1166 70.634
1167 70.4318
1168 70.5209
1169 70.6877
1170 70.7106
1171 70.7487
1172 70.4556
1173 70.8139
1174 70.3796
1175 70.6356
1176 70.653
1177 70.7865
1178 70.8564
1179 70.5934
1180 71.0102
1181 70.9895
1182 70.8908
1183 70.572
1184 70.4238
1185 70.5805
1186 70.8714
1187 70.674
1188 70.6996
1189 70.5776
1190 70.588
1191 70.9338
1192 70.7641
1193 70.407
1194 70.8474
1195 70.6574
1196 70.8444
1197 70.5944
1198 70.735
1199 70.653
1200 70.7657
1201 70.8504
1202 70.6298
1203 70.6021
1204 70.5743
1205 70.434
1206 70.5213
1207 70.4532
1208 70.4719
1209 70.585
1210 70.733
1211 70.3034
1212 70.5104
1213 70.7111
1214 70.8695
1215 70.7009
1216 70.8628
1217 70.6781
1218 70.8353
1219 70.6916
1220 70.6712
1221 70.7635
1222 70.6145
1223 70.5045
1224 70.356
1225 70.5597
1226 70.7198
1227 70.5408
1228 70.6417
1229 70.5752
1230 70.5964
1231 70.5858
1232 70.5556
1233 70.4638
1234 70.7612
1235 70.4399
1236 70.6203
1237 70.7377
1238 70.7603
1239 70.6386
1240 70.7932
1241 70.8497
1242 70.6404
1243 70.6468
1244 70.6758
1245 70.5278
1246 70.7671
1247 70.4719
1248 70.8095
1249 70.8029
1250 70.6811
1251 70.417
1252 70.4629
1253 70.5873
1254 70.6283
1255 70.6734
1256 70.4777
1257 70.327
1258 70.7513
1259 70.7561
1260 70.5925
1261 70.4984
1262 70.2633
1263 70.6519
1264 70.7906
1265 70.7387
1266 70.3893
1267 70.7461
1268 70.9252
1269 70.6155
1270 70.5727
1271 70.6819
1272 70.654
1273 70.7388
1274 70.5997
1275 70.5324
1276 70.8062
1277 70.9018
1278 70.877
1279 70.8467
1280 70.7336
1281 70.6845
1282 70.5888
1283 71.115
1284 70.8982
1285 71.0275
1286 70.8415
1287 70.7753
1288 70.6823
1289 70.6648
1290 70.4832
1291 70.7427
1292 70.7738
1293 70.7631
1294 70.5399
1295 70.7694
1296 70.6001
1297 70.6407
1298 70.7976
1299 70.6988
1300 70.7704
1301 71.1043
1302 70.7206
1303 70.586
1304 70.7011
1305 70.8414
1306 70.8084
1307 70.6631
1308 70.7933
1309 70.5176
1310 70.9062
1311 70.2595
1312 70.8575
1313 70.7304
1314 70.5345
1315 70.7333
1316 70.8022
1317 71.4231
1318 70.7133
1319 70.5258
1320 70.3113
1321 70.3521
1322 70.7694
1323 70.5682
1324 70.5346
1325 70.5966
1326 70.8815
1327 70.6842
1328 70.5575
1329 70.6268
1330 70.7379
1331 70.5517
1332 70.4809
1333 70.626
1334 70.8522
1335 70.5095
1336 70.4198
1337 70.2328
1338 70.2168
1339 70.9315
1340 70.8316
1341 70.572
1342 70.8716
1343 70.927
1344 70.5757
1345 70.6978
1346 70.4937
1347 70.6644
1348 70.5868
1349 70.6479
1350 70.5514
1351 70.5397
1352 70.3824
1353 70.5629
1354 70.7869
1355 70.902
1356 70.6019
1357 70.4989
1358 70.3329
1359 70.5162
1360 70.8654
1361 70.9561
1362 70.8737
1363 70.4074
1364 70.7167
1365 70.4728
1366 70.7019
1367 70.952
1368 70.6081
1369 70.7196
1370 70.7646
1371 70.6207
1372 70.6182
1373 70.4453
1374 70.8655
1375 70.4609
1376 70.4283
1377 70.537
1378 70.7026
1379 70.7905
1380 70.9309
1381 70.5347
1382 70.8955
1383 70.8325
1384 70.5674
1385 70.8763
1386 70.8993
1387 70.6995
1388 70.5861
1389 70.4718
1390 70.4131
1391 70.6847
1392 70.7982
1393 70.8171
1394 70.7352
1395 70.8285
1396 70.5925
1397 70.5249
1398 70.747
1399 70.6908
1400 70.9754
1401 70.7233
1402 70.6726
1403 70.7683
1404 71.068
1405 70.8562
1406 70.8786
1407 70.8327
1408 70.6146
1409 70.894
1410 70.6479
1411 70.493
1412 70.5303
1413 70.4671
1414 70.4159
1415 70.2808
1416 70.6095
1417 70.5623
1418 70.9722
1419 70.7415
1420 70.9939
1421 70.9826
1422 70.7216
1423 70.6697
1424 70.5143
1425 70.757
1426 70.6394
1427 70.8812
1428 70.8638
1429 70.4678
1430 70.6774
1431 70.5191
1432 70.9548
1433 71.1087
1434 70.5857
1435 70.7815
1436 70.6063
1437 71.0066
1438 70.8154
1439 70.5458
1440 70.7907
1441 70.6524
1442 70.5921
1443 70.6709
1444 70.5258
1445 70.8918
1446 70.7717
1447 70.7895
1448 70.776
1449 70.5609
1450 70.6076
1451 70.5332
1452 70.4661
1453 70.4778
1454 70.6433
1455 70.8396
1456 70.4943
1457 70.6571
1458 70.5859
1459 70.6353
1460 70.4659
1461 70.3964
1462 70.5026
1463 70.7303
1464 70.6683
1465 70.2272
1466 70.5724
1467 70.9808
1468 70.7684
1469 70.5878
1470 70.334
1471 70.3052
1472 70.7809
1473 70.5717
1474 70.6015
1475 70.4722
1476 70.6115
1477 70.8232
1478 70.9111
1479 70.5868
1480 70.7031
1481 70.9913
1482 70.9527
1483 70.4662
1484 70.7377
1485 70.7013
1486 70.5657
1487 70.6759
1488 70.5946
1489 70.7076
1490 70.8577
1491 70.7584
1492 70.8232
1493 70.5695
1494 70.3709
1495 70.2922
1496 70.4867
1497 70.6843
1498 70.5218
1499 70.4098
1500 70.7855
1501 70.8907
1502 70.5082
1503 70.5708
1504 70.4001
1505 70.6825
1506 70.793
1507 70.4549
1508 70.6502
1509 70.4552
1510 70.3494
1511 70.4307
1512 70.3538
1513 70.659
1514 70.8852
1515 70.6166
1516 71.0427
1517 70.9181
1518 70.6868
1519 70.5098
1520 70.4986
1521 70.6771
1522 70.7151
1523 70.6975
1524 70.8231
1525 70.5939
1526 70.8975
1527 70.9331
1528 70.7307
1529 70.7983
1530 70.721
1531 70.4853
1532 71.0736
1533 70.8024
1534 70.9523
1535 70.5987
1536 70.7987
1537 70.5253
1538 70.5642
1539 70.5721
1540 70.6569
1541 70.5466
1542 70.4887
1543 70.613
1544 70.6821
1545 70.5054
1546 70.4688
1547 70.8597
1548 71.0248
1549 70.9109
1550 71.0457
1551 70.649
1552 71.2982
1553 70.7027
1554 70.5455
1555 70.7495
1556 70.7833
1557 70.5083
1558 70.528
1559 70.9241
1560 70.6308
1561 70.6969
1562 70.6225
1563 70.5938
1564 70.9417
1565 70.625
1566 70.4889
1567 70.6488
1568 70.5044
1569 70.4556
1570 70.8924
1571 70.7526
1572 70.6142
1573 70.3466
1574 70.5318
1575 70.3945
1576 70.4224
1577 70.5527
1578 70.6465
1579 70.5286
1580 70.4447
1581 70.6506
1582 70.926
1583 70.5688
1584 70.9328
1585 70.6895
1586 70.7279
1587 70.5778
1588 70.645
1589 70.5659
1590 70.7101
1591 70.6691
1592 70.6873
1593 70.1427
1594 70.8596
1595 70.6247
1596 70.7982
1597 70.6319
1598 70.5977
1599 70.4222
1600 70.4896
1601 70.6332
1602 70.6782
1603 70.8263
1604 70.5643
1605 70.7497
1606 70.4132
1607 70.3737
1608 70.6023
1609 70.6935
1610 70.6534
1611 70.7481
1612 70.9261
1613 70.6881
1614 71.1544
1615 70.6761
1616 70.3505
1617 70.6765
1618 70.5251
1619 70.5836
1620 70.4768
1621 70.5578
1622 70.8003
1623 70.5988
1624 70.5219
1625 70.3315
1626 70.3419
1627 70.6623
1628 70.7799
1629 70.3665
1630 70.609
1631 70.4718
1632 70.7862
1633 70.8768
1634 70.9232
1635 70.6906
1636 70.3505
1637 70.6041
1638 70.7116
1639 70.6067
1640 70.7367
1641 70.6441
1642 70.7067
1643 70.8314
1644 71.1707
1645 70.9025
1646 70.6707
1647 70.7456
1648 70.6801
1649 70.6093
1650 70.7471
1651 70.4364
1652 70.2751
1653 70.8832
1654 70.6932
1655 70.8189
1656 70.8085
1657 70.5691
1658 71.0697
1659 70.9748
1660 70.717
1661 70.6224
1662 70.6764
1663 70.7547
1664 70.8875
1665 70.6543
1666 70.8384
1667 70.5079
1668 70.5579
1669 70.4124
1670 70.7326
1671 70.3642
1672 70.4762
1673 70.5234
1674 70.5619
1675 70.6509
1676 70.7681
1677 70.5538
1678 70.5543
1679 70.8227
1680 70.5345
1681 70.3653
1682 70.6549
1683 70.5626
1684 70.5058
1685 70.4464
1686 70.5215
1687 70.5117
1688 70.5818
1689 70.9011
1690 70.5009
1691 70.6438
1692 70.4351
1693 70.917
1694 70.6048
1695 70.7057
1696 70.671
1697 70.5687
1698 70.8025
1699 70.652
1700 70.5378
1701 70.9675
1702 71.0909
1703 70.7733
1704 70.9337
1705 70.824
1706 70.8683
1707 71.1002
1708 70.9024
1709 70.7516
1710 71.0621
1711 70.876
1712 70.6723
1713 70.4311
1714 70.4945
1715 70.6137
1716 70.7191
1717 70.6653
1718 70.5804
1719 70.7349
1720 70.7119
1721 70.6111
1722 70.7544
1723 70.619
1724 70.7974
1725 70.3738
1726 70.4297
1727 70.7612
1728 70.7179
1729 70.8668
1730 70.7351
1731 70.7801
1732 70.8146
1733 70.7008
1734 70.7488
1735 70.6827
1736 70.4404
1737 70.531
1738 70.6198
1739 70.8034
1740 70.7415
1741 71.0507
1742 70.5145
1743 70.599
1744 70.6897
1745 70.4283
1746 70.5833
1747 70.6749
1748 70.6572
1749 70.6506
1750 70.5877
1751 70.524
1752 70.9587
1753 70.5056
1754 70.4735
1755 70.6577
1756 70.897
1757 70.7513
1758 70.6884
1759 70.5318
1760 70.6781
1761 70.6817
1762 70.5601
1763 70.7496
1764 70.484
1765 70.5261
1766 70.5861
1767 70.7491
1768 70.6318
1769 70.6861
1770 70.5976
1771 70.7989
1772 70.7629
1773 70.4883
1774 70.844
1775 70.7886
1776 70.6477
1777 70.7214
1778 70.6081
1779 70.3719
1780 70.0672
1781 70.5377
1782 70.6957
1783 70.7917
1784 70.758
1785 70.6788
1786 70.9564
1787 70.9002
1788 70.6009
1789 71.1037
1790 70.4622
1791 70.6113
1792 70.7716
1793 70.6692
1794 70.6221
1795 70.7048
1796 70.6781
1797 70.6392
1798 70.725
1799 70.5108
1800 70.9788
1801 70.6719
1802 70.7247
1803 70.6002
1804 70.8709
1805 70.6633
1806 70.9912
1807 70.5457
1808 70.84
1809 70.5677
1810 70.5255
1811 70.8098
1812 70.9795
1813 70.6247
1814 70.7039
1815 70.876
1816 70.5588
1817 70.8406
1818 71.0582
1819 70.7254
1820 70.6962
1821 70.8484
1822 70.8711
1823 70.6723
1824 70.8972
1825 70.495
1826 70.5807
1827 70.5849
1828 70.7353
1829 70.9415
1830 70.9142
1831 70.839
1832 70.7883
1833 70.9392
1834 70.7931
1835 70.8229
1836 70.8047
1837 70.7971
1838 70.6648
1839 70.564
1840 70.8087
1841 70.6921
1842 70.3966
1843 70.4126
1844 70.7357
1845 70.6764
1846 70.5701
1847 70.5164
1848 70.3194
1849 70.6559
1850 71.1217
1851 70.7498
1852 71.0094
1853 70.86
1854 70.8313
1855 70.6078
1856 70.7318
1857 71.0757
1858 70.9513
1859 70.8487
1860 70.9057
1861 71.0083
1862 70.6691
1863 70.7276
1864 70.5234
1865 70.5195
1866 70.5102
1867 70.4711
1868 70.5096
1869 70.5074
1870 70.9257
1871 70.6714
1872 70.8065
1873 70.628
1874 70.8172
1875 70.576
1876 70.7912
1877 70.7927
1878 70.7294
1879 70.721
1880 70.7451
1881 70.9365
1882 70.5141
1883 70.3799
1884 70.5422
1885 70.7307
1886 70.8054
1887 70.8155
1888 70.8285
1889 70.8808
1890 70.8778
1891 70.6788
1892 70.5388
1893 71.0227
1894 70.5767
1895 70.5291
1896 70.2518
1897 70.6724
1898 70.4092
1899 71.0304
1900 70.5092
1901 70.4362
1902 71.0433
1903 70.6478
1904 70.5612
1905 70.6089
1906 70.6556
1907 71.1742
1908 71.1384
1909 70.7721
1910 70.8125
1911 70.5572
1912 70.5912
1913 70.5056
1914 70.8449
1915 70.5964
1916 70.4554
1917 70.5496
1918 70.4928
1919 70.6193
1920 70.8564
1921 70.4577
1922 70.5603
1923 70.5846
1924 70.7629
1925 70.7535
1926 70.7564
1927 70.7672
1928 70.5021
1929 70.4705
1930 70.7937
1931 70.658
1932 70.7464
1933 70.7271
1934 70.7971
1935 70.8385
1936 70.7108
1937 70.2466
1938 70.4391
1939 70.5543
1940 70.5976
1941 70.6612
1942 71.1038
1943 70.9417
1944 70.8472
1945 70.8584
1946 70.8314
1947 70.9091
1948 70.6987
1949 70.7996
1950 70.5199
1951 70.7601
1952 70.595
1953 70.8495
1954 70.683
1955 70.6766
1956 70.4674
1957 70.5985
1958 70.4987
1959 70.363
1960 70.8547
1961 70.7603
1962 70.6217
1963 71.0116
1964 70.8504
1965 70.8883
1966 70.669
1967 70.8624
1968 70.5071
1969 70.4695
1970 70.6291
1971 70.7029
1972 70.6209
1973 70.7592
1974 70.6667
1975 70.8799
1976 70.7446
1977 70.7726
1978 70.5478
1979 70.8217
1980 70.6657
1981 70.7565
1982 70.7973
1983 70.7262
1984 70.7854
1985 70.5516
1986 70.8971
1987 70.7507
1988 70.9644
1989 70.8445
1990 70.6413
1991 70.7522
1992 70.5191
1993 70.5065
1994 70.944
1995 71.0338
1996 71.0264
1997 70.8804
1998 70.7973
1999 70.4175
2000 70.3625
2001 70.4884
2002 70.634
2003 70.4685
2004 70.6229
2005 70.5888
2006 70.6284
2007 71.021
2008 70.716
2009 70.9197
2010 70.8568
2011 71.1532
2012 70.9034
2013 70.6731
2014 70.4694
2015 70.8427
2016 70.5964
2017 70.5728
2018 70.8106
2019 71.032
2020 70.8961
2021 70.4372
2022 71.0722
2023 70.7757
2024 70.6539
2025 70.7535
2026 70.8024
2027 70.9627
2028 70.8675
2029 70.4447
2030 70.7145
2031 70.8495
2032 70.3904
2033 70.4964
2034 70.4852
2035 70.9103
2036 70.5551
2037 70.5849
2038 70.8545
2039 70.8391
2040 70.9748
2041 70.5253
2042 70.4407
2043 70.7597
2044 70.3878
2045 70.4466
2046 70.5139
2047 70.5922
2048 70.5645
2049 70.4827
2050 70.3073
2051 70.5966
2052 70.5042
2053 70.6998
2054 70.7536
2055 70.7311
2056 70.5531
2057 70.6854
2058 70.5174
2059 70.972
2060 70.6275
2061 70.8763
2062 70.6213
2063 70.8704
2064 70.7764
2065 70.6879
2066 70.7524
2067 70.7345
2068 70.4079
2069 70.5712
2070 70.3666
2071 70.4676
2072 70.4136
2073 70.4942
2074 70.8787
2075 70.8219
2076 70.3998
2077 70.603
2078 70.7307
2079 70.6732
2080 70.5869
2081 70.4471
2082 70.6115
2083 70.9844
2084 70.7797
2085 70.7917
2086 70.9571
2087 71.0813
2088 70.7167
2089 70.6112
2090 70.3642
2091 70.4739
2092 70.7114
2093 70.7328
2094 70.6702
2095 70.6349
2096 70.3583
2097 70.7186
2098 70.4941
2099 70.8271
2100 70.3549
2101 70.4011
2102 70.8219
2103 70.3004
2104 70.7039
2105 70.4636
2106 70.5922
2107 71.0271
2108 70.6425
2109 70.6099
2110 70.7786
2111 70.8511
2112 70.9089
2113 70.6899
2114 70.918
2115 70.8867
2116 70.502
2117 71.1804
2118 70.4431
2119 70.7151
2120 70.9126
2121 70.4228
2122 70.8142
2123 70.7786
2124 70.6879
2125 70.3244
2126 70.5316
2127 70.5759
2128 70.9803
2129 70.7039
2130 70.364
2131 70.4231
2132 70.8085
2133 70.3203
2134 70.7736
2135 70.7724
2136 70.9236
2137 70.6936
2138 70.7219
2139 70.8079
2140 70.7502
2141 70.5091
2142 70.4019
2143 70.5297
2144 71.1176
2145 70.8047
2146 70.9012
2147 70.7251
2148 70.733
2149 70.6014
2150 70.6015
2151 70.6622
2152 70.7152
2153 70.5206
2154 70.695
2155 70.7104
2156 70.6605
2157 70.7888
2158 70.5375
2159 70.6813
2160 70.6425
2161 70.3563
2162 70.5937
2163 70.7801
2164 70.6552
2165 70.7439
2166 70.3893
2167 70.6238
2168 70.7893
2169 70.6472
2170 70.6899
2171 70.6896
2172 70.6552
2173 70.7443
2174 70.919
2175 70.7024
2176 70.9703
2177 70.7641
2178 70.7147
2179 70.6583
2180 70.6691
2181 70.8378
2182 71.2541
2183 70.6487
2184 70.5313
2185 70.7448
2186 70.7627
2187 70.7697
2188 70.3681
2189 70.6559
2190 70.852
2191 71.0151
2192 70.4279
2193 70.339
2194 70.4696
2195 70.5573
2196 70.5136
2197 70.4689
2198 70.9212
2199 70.7633
2200 70.4367
2201 70.6095
2202 70.7256
2203 70.8288
2204 70.5537
2205 70.8934
2206 70.8102
2207 70.909
2208 70.5315
2209 70.611
2210 70.4354
2211 70.6314
2212 70.5411
2213 70.5598
2214 70.9389
2215 70.9119
2216 70.47
2217 70.7117
2218 70.8401
2219 70.5965
2220 70.6386
2221 70.6245
2222 70.6792
2223 70.8824
2224 70.8019
2225 70.9407
2226 70.7727
2227 70.5246
2228 71.0132
2229 70.5408
2230 70.5316
2231 70.2958
2232 70.3972
2233 70.6349
2234 70.3496
2235 70.4511
2236 70.6393
2237 70.5051
2238 70.3593
2239 70.8235
2240 70.8562
2241 70.716
2242 70.787
2243 70.6802
2244 70.5069
2245 70.6835
2246 70.5277
2247 70.7785
2248 70.4272
2249 70.9388
2250 70.6321
2251 70.6242
2252 70.3049
2253 70.4786
2254 70.5188
2255 70.4095
2256 70.7084
2257 70.7165
2258 71.1623
2259 70.6901
2260 70.5331
2261 71.0474
2262 70.7985
2263 71.0179
2264 70.8539
2265 70.6704
2266 70.5564
2267 70.5502
2268 70.5898
2269 70.8182
2270 70.6615
2271 70.5864
2272 70.7433
2273 70.853
2274 70.7716
2275 70.9358
2276 70.7691
2277 71.1622
2278 70.9002
2279 70.7516
2280 70.515
2281 70.4028
2282 70.6369
2283 70.5505
2284 70.5878
2285 70.648
2286 70.9343
2287 70.8894
2288 70.7087
2289 70.7362
2290 70.6424
2291 70.5939
2292 70.8959
2293 70.8288
2294 70.4557
2295 70.8207
2296 70.6571
2297 70.5634
2298 70.5432
2299 70.6369
2300 70.7525
2301 70.5987
2302 70.7561
2303 70.4657
2304 70.6292
2305 70.7372
2306 70.4625
2307 70.5161
2308 70.5888
2309 70.4987
2310 70.6487
2311 70.536
2312 70.5808
2313 70.6935
2314 70.9025
2315 70.8095
2316 71.0999
2317 70.5717
2318 70.2858
2319 70.4919
2320 70.3136
2321 70.5046
2322 70.7838
2323 70.6247
2324 71.0224
2325 70.7034
2326 70.6238
2327 70.8041
2328 70.5073
2329 70.389
2330 70.5062
2331 70.5255
2332 70.6599
2333 70.6
2334 70.5545
2335 70.7105
2336 70.7796
2337 71.0624
2338 70.6866
2339 70.4724
2340 70.4799
2341 70.778
2342 70.9849
2343 70.9154
2344 70.6871
2345 70.7257
2346 70.6427
2347 70.5894
2348 70.3443
2349 70.3464
2350 70.7523
2351 70.9947
2352 70.6873
2353 70.7908
2354 70.663
2355 70.6042
2356 70.7721
2357 70.6619
2358 70.4649
2359 70.7194
2360 70.5921
2361 70.8386
2362 70.6008
2363 70.7754
2364 70.5945
2365 70.7287
2366 70.9663
2367 70.5527
2368 70.5089
2369 70.7517
2370 71.0272
2371 70.8587
2372 71.0713
2373 70.8852
2374 70.8374
2375 71.3215
2376 70.7157
2377 70.8742
2378 71.1152
2379 70.6229
2380 70.6619
2381 70.9088
2382 70.8955
2383 70.9314
2384 71.0609
2385 70.7589
2386 70.908
2387 70.5176
2388 70.6851
2389 70.8431
2390 70.3842
2391 70.671
2392 70.784
2393 71.1269
2394 70.9935
2395 70.8981
2396 70.5846
2397 70.6641
2398 70.6744
2399 70.5794
2400 70.6175
2401 70.5111
2402 70.7206
2403 70.8876
2404 70.5867
2405 70.7667
2406 70.7289
2407 70.846
2408 70.5464
2409 70.5012
2410 71.0073
2411 71.0279
2412 70.7361
2413 70.706
2414 70.5574
2415 70.5838
2416 71.0158
2417 70.7543
2418 70.8823
2419 70.836
2420 71.2166
2421 70.8064
2422 70.1713
2423 70.7837
2424 70.7216
2425 70.4007
2426 70.5696
2427 70.4993
2428 70.5684
2429 70.7976
2430 70.8916
2431 70.8896
2432 70.7283
2433 70.7554
2434 70.6882
2435 70.6128
2436 70.525
2437 70.5024
2438 70.61
2439 70.583
2440 70.4841
2441 70.3759
2442 70.5555
2443 70.5885
2444 70.7021
2445 70.7421
2446 70.8624
2447 70.4516
2448 70.7872
2449 70.9575
2450 70.9825
2451 70.6243
2452 70.9643
2453 70.999
2454 70.6614
2455 70.7596
2456 70.9047
2457 70.8298
2458 70.3992
2459 70.8557
2460 70.6523
2461 70.5351
2462 70.6755
2463 70.6444
2464 70.5833
2465 70.7918
2466 70.5792
2467 70.5508
2468 70.8699
2469 70.8157
2470 70.5574
2471 70.7389
2472 70.9427
2473 71.0872
2474 70.8287
2475 70.7819
2476 70.5073
2477 70.5881
2478 70.9599
2479 70.8583
2480 70.626
2481 70.4195
2482 70.7867
2483 70.3432
2484 70.5626
2485 70.6349
2486 70.6526
2487 70.5604
2488 70.5671
2489 70.6366
2490 70.6028
2491 70.5958
2492 70.7838
2493 70.885
2494 70.6323
2495 70.7217
2496 70.7828
2497 70.6159
2498 70.6772
2499 70.8746
2500 70.9251
2501 70.5574
2502 70.88
2503 70.7659
2504 70.889
2505 70.4178
2506 70.6924
2507 70.5775
2508 70.6759
2509 70.2973
2510 70.6657
2511 70.4992
2512 70.4828
2513 70.6178
2514 70.632
2515 70.7176
2516 70.5167
2517 70.4761
2518 70.6621
2519 70.6292
2520 70.488
2521 70.5208
2522 70.9804
2523 70.8576
2524 70.6291
2525 70.7407
2526 70.9965
2527 70.8666
2528 70.5675
2529 70.5392
2530 70.5521
2531 70.6166
2532 70.9218
2533 70.8705
2534 70.4883
2535 70.7578
2536 70.7295
2537 70.9151
2538 70.9004
2539 70.6667
2540 70.5559
2541 70.5314
2542 70.4184
2543 70.504
2544 70.6088
2545 70.4983
2546 70.581
2547 70.3597
2548 70.7948
2549 70.4702
2550 70.8712
2551 70.5498
2552 70.7168
2553 70.4072
2554 70.5937
2555 70.8938
2556 70.9739
2557 70.6805
2558 70.6857
2559 70.7552
2560 70.8266
2561 70.3519
2562 70.5365
2563 70.6051
2564 70.8148
2565 70.8656
2566 70.7464
2567 70.4989
2568 70.8089
2569 70.8181
2570 70.7892
2571 70.5973
2572 70.9607
2573 70.937
2574 70.816
2575 70.4451
2576 70.8991
2577 70.6073
2578 70.4884
2579 70.532
2580 70.3087
2581 70.6026
2582 70.7521
2583 70.7666
2584 70.7149
2585 70.6577
2586 70.9419
2587 70.7491
2588 70.5479
2589 70.6805
2590 70.9504
2591 70.7548
2592 70.3593
2593 70.2055
2594 70.3551
2595 70.7033
2596 70.7684
2597 70.7907
2598 70.6315
2599 70.7141
2600 70.8964
2601 70.6602
2602 70.4388
2603 70.8504
2604 70.771
2605 70.7888
2606 70.5186
2607 70.6872
2608 70.5995
2609 71.003
2610 70.8618
2611 70.6393
2612 70.4209
2613 70.4934
2614 70.9814
2615 70.7
2616 70.4166
2617 70.6894
2618 70.7693
2619 70.5448
2620 70.2718
2621 70.584
2622 70.4791
2623 70.5103
2624 70.7682
2625 70.788
2626 71.0786
2627 70.7852
2628 70.7543
2629 70.6271
2630 70.5936
2631 70.5683
2632 70.3458
2633 70.5741
2634 70.818
2635 70.6404
2636 70.6317
2637 70.7258
2638 70.8324
2639 70.7487
2640 71.0092
2641 70.7156
2642 70.8154
2643 70.7157
2644 70.639
2645 70.7078
2646 70.6992
2647 70.6106
2648 70.563
2649 70.5569
2650 70.6591
2651 70.4408
2652 70.6384
2653 70.8218
2654 70.6039
2655 71.0193
2656 70.6398
2657 70.6354
2658 70.433
2659 70.1383
2660 70.7637
2661 70.3458
2662 70.5143
2663 70.484
2664 70.7159
2665 70.9171
2666 70.9004
2667 70.8205
2668 70.9746
2669 70.8018
2670 70.6682
2671 70.4672
2672 70.5655
2673 70.49
2674 70.6529
2675 70.4395
2676 70.5979
2677 70.4276
2678 70.6792
2679 70.7573
2680 70.6468
2681 70.7571
2682 70.4803
2683 70.8943
2684 71.0581
2685 70.9333
2686 70.8676
2687 70.8816
2688 70.8952
2689 70.5749
2690 70.8926
2691 70.5289
2692 70.9473
2693 70.882
2694 70.6436
2695 70.7937
2696 70.702
2697 70.8397
2698 70.936
2699 70.4675
2700 70.6552
2701 71.0603
2702 70.9022
2703 70.8182
2704 70.7141
2705 70.7317
2706 70.583
2707 70.5342
2708 70.6424
2709 70.6196
2710 70.5466
2711 70.749
2712 70.7955
2713 70.8146
2714 70.4414
2715 70.7419
2716 70.7522
2717 70.4837
2718 70.5738
2719 70.9704
2720 70.5604
2721 70.8692
2722 70.7468
2723 70.347
2724 70.4618
2725 70.7644
2726 70.9136
2727 71.0459
2728 70.7515
2729 70.7854
2730 70.7437
2731 70.524
2732 70.6693
2733 70.6078
2734 70.6045
2735 70.8759
2736 70.7199
2737 70.5181
2738 70.7362
2739 70.7505
2740 70.511
2741 70.6765
2742 70.6508
2743 70.9195
2744 70.6501
2745 70.5488
2746 70.7466
2747 70.6912
2748 70.798
2749 70.6997
2750 70.5556
2751 70.7065
2752 70.6303
2753 70.4451
2754 70.6127
2755 70.8394
2756 71.3262
2757 70.9875
2758 70.9904
2759 70.7776
2760 70.5844
2761 70.717
2762 70.8516
2763 70.9127
2764 70.9294
2765 70.8401
2766 70.5089
2767 70.8137
2768 70.8792
2769 70.906
2770 70.8841
2771 70.763
2772 70.5662
2773 70.9003
2774 70.6241
2775 70.6296
2776 70.9767
2777 70.5776
2778 70.6425
2779 70.6149
2780 70.6369
2781 70.7132
2782 70.8774
2783 70.9654
2784 70.5675
2785 70.4118
2786 70.9128
2787 70.6551
2788 70.6039
2789 70.6172
2790 70.9668
2791 70.6417
2792 70.5698
2793 70.8044
2794 70.8364
2795 70.7886
2796 70.5547
2797 70.5444
2798 70.7268
2799 70.9147
2800 70.5825
2801 70.4389
2802 70.4677
2803 70.4643
2804 70.515
2805 70.1883
2806 70.4194
2807 70.8651
2808 70.8805
2809 70.4355
2810 70.7137
2811 70.4751
2812 70.626
2813 70.8774
2814 70.9488
2815 70.7344
2816 70.3575
2817 70.5346
2818 70.6456
2819 70.9904
2820 70.5625
2821 70.9095
2822 70.5703
2823 70.821
2824 70.6029
2825 70.5437
2826 70.925
2827 70.7292
2828 70.7442
2829 70.9637
2830 70.6092
2831 70.4389
2832 70.4638
2833 70.4603
2834 70.6663
2835 70.4339
2836 70.6447
2837 70.5787
2838 70.7364
2839 70.4606
2840 70.6741
2841 70.637
2842 70.3891
2843 70.3649
2844 70.6915
2845 70.4489
2846 70.4983
2847 70.5948
2848 70.5571
2849 70.1761
2850 70.4256
2851 70.8062
2852 70.7263
2853 70.6215
2854 70.702
2855 70.3757
2856 70.6361
2857 70.6562
2858 70.7338
2859 70.9465
2860 70.6624
2861 70.4059
2862 70.5902
2863 70.5988
2864 70.5833
2865 70.6878
2866 70.5888
2867 70.4396
2868 70.5472
2869 70.7654
2870 70.3775
2871 70.4863
2872 70.7277
2873 71.1066
2874 70.5739
2875 70.5444
2876 70.2342
2877 70.4987
2878 70.5796
2879 70.6287
2880 70.3457
2881 70.4886
2882 70.6452
2883 70.3623
2884 70.7879
2885 70.5016
2886 70.6613
2887 70.5336
2888 70.6387
2889 70.8414
2890 70.6534
2891 70.7103
2892 70.6383
2893 70.4331
2894 70.776
2895 70.5613
2896 70.77
2897 70.5628
2898 70.8963
2899 70.6956
2900 70.731
2901 70.9038
2902 70.5986
2903 70.6032
2904 70.7687
2905 70.6796
2906 70.6099
2907 71.1944
2908 70.5271
2909 70.5917
2910 70.4173
2911 70.5128
2912 70.609
2913 70.6493
2914 70.8381
2915 70.4292
2916 70.4561
2917 70.5319
2918 70.526
2919 70.7619
2920 70.7628
2921 70.7089
2922 70.3551
2923 70.508
2924 70.6672
2925 70.2917
2926 70.6742
2927 70.4326
2928 70.4673
2929 70.5938
2930 70.8118
2931 70.865
2932 70.9627
2933 70.9197
2934 70.628
2935 70.4313
2936 70.3233
2937 70.4985
2938 70.4753
2939 70.8575
2940 70.5261
2941 70.5314
2942 70.4939
2943 70.4597
2944 70.6828
2945 70.9913
2946 70.722
2947 70.6828
2948 70.7557
2949 70.616
2950 70.5631
2951 70.5707
2952 70.6728
2953 70.6005
2954 70.5993
2955 70.6899
2956 70.6946
2957 70.4745
2958 70.3325
2959 70.4494
2960 71.0171
2961 70.6788
2962 70.6525
2963 70.4739
2964 70.5715
2965 70.2912
2966 70.3736
2967 70.7332
2968 70.5619
2969 70.4389
2970 70.7498
2971 70.6008
2972 70.3277
2973 70.1616
2974 70.2954
2975 70.4124
2976 70.1787
2977 70.1793
2978 70.7481
2979 70.896
2980 70.7786
2981 70.8427
2982 70.9533
2983 70.4754
2984 70.5257
2985 70.8274
2986 70.5465
2987 70.6811
2988 70.8261
2989 70.6176
2990 70.6736
2991 70.4843
2992 70.4902
2993 70.5997
2994 70.6864
2995 70.6559
2996 70.8668
2997 70.7434
2998 70.5363
2999 70.9327
3000 70.7684
3001 70.3339
3002 70.4199
3003 70.5418
3004 70.6389
3005 70.538
3006 70.472
3007 70.6155
3008 70.4938
3009 70.3858
3010 70.5699
3011 70.5487
3012 70.792
3013 70.8696
3014 70.7791
3015 70.7595
3016 70.5161
3017 70.454
3018 70.4491
3019 70.4279
3020 70.8404
3021 70.6375
3022 70.3362
3023 70.5927
3024 70.6132
3025 70.3867
3026 70.754
3027 70.4907
3028 70.3717
3029 70.3584
3030 70.6219
3031 70.584
3032 70.4376
3033 70.408
3034 70.6242
3035 70.5628
3036 70.5556
3037 70.8288
3038 70.5907
3039 70.5328
3040 70.4141
3041 70.7016
3042 70.7534
3043 70.789
3044 70.7489
3045 70.4219
3046 70.3418
3047 70.6621
3048 70.3523
3049 70.3701
3050 70.322
3051 70.3708
3052 70.6272
3053 70.3898
3054 70.6842
3055 70.3642
3056 70.5311
3057 70.2707
3058 70.1504
3059 70.6241
3060 70.3394
3061 70.7199
3062 70.6422
3063 70.5379
3064 70.3973
3065 70.3869
3066 70.8191
3067 70.6345
3068 70.6315
3069 70.5876
3070 70.4394
3071 70.4593
3072 70.516
3073 70.5772
3074 70.5999
3075 70.6455
3076 70.3482
3077 70.4787
3078 70.644
3079 70.6813
3080 70.7517
3081 70.672
3082 70.8263
3083 70.471
3084 70.3664
3085 70.6218
3086 70.5063
3087 70.3363
3088 70.5943
3089 70.8315
3090 70.4963
3091 70.7528
3092 70.8847
3093 70.4554
3094 70.3445
3095 70.1576
3096 70.3634
3097 70.4511
3098 70.476
3099 70.9379
3100 70.622
3101 70.5948
3102 70.6409
3103 70.4685
3104 70.4874
3105 70.9809
3106 70.3878
3107 70.6921
3108 70.8786
3109 70.8091
3110 70.4932
3111 70.6959
3112 70.603
3113 70.416
3114 69.9691
3115 70.5221
3116 70.3672
3117 70.3674
3118 70.4144
3119 70.1407
3120 70.4197
3121 70.5452
3122 70.5639
3123 70.6323
3124 70.5513
3125 70.2392
3126 70.1211
3127 70.2805
3128 70.791
3129 70.4657
3130 70.452
3131 70.3859
3132 70.8635
3133 70.3877
3134 70.348
3135 70.2879
3136 70.5786
3137 70.7654
3138 70.3817
3139 70.5156
3140 70.6979
3141 70.9875
3142 71.0612
3143 70.4842
3144 70.4116
3145 70.5464
3146 70.5485
3147 70.562
3148 70.3252
3149 70.7772
3150 70.2158
3151 70.532
3152 70.3808
3153 70.8861
3154 70.5958
3155 70.6097
3156 70.612
3157 70.3625
3158 70.2762
3159 70.5757
3160 70.2353
3161 70.4562
3162 70.5728
3163 70.8952
3164 70.8694
3165 70.7176
3166 70.5847
3167 70.6079
3168 70.6576
3169 70.7699
3170 70.855
3171 70.5899
3172 70.7076
3173 70.5263
3174 70.302
3175 70.3359
3176 70.4229
3177 70.2661
3178 70.4699
3179 70.9734
3180 70.7604
3181 70.5075
3182 70.5037
3183 70.4816
3184 70.3756
3185 70.4615
3186 70.4002
3187 70.5894
3188 70.5785
3189 70.7843
3190 70.4693
3191 70.6036
3192 70.5931
3193 70.7185
3194 70.5284
3195 70.4983
3196 70.2077
3197 70.5547
3198 70.5913
3199 70.7664
3200 70.5602
3201 70.6552
3202 70.5434
3203 70.6392
3204 70.4036
3205 70.5028
3206 70.3564
3207 70.4623
3208 70.5477
3209 70.6408
3210 70.7814
3211 70.7129
3212 70.9404
3213 70.716
3214 70.6199
3215 70.4416
3216 70.4025
3217 70.87
3218 70.4537
3219 70.3427
3220 70.2922
3221 70.5394
3222 70.534
3223 70.4889
3224 70.3942
3225 70.5182
3226 70.5463
3227 70.3984
3228 70.4791
3229 70.4294
3230 70.3609
3231 70.434
3232 70.2966
3233 70.4545
3234 70.4788
3235 70.4541
3236 70.4577
3237 70.5829
3238 70.5209
3239 71.0423
3240 71.0115
3241 70.8322
3242 70.5646
3243 70.7357
3244 70.5248
3245 70.7852
3246 70.3825
3247 70.4287
3248 70.4584
3249 70.7304
3250 70.5585
3251 70.8544
3252 70.6952
3253 70.8659
3254 70.5846
3255 70.7535
3256 70.4813
3257 70.7675
3258 70.8564
3259 70.9266
3260 70.6368
3261 70.5511
3262 70.4858
3263 70.3618
3264 70.5642
3265 70.5905
3266 70.3115
3267 70.5398
3268 70.6087
3269 70.4469
3270 70.5062
3271 70.7198
3272 70.55
3273 70.4692
3274 70.7026
3275 70.5968
3276 70.5467
3277 70.4904
3278 70.5017
3279 70.4161
3280 70.4291
3281 70.4174
3282 70.3639
3283 70.5604
3284 70.7904
3285 70.5416
3286 70.6756
3287 70.5218
3288 70.9073
3289 70.9345
3290 70.3215
3291 70.5992
3292 70.5388
3293 70.4129
3294 70.3762
3295 70.7358
3296 70.5422
3297 70.1129
3298 70.391
3299 70.7455
3300 70.5052
3301 70.4119
3302 70.5835
3303 70.6063
3304 70.4455
3305 70.6126
3306 70.2495
3307 70.3381
3308 70.4442
3309 70.9418
3310 70.5804
3311 70.6162
3312 70.2764
3313 70.7327
3314 70.5912
3315 70.7619
3316 71.0304
3317 70.5284
3318 70.2697
3319 70.5103
3320 70.5221
3321 70.7015
3322 70.8133
3323 70.451
3324 70.3088
3325 70.3488
3326 70.4887
3327 70.5538
3328 70.2306
3329 70.2923
3330 70.2963
3331 70.4615
3332 70.6608
3333 70.5158
3334 70.6786
3335 71.0262
3336 70.8527
3337 70.6798
3338 70.4198
3339 70.1897
3340 70.5608
3341 70.6532
3342 70.6672
3343 70.5306
3344 70.6769
3345 70.5333
3346 70.4413
3347 70.2646
3348 70.4302
3349 70.704
3350 70.4806
3351 70.4105
3352 70.4292
3353 70.7501
3354 70.8676
3355 70.726
3356 70.4136
3357 70.4355
3358 70.1374
3359 70.4282
3360 70.6369
3361 70.5944
3362 70.6501
3363 70.4371
3364 70.5902
3365 70.4245
3366 70.8182
3367 70.537
3368 70.5533
3369 70.5089
3370 70.2569
3371 70.3847
3372 70.5873
3373 70.2507
3374 70.5012
3375 70.4002
3376 70.3421
3377 70.3459
3378 70.4606
3379 70.3226
3380 70.4022
3381 70.6263
3382 70.3638
3383 70.3434
3384 70.2376
3385 70.5289
3386 70.8457
3387 70.6705
3388 70.7864
3389 70.8404
3390 70.5735
3391 70.7386
3392 70.5014
3393 70.6818
3394 70.3511
3395 70.5851
3396 70.5434
3397 70.441
3398 70.3078
3399 70.6048
3400 70.5333
3401 70.7598
3402 70.4097
3403 70.6004
3404 70.4095
3405 70.6569
3406 70.4589
3407 70.4906
3408 70.4569
3409 70.7621
3410 70.578
3411 70.5857
3412 70.4811
3413 70.5746
3414 70.9252
3415 70.5927
3416 70.2582
3417 70.6112
3418 70.2894
3419 70.1951
3420 70.4423
3421 70.7595
3422 70.6055
3423 70.328
3424 70.5409
3425 70.5073
3426 70.5268
3427 70.5379
3428 70.4981
3429 70.3904
3430 70.4947
3431 70.8179
3432 70.4013
3433 70.4332
3434 70.6023
3435 70.6592
3436 70.4208
3437 70.6042
3438 70.7641
3439 70.5971
3440 70.3959
3441 70.2859
3442 70.3152
3443 70.3963
3444 70.1894
3445 70.258
3446 70.4649
3447 70.4713
3448 70.5119
3449 70.4584
3450 70.6678
3451 70.6179
3452 70.7468
3453 70.3225
3454 70.3753
3455 70.7223
3456 70.3561
3457 70.5561
3458 70.6072
3459 70.5098
3460 70.5027
3461 70.3522
3462 70.7518
3463 70.5225
3464 70.7485
3465 70.4478
3466 70.368
3467 70.2902
3468 70.5024
3469 70.5927
3470 71.0097
3471 70.4584
3472 70.5011
3473 70.5352
3474 70.6082
3475 70.6535
3476 70.9805
3477 70.8787
3478 70.3806
3479 70.7769
3480 70.3044
3481 70.238
3482 70.2927
3483 70.2491
3484 70.5683
3485 70.3728
3486 70.4147
3487 70.2402
3488 70.2354
3489 70.7571
3490 70.9136
3491 70.5626
3492 70.5672
3493 70.7001
3494 70.697
3495 70.5778
3496 70.7505
3497 70.5998
3498 70.5167
3499 70.7338
3500 70.6458
