1 405.489
2 362.557
3 352.571
4 337.688
5 325.895
6 309.982
7 303.865
8 296.677
9 284.845
10 276.455
11 265.503
12 257.955
13 249.015
14 242.254
15 236.716
16 231.64
17 221.965
18 218.082
19 211.461
20 208.449
21 202.908
22 196.939
23 193.282
24 189.985
25 185.885
26 181.807
27 177.374
28 174.765
29 172.93
30 171.219
31 168.525
32 166.836
33 165.205
34 163.204
35 159.413
36 157.299
37 155.836
38 154.249
39 153.403
40 152.251
41 150.307
42 148.61
43 145.829
44 144.974
45 143.435
46 141.405
47 140.011
48 137.729
49 136.169
50 135.54
51 132.626
52 130.895
53 129.978
54 128.079
55 126.535
56 125.59
57 124.043
58 122.52
59 121.042
60 117.647
61 117.327
62 116.026
63 115.077
64 113.83
65 112.72
66 111.633
67 110.51
68 109.035
69 107.621
70 107.233
71 105.995
72 105.497
73 104.455
74 104.114
75 103.37
76 103.029
77 102.45
78 101.689
79 100.781
80 99.5974
81 98.3794
82 97.6086
83 96.3749
84 95.9635
85 95.589
86 94.5517
87 92.6697
88 92.1906
89 91.4204
90 91.2491
91 90.4789
92 90.4211
93 90.2723
94 89.8564
95 88.4186
96 88.2193
97 88.1025
98 87.6598
99 85.7882
100 85.2383
101 85.2383
102 84.8379
103 84.4591
104 84.1635
105 83.4771
106 82.8355
107 82.5544
108 82.4227
109 82.052
110 80.7035
111 80.7035
112 80.7035
113 80.493
114 80.2441
115 79.9093
116 79.807
117 79.3271
118 79.2857
119 79.2135
120 79.1164
121 78.7608
122 78.3865
123 78.2894
124 78.2894
125 78.2894
126 78.2894
127 78.2894
128 78.2389
129 77.7208
130 77.4539
131 77.1349
132 76.9293
133 76.9293
134 76.9293
135 76.9293
136 75.8624
137 75.8624
138 75.7183
139 75.5946
140 75.4504
141 75.3893
142 75.3893
143 75.3893
144 75.3893
145 75.3202
146 75.3202
147 75.3202
148 75.3202
149 75.3202
150 75.3202
151 75.3202
152 75.3202
153 75.3202
154 75.2098
155 75.2098
156 75.2098
157 75.2098
158 75.2098
159 75.2098
160 75.2098
161 74.8386
162 74.8165
163 74.8165
164 74.8165
165 74.8165
166 74.8165
167 74.6535
168 74.5024
169 74.4435
170 74.4435
171 74.1294
172 74.1294
173 74.1294
174 74.1294
175 74.1294
176 74.1
177 74.1
178 74.1
179 74.1
180 74.1
181 74.1
182 74.1
183 74.1
184 73.7031
185 72.973
186 72.973
187 72.973
188 72.973
189 72.973
190 72.973
191 72.973
192 72.973
193 72.973
194 72.973
195 72.8916
196 72.8916
197 72.5745
198 72.2859
199 71.6351
200 71.6351
201 71.6351
202 71.6305
203 71.2793
204 71.1368
205 71.1368
206 71.1368
207 71.1368
208 71.1368
209 71.1368
210 71.1368
211 71.1368
212 71.1368
213 71.1368
214 71.1368
215 70.9184
216 70.9184
217 70.9184
218 70.9184
219 70.9184
220 70.7732
221 70.7732
222 70.7732
223 70.7732
224 70.7732
225 70.3234
226 70.3234
227 70.3234
228 70.3234
229 70.3234
230 70.3234
231 70.3234
232 70.3234
233 70.3234
234 70.3234
235 70.3234
236 70.3234
237 70.3234
238 70.3234
239 70.3234
240 70.3234
241 70.3234
242 70.3234
243 70.3234
244 70.3234
245 70.3234
246 70.3234
247 70.3086
248 70.3086
249 70.3086
250 70.3086
251 70.3086
252 70.3086
253 70.3086
254 70.3086
255 70.3086
256 70.3086
257 70.3086
258 70.3086
259 70.3086
260 70.3086
261 70.3086
262 70.3086
263 70.3086
264 70.3086
265 70.3086
266 70.3086
267 70.3086
268 70.3086
269 70.1384
270 70.1384
271 70.1384
272 70.1384
273 70.1384
274 70.1384
275 70.1384
276 70.1384
277 70.1384
278 70.1384
279 70.1384
280 70.1384
281 70.1384
282 70.1384
283 70.1384
284 70.1384
285 70.1384
286 70.1384
287 70.1384
288 70.1384
289 70.1384
290 70.1384
291 70.1384
292 70.1384
293 70.1384
294 70.1384
295 70.1384
296 70.1384
297 70.1384
298 70.1384
299 70.1384
300 70.1384
301 70.1384
302 70.1384
303 70.1384
304 70.1384
305 70.1384
306 70.1384
307 70.1384
308 70.1384
309 70.1384
310 70.1384
311 70.1384
312 70.1384
313 70.1384
314 70.1384
315 70.1384
316 70.1384
317 70.1384
318 70.1384
319 70.1384
320 70.1384
321 70.1384
322 70.1384
323 70.1384
324 70.1384
325 70.1384
326 70.1384
327 70.1384
328 70.1384
329 70.1384
330 70.1384
331 70.1384
332 70.1384
333 70.1384
334 70.1384
335 70.1384
336 70.1384
337 70.1384
338 70.1384
339 70.1384
340 70.1384
341 70.1384
342 70.1384
343 70.1384
344 70.1384
345 70.1384
346 70.1384
347 70.1384
348 70.1384
349 70.1384
350 70.1384
351 70.1384
352 70.1384
353 69.9501
354 69.9501
355 69.9501
356 69.9501
357 69.9501
358 69.9501
359 69.9501
360 69.9501
361 69.9501
362 69.9501
363 69.9501
364 69.9501
365 69.9501
366 69.9501
367 69.9501
368 69.9501
369 69.9501
370 69.9501
371 69.9501
372 69.9501
373 69.9501
374 69.9501
375 69.9501
376 69.9501
377 69.9501
378 69.9501
379 69.9501
380 69.9501
381 69.9501
382 69.9501
383 69.9501
384 69.9501
385 69.9501
386 69.9501
387 69.9501
388 69.9501
389 69.9501
390 69.9501
391 69.9501
392 69.9501
393 69.9501
394 69.9501
395 69.9501
396 69.9501
397 69.9501
398 69.9501
399 69.9501
400 69.9501
401 69.9501
402 69.9501
403 69.9501
404 69.9501
405 69.9501
406 69.9501
407 69.9501
408 69.9501
409 69.9501
410 69.9501
411 69.9501
412 69.9501
413 69.9501
414 69.9501
415 69.9501
416 69.9501
417 69.9501
418 69.9501
419 69.9501
420 69.9501
421 69.9501
422 69.9501
423 69.9501
424 69.9501
425 69.9501
426 69.9501
427 69.9501
428 69.9501
429 69.9501
430 69.9501
431 69.9501
432 69.9501
433 69.9501
434 69.9501
435 69.9501
436 69.9501
437 69.9501
438 69.9501
439 69.9501
440 69.9501
441 69.9501
442 69.9501
443 69.9501
444 69.9501
445 69.9501
446 69.9501
447 69.9501
448 69.9501
449 69.9501
450 69.9501
451 69.9501
452 69.9501
453 69.9501
454 69.9501
455 69.9501
456 69.9501
457 69.9501
458 69.9501
459 69.9501
460 69.9501
461 69.9501
462 69.9501
463 69.9501
464 69.9501
465 69.9501
466 69.9501
467 69.9501
468 69.9501
469 69.9501
470 69.9501
471 69.9501
472 69.9501
473 69.9501
474 69.9501
475 69.9501
476 69.9501
477 69.9501
478 69.9501
479 69.9501
480 69.9501
481 69.9501
482 69.9501
483 69.9501
484 69.9501
485 69.9501
486 69.9501
487 69.9501
488 69.9501
489 69.9501
490 69.9501
491 69.9501
492 69.9501
493 69.9501
494 69.9501
495 69.9501
496 69.9501
497 69.9501
498 69.9501
499 69.9501
500 69.9501
501 69.9501
502 69.9501
503 69.9501
504 69.9501
505 69.9501
506 69.9501
507 69.9501
508 69.9501
509 69.9501
510 69.9501
511 69.9501
512 69.9501
513 69.9501
514 69.9501
515 69.9501
516 69.9501
517 69.9501
518 69.9501
519 69.9501
520 69.9501
521 69.9501
522 69.9501
523 69.9501
524 69.9501
525 69.9501
526 69.9501
527 69.9501
528 69.9501
529 69.9501
530 69.9501
531 69.9501
532 69.9501
533 69.9501
534 69.9501
535 69.9501
536 69.9501
537 69.9501
538 69.9501
539 69.9501
540 69.9501
541 69.9501
542 69.9501
543 69.9501
544 69.9501
545 69.9501
546 69.9501
547 69.9501
548 69.9501
549 69.9501
550 69.9501
551 69.9501
552 69.9501
553 69.9501
554 69.9501
555 69.9501
556 69.9501
557 69.9501
558 69.9501
559 69.9501
560 69.9501
561 69.9501
562 69.9501
563 69.9501
564 69.9501
565 69.9501
566 69.9501
567 69.9501
568 69.9501
569 69.9501
570 69.9501
571 69.9501
572 69.9501
573 69.9501
574 69.9501
575 69.9501
576 69.9501
577 69.9501
578 69.9501
579 69.9501
580 69.9501
581 69.9501
582 69.9501
583 69.9501
584 69.9501
585 69.9501
586 69.9501
587 69.9501
588 69.9501
589 69.9501
590 69.9501
591 69.9501
592 69.9501
593 69.9501
594 69.9501
595 69.9501
596 69.9501
597 69.9501
598 69.9501
599 69.9501
600 69.9501
601 69.9501
602 69.9501
603 69.9501
604 69.9501
605 69.9501
606 69.9501
607 69.9501
608 69.9501
609 69.9501
610 69.9501
611 69.9501
612 69.9501
613 69.9501
614 69.9501
615 69.9501
616 69.9501
617 69.9501
618 69.9501
619 69.9501
620 69.9501
621 69.9501
622 69.9501
623 69.9501
624 69.9501
625 69.9501
626 69.9501
627 69.9501
628 69.9501
629 69.9501
630 69.9501
631 69.9501
632 69.9501
633 69.9501
634 69.9501
635 69.9501
636 69.9501
637 69.9501
638 69.9501
639 69.9501
640 69.9501
641 69.9501
642 69.9501
643 69.9501
644 69.9501
645 69.9501
646 69.9501
647 69.9501
648 69.9501
649 69.9501
650 69.9501
651 69.9501
652 69.9501
653 69.9501
654 69.9501
655 69.9501
656 69.9501
657 69.9501
658 69.9501
659 69.9501
660 69.9501
661 69.9501
662 69.9501
663 69.9501
664 69.9501
665 69.9501
666 69.9501
667 69.9501
668 69.9501
669 69.9501
670 69.9501
671 69.9501
672 69.9501
673 69.9501
674 69.9501
675 69.9501
676 69.9501
677 69.9501
678 69.9501
679 69.9501
680 69.9501
681 69.9501
682 69.9501
683 69.9501
684 69.9501
685 69.9501
686 69.9501
687 69.9501
688 69.9501
689 69.9501
690 69.9501
691 69.9501
692 69.9501
693 69.9501
694 69.9501
695 69.9501
696 69.9501
697 69.9501
698 69.9501
699 69.9501
700 69.9501
701 69.9501
702 69.9501
703 69.9501
704 69.9501
705 69.9501
706 69.9501
707 69.9501
708 69.9501
709 69.9501
710 69.9501
711 69.9501
712 69.9501
713 69.9501
714 69.9501
715 69.9501
716 69.9501
717 69.9501
718 69.9501
719 69.9501
720 69.9501
721 69.9501
722 69.9501
723 69.9501
724 69.9501
725 69.9501
726 69.9501
727 69.9501
728 69.9501
729 69.9501
730 69.9501
731 69.9501
732 69.9501
733 69.9501
734 69.9501
735 69.9501
736 69.9501
737 69.9501
738 69.9501
739 69.9501
740 69.9501
741 69.9501
742 69.9501
743 69.9501
744 69.9501
745 69.9501
746 69.9501
747 69.9501
748 69.9501
749 69.9501
750 69.9501
751 69.9501
752 69.9501
753 69.7603
754 69.7603
755 69.7603
756 69.7603
757 69.7603
758 69.7603
759 69.7603
760 69.7603
761 69.7603
762 69.7603
763 69.7603
764 69.7603
765 69.7603
766 69.7603
767 69.7603
768 69.7603
769 69.7087
770 69.7087
771 69.7087
772 69.7087
773 69.7087
774 69.7087
775 69.7087
776 69.7087
777 69.7087
778 69.7087
779 69.7087
780 69.7087
781 69.7087
782 69.7087
783 69.7087
784 69.7087
785 69.7087
786 69.7087
787 69.7087
788 69.7087
789 69.7087
790 69.7087
791 69.7087
792 69.7087
793 69.7087
794 69.7087
795 69.7087
796 69.7087
797 69.7087
798 69.7087
799 69.7087
800 69.7087
801 69.7087
802 69.7087
803 69.7087
804 69.7087
805 69.7087
806 69.7087
807 69.7087
808 69.7087
809 69.7087
810 69.7087
811 69.7087
812 69.7087
813 69.7087
814 69.7087
815 69.7087
816 69.7087
817 69.7087
818 69.7087
819 69.7087
820 69.7087
821 69.7087
822 69.7087
823 69.7087
824 69.7087
825 69.7087
826 69.7087
827 69.7087
828 69.7087
829 69.7087
830 69.7087
831 69.7087
832 69.7087
833 69.7087
834 69.7087
835 69.7087
836 69.7087
837 69.7087
838 69.7087
839 69.7087
840 69.7087
841 69.7087
842 69.7087
843 69.7087
844 69.7087
845 69.7087
846 69.7087
847 69.7087
848 69.7087
849 69.7087
850 69.7087
851 69.7087
852 69.7087
853 69.7087
854 69.7087
855 69.7087
856 69.7087
857 69.7087
858 69.7087
859 69.7087
860 69.7087
861 69.7087
862 69.7087
863 69.7087
864 69.7087
865 69.7087
866 69.7087
867 69.7087
868 69.7087
869 69.7087
870 69.7087
871 69.7087
872 69.7087
873 69.7087
874 69.7087
875 69.7087
876 69.7087
877 69.7087
878 69.7087
879 69.7087
880 69.7087
881 69.7087
882 69.7087
883 69.7087
884 69.7087
885 69.7087
886 69.7087
887 69.7087
888 69.7087
889 69.7087
890 69.7087
891 69.7087
892 69.7087
893 69.7087
894 69.7087
895 69.7087
896 69.7087
897 69.7087
898 69.7087
899 69.7087
900 69.7087
901 69.7087
902 69.7087
903 69.7087
904 69.7087
905 69.7087
906 69.7087
907 69.7087
908 69.7087
909 69.7087
910 69.7087
911 69.7087
912 69.7087
913 69.7087
914 69.7087
915 69.7087
916 69.7087
917 69.7087
918 69.7087
919 69.7087
920 69.7087
921 69.7087
922 69.7087
923 69.7087
924 69.7087
925 69.7087
926 69.7087
927 69.7087
928 69.7087
929 69.7087
930 69.7087
931 69.7087
932 69.7087
933 69.7087
934 69.7087
935 69.7087
936 69.7087
937 69.7087
938 69.7087
939 69.7087
940 69.7087
941 69.7087
942 69.7087
943 69.7087
944 69.7087
945 69.7087
946 69.7087
947 69.7087
948 69.7087
949 69.7087
950 69.7087
951 69.7087
952 69.7087
953 69.7087
954 69.7087
955 69.7087
956 69.7087
957 69.7087
958 69.7087
959 69.7087
960 69.7087
961 69.7087
962 69.7087
963 69.7087
964 69.7087
965 69.7087
966 69.7087
967 69.7087
968 69.7087
969 69.7087
970 69.7087
971 69.4863
972 69.4863
973 69.4863
974 69.4863
975 69.4863
976 69.4863
977 69.4863
978 69.4863
979 69.4863
980 69.4863
981 69.4863
982 69.4863
983 69.4863
984 69.4863
985 69.4863
986 69.4863
987 69.4863
988 69.4863
989 69.4863
990 69.4863
991 69.4863
992 69.4863
993 69.4863
994 69.4863
995 69.4863
996 69.4863
997 69.4863
998 69.4863
999 69.4863
1000 69.4863
1001 69.4863
1002 69.4863
1003 69.4863
1004 69.4863
1005 69.4863
1006 69.4863
1007 69.4863
1008 69.4863
1009 69.4863
1010 69.4863
1011 69.4863
1012 69.4863
1013 69.4863
1014 69.4863
1015 69.4863
1016 69.4863
1017 69.4863
1018 69.4863
1019 69.4863
1020 69.4863
1021 69.4863
1022 69.4863
1023 69.4863
1024 69.4863
1025 69.4863
1026 69.4863
1027 69.4863
1028 69.4863
1029 69.4863
1030 69.4863
1031 69.4863
1032 69.4863
1033 69.4863
1034 69.4863
1035 69.4863
1036 69.4863
1037 69.4863
1038 69.4863
1039 69.4863
1040 69.4863
1041 69.4863
1042 69.4863
1043 69.4863
1044 69.4863
1045 69.4863
1046 69.4863
1047 69.4863
1048 69.4863
1049 69.4863
1050 69.4863
1051 69.4863
1052 69.4863
1053 69.4863
1054 69.4863
1055 69.4863
1056 69.4863
1057 69.4863
1058 69.4863
1059 69.4863
1060 69.4863
1061 69.4863
1062 69.4863
1063 69.4863
1064 69.4863
1065 69.4863
1066 69.4863
1067 69.4863
1068 69.4863
1069 69.4863
1070 69.4863
1071 69.4863
1072 69.4863
1073 69.4863
1074 69.4863
1075 69.4863
1076 69.4863
1077 69.4863
1078 69.4863
1079 69.4863
1080 69.4863
1081 69.4863
1082 69.4863
1083 69.4863
1084 69.4863
1085 69.4863
1086 69.4863
1087 69.4863
1088 69.4863
1089 69.4863
1090 69.4863
1091 69.4863
1092 69.4863
1093 69.4863
1094 69.4863
1095 69.4863
1096 69.4863
1097 69.4863
1098 69.4863
1099 69.4863
1100 69.4863
1101 69.4863
1102 69.4863
1103 69.4863
1104 69.4863
1105 69.4863
1106 69.4863
1107 69.4863
1108 69.4863
1109 69.4863
1110 69.4863
1111 69.4863
1112 69.4863
1113 69.4863
1114 69.4863
1115 69.4863
1116 69.4863
1117 69.4863
1118 69.4863
1119 69.4863
1120 69.4863
1121 69.4863
1122 69.4863
1123 69.4863
1124 69.4863
1125 69.4863
1126 69.4863
1127 69.4863
1128 69.4863
1129 69.4863
1130 69.4863
1131 69.4863
1132 69.4863
1133 69.4863
1134 69.4863
1135 69.4863
1136 69.4863
1137 69.4863
1138 69.4863
1139 69.4863
1140 69.4863
1141 69.4863
1142 69.4863
1143 69.4863
1144 69.4863
1145 69.4863
1146 69.4863
1147 69.4863
1148 69.4863
1149 69.4863
1150 69.4863
1151 69.4863
1152 69.4863
1153 69.4863
1154 69.4863
1155 69.4863
1156 69.4863
1157 69.4863
1158 69.4863
1159 69.4863
1160 69.4863
1161 69.4863
1162 69.4863
1163 69.4863
1164 69.4863
1165 69.4863
1166 69.4863
1167 69.4863
1168 69.4863
1169 69.4863
1170 69.4863
1171 69.4863
1172 69.4863
1173 69.4863
1174 69.4863
1175 69.4863
1176 69.4863
1177 69.4863
1178 69.4863
1179 69.4863
1180 69.4863
1181 69.4863
1182 69.4863
1183 69.4863
1184 69.4863
1185 69.4863
1186 69.4863
1187 69.4863
1188 69.4863
1189 69.4863
1190 69.4863
1191 69.4863
1192 69.4863
1193 69.4863
1194 69.4863
1195 69.4863
1196 69.4863
1197 69.4863
1198 69.4863
1199 69.4863
1200 69.4863
1201 69.4863
1202 69.4863
1203 69.4863
1204 69.4863
1205 69.4863
1206 69.4863
1207 69.4863
1208 69.4863
1209 69.4863
1210 69.4863
1211 69.4863
1212 69.4863
1213 69.4863
1214 69.4863
1215 69.4863
1216 69.4863
1217 69.4863
1218 69.4863
1219 69.4863
1220 69.4863
1221 69.4863
1222 69.4863
1223 69.4863
1224 69.4863
1225 69.4863
1226 69.4863
1227 69.4863
1228 69.4863
1229 69.4863
1230 69.4863
1231 69.4863
1232 69.4863
1233 69.4863
1234 69.4863
1235 69.4863
1236 69.4863
1237 69.4863
1238 69.4863
1239 69.4863
1240 69.4863
1241 69.4863
1242 69.4863
1243 69.4863
1244 69.4863
1245 69.4863
1246 69.4863
1247 69.4863
1248 69.4863
1249 69.4863
1250 69.4863
1251 69.4863
1252 69.4863
1253 69.4863
1254 69.4863
1255 69.4863
1256 69.4863
1257 69.4863
1258 69.4863
1259 69.4863
1260 69.4863
1261 69.4863
1262 69.4863
1263 69.4863
1264 69.4863
1265 69.4863
1266 69.4863
1267 69.4863
1268 69.4863
1269 69.4863
1270 69.4863
1271 69.4863
1272 69.4863
1273 69.4863
1274 69.4863
1275 69.4863
1276 69.4863
1277 69.4863
1278 69.4863
1279 69.4863
1280 69.4863
1281 69.4863
1282 69.4863
1283 69.4863
1284 69.4863
1285 69.4863
1286 69.4863
1287 69.4863
1288 69.4863
1289 69.4863
1290 69.4863
1291 69.4863
1292 69.4863
1293 69.4863
1294 69.4863
1295 69.4863
1296 69.4863
1297 69.4863
1298 69.4863
1299 69.4863
1300 69.4863
1301 69.4863
1302 69.4863
1303 69.4863
1304 69.4863
1305 69.4863
1306 69.4863
1307 69.4863
1308 69.4863
1309 69.4863
1310 69.4863
1311 69.4863
1312 69.4863
1313 69.4863
1314 69.4863
1315 69.4863
1316 69.4863
1317 69.4863
1318 69.4863
1319 69.4863
1320 69.4863
1321 69.4863
1322 69.4863
1323 69.4863
1324 69.4863
1325 69.4863
1326 69.4863
1327 69.4863
1328 69.4863
1329 69.4863
1330 69.4863
1331 69.4863
1332 69.4863
1333 69.4863
1334 69.4863
1335 69.4863
1336 69.4863
1337 69.4863
1338 69.4863
1339 69.4863
1340 69.4863
1341 69.4863
1342 69.4863
1343 69.4863
1344 69.4863
1345 69.4863
1346 69.4863
1347 69.4863
1348 69.4863
1349 69.4863
1350 69.4863
1351 69.4863
1352 69.4863
1353 69.4863
1354 69.4863
1355 69.4863
1356 69.4863
1357 69.4863
1358 69.4863
1359 69.4863
1360 69.4863
1361 69.4863
1362 69.4863
1363 69.4863
1364 69.4863
1365 69.4863
1366 69.4863
1367 69.4863
1368 69.4863
1369 69.4863
1370 69.4863
1371 69.4863
1372 69.4863
1373 69.4863
1374 69.4863
1375 69.4863
1376 69.4863
1377 69.4863
1378 69.4863
1379 69.4863
1380 69.4863
1381 69.4863
1382 69.4863
1383 69.4863
1384 69.4863
1385 69.4863
1386 69.4863
1387 69.4863
1388 69.4863
1389 69.4863
1390 69.4863
1391 69.4863
1392 69.4863
1393 69.4863
1394 69.4863
1395 69.4863
1396 69.4863
1397 69.4863
1398 69.4863
1399 69.4863
1400 69.4863
1401 69.4863
1402 69.4863
1403 69.4863
1404 69.4863
1405 69.4863
1406 69.4863
1407 69.4863
1408 69.4863
1409 69.4863
1410 69.4863
1411 69.4863
1412 69.4863
1413 69.4863
1414 69.4863
1415 69.4863
1416 69.4863
1417 69.4863
1418 69.4863
1419 69.4863
1420 69.4863
1421 69.4863
1422 69.4863
1423 69.4863
1424 69.4863
1425 69.4863
1426 69.4863
1427 69.4863
1428 69.4863
1429 69.4863
1430 69.4863
1431 69.4863
1432 69.4863
1433 69.4863
1434 69.4863
1435 69.4863
1436 69.4863
1437 69.4863
1438 69.4863
1439 69.4863
1440 69.4863
1441 69.4863
1442 69.4863
1443 69.4863
1444 69.4863
1445 69.4863
1446 69.4863
1447 69.4863
1448 69.4863
1449 69.4863
1450 69.4863
1451 69.4863
1452 69.4863
1453 69.4863
1454 69.4863
1455 69.4863
1456 69.4863
1457 69.4863
1458 69.4863
1459 69.4863
1460 69.4863
1461 69.4863
1462 69.4863
1463 69.4863
1464 69.4863
1465 69.4863
1466 69.4863
1467 69.4863
1468 69.4863
1469 69.4863
1470 69.4863
1471 69.4863
1472 69.4863
1473 69.4863
1474 69.4863
1475 69.4863
1476 69.4863
1477 69.4863
1478 69.4863
1479 69.4863
1480 69.4863
1481 69.4863
1482 69.4863
1483 69.4863
1484 69.4863
1485 69.4863
1486 69.4863
1487 69.4863
1488 69.4863
1489 69.4863
1490 69.4863
1491 69.4863
1492 69.4863
1493 69.4863
1494 69.4863
1495 69.4863
1496 69.4863
1497 69.4863
1498 69.4863
1499 69.4863
1500 69.4863
1501 69.4863
1502 69.4863
1503 69.4863
1504 69.4863
1505 69.4863
1506 69.4863
1507 69.4863
1508 69.4863
1509 69.4863
1510 69.4863
1511 69.4863
1512 69.4863
1513 69.4863
1514 69.4863
1515 69.4863
1516 69.4863
1517 69.4863
1518 69.4863
1519 69.4863
1520 69.4863
1521 69.4863
1522 69.4863
1523 69.4863
1524 69.4863
1525 69.4863
1526 69.4863
1527 69.4863
1528 69.4863
1529 69.4863
1530 69.4863
1531 69.4863
1532 69.4863
1533 69.4863
1534 69.4863
1535 69.4863
1536 69.4863
1537 69.4863
1538 69.4863
1539 69.4863
1540 69.4863
1541 69.4863
1542 69.4863
1543 69.4863
1544 69.4863
1545 69.4863
1546 69.4863
1547 69.4863
1548 69.4863
1549 69.4863
1550 69.4863
1551 69.4863
1552 69.4863
1553 69.4863
1554 69.4863
1555 69.4863
1556 69.4863
1557 69.4863
1558 69.4863
1559 69.4863
1560 69.4863
1561 69.4863
1562 69.4863
1563 69.4863
1564 69.4863
1565 69.4863
1566 69.4863
1567 69.4863
1568 69.4863
1569 69.4863
1570 69.4863
1571 69.4863
1572 69.4863
1573 69.4863
1574 69.4863
1575 69.4863
1576 69.4863
1577 69.4863
1578 69.4863
1579 69.4863
1580 69.4863
1581 69.4863
1582 69.4863
1583 69.4863
1584 69.4863
1585 69.4863
1586 69.4863
1587 69.4863
1588 69.4863
1589 69.4863
1590 69.4863
1591 69.4863
1592 69.4863
1593 69.4863
1594 69.4863
1595 69.4863
1596 69.4863
1597 69.4863
1598 69.4863
1599 69.4863
1600 69.4863
1601 69.4863
1602 69.4863
1603 69.4863
1604 69.4863
1605 69.4863
1606 69.4863
1607 69.4863
1608 69.4863
1609 69.4863
1610 69.4863
1611 69.4863
1612 69.4863
1613 69.4863
1614 69.4863
1615 69.4863
1616 69.4863
1617 69.4863
1618 69.4863
1619 69.4863
1620 69.4863
1621 69.4863
1622 69.4863
1623 69.4863
1624 69.4863
1625 69.4863
1626 69.4863
1627 69.4863
1628 69.4863
1629 69.4863
1630 69.4863
1631 69.4863
1632 69.4863
1633 69.4863
1634 69.4863
1635 69.4863
1636 69.4863
1637 69.4863
1638 69.4863
1639 69.4863
1640 69.4863
1641 69.4863
1642 69.4863
1643 69.4863
1644 69.4863
1645 69.4863
1646 69.4863
1647 69.4863
1648 69.4863
1649 69.4863
1650 69.4863
1651 69.4863
1652 69.4863
1653 69.4863
1654 69.4863
1655 69.4863
1656 69.4863
1657 69.4863
1658 69.4863
1659 69.4863
1660 69.4863
1661 69.4863
1662 69.4863
1663 69.4863
1664 69.4863
1665 69.4863
1666 69.4863
1667 69.4863
1668 69.4863
1669 69.4863
1670 69.4863
1671 69.4863
1672 69.4863
1673 69.4863
1674 69.4863
1675 69.4863
1676 69.4863
1677 69.4863
1678 69.4863
1679 69.4863
1680 69.4863
1681 69.4863
1682 69.4863
1683 69.4863
1684 69.4863
1685 69.4863
1686 69.4863
1687 69.4863
1688 69.4863
1689 69.4863
1690 69.4863
1691 69.4863
1692 69.4863
1693 69.4863
1694 69.4863
1695 69.4863
1696 69.4863
1697 69.4863
1698 69.4863
1699 69.4863
1700 69.4863
1701 69.4863
1702 69.4863
1703 69.4863
1704 69.4863
1705 69.4863
1706 69.4863
1707 69.4863
1708 69.4863
1709 69.4863
1710 69.4863
1711 69.4863
1712 69.4863
1713 69.4863
1714 69.4863
1715 69.4863
1716 69.4863
1717 69.4863
1718 69.4863
1719 69.4863
1720 69.4863
1721 69.4863
1722 69.4863
1723 69.4863
1724 69.4863
1725 69.4863
1726 69.4863
1727 69.4863
1728 69.4863
1729 69.4863
1730 69.4863
1731 69.4863
1732 69.4863
1733 69.4863
1734 69.4863
1735 69.4863
1736 69.4863
1737 69.4863
1738 69.4863
1739 69.4863
1740 69.4863
1741 69.4863
1742 69.4863
1743 69.4863
1744 69.4863
1745 69.4863
1746 69.4863
1747 69.4863
1748 69.4863
1749 69.4863
1750 69.4863
1751 69.4863
1752 69.4863
1753 69.4863
1754 69.4863
1755 69.4863
1756 69.4863
1757 69.4863
1758 69.4863
1759 69.4863
1760 69.4863
1761 69.4863
1762 69.4863
1763 69.4863
1764 69.4863
1765 69.4863
1766 69.4863
1767 69.4863
1768 69.4863
1769 69.4863
1770 69.4863
1771 69.4863
1772 69.4863
1773 69.4863
1774 69.4863
1775 69.4863
1776 69.4863
1777 69.4863
1778 69.4863
1779 69.4863
1780 69.4863
1781 69.4863
1782 69.4863
1783 69.4863
1784 69.4863
1785 69.4863
1786 69.4863
1787 69.4863
1788 69.4863
1789 69.4863
1790 69.4863
1791 69.4863
1792 69.4863
1793 69.4863
1794 69.4863
1795 69.4863
1796 69.4863
1797 69.4863
1798 69.4863
1799 69.4863
1800 69.4863
1801 69.4863
1802 69.4863
1803 69.4863
1804 69.4863
1805 69.4863
1806 69.4863
1807 69.4863
1808 69.4863
1809 69.4863
1810 69.4863
1811 69.4863
1812 69.4863
1813 69.4863
1814 69.4863
1815 69.4863
1816 69.4863
1817 69.4863
1818 69.4863
1819 69.4863
1820 69.4863
1821 69.4863
1822 69.4863
1823 69.4863
1824 69.4863
1825 69.4863
1826 69.4863
1827 69.4863
1828 69.4863
1829 69.4863
1830 69.4863
1831 69.4863
1832 69.4863
1833 69.4863
1834 69.4863
1835 69.4863
1836 69.4863
1837 69.4863
1838 69.4863
1839 69.4863
1840 69.4863
1841 69.4863
1842 69.4863
1843 69.4863
1844 69.4863
1845 69.4863
1846 69.4863
1847 69.4863
1848 69.4863
1849 69.4863
1850 69.4863
1851 69.4863
1852 69.4863
1853 69.4863
1854 69.4863
1855 69.4863
1856 69.4863
1857 69.4863
1858 69.4863
1859 69.4863
1860 69.4863
1861 69.4863
1862 69.4863
1863 69.4863
1864 69.4863
1865 69.4863
1866 69.4863
1867 69.4863
1868 69.4863
1869 69.4863
1870 69.4863
1871 69.4863
1872 69.4863
1873 69.4863
1874 69.4863
1875 69.4863
1876 69.4863
1877 69.4863
1878 69.4863
1879 69.4863
1880 69.4863
1881 69.4863
1882 69.4863
1883 69.4863
1884 69.4863
1885 69.4863
1886 69.4863
1887 69.4863
1888 69.4863
1889 69.4863
1890 69.4863
1891 69.4863
1892 69.4863
1893 69.4863
1894 69.4863
1895 69.4863
1896 69.4863
1897 69.4863
1898 69.4863
1899 69.4863
1900 69.4863
1901 69.4863
1902 69.4863
1903 69.4863
1904 69.4863
1905 69.4863
1906 69.4863
1907 69.4863
1908 69.4863
1909 69.4863
1910 69.4863
1911 69.4863
1912 69.4863
1913 69.4863
1914 69.4863
1915 69.4863
1916 69.4863
1917 69.4863
1918 69.4863
1919 69.4863
1920 69.4863
1921 69.4863
1922 69.4863
1923 69.4863
1924 69.4863
1925 69.4863
1926 69.4863
1927 69.4863
1928 69.4863
1929 69.4863
1930 69.4863
1931 69.4863
1932 69.4863
1933 69.4863
1934 69.4863
1935 69.4863
1936 69.4863
1937 69.4863
1938 69.4863
1939 69.4863
1940 69.4863
1941 69.4863
1942 69.4863
1943 69.4863
1944 69.4863
1945 69.4863
1946 69.4863
1947 69.4863
1948 69.4863
1949 69.4863
1950 69.4863
1951 69.4863
1952 69.4863
1953 69.4863
1954 69.4863
1955 69.4863
1956 69.4863
1957 69.4863
1958 69.4863
1959 69.4863
1960 69.4863
1961 69.4863
1962 69.4863
1963 69.4863
1964 69.4863
1965 69.4863
1966 69.4863
1967 69.4863
1968 69.4863
1969 69.4863
1970 69.4863
1971 69.4863
1972 69.4863
1973 69.4863
1974 69.4863
1975 69.4863
1976 69.4863
1977 69.4863
1978 69.4863
1979 69.4863
1980 69.4863
1981 69.4863
1982 69.4863
1983 69.4863
1984 69.4863
1985 69.4863
1986 69.4863
1987 69.4863
1988 69.4863
1989 69.4863
1990 69.4863
1991 69.4863
1992 69.4863
1993 69.4863
1994 69.4863
1995 69.4863
1996 69.4863
1997 69.4863
1998 69.4863
1999 69.4863
2000 69.4863
2001 69.4863
2002 69.4863
2003 69.4863
2004 69.4863
2005 69.4863
2006 69.4863
2007 69.4863
2008 69.4863
2009 69.4863
2010 69.4863
2011 69.4863
2012 69.4863
2013 69.4863
2014 69.4863
2015 69.4863
2016 69.4863
2017 69.4863
2018 69.4863
2019 69.4863
2020 69.4863
2021 69.4863
2022 69.4863
2023 69.4863
2024 69.4863
2025 69.4863
2026 69.4863
2027 69.4863
2028 69.4863
2029 69.4863
2030 69.4863
2031 69.4863
2032 69.4863
2033 69.4863
2034 69.4863
2035 69.4863
2036 69.4863
2037 69.4863
2038 69.4863
2039 69.4863
2040 69.4863
2041 69.4863
2042 69.4863
2043 69.4863
2044 69.4863
2045 69.4863
2046 69.4863
2047 69.4863
2048 69.4863
2049 69.4863
2050 69.4863
2051 69.4863
2052 69.4863
2053 69.4863
2054 69.4863
2055 69.4863
2056 69.4863
2057 69.4863
2058 69.4863
2059 69.4863
2060 69.4863
2061 69.4863
2062 69.4863
2063 69.4863
2064 69.4863
2065 69.4863
2066 69.4863
2067 69.4863
2068 69.4863
2069 69.4863
2070 69.4863
2071 69.4863
2072 69.4863
2073 69.4863
2074 69.4863
2075 69.4863
2076 69.4863
2077 69.4863
2078 69.4863
2079 69.4863
2080 69.4863
2081 69.4863
2082 69.4863
2083 69.4863
2084 69.4863
2085 69.4863
2086 69.4863
2087 69.4863
2088 69.4863
2089 69.4863
2090 69.4863
2091 69.4863
2092 69.4863
2093 69.4863
2094 69.4863
2095 69.4863
2096 69.4863
2097 69.4863
2098 69.4863
2099 69.4863
2100 69.4863
2101 69.4863
2102 69.4863
2103 69.4863
2104 69.4863
2105 69.4863
2106 69.4863
2107 69.4863
2108 69.4863
2109 69.4863
2110 69.4863
2111 69.4863
2112 69.4863
2113 69.4863
2114 69.4863
2115 69.4863
2116 69.4863
2117 69.4863
2118 69.4863
2119 69.4863
2120 69.4863
2121 69.4863
2122 69.4863
2123 69.4863
2124 69.4863
2125 69.4863
2126 69.4863
2127 69.4863
2128 69.4863
2129 69.4863
2130 69.4863
2131 69.4863
2132 69.4863
2133 69.4863
2134 69.4863
2135 69.4863
2136 69.4863
2137 69.4863
2138 69.4863
2139 69.4863
2140 69.4863
2141 69.4863
2142 69.4863
2143 69.4863
2144 69.4863
2145 69.4863
2146 69.4863
2147 69.4863
2148 69.4863
2149 69.4863
2150 69.4863
2151 69.4863
2152 69.4863
2153 69.4863
2154 69.4863
2155 69.4863
2156 69.4863
2157 69.4863
2158 69.4863
2159 69.4863
2160 69.4863
2161 69.4863
2162 69.4863
2163 69.4863
2164 69.4863
2165 69.4863
2166 69.4863
2167 69.4863
2168 69.4863
2169 69.4863
2170 69.4863
2171 69.4863
2172 69.4863
2173 69.4863
2174 69.4863
2175 69.4863
2176 69.4863
2177 69.4863
2178 69.4863
2179 69.4863
2180 69.4863
2181 69.4863
2182 69.4863
2183 69.4863
2184 69.4863
2185 69.4863
2186 69.4863
2187 69.4863
2188 69.4863
2189 69.4863
2190 69.4863
2191 69.4863
2192 69.4863
2193 69.4863
2194 69.4863
2195 69.4863
2196 69.4863
2197 69.4863
2198 69.4863
2199 69.4863
2200 69.4863
2201 69.4863
2202 69.4863
2203 69.4863
2204 69.4863
2205 69.4863
2206 69.4863
2207 69.4863
2208 69.4863
2209 69.4863
2210 69.4863
2211 69.4863
2212 69.4863
2213 69.4863
2214 69.4863
2215 69.4863
2216 69.4863
2217 69.4863
2218 69.4863
2219 69.4863
2220 69.4863
2221 69.4863
2222 69.4863
2223 69.4863
2224 69.4863
2225 69.4863
2226 69.4863
2227 69.4863
2228 69.4863
2229 69.4863
2230 69.4863
2231 69.4863
2232 69.4863
2233 69.4863
2234 69.4863
2235 69.4863
2236 69.4863
2237 69.4863
2238 69.4863
2239 69.4863
2240 69.4863
2241 69.4863
2242 69.4863
2243 69.4863
2244 69.4863
2245 69.4863
2246 69.4863
2247 69.4863
2248 69.4863
2249 69.4863
2250 69.4863
2251 69.4863
2252 69.4863
2253 69.4863
2254 69.4863
2255 69.4863
2256 69.4863
2257 69.4863
2258 69.4863
2259 69.4863
2260 69.4863
2261 69.4863
2262 69.4863
2263 69.4863
2264 69.4863
2265 69.4863
2266 69.4863
2267 69.4863
2268 69.4863
2269 69.4863
2270 69.4863
2271 69.4863
2272 69.4863
2273 69.4863
2274 69.4863
2275 69.4863
2276 69.4863
2277 69.4863
2278 69.4863
2279 69.4863
2280 69.4863
2281 69.4863
2282 69.4863
2283 69.4863
2284 69.4863
2285 69.4863
2286 69.4863
2287 69.4863
2288 69.4863
2289 69.4863
2290 69.4863
2291 69.4863
2292 69.4863
2293 69.4863
2294 69.4863
2295 69.4863
2296 69.4863
2297 69.4863
2298 69.4863
2299 69.4863
2300 69.4863
2301 69.4863
2302 69.4863
2303 69.4863
2304 69.4863
2305 69.4863
2306 69.4863
2307 69.4863
2308 69.4863
2309 69.4863
2310 69.4863
2311 69.4863
2312 69.4863
2313 69.4863
2314 69.4863
2315 69.4863
2316 69.4863
2317 69.4863
2318 69.4863
2319 69.4863
2320 69.4863
2321 69.4863
2322 69.4863
2323 69.4863
2324 69.4863
2325 69.4863
2326 69.4863
2327 69.4863
2328 69.4863
2329 69.4863
2330 69.4863
2331 69.4863
2332 69.4863
2333 69.4863
2334 69.4863
2335 69.4863
2336 69.4863
2337 69.4863
2338 69.4863
2339 69.4863
2340 69.4863
2341 69.4863
2342 69.4863
2343 69.4863
2344 69.4863
2345 69.4863
2346 69.4863
2347 69.4863
2348 69.4863
2349 69.4863
2350 69.4863
2351 69.4863
2352 69.4863
2353 69.4863
2354 69.4863
2355 69.4863
2356 69.4863
2357 69.4863
2358 69.4863
2359 69.4863
2360 69.4863
2361 69.4863
2362 69.4863
2363 69.4863
2364 69.4863
2365 69.4863
2366 69.4863
2367 69.4863
2368 69.4863
2369 69.4863
2370 69.4863
2371 69.4863
2372 69.4863
2373 69.4863
2374 69.4863
2375 69.4863
2376 69.4863
2377 69.4863
2378 69.4863
2379 69.4863
2380 69.4863
2381 69.4863
2382 69.4863
2383 69.4863
2384 69.4863
2385 69.4863
2386 69.4863
2387 69.4863
2388 69.4863
2389 69.4863
2390 69.4863
2391 69.4863
2392 69.4863
2393 69.4863
2394 69.4863
2395 69.4863
2396 69.4863
2397 69.4863
2398 69.4863
2399 69.4863
2400 69.4863
2401 69.4863
2402 69.4863
2403 69.4863
2404 69.4863
2405 69.4863
2406 69.4863
2407 69.4863
2408 69.4863
2409 69.4863
2410 69.4863
2411 69.4863
2412 69.4863
2413 69.4863
2414 69.4863
2415 69.4863
2416 69.4863
2417 69.4863
2418 69.4863
2419 69.4863
2420 69.4863
2421 69.4863
2422 69.4863
2423 69.4863
2424 69.4863
2425 69.4863
2426 69.4863
2427 69.4863
2428 69.4863
2429 69.4863
2430 69.4863
2431 69.4863
2432 69.4863
2433 69.4863
2434 69.4863
2435 69.4863
2436 69.4863
2437 69.4863
2438 69.4863
2439 69.4863
2440 69.4863
2441 69.4863
2442 69.4863
2443 69.4863
2444 69.4863
2445 69.4863
2446 69.4863
2447 69.4863
2448 69.4863
2449 69.4863
2450 69.4863
2451 69.4863
2452 69.4863
2453 69.4863
2454 69.4863
2455 69.4863
2456 69.4863
2457 69.4863
2458 69.4863
2459 69.4863
2460 69.4863
2461 69.4863
2462 69.4863
2463 69.4863
2464 69.4863
2465 69.4863
2466 69.4863
2467 69.4863
2468 69.4863
2469 69.4863
2470 69.4863
2471 69.4863
2472 69.4863
2473 69.4863
2474 69.4863
2475 69.4863
2476 69.4863
2477 69.4863
2478 69.4863
2479 69.4863
2480 69.4863
2481 69.4863
2482 69.4863
2483 69.4863
2484 69.4863
2485 69.4863
2486 69.4863
2487 69.4863
2488 69.4863
2489 69.4863
2490 69.4863
2491 69.4863
2492 69.4863
2493 69.4863
2494 69.4863
2495 69.4863
2496 69.4863
2497 69.4863
2498 69.4863
2499 69.4863
2500 69.4863
2501 69.4863
2502 69.4863
2503 69.4863
2504 69.4863
2505 69.4863
2506 69.4863
2507 69.4863
2508 69.4863
2509 69.4863
2510 69.4863
2511 69.4863
2512 69.4863
2513 69.4863
2514 69.4863
2515 69.4863
2516 69.4863
2517 69.4863
2518 69.4863
2519 69.4863
2520 69.4863
2521 69.4863
2522 69.4863
2523 69.4863
2524 69.4863
2525 69.4863
2526 69.4863
2527 69.4863
2528 69.4863
2529 69.4863
2530 69.4863
2531 69.4863
2532 69.4863
2533 69.4863
2534 69.4863
2535 69.4863
2536 69.4863
2537 69.4863
2538 69.4863
2539 69.4863
2540 69.4863
2541 69.4863
2542 69.4863
2543 69.4863
2544 69.4863
2545 69.4863
2546 69.4863
2547 69.4863
2548 69.4863
2549 69.4863
2550 69.4863
2551 69.4863
2552 69.4863
2553 69.4863
2554 69.4863
2555 69.4863
2556 69.4863
2557 69.4863
2558 69.4863
2559 69.4863
2560 69.4863
2561 69.4863
2562 69.4863
2563 69.4863
2564 69.4863
2565 69.4863
2566 69.4863
2567 69.4863
2568 69.4863
2569 69.4863
2570 69.4863
2571 69.4863
2572 69.4863
2573 69.4863
2574 69.4863
2575 69.4863
2576 69.4863
2577 69.4863
2578 69.4863
2579 69.4863
2580 69.4863
2581 69.4863
2582 69.4863
2583 69.4863
2584 69.4863
2585 69.4863
2586 69.4863
2587 69.4863
2588 69.4863
2589 69.4863
2590 69.4863
2591 69.4863
2592 69.4863
2593 69.4863
2594 69.4863
2595 69.4863
2596 69.4863
2597 69.4863
2598 69.4863
2599 69.4863
2600 69.4863
2601 69.4863
2602 69.4863
2603 69.4863
2604 69.4863
2605 69.4863
2606 69.4863
2607 69.4863
2608 69.4863
2609 69.4863
2610 69.4863
2611 69.4863
2612 69.4863
2613 69.4863
2614 69.4863
2615 69.4863
2616 69.4863
2617 69.4863
2618 69.4863
2619 69.4863
2620 69.4863
2621 69.4863
2622 69.4863
2623 69.4863
2624 69.4863
2625 69.4863
2626 69.4863
2627 69.4863
2628 69.4863
2629 69.4863
2630 69.4863
2631 69.4863
2632 69.4863
2633 69.4863
2634 69.4863
2635 69.4863
2636 69.4863
2637 69.4863
2638 69.4863
2639 69.4863
2640 69.4863
2641 69.4863
2642 69.4863
2643 69.4863
2644 69.4863
2645 69.4863
2646 69.4863
2647 69.4863
2648 69.4863
2649 69.4863
2650 69.4863
2651 69.4863
2652 69.4863
2653 69.4863
2654 69.4863
2655 69.4863
2656 69.4863
2657 69.4863
2658 69.4863
2659 69.4863
2660 69.4863
2661 69.4863
2662 69.4863
2663 69.4863
2664 69.4863
2665 69.4863
2666 69.4863
2667 69.4863
2668 69.4863
2669 69.4863
2670 69.4863
2671 69.4863
2672 69.4863
2673 69.4863
2674 69.4863
2675 69.4863
2676 69.4863
2677 69.4863
2678 69.4863
2679 69.4863
2680 69.4863
2681 69.4863
2682 69.4863
2683 69.4863
2684 69.4863
2685 69.4863
2686 69.4863
2687 69.4863
2688 69.4863
2689 69.4863
2690 69.4863
2691 69.4863
2692 69.4863
2693 69.4863
2694 69.4863
2695 69.4863
2696 69.4863
2697 69.4863
2698 69.4863
2699 69.4863
2700 69.4863
2701 69.4863
2702 69.4863
2703 69.4863
2704 69.4863
2705 69.4863
2706 69.4863
2707 69.4863
2708 69.4863
2709 69.4863
2710 69.4863
2711 69.4863
2712 69.4863
2713 69.4863
2714 69.4863
2715 69.4863
2716 69.4863
2717 69.4863
2718 69.4863
2719 69.4863
2720 69.4863
2721 69.4863
2722 69.4863
2723 69.4863
2724 69.4863
2725 69.4863
2726 69.4863
2727 69.4863
2728 69.4863
2729 69.4863
2730 69.4863
2731 69.4863
2732 69.4863
2733 69.4863
2734 69.4863
2735 69.4863
2736 69.4863
2737 69.4863
2738 69.4863
2739 69.4863
2740 69.4863
2741 69.4863
2742 69.4863
2743 69.4863
2744 69.4863
2745 69.4863
2746 69.4863
2747 69.4863
2748 69.4863
2749 69.4863
2750 69.4863
2751 69.4863
2752 69.4863
2753 69.4863
2754 69.4863
2755 69.4863
2756 69.4863
2757 69.4863
2758 69.4863
2759 69.4863
2760 69.4863
2761 69.4863
2762 69.4863
2763 69.4863
2764 69.4863
2765 69.4863
2766 69.4863
2767 69.4863
2768 69.4863
2769 69.4863
2770 69.4863
2771 69.4863
2772 69.4863
2773 69.4863
2774 69.4863
2775 69.4863
2776 69.4863
2777 69.4863
2778 69.4863
2779 69.4863
2780 69.4863
2781 69.4863
2782 69.4863
2783 69.4863
2784 69.4863
2785 69.4863
2786 69.4863
2787 69.4863
2788 69.4863
2789 69.4863
2790 69.4863
2791 69.4863
2792 69.4863
2793 69.4863
2794 69.4863
2795 69.4863
2796 69.4863
2797 69.4863
2798 69.4863
2799 69.4863
2800 69.4863
2801 69.4863
2802 69.4863
2803 69.4863
2804 69.4863
2805 69.4863
2806 69.4863
2807 69.4863
2808 69.4863
2809 69.4863
2810 69.4863
2811 69.4863
2812 69.4863
2813 69.4863
2814 69.4863
2815 69.4863
2816 69.4863
2817 69.4863
2818 69.4863
2819 69.4863
2820 69.4863
2821 69.4863
2822 69.4863
2823 69.4863
2824 69.4863
2825 69.4863
2826 69.4863
2827 69.4863
2828 69.4863
2829 69.4734
2830 69.4734
2831 69.4734
2832 69.4734
2833 69.4734
2834 69.4734
2835 69.4734
2836 69.4734
2837 69.4734
2838 69.4734
2839 69.4734
2840 69.4734
2841 69.4734
2842 69.4734
2843 69.358
2844 69.358
2845 69.358
2846 69.358
2847 69.358
2848 69.358
2849 69.358
2850 69.358
2851 69.358
2852 69.358
2853 69.358
2854 69.358
2855 69.358
2856 69.358
2857 69.358
2858 69.358
2859 69.358
2860 69.358
2861 69.358
2862 69.358
2863 69.358
2864 69.358
2865 69.358
2866 69.358
2867 69.358
2868 69.358
2869 69.358
2870 69.358
2871 69.358
2872 69.358
2873 69.358
2874 69.358
2875 69.358
2876 69.358
2877 69.358
2878 69.358
2879 69.358
2880 69.358
2881 69.358
2882 69.358
2883 69.358
2884 69.358
2885 69.358
2886 69.358
2887 69.358
2888 69.358
2889 69.358
2890 69.358
2891 69.358
2892 69.358
2893 69.358
2894 69.358
2895 69.358
2896 69.358
2897 69.358
2898 69.358
2899 69.358
2900 69.358
2901 69.358
2902 69.358
2903 69.358
2904 69.358
2905 69.358
2906 69.358
2907 69.358
2908 69.358
2909 69.358
2910 69.358
2911 69.358
2912 69.358
2913 69.358
2914 69.358
2915 69.358
2916 69.358
2917 69.358
2918 69.358
2919 69.358
2920 69.358
2921 69.358
2922 69.358
2923 69.358
2924 69.358
2925 69.358
2926 69.358
2927 69.358
2928 69.358
2929 69.358
2930 69.358
2931 69.358
2932 69.358
2933 69.358
2934 69.358
2935 69.358
2936 69.358
2937 69.358
2938 69.358
2939 69.358
2940 69.358
2941 69.358
2942 69.358
2943 69.358
2944 69.358
2945 69.358
2946 69.358
2947 69.358
2948 69.358
2949 69.358
2950 69.358
2951 69.358
2952 69.358
2953 69.358
2954 69.358
2955 69.358
2956 69.358
2957 69.358
2958 69.358
2959 69.358
2960 69.358
2961 69.358
2962 69.358
2963 69.358
2964 69.358
2965 69.358
2966 69.358
2967 69.358
2968 69.358
2969 69.358
2970 69.358
2971 69.358
2972 69.358
2973 69.358
2974 69.358
2975 69.358
2976 69.358
2977 69.358
2978 69.358
2979 69.358
2980 69.358
2981 69.358
2982 69.358
2983 69.358
2984 69.358
2985 69.358
2986 69.358
2987 69.358
2988 69.358
2989 69.358
2990 69.358
2991 69.358
2992 69.358
2993 69.358
2994 69.358
2995 69.358
2996 69.358
2997 69.358
2998 69.358
2999 69.358
3000 69.358
3001 69.358
3002 69.358
3003 69.358
3004 69.358
3005 69.358
3006 69.358
3007 69.358
3008 69.358
3009 69.358
3010 69.358
3011 69.358
3012 69.358
3013 69.358
3014 69.358
3015 69.358
3016 69.358
3017 69.358
3018 69.358
3019 69.358
3020 69.358
3021 69.358
3022 69.358
3023 69.358
3024 69.358
3025 69.358
3026 69.358
3027 69.358
3028 69.358
3029 69.358
3030 69.358
3031 69.358
3032 69.358
3033 69.358
3034 69.358
3035 69.358
3036 69.358
3037 69.358
3038 69.358
3039 69.358
3040 69.358
3041 69.358
3042 69.358
3043 69.358
3044 69.358
3045 69.358
3046 69.358
3047 69.358
3048 69.358
3049 69.358
3050 69.358
3051 69.358
3052 69.358
3053 69.358
3054 69.358
3055 69.358
3056 69.358
3057 69.358
3058 69.358
3059 69.358
3060 69.358
3061 69.358
3062 69.358
3063 69.358
3064 69.358
3065 69.358
3066 69.358
3067 69.358
3068 69.358
3069 69.358
3070 69.358
3071 69.358
3072 69.358
3073 69.358
3074 69.358
3075 69.358
3076 69.358
3077 69.358
3078 69.358
3079 69.358
3080 69.358
3081 69.358
3082 69.358
3083 69.358
3084 69.358
3085 69.358
3086 69.358
3087 69.358
3088 69.358
3089 69.358
3090 69.358
3091 69.358
3092 69.358
3093 69.358
3094 69.358
3095 69.358
3096 69.358
3097 69.358
3098 69.358
3099 69.358
3100 69.358
3101 69.358
3102 69.358
3103 69.358
3104 69.358
3105 69.358
3106 69.358
3107 69.358
3108 69.358
3109 69.358
3110 69.358
3111 69.358
3112 69.358
3113 69.358
3114 69.358
3115 69.358
3116 69.358
3117 69.358
3118 69.358
3119 69.358
3120 69.358
3121 69.358
3122 69.358
3123 69.358
3124 69.358
3125 69.358
3126 69.358
3127 69.358
3128 69.358
3129 69.358
3130 69.358
3131 69.358
3132 69.358
3133 69.358
3134 69.358
3135 69.358
3136 69.358
3137 69.358
3138 69.358
3139 69.358
3140 69.358
3141 69.358
3142 69.358
3143 69.358
3144 69.358
3145 69.358
3146 69.358
3147 69.358
3148 69.358
3149 69.358
3150 69.358
3151 69.358
3152 69.358
3153 69.358
3154 69.358
3155 69.358
3156 69.358
3157 69.358
3158 69.358
3159 69.358
3160 69.358
3161 69.358
3162 69.358
3163 69.358
3164 69.358
3165 69.358
3166 69.358
3167 69.358
3168 69.358
3169 69.358
3170 69.358
3171 69.358
3172 69.358
3173 69.358
3174 69.358
3175 69.358
3176 69.358
3177 69.358
3178 69.358
3179 69.358
3180 69.358
3181 69.358
3182 69.358
3183 69.358
3184 69.358
3185 69.358
3186 69.358
3187 69.358
3188 69.358
3189 69.358
3190 69.358
3191 69.358
3192 69.358
3193 69.358
3194 69.358
3195 69.358
3196 69.358
3197 69.358
3198 69.358
3199 69.358
3200 69.358
3201 69.358
3202 69.358
3203 69.358
3204 69.358
3205 69.358
3206 69.358
3207 69.358
3208 69.358
3209 69.358
3210 69.358
3211 69.358
3212 69.358
3213 69.358
3214 69.358
3215 69.358
3216 69.358
3217 69.358
3218 69.358
3219 69.358
3220 69.358
3221 69.358
3222 69.358
3223 69.358
3224 69.358
3225 69.358
3226 69.358
3227 69.358
3228 69.358
3229 69.358
3230 69.358
3231 69.358
3232 69.358
3233 69.358
3234 69.358
3235 69.358
3236 69.358
3237 69.358
3238 69.358
3239 69.358
3240 69.358
3241 69.358
3242 69.358
3243 69.358
3244 69.358
3245 69.358
3246 69.358
3247 69.358
3248 69.358
3249 69.358
3250 69.358
3251 69.358
3252 69.358
3253 69.358
3254 69.358
3255 69.358
3256 69.358
3257 69.358
3258 69.358
3259 69.358
3260 69.358
3261 69.358
3262 69.358
3263 69.358
3264 69.358
3265 69.358
3266 69.358
3267 69.358
3268 69.358
3269 69.358
3270 69.358
3271 69.358
3272 69.358
3273 69.358
3274 69.358
3275 69.358
3276 69.358
3277 69.358
3278 69.358
3279 69.358
3280 69.358
3281 69.358
3282 69.358
3283 69.358
3284 69.358
3285 69.358
3286 69.358
3287 69.358
3288 69.358
3289 69.358
3290 69.358
3291 69.358
3292 69.358
3293 69.358
3294 69.358
3295 69.358
3296 69.358
3297 69.358
3298 69.358
3299 69.358
3300 69.358
3301 69.358
3302 69.358
3303 69.358
3304 69.358
3305 69.358
3306 69.358
3307 69.358
3308 69.358
3309 69.358
3310 69.358
3311 69.358
3312 69.358
3313 69.358
3314 69.358
3315 69.358
3316 69.358
3317 69.358
3318 69.358
3319 69.358
3320 69.358
3321 69.358
3322 69.358
3323 69.358
3324 69.358
3325 69.358
3326 69.358
3327 69.358
3328 69.358
3329 69.358
3330 69.358
3331 69.358
3332 69.358
3333 69.358
3334 69.358
3335 69.358
3336 69.358
3337 69.358
3338 69.358
3339 69.358
3340 69.358
3341 69.358
3342 69.358
3343 69.358
3344 69.358
3345 69.358
3346 69.358
3347 69.358
3348 69.358
3349 69.358
3350 69.358
3351 69.358
3352 69.358
3353 69.358
3354 69.358
3355 69.358
3356 69.358
3357 69.358
3358 69.358
3359 69.358
3360 69.358
3361 69.358
3362 69.358
3363 69.358
3364 69.358
3365 69.358
3366 69.358
3367 69.358
3368 69.358
3369 69.358
3370 69.358
3371 69.358
3372 69.358
3373 69.358
3374 69.358
3375 69.358
3376 69.358
3377 69.358
3378 69.358
3379 69.358
3380 69.358
3381 69.358
3382 69.358
3383 69.358
3384 69.358
3385 69.358
3386 69.358
3387 69.358
3388 69.358
3389 69.358
3390 69.358
3391 69.358
3392 69.358
3393 69.358
3394 69.358
3395 69.358
3396 69.358
3397 69.358
3398 69.358
3399 69.358
3400 69.358
3401 69.358
3402 69.358
3403 69.358
3404 69.358
3405 69.358
3406 69.358
3407 69.358
3408 69.358
3409 69.358
3410 69.358
3411 69.358
3412 69.358
3413 69.358
3414 69.358
3415 69.358
3416 69.358
3417 69.358
3418 69.358
3419 69.358
3420 69.358
3421 69.358
3422 69.358
3423 69.358
3424 69.358
3425 69.358
3426 69.358
3427 69.358
3428 69.358
3429 69.358
3430 69.358
3431 69.358
3432 69.358
3433 69.358
3434 69.358
3435 69.358
3436 69.358
3437 69.358
3438 69.358
3439 69.358
3440 69.358
3441 69.358
3442 69.358
3443 69.358
3444 69.358
3445 69.358
3446 69.358
3447 69.358
3448 69.358
3449 69.358
3450 69.358
3451 69.358
3452 69.358
3453 69.358
3454 69.358
3455 69.358
3456 69.358
3457 69.358
3458 69.358
3459 69.358
3460 69.358
3461 69.358
3462 69.358
3463 69.358
3464 69.358
3465 69.358
3466 69.358
3467 69.358
3468 69.358
3469 69.358
3470 69.358
3471 69.358
3472 69.358
3473 69.358
3474 69.358
3475 69.358
3476 69.358
3477 69.358
3478 69.358
3479 69.358
3480 69.358
3481 69.358
3482 69.358
3483 69.358
3484 69.358
3485 69.358
3486 69.358
3487 69.358
3488 69.358
3489 69.358
3490 69.358
3491 69.358
3492 69.358
3493 69.358
3494 69.358
3495 69.358
3496 69.358
3497 69.358
3498 69.358
3499 69.358
3500 69.358
