0 509.352
1 447.459
2 417.578
3 398.432
4 375.954
5 358.882
6 347.93
7 335.3
8 322.623
9 308.875
10 297.355
11 287.599
12 275.824
13 267.693
14 258.957
15 252.501
16 248.085
17 243.079
18 237.854
19 229.949
20 220.972
21 214.258
22 209.753
23 205.233
24 201.202
25 197.869
26 193.908
27 189.506
28 186.53
29 183.173
30 181.027
31 178.318
32 174.81
33 171.286
34 168.243
35 166.6
36 164.206
37 162.137
38 159.291
39 157.239
40 152.894
41 149.696
42 147.331
43 144.185
44 140.125
45 138.13
46 135.831
47 133.102
48 131.776
49 130.018
50 127.486
51 125.355
52 123.274
53 123.511
54 124.539
55 123.099
56 124.96
57 124.467
58 124.471
59 122.27
60 118.316
61 117.046
62 115.666
63 115.219
64 115.185
65 114.065
66 111.611
67 110.329
68 109.327
69 108.437
70 107.645
71 107.206
72 105.889
73 104.994
74 104.05
75 103.867
76 102.736
77 102.167
78 101.447
79 101.039
80 101.004
81 101.063
82 100.728
83 100.231
84 99.3578
85 98.6199
86 97.6338
87 97.2891
88 96.586
89 95.8921
90 95.8551
91 95.1303
92 94.3496
93 93.1713
94 92.7043
95 92.5072
96 90.841
97 90.2371
98 92.6979
99 92.8734
100 92.9555
101 93.0421
102 89.8793
103 87.9342
104 86.358
105 85.6403
106 85.0008
107 84.4835
108 83.9073
109 83.5503
110 83.0305
111 82.4379
112 81.9825
113 82.9491
114 83.1996
115 81.8369
116 81.5993
117 80.6653
118 80.3137
119 80.1364
120 79.4221
121 79.4142
122 78.8128
123 78.3776
124 77.4647
125 77.0081
126 76.8964
127 76.2186
128 75.8783
129 75.8412
130 75.8319
131 75.9914
132 75.9719
133 76.0501
134 75.8218
135 75.4669
136 75.0912
137 75.1066
138 74.8829
139 74.4938
140 74.3216
141 74.604
142 74.2306
143 74.1184
144 73.8592
145 73.6902
146 73.8943
147 73.7289
148 73.1891
149 73.4751
150 73.7126
151 73.0235
152 72.3006
153 71.711
154 72.0432
155 71.5776
156 71.9402
157 71.6277
158 71.4827
159 71.4032
160 71.4931
161 74.794
162 75.7642
163 73.1053
164 71.8086
165 71.2944
166 70.9841
167 70.8698
168 70.8487
169 71.1246
170 71.0098
171 71.2468
172 71.1013
173 70.963
174 71.4422
175 71.8917
176 70.7541
177 71.2004
178 71.0678
179 70.0592
180 69.4311
181 69.822
182 69.6868
183 69.4955
184 70.6221
185 70.3032
186 69.8124
187 69.4635
188 69.4789
189 69.4083
190 69.2137
191 69.1545
192 69.1982
193 69.329
194 69.3277
195 69.4135
196 69.2088
197 69.2594
198 69.4768
199 69.3079
200 69.4345
201 69.3904
202 69.6236
203 69.5207
204 69.1957
205 69.0907
206 69.4121
207 69.2312
208 69.5025
209 69.4446
210 69.2714
211 69.4649
212 69.1678
213 69.2555
214 69.0853
215 69.1578
216 69.3343
217 69.2823
218 69.2988
219 69.2849
220 69.4083
221 69.1272
222 69.0808
223 69.4115
224 69.2996
225 69.0818
226 69.1427
227 69.3945
228 69.2933
229 69.402
230 69.6793
231 69.2021
232 69.1226
233 69.2425
234 68.9617
235 69.2305
236 69.3457
237 69.2583
238 69.0328
239 69.1839
240 69.3633
241 69.6823
242 69.3326
243 69.1446
244 69.2599
245 69.095
246 69.5698
247 69.5896
248 69.4095
249 69.2819
250 69.608
251 69.3941
252 69.6677
253 69.594
254 69.0677
255 69.0889
256 68.9685
257 69.2981
258 69.2347
259 69.0804
260 69.1192
261 69.0015
262 69.0084
263 68.6452
264 68.436
265 68.3434
266 68.5898
267 68.5127
268 68.4507
269 68.5595
270 68.6595
271 68.4307
272 68.4712
273 68.5884
274 68.7308
275 68.2683
276 68.1908
277 68.1269
278 68.5985
279 68.6817
280 68.5167
281 68.2413
282 68.173
283 68.4769
284 68.5531
285 68.4562
286 68.3415
287 68.4386
288 68.634
289 68.6513
290 72.6988
291 73.3482
292 71.6777
293 69.832
294 69.0112
295 68.8719
296 68.8835
297 68.4438
298 68.6364
299 68.5547
300 68.5583
301 68.4214
302 68.3381
303 68.7208
304 68.5314
305 68.6736
306 68.684
307 68.4359
308 68.3735
309 68.2108
310 68.4312
311 68.3778
312 68.2351
313 68.7644
314 68.6194
315 68.7344
316 68.9409
317 68.6973
318 68.343
319 68.3808
320 68.2285
321 68.256
322 68.5381
323 68.5804
324 68.5496
325 68.0358
326 68.5137
327 68.7959
328 68.3078
329 68.6005
330 68.4871
331 68.3055
332 68.9531
333 68.4122
334 68.6449
335 68.323
336 68.3299
337 68.5996
338 68.8347
339 69.1318
340 68.485
341 68.4198
342 68.4244
343 68.5664
344 68.4465
345 68.3703
346 68.4838
347 68.6744
348 68.3075
349 68.2351
350 68.2429
351 68.4565
352 68.515
353 68.493
354 68.8243
355 68.2616
356 68.5414
357 68.4785
358 68.2407
359 68.4865
360 68.4638
361 68.5177
362 68.4384
363 68.4157
364 68.2932
365 68.2802
366 68.5614
367 68.3383
368 68.305
369 68.1601
370 68.2777
371 68.1121
372 68.5035
373 68.2683
374 68.1112
375 68.4727
376 68.4066
377 68.0788
378 68.4254
379 68.4259
380 68.376
381 68.6894
382 68.5201
383 68.7207
384 68.2849
385 68.6187
386 68.6651
387 68.644
388 68.3279
389 68.1291
390 68.3663
391 68.3556
392 68.2671
393 68.3245
394 68.6276
395 68.7794
396 68.5099
397 68.3995
398 68.452
399 68.3132
400 68.3139
401 68.1619
402 68.4741
403 68.1118
404 67.9962
405 68.3186
406 68.3677
407 68.1
408 68.3288
409 68.3872
410 68.1921
411 68.5245
412 68.4054
413 68.2626
414 68.4479
415 68.7422
416 68.7745
417 68.6234
418 68.4432
419 68.0381
420 68.2366
421 68.3999
422 68.4882
423 68.3822
424 68.6303
425 68.7445
426 68.5585
427 68.0982
428 68.3135
429 68.4806
430 68.3557
431 68.5982
432 68.3562
433 68.3046
434 68.2605
435 68.1979
436 68.0994
437 67.9534
438 68.3592
439 68.0767
440 68.1543
441 68.1279
442 68.2247
443 68.328
444 68.3558
445 68.1431
446 68.0407
447 68.1796
448 68.1015
449 68.2128
450 68.4744
451 68.2852
452 68.2264
453 68.3825
454 68.172
455 68.4874
456 68.3951
457 68.4868
458 68.4318
459 68.1605
460 68.1264
461 68.2697
462 68.3063
463 68.4504
464 68.723
465 68.4704
466 68.485
467 68.2736
468 68.1745
469 68.5568
470 68.2521
471 68.5587
472 68.4554
473 68.3334
474 68.3751
475 68.2889
476 68.7928
477 68.37
478 68.1364
479 68.1872
480 68.3466
481 68.3767
482 68.1196
483 68.2332
484 68.3697
485 68.1413
486 67.9991
487 67.9942
488 68.2603
489 68.1307
490 68.1568
491 68.0009
492 68.4457
493 68.667
494 68.1259
495 68.4233
496 68.4365
497 68.5054
498 68.365
499 68.3298
500 68.1481
501 67.9307
502 68.1622
503 68.2419
504 68.3806
505 68.5593
506 68.0743
507 68.0975
508 67.8583
509 67.9892
510 68.2168
511 68.4216
512 68.2568
513 68.094
514 68.552
515 68.245
516 68.3517
517 68.302
518 67.9044
519 68.1611
520 68.3046
521 68.608
522 68.4066
523 68.2365
524 68.1251
525 68.3002
526 68.2905
527 68.5391
528 68.2727
529 68.2065
530 68.2333
531 68.6286
532 68.4465
533 68.4588
534 68.3736
535 68.4607
536 68.2888
537 68.3471
538 68.1237
539 68.112
540 68.0157
541 68.2343
542 68.1302
543 67.985
544 68.2833
545 68.2117
546 68.1442
547 68.1021
548 68.2362
549 68.3709
550 68.3184
551 68.1257
552 68.3707
553 68.1233
554 68.3588
555 68.0061
556 67.9562
557 68.1568
558 68.101
559 68.2544
560 68.2398
561 68.2054
562 68.0649
563 67.96
564 68.1531
565 68.3003
566 68.6057
567 67.9542
568 67.9232
569 68.1221
570 71.8947
571 72.2264
572 70.3352
573 68.4648
574 67.9931
575 67.4852
576 67.8534
577 67.3714
578 67.5648
579 67.7297
580 67.7977
581 67.7035
582 67.6042
583 67.64
584 67.6623
585 67.6966
586 67.5449
587 67.7432
588 67.6251
589 67.3375
590 67.7315
591 67.6495
592 67.5434
593 67.5041
594 67.7251
595 67.6934
596 67.6249
597 67.5823
598 67.7064
599 67.3298
600 67.6864
601 67.7549
602 67.4413
603 67.5617
604 67.3801
605 67.457
606 67.3987
607 67.4367
608 67.5792
609 67.3043
610 67.5557
611 67.2643
612 67.8946
613 67.4995
614 67.832
615 67.7717
616 67.3451
617 67.3703
618 67.8002
619 67.5573
620 67.2623
621 67.4102
622 67.4431
623 67.8364
624 67.4939
625 67.3903
626 67.5139
627 67.746
628 67.9169
629 67.616
630 67.2744
631 67.5154
632 67.6761
633 67.3867
634 67.2624
635 66.8196
636 67.0255
637 66.8562
638 66.8652
639 67.3842
640 66.7764
641 66.9562
642 66.732
643 66.9425
644 66.9931
645 66.927
646 66.7621
647 66.8662
648 66.8826
649 66.9131
650 66.9319
651 66.8031
652 66.8969
653 67.1721
654 66.8414
655 66.9158
656 66.7524
657 66.8527
658 67.0047
659 67.2359
660 67.107
661 66.8966
662 67.3615
663 67.0324
664 67.1793
665 66.7156
666 66.9977
667 66.6319
668 66.9979
669 67.1142
670 67.0594
671 67.0672
672 66.9118
673 66.8376
674 67.0761
675 67.1006
676 67.0975
677 66.9593
678 66.849
679 66.7576
680 66.8942
681 67.1222
682 66.9455
683 66.7737
684 66.6372
685 66.8505
686 66.7793
687 66.8084
688 66.7002
689 66.6122
690 66.7752
691 66.823
692 66.8735
693 67.1705
694 67.1282
695 67.0039
696 66.696
697 66.8847
698 67.0896
699 66.892
700 66.7967
701 67.2809
702 67.1857
703 66.9831
704 66.7476
705 66.9343
706 66.7632
707 66.8393
708 66.7701
709 66.9231
710 66.6831
711 66.6948
712 67.0041
713 67.1893
714 67.0567
715 66.9965
716 66.7493
717 66.8329
718 66.9476
719 66.7989
720 66.618
721 66.5403
722 66.927
723 66.8182
724 66.9516
725 66.7972
726 66.7514
727 66.9151
728 66.8213
729 66.897
730 66.8313
731 66.9641
732 66.5222
733 66.9627
734 66.8935
735 67.1395
736 66.9225
737 66.602
738 66.8279
739 67.0155
740 67.1027
741 66.8645
742 66.9605
743 67.0333
744 66.9236
745 66.9807
746 66.9743
747 66.6303
748 66.4556
749 66.9881
750 67.0274
751 66.8448
752 66.7978
753 66.8534
754 66.541
755 66.7008
756 66.8978
757 66.7796
758 67.0212
759 66.6973
760 66.8071
761 67.0332
762 66.8141
763 66.827
764 66.7772
765 66.5494
766 66.8436
767 66.775
768 66.651
769 66.6378
770 66.6702
771 67.0083
772 66.7375
773 66.878
774 66.6838
775 66.898
776 66.758
777 67.2015
778 67.0765
779 66.9009
780 66.9417
781 66.8317
782 66.8174
783 66.957
784 67.0465
785 66.9125
786 66.9028
787 66.7507
788 66.7116
789 66.6963
790 67.1114
791 67.1009
792 66.9657
793 66.955
794 66.974
795 66.8206
796 66.3982
797 66.5435
798 66.6759
799 66.8186
800 66.8537
801 66.5592
802 66.4351
803 66.7506
804 66.7039
805 66.9154
806 66.5793
807 66.8082
808 66.7791
809 66.9306
810 66.8896
811 66.5663
812 66.5224
813 66.4647
814 66.5447
815 66.636
816 66.7223
817 66.8462
818 66.8801
819 66.3649
820 66.4719
821 66.6646
822 66.8282
823 66.646
824 66.6447
825 66.5128
826 66.5344
827 66.4366
828 66.3213
829 66.4309
830 66.4175
831 66.7846
832 66.3195
833 66.4965
834 66.4494
835 66.5007
836 66.3867
837 66.6963
838 66.4118
839 66.3529
840 66.4696
841 66.5393
842 66.9606
843 66.6611
844 66.3142
845 66.4216
846 66.3483
847 66.4324
848 66.6348
849 66.1842
850 66.6694
851 66.5616
852 66.3775
853 66.5778
854 66.7707
855 66.6255
856 66.4807
857 66.5487
858 66.5222
859 66.4965
860 66.3941
861 66.4789
862 66.4604
863 66.5246
864 66.5678
865 66.5326
866 66.6826
867 66.8518
868 66.3824
869 66.3682
870 66.486
871 66.7866
872 66.6379
873 66.4843
874 66.253
875 66.4241
876 66.3629
877 66.4842
878 66.2978
879 66.3943
880 66.4144
881 66.6543
882 66.563
883 66.6107
884 66.3758
885 66.2938
886 66.6366
887 66.3454
888 66.4299
889 66.3224
890 66.396
891 66.4691
892 66.4364
893 66.3775
894 66.208
895 66.1492
896 66.3754
897 66.4662
898 66.741
899 66.5401
900 66.6113
901 66.8174
902 66.3031
903 66.3693
904 66.204
905 66.1331
906 66.2362
907 66.4993
908 66.7603
909 66.5237
910 66.6352
911 66.488
912 66.4083
913 66.3855
914 66.455
915 66.3956
916 66.3488
917 66.282
918 66.637
919 66.4191
920 66.5568
921 67.0601
922 66.6901
923 66.3207
924 66.5144
925 66.4509
926 66.5282
927 66.2382
928 66.4406
929 66.6863
930 66.1197
931 66.2793
932 66.187
933 66.7487
934 66.6385
935 66.7615
936 66.2811
937 66.6014
938 66.5636
939 66.1952
940 66.2623
941 66.6992
942 66.7353
943 66.2725
944 66.1063
945 66.6171
946 66.5833
947 67.1116
948 66.2265
949 66.3897
950 66.4173
951 66.4254
952 66.3585
953 66.1873
954 66.2041
955 66.1947
956 66.4617
957 66.8151
958 66.931
959 66.8491
960 66.5047
961 66.8731
962 66.6055
963 66.816
964 66.5017
965 66.6794
966 66.6315
967 66.2091
968 66.1143
969 66.2625
970 66.2437
971 66.4784
972 66.2585
973 66.5951
974 66.7327
975 66.4241
976 66.6631
977 66.2876
978 66.4384
979 66.446
980 66.4944
981 66.6842
982 66.5528
983 66.7358
984 66.5805
985 66.3285
986 66.5672
987 66.5726
988 66.4224
989 66.4443
990 66.5351
991 66.5719
992 66.5596
993 66.6999
994 66.4994
995 66.2695
996 66.2569
997 66.5324
998 66.167
999 66.4855
1000 66.6807
1001 66.7692
1002 66.7294
1003 66.5105
1004 66.6228
1005 66.4026
1006 66.2151
1007 66.148
1008 66.4454
1009 66.41
1010 66.394
1011 66.3763
1012 66.2989
1013 66.1099
1014 66.2557
1015 66.0937
1016 66.5706
1017 66.1432
1018 66.5993
1019 66.2797
1020 66.0412
1021 66.5314
1022 66.4821
1023 66.4126
1024 66.6799
1025 66.665
1026 66.4598
1027 66.3992
1028 66.2552
1029 66.327
1030 66.357
1031 66.3923
1032 66.6181
1033 66.6438
1034 66.4565
1035 66.4644
1036 66.8723
1037 66.7633
1038 66.7621
1039 66.3637
1040 66.2374
1041 66.3751
1042 66.4318
1043 66.7367
1044 66.5536
1045 66.4978
1046 66.3615
1047 66.1765
1048 66.3493
1049 66.3169
1050 66.4915
1051 66.5344
1052 66.8442
1053 66.4317
1054 66.8142
1055 66.3993
1056 66.7475
1057 66.5472
1058 66.5366
1059 66.5401
1060 66.3312
1061 66.3464
1062 66.2494
1063 66.4171
1064 66.414
1065 66.7384
1066 66.8481
1067 66.2692
1068 66.7596
1069 66.5019
1070 66.1798
1071 66.174
1072 66.222
1073 66.6546
1074 66.5385
1075 66.2459
1076 66.2183
1077 66.2056
1078 66.3687
1079 66.3504
1080 66.4455
1081 66.5342
1082 66.5293
1083 66.5181
1084 66.2159
1085 66.5764
1086 66.8334
1087 66.5062
1088 66.5199
1089 66.1747
1090 66.6877
1091 66.2928
1092 66.6139
1093 66.3992
1094 66.3065
1095 66.7135
1096 66.3301
1097 66.8674
1098 66.7949
1099 66.7853
1100 66.4062
1101 66.2993
1102 66.616
1103 66.3352
1104 66.2711
1105 66.3778
1106 66.284
1107 66.5278
1108 66.3133
1109 66.5047
1110 66.565
1111 66.7085
1112 66.6227
1113 66.3104
1114 66.5562
1115 66.2959
1116 66.4714
1117 66.4509
1118 66.5558
1119 66.2431
1120 66.7235
1121 66.4739
1122 66.3728
1123 66.3063
1124 66.6257
1125 66.454
1126 66.74
1127 66.8101
1128 66.5339
1129 66.6484
1130 66.8435
1131 66.4898
1132 66.1021
1133 66.1233
1134 66.469
1135 66.4915
1136 66.4779
1137 66.7777
1138 66.6532
1139 66.5822
1140 66.6782
1141 66.6414
1142 66.3676
1143 66.5723
1144 66.5275
1145 66.3495
1146 66.2672
1147 66.4799
1148 66.622
1149 66.2897
1150 66.4318
1151 66.3263
1152 66.3724
1153 66.1329
1154 66.5133
1155 66.589
1156 66.3464
1157 66.3622
1158 66.6519
1159 66.2934
1160 66.5555
1161 66.7217
1162 66.1452
1163 66.2479
1164 66.5845
1165 66.6989
1166 66.645
1167 66.3638
1168 66.6015
1169 66.6078
1170 66.3683
1171 66.2045
1172 66.8317
1173 66.3944
1174 66.9323
1175 66.5849
1176 66.5687
1177 66.7358
1178 66.6483
1179 66.5336
1180 66.7288
1181 66.7182
1182 66.7166
1183 66.4969
1184 66.5324
1185 66.5507
1186 66.5841
1187 66.2111
1188 66.4399
1189 66.463
1190 66.2302
1191 66.3309
1192 66.3194
1193 66.6004
1194 66.5158
1195 66.2679
1196 66.4986
1197 66.4573
1198 66.3592
1199 66.3814
1200 66.494
1201 66.6913
1202 66.4254
1203 66.3804
1204 66.5209
1205 66.3313
1206 66.0779
1207 66.5259
1208 66.4807
1209 66.6485
1210 66.226
1211 66.5894
1212 66.5786
1213 66.6962
1214 66.5001
1215 66.4232
1216 66.3693
1217 66.3393
1218 66.2511
1219 66.3963
1220 66.2511
1221 66.2258
1222 66.5922
1223 66.5104
1224 66.6012
1225 66.4334
1226 66.2599
1227 66.5213
1228 66.6445
1229 66.6137
1230 66.5919
1231 66.5708
1232 66.5042
1233 66.3965
1234 66.2394
1235 66.7309
1236 66.5713
1237 66.5126
1238 66.57
1239 66.5065
1240 66.6384
1241 66.323
1242 66.39
1243 66.2331
1244 66.1827
1245 66.9318
1246 66.3933
1247 66.4119
1248 66.2622
1249 66.516
1250 66.4148
1251 66.633
1252 66.6057
1253 66.4962
1254 66.7014
1255 66.4901
1256 66.3727
1257 66.5018
1258 66.4589
1259 66.5681
1260 66.5801
1261 66.5816
1262 66.4881
1263 66.5474
1264 66.6002
1265 66.7028
1266 66.5352
1267 66.6236
1268 66.8108
1269 66.4945
1270 66.6168
1271 66.3752
1272 66.3522
1273 66.5115
1274 66.5772
1275 66.6335
1276 66.6441
1277 66.5929
1278 66.2074
1279 66.1437
1280 66.2262
1281 66.5882
1282 66.5004
1283 66.3982
1284 66.3355
1285 66.3779
1286 66.7481
1287 66.3631
1288 66.3734
1289 66.378
1290 66.3523
1291 66.586
1292 66.7851
1293 66.4374
1294 66.4432
1295 66.4072
1296 66.667
1297 66.6353
1298 66.7111
1299 66.1726
1300 66.1197
1301 66.4854
1302 66.5963
1303 66.537
1304 66.4592
1305 66.377
1306 66.6237
1307 66.2733
1308 66.2491
1309 66.6938
1310 66.8094
1311 66.5481
1312 66.576
1313 66.6885
1314 66.6941
1315 66.6661
1316 66.5552
1317 66.6019
1318 66.47
1319 66.3741
1320 66.3971
1321 66.6907
1322 66.3877
1323 66.6212
1324 66.7642
1325 66.4847
1326 66.6395
1327 66.5596
1328 66.2311
1329 66.2367
1330 66.2437
1331 66.1676
1332 66.3745
1333 66.4115
1334 66.8339
1335 66.7559
1336 66.5163
1337 66.779
1338 66.833
1339 66.5771
1340 66.6896
1341 66.7704
1342 66.6559
1343 66.6783
1344 66.5281
1345 66.4951
1346 66.4267
1347 66.2491
1348 66.4249
1349 66.308
1350 66.3177
1351 66.4978
1352 66.5782
1353 66.4077
1354 66.2261
1355 66.5717
1356 66.8718
1357 66.467
1358 66.6638
1359 66.5041
1360 66.7155
1361 66.5903
1362 66.5735
1363 66.6644
1364 66.3585
1365 66.6121
1366 66.5304
1367 66.3718
1368 66.4504
1369 66.4793
1370 66.4882
1371 66.4825
1372 66.6544
1373 66.493
1374 66.5616
1375 66.8801
1376 66.4577
1377 66.5371
1378 66.1463
1379 66.2503
1380 66.4356
1381 66.2871
1382 66.6923
1383 66.468
1384 66.6481
1385 66.6651
1386 66.7321
1387 66.4421
1388 66.5114
1389 66.3403
1390 66.4812
1391 66.5962
1392 66.3573
1393 66.6063
1394 66.8082
1395 66.5568
1396 66.4675
1397 66.434
1398 66.4461
1399 66.8363
1400 66.5398
1401 66.4691
1402 66.5489
1403 66.3267
1404 66.3628
1405 66.3259
1406 66.4456
1407 66.3985
1408 66.5211
1409 66.4609
1410 66.5257
1411 66.3774
1412 66.6241
1413 66.6906
1414 66.3302
1415 66.2951
1416 66.3085
1417 66.3816
1418 66.6464
1419 66.7811
1420 66.5695
1421 66.4886
1422 66.3139
1423 66.2555
1424 66.3955
1425 66.5598
1426 65.905
1427 66.1575
1428 66.8708
1429 66.2681
1430 66.1699
1431 66.4487
1432 66.69
1433 66.6279
1434 66.5126
1435 66.5538
1436 66.3198
1437 66.2811
1438 66.3276
1439 66.4443
1440 66.4048
1441 66.5273
1442 66.5151
1443 66.4528
1444 66.8221
1445 66.7377
1446 66.6627
1447 66.7782
1448 66.5242
1449 66.5126
1450 66.3432
1451 66.5486
1452 66.3619
1453 66.5372
1454 66.3944
1455 66.6638
1456 66.3535
1457 66.3321
1458 66.5304
1459 66.4523
1460 66.6179
1461 66.5925
1462 66.4842
1463 66.4751
1464 66.598
1465 66.5696
1466 66.5198
1467 66.3801
1468 66.308
1469 66.6794
1470 66.5659
1471 66.3552
1472 66.4049
1473 66.2054
1474 66.513
1475 66.4135
1476 66.2717
1477 66.3796
1478 66.1762
1479 66.4618
1480 66.4481
1481 66.5326
1482 66.5967
1483 66.3871
1484 66.5783
1485 66.293
1486 66.4171
1487 66.4878
1488 66.3485
1489 66.0768
1490 66.2621
1491 66.6362
1492 66.3959
1493 66.6948
1494 66.2072
1495 66.3616
1496 66.4873
1497 66.4609
1498 66.3338
1499 66.571
1500 66.5147
1501 66.3601
1502 66.5968
1503 66.3011
1504 66.2102
1505 66.1296
1506 66.3139
1507 66.511
1508 66.6349
1509 66.4967
1510 66.6642
1511 66.5449
1512 66.4097
1513 66.7739
1514 66.6644
1515 66.3449
1516 66.2276
1517 66.398
1518 66.4578
1519 66.452
1520 66.2665
1521 66.4314
1522 66.8313
1523 66.5487
1524 66.829
1525 66.4737
1526 66.0427
1527 66.3352
1528 66.5522
1529 66.2825
1530 66.469
1531 66.517
1532 66.4548
1533 66.4224
1534 66.6439
1535 66.5696
1536 66.459
1537 66.2632
1538 66.6458
1539 66.3985
1540 66.4591
1541 66.1361
1542 66.4014
1543 66.1582
1544 66.3098
1545 66.2002
1546 66.1837
1547 66.1998
1548 66.2558
1549 66.482
1550 66.7283
1551 66.4471
1552 66.3569
1553 66.3142
1554 66.5844
1555 66.384
1556 66.4481
1557 66.3653
1558 66.3561
1559 66.584
1560 66.4174
1561 66.4519
1562 66.2676
1563 66.5496
1564 66.704
1565 66.4294
1566 66.5153
1567 66.2282
1568 66.97
1569 66.4488
1570 66.4715
1571 66.6451
1572 66.7631
1573 66.3794
1574 66.4923
1575 66.4653
1576 66.3184
1577 66.6423
1578 66.2363
1579 66.5619
1580 66.4708
1581 66.6242
1582 66.3406
1583 66.4308
1584 66.5254
1585 66.4402
1586 66.288
1587 66.3316
1588 66.3051
1589 66.6886
1590 66.6621
1591 66.8997
1592 66.7685
1593 66.7992
1594 66.6116
1595 66.4614
1596 66.653
1597 66.3582
1598 66.3602
1599 66.3926
1600 66.6846
1601 66.7282
1602 66.4807
1603 66.3797
1604 66.537
1605 66.5625
1606 66.8281
1607 66.5406
1608 66.4628
1609 66.5573
1610 66.3057
1611 66.6027
1612 66.2769
1613 66.366
1614 66.1915
1615 66.4607
1616 66.3373
1617 66.3981
1618 66.4755
1619 66.4531
1620 66.4163
1621 66.6591
1622 66.5807
1623 66.5395
1624 66.2571
1625 66.4517
1626 66.4192
1627 66.3314
1628 66.4241
1629 66.521
1630 66.231
1631 66.5205
1632 66.3629
1633 66.6767
1634 66.4388
1635 66.593
1636 66.557
1637 66.323
1638 66.768
1639 66.4802
1640 66.3322
1641 66.2484
1642 66.3164
1643 66.3026
1644 66.7222
1645 66.8535
1646 66.2893
1647 66.6805
1648 66.3626
1649 66.7802
1650 66.681
1651 66.5579
1652 66.5257
1653 66.7651
1654 66.3041
1655 66.497
1656 66.6238
1657 66.4062
1658 66.3328
1659 66.2157
1660 66.4742
1661 66.4607
1662 66.2355
1663 66.3608
1664 66.4144
1665 66.6051
1666 66.853
1667 66.5363
1668 66.4935
1669 66.5167
1670 66.4571
1671 66.4496
1672 66.4723
1673 66.5425
1674 66.3877
1675 66.4426
1676 66.4494
1677 66.4011
1678 66.3098
1679 66.6304
1680 66.5754
1681 66.6819
1682 66.3608
1683 66.2825
1684 66.4432
1685 66.3418
1686 66.4666
1687 66.2996
1688 66.4347
1689 66.7959
1690 66.5538
1691 66.5545
1692 66.5324
1693 66.6852
1694 66.6454
1695 66.552
1696 66.5185
1697 66.5204
1698 66.3405
1699 66.853
1700 66.4466
1701 66.6508
1702 66.268
1703 66.5673
1704 66.5829
1705 66.9754
1706 66.5078
1707 66.2885
1708 66.4731
1709 66.5878
1710 66.5742
1711 67.0136
1712 66.8818
1713 66.8424
1714 66.1813
1715 66.7315
1716 66.6156
1717 66.2137
1718 66.4254
1719 66.4203
1720 66.6647
1721 66.472
1722 66.3606
1723 66.9478
1724 66.5071
1725 66.5625
1726 66.5818
1727 66.5784
1728 66.2855
1729 66.4346
1730 66.3497
1731 66.4204
1732 66.259
1733 66.2739
1734 66.5374
1735 66.3661
1736 66.6129
1737 66.4024
1738 66.475
1739 66.5257
1740 66.1757
1741 66.5861
1742 66.3115
1743 66.3771
1744 66.5995
1745 66.5905
1746 66.3615
1747 66.5001
1748 66.2623
1749 66.4414
1750 66.1838
1751 66.4862
1752 66.4868
1753 66.2642
1754 66.5351
1755 66.5533
1756 66.484
1757 66.5117
1758 66.6175
1759 66.3872
1760 66.4761
1761 66.5444
1762 66.4044
1763 66.5468
1764 66.2526
1765 66.662
1766 66.6608
1767 66.5878
1768 66.8562
1769 66.3453
1770 66.3615
1771 66.5247
1772 66.3952
1773 66.2333
1774 66.2841
1775 66.3483
1776 66.5437
1777 66.5203
1778 66.8959
1779 66.5033
1780 66.2853
1781 66.5786
1782 66.4108
1783 66.8671
1784 66.7297
1785 66.5854
1786 66.5069
1787 66.6312
1788 67.0755
1789 66.5787
1790 66.3628
1791 66.7248
1792 66.6931
1793 66.6562
1794 66.5348
1795 66.2674
1796 66.5003
1797 66.5192
1798 66.1871
1799 66.4958
1800 66.4677
1801 66.6049
1802 66.3736
1803 66.3316
1804 66.5249
1805 66.7275
1806 66.3138
1807 66.4676
1808 66.6713
1809 66.2178
1810 66.6682
1811 66.6952
1812 66.4036
1813 66.3272
1814 66.507
1815 66.502
1816 66.4302
1817 66.6609
1818 66.5645
1819 66.535
1820 66.6384
1821 66.6322
1822 66.4129
1823 66.4405
1824 66.3469
1825 66.5591
1826 66.4372
1827 66.601
1828 66.5069
1829 66.4322
1830 66.5302
1831 66.5854
1832 66.3816
1833 66.6367
1834 66.5772
1835 66.5825
1836 66.7683
1837 66.8584
1838 66.3509
1839 66.305
1840 66.5307
1841 66.3852
1842 66.4824
1843 66.2414
1844 66.4824
1845 66.2594
1846 66.5775
1847 66.52
1848 67.0364
1849 66.7271
1850 66.4581
1851 66.5716
1852 66.3456
1853 66.4407
1854 66.5561
1855 66.4858
1856 66.4457
1857 66.5878
1858 66.54
1859 66.8875
1860 66.8382
1861 67.0018
1862 66.6025
1863 66.2828
1864 66.3736
1865 66.4141
1866 66.6137
1867 66.1443
1868 65.9929
1869 66.2432
1870 66.1625
1871 66.2535
1872 66.3898
1873 66.3897
1874 66.7871
1875 66.7232
1876 66.3889
1877 66.3464
1878 66.4444
1879 66.4365
1880 66.3072
1881 66.3635
1882 66.4895
1883 66.5194
1884 66.6739
1885 66.9399
1886 66.6905
1887 66.363
1888 66.3658
1889 66.6743
1890 66.8052
1891 66.9819
1892 66.0878
1893 66.16
1894 66.468
1895 66.7089
1896 66.7886
1897 66.7076
1898 66.2644
1899 66.4003
1900 66.4144
1901 66.4197
1902 66.5913
1903 66.4233
1904 66.4626
1905 66.5303
1906 66.3945
1907 66.3825
1908 66.0856
1909 66.3039
1910 66.7923
1911 66.5739
1912 66.6316
1913 66.3569
1914 66.6419
1915 66.364
1916 66.7168
1917 66.6887
1918 66.5244
1919 66.5179
1920 66.5078
1921 66.4028
1922 66.6242
1923 66.5129
1924 66.2116
1925 66.4488
1926 66.8865
1927 66.8564
1928 66.6857
1929 66.6427
1930 66.6711
1931 66.5546
1932 66.695
1933 66.6646
1934 66.1107
1935 66.1482
1936 66.2933
1937 66.1603
1938 66.0415
1939 66.3724
1940 66.4451
1941 66.6463
1942 66.2894
1943 66.2001
1944 66.3268
1945 66.6713
1946 66.3355
1947 66.4128
1948 66.4178
1949 66.3335
1950 66.5546
1951 66.5614
1952 66.5801
1953 66.4913
1954 66.4906
1955 66.2656
1956 66.6887
1957 66.4498
1958 66.494
1959 66.7464
1960 66.5293
1961 66.5558
1962 66.5616
1963 66.3351
1964 66.426
1965 66.5566
1966 66.8255
1967 66.5283
1968 66.5288
1969 66.2303
1970 66.62
1971 66.8093
1972 66.4725
1973 66.2575
1974 66.4576
1975 66.6135
1976 66.4382
1977 66.3143
1978 66.4907
1979 66.4601
1980 66.7639
1981 66.3367
1982 66.7193
1983 66.5206
1984 66.792
1985 66.5309
1986 66.4268
1987 66.3646
1988 66.5628
1989 66.2166
1990 66.4208
1991 66.5446
1992 66.623
1993 66.2091
1994 66.1285
1995 66.3117
1996 66.4227
1997 66.4848
1998 66.3752
1999 66.4713
2000 66.8013
2001 66.4928
2002 65.9631
2003 66.6602
2004 66.7127
2005 66.6348
2006 66.8045
2007 66.7599
2008 66.5736
2009 66.3077
2010 66.1476
2011 66.294
2012 66.453
2013 66.421
2014 66.4829
2015 66.2576
2016 66.1977
2017 66.3103
2018 66.2059
2019 66.4677
2020 66.6435
2021 66.5652
2022 66.5355
2023 66.5313
2024 66.3544
2025 66.357
2026 66.5099
2027 66.665
2028 66.6191
2029 66.4538
2030 66.5528
2031 66.5104
2032 66.3452
2033 66.3805
2034 66.5256
2035 66.413
2036 66.5597
2037 66.2738
2038 66.4934
2039 66.2659
2040 66.4259
2041 66.3005
2042 66.5235
2043 66.5261
2044 66.2452
2045 66.3087
2046 66.1309
2047 66.3317
2048 66.1228
2049 66.4432
2050 66.5133
2051 66.5397
2052 66.5714
2053 66.5361
2054 66.5652
2055 66.2256
2056 66.3533
2057 66.1601
2058 66.3772
2059 66.5263
2060 66.3804
2061 66.5472
2062 66.7119
2063 66.2106
2064 66.5915
2065 66.6598
2066 66.7929
2067 66.7332
2068 66.4867
2069 66.4813
2070 66.3708
2071 66.1701
2072 66.2944
2073 66.455
2074 66.3341
2075 66.4208
2076 66.6338
2077 66.2863
2078 66.3917
2079 66.3037
2080 66.6996
2081 66.2475
2082 66.3824
2083 66.3375
2084 66.2985
2085 66.6952
2086 66.329
2087 66.2586
2088 66.5172
2089 66.8843
2090 66.5701
2091 66.0466
2092 66.4905
2093 66.4296
2094 66.6177
2095 66.3254
2096 66.2648
2097 66.6387
2098 66.984
2099 66.868
2100 66.5741
2101 66.4681
2102 66.3544
2103 66.227
2104 66.4814
2105 66.3318
2106 66.3305
2107 66.4244
2108 66.2884
2109 66.5177
2110 66.273
2111 66.3624
2112 67.104
2113 66.6716
2114 66.2217
2115 66.1666
2116 66.6002
2117 66.5164
2118 66.3734
2119 66.474
2120 66.5067
2121 66.2546
2122 66.4634
2123 66.3734
2124 66.2509
2125 66.4548
2126 66.4502
2127 66.7605
2128 66.5968
2129 66.5097
2130 66.6539
2131 66.2414
2132 66.4832
2133 66.5386
2134 66.5577
2135 66.541
2136 66.3894
2137 66.5018
2138 66.6126
2139 66.7123
2140 66.3593
2141 66.3597
2142 66.4139
2143 66.6393
2144 66.6368
2145 66.5726
2146 66.5514
2147 66.6029
2148 66.5956
2149 66.8352
2150 66.6459
2151 66.4752
2152 66.2088
2153 66.5377
2154 66.1654
2155 66.2924
2156 66.4686
2157 66.7598
2158 66.7022
2159 66.411
2160 66.2352
2161 66.6205
2162 66.6878
2163 66.4007
2164 66.4314
2165 66.7442
2166 66.7884
2167 66.4022
2168 66.3533
2169 66.3297
2170 66.6511
2171 67.0371
2172 66.3728
2173 66.3501
2174 66.1624
2175 66.4783
2176 66.6653
2177 66.7388
2178 66.9657
2179 66.6933
2180 66.3949
2181 66.4788
2182 66.3749
2183 66.4779
2184 66.5931
2185 66.5574
2186 66.7905
2187 66.4407
2188 66.4594
2189 66.624
2190 66.5665
2191 66.7717
2192 66.879
2193 66.7812
2194 66.3716
2195 66.3041
2196 66.6195
2197 66.5877
2198 66.4778
2199 66.5108
2200 66.5163
2201 66.2654
2202 66.5597
2203 66.2947
2204 66.425
2205 66.2525
2206 66.3624
2207 66.3142
2208 66.6988
2209 66.6196
2210 66.753
2211 66.407
2212 66.4677
2213 66.2812
2214 66.475
2215 66.2241
2216 66.524
2217 66.3655
2218 66.4742
2219 66.5157
2220 66.345
2221 66.5448
2222 66.7088
2223 66.3006
2224 66.7669
2225 66.499
2226 66.3202
2227 66.2489
2228 66.2309
2229 66.3128
2230 66.5704
2231 66.7211
2232 66.4246
2233 66.5834
2234 66.7436
2235 66.4072
2236 66.6313
2237 66.5912
2238 66.3482
2239 66.5849
2240 66.5436
2241 66.5774
2242 66.3937
2243 66.3403
2244 66.5218
2245 66.8343
2246 66.5173
2247 66.3471
2248 66.2858
2249 66.1873
2250 69.686
2251 70.6549
2252 68.527
2253 66.9018
2254 66.4779
2255 66.1853
2256 65.9639
2257 65.8283
2258 65.8056
2259 66.1044
2260 66.1007
2261 65.9173
2262 66.2765
2263 66.0882
2264 65.6388
2265 65.8098
2266 65.8254
2267 65.8894
2268 65.7296
2269 65.7618
2270 66.0209
2271 66.0767
2272 66.0798
2273 66.1132
2274 65.924
2275 66.0204
2276 65.7211
2277 66.0988
2278 65.8562
2279 65.6412
2280 65.8982
2281 66.0043
2282 65.9791
2283 65.9533
2284 66.0176
2285 65.852
2286 66.2227
2287 65.9298
2288 65.7787
2289 65.891
2290 65.7837
2291 65.9072
2292 65.7073
2293 65.94
2294 66.0843
2295 66.0264
2296 66.1454
2297 66.0767
2298 65.8944
2299 66.0844
2300 65.9844
2301 65.6784
2302 65.4063
2303 65.8782
2304 66.1748
2305 65.9104
2306 66.1153
2307 66.1422
2308 65.6131
2309 65.7975
2310 66.0913
2311 66.3915
2312 66.0182
2313 65.8916
2314 66.0268
2315 65.7054
2316 65.836
2317 66.0256
2318 66.2262
2319 66.4062
2320 66.0403
2321 66.0911
2322 65.8204
2323 65.6623
2324 65.7961
2325 65.7532
2326 65.8937
2327 66.1693
2328 65.9552
2329 65.7262
2330 65.9791
2331 66.1797
2332 65.8704
2333 66.4334
2334 65.9544
2335 65.8612
2336 65.5609
2337 66.104
2338 66.1402
2339 65.6862
2340 65.9059
2341 65.8669
2342 65.8964
2343 66.0047
2344 66.1777
2345 65.9838
2346 66.2369
2347 66.0011
2348 65.9015
2349 65.9607
2350 65.8483
2351 65.7919
2352 65.7778
2353 66.1489
2354 66.0055
2355 65.9919
2356 66.1508
2357 66.0237
2358 65.7533
2359 66.0567
2360 66.0039
2361 66.0207
2362 65.8578
2363 65.9978
2364 66.0854
2365 65.8612
2366 65.838
2367 65.7234
2368 66.1699
2369 65.7841
2370 66.191
2371 66.0135
2372 65.8776
2373 65.6952
2374 65.7144
2375 65.5911
2376 65.9382
2377 65.6966
2378 65.7511
2379 65.7828
2380 65.9591
2381 65.903
2382 66.0261
2383 66.1101
2384 65.7516
2385 65.9378
2386 66.0021
2387 66.0696
2388 65.834
2389 66.05
2390 66.0134
2391 66.0891
2392 66.2402
2393 65.852
2394 65.5031
2395 65.6575
2396 65.8035
2397 65.812
2398 66.1303
2399 66.1837
2400 66.1819
2401 65.8848
2402 66.2846
2403 65.8514
2404 66.0049
2405 65.8142
2406 66.1373
2407 66.1124
2408 66.0521
2409 65.9062
2410 65.9483
2411 66.1379
2412 65.9905
2413 66.219
2414 66.1392
2415 66.4216
2416 66.1054
2417 66.068
2418 65.8832
2419 65.9825
2420 66.2748
2421 65.8144
2422 65.6576
2423 65.926
2424 65.8624
2425 65.7075
2426 65.6363
2427 65.8634
2428 66.0509
2429 65.748
2430 65.799
2431 66.0073
2432 65.6645
2433 65.5355
2434 65.6814
2435 65.7922
2436 66.0332
2437 65.775
2438 66.0302
2439 66.2467
2440 66.0856
2441 65.689
2442 66.2487
2443 65.9881
2444 66.0943
2445 66.0499
2446 65.6187
2447 65.8579
2448 65.6266
2449 65.7669
2450 65.9234
2451 65.9909
2452 65.779
2453 65.773
2454 66.0475
2455 65.5928
2456 65.8289
2457 65.9868
2458 66.2268
2459 66.0638
2460 65.6681
2461 65.7478
2462 65.8692
2463 65.8408
2464 65.9672
2465 66.3286
2466 66.4047
2467 66.1345
2468 66.2116
2469 66.0295
2470 66.129
2471 66.2973
2472 65.9905
2473 65.8513
2474 66.0847
2475 65.8441
2476 66.2247
2477 65.9621
2478 65.8182
2479 65.8588
2480 66.3158
2481 66.1732
2482 66.2942
2483 65.9884
2484 65.8503
2485 65.8387
2486 65.9074
2487 65.8019
2488 65.8751
2489 65.691
2490 66.0681
2491 65.913
2492 65.7365
2493 65.8202
2494 65.9297
2495 66.035
2496 66.2114
2497 65.7472
2498 65.8425
2499 65.9941
2500 65.8684
2501 66.0178
2502 65.6774
2503 65.9644
2504 66.0597
2505 65.8068
2506 66.1565
2507 66.7058
2508 65.8897
2509 65.8236
2510 66.0028
2511 66.0531
2512 65.7193
2513 65.8437
2514 65.8602
2515 65.9263
2516 65.8585
2517 66.0027
2518 66.0513
2519 65.7364
2520 65.7843
2521 66.0695
2522 65.7714
2523 65.8449
2524 66.1218
2525 66.0608
2526 66.0081
2527 66.147
2528 66.0237
2529 66.1687
2530 65.8665
2531 65.7636
2532 65.8501
2533 65.9258
2534 66.0416
2535 66.0393
2536 65.8202
2537 65.9067
2538 65.6996
2539 66.0668
2540 66.0133
2541 65.9556
2542 66.0303
2543 66.263
2544 65.9197
2545 65.7851
2546 65.9387
2547 65.9042
2548 66.2202
2549 65.8145
2550 65.8253
2551 66.0119
2552 66.1334
2553 65.8757
2554 65.9762
2555 66.43
2556 65.9303
2557 66.2492
2558 65.9803
2559 66.053
2560 65.9876
2561 65.7709
2562 65.7577
2563 65.8837
2564 65.9513
2565 65.6314
2566 65.7128
2567 65.8133
2568 66.1597
2569 65.6165
2570 65.6326
2571 65.752
2572 65.7804
2573 65.7954
2574 65.6814
2575 66.0829
2576 65.8753
2577 66.3183
2578 65.7998
2579 66.1171
2580 66.1312
2581 66.1149
2582 66.209
2583 65.9375
2584 65.8627
2585 65.9689
2586 66.0686
2587 66.1536
2588 66.0061
2589 66.0524
2590 65.7088
2591 66.1217
2592 65.7233
2593 65.8062
2594 65.9842
2595 65.7934
2596 66.0293
2597 66.1508
2598 65.8251
2599 65.9411
2600 66.0332
2601 65.8411
2602 65.9143
2603 66.0896
2604 65.9161
2605 65.8372
2606 65.7523
2607 65.8411
2608 65.8478
2609 65.5784
2610 65.7333
2611 65.5911
2612 65.9317
2613 65.9169
2614 66.1339
2615 65.666
2616 65.9209
2617 65.9924
2618 66.2106
2619 65.9213
2620 65.8332
2621 65.8621
2622 65.7747
2623 65.8209
2624 65.9349
2625 65.9125
2626 65.833
2627 65.8125
2628 65.7794
2629 66.0406
2630 65.8473
2631 65.7503
2632 65.881
2633 65.6412
2634 65.9512
2635 66.028
2636 65.9256
2637 66.0384
2638 65.8286
2639 66.0858
2640 66.0325
2641 65.7078
2642 66.0323
2643 66.0749
2644 65.6721
2645 65.6384
2646 66.2354
2647 65.9544
2648 66.1396
2649 65.9898
2650 65.8523
2651 65.838
2652 65.8975
2653 65.9387
2654 66.0127
2655 66.0209
2656 65.7999
2657 66.047
2658 65.9173
2659 65.687
2660 65.9618
2661 66.0754
2662 66.1547
2663 65.8768
2664 65.7517
2665 65.8308
2666 66.0695
2667 65.9747
2668 65.9079
2669 65.9159
2670 65.8961
2671 66.1494
2672 66.2055
2673 65.9911
2674 65.9451
2675 66.2045
2676 66.2772
2677 65.9985
2678 65.8287
2679 65.7354
2680 65.7931
2681 65.5975
2682 66.1054
2683 65.9306
2684 66.1126
2685 65.9581
2686 65.8058
2687 65.8127
2688 65.7193
2689 65.9738
2690 65.9283
2691 65.98
2692 65.9625
2693 66.1719
2694 66.2021
2695 65.7371
2696 65.7547
2697 65.8978
2698 66.137
2699 66.2002
2700 66.0353
2701 65.9051
2702 65.8851
2703 66.065
2704 65.7959
2705 66.2312
2706 65.8154
2707 65.8018
2708 65.6882
2709 65.6397
2710 65.492
2711 66.0268
2712 65.9948
2713 66.1099
2714 65.9799
2715 65.9914
2716 66.0209
2717 66.0593
2718 65.695
2719 65.757
2720 65.8751
2721 66.2846
2722 65.8432
2723 65.9536
2724 66.2333
2725 66.0573
2726 66.0937
2727 65.9913
2728 65.8301
2729 65.8085
2730 66.1169
2731 65.6993
2732 65.6818
2733 66.1338
2734 66.0153
2735 65.6888
2736 66.0192
2737 65.9735
2738 65.9752
2739 66.3291
2740 66.4102
2741 66.1086
2742 66.0642
2743 65.5692
2744 65.9335
2745 65.796
2746 66.2564
2747 66.3655
2748 66.0014
2749 65.5512
2750 65.919
2751 65.8615
2752 65.874
2753 65.9255
2754 66.0218
2755 66.0458
2756 65.8855
2757 66.2047
2758 65.7828
2759 65.8617
2760 65.7052
2761 65.7879
2762 65.995
2763 65.861
2764 65.993
2765 65.7749
2766 65.8878
2767 65.7849
2768 65.9479
2769 66.433
2770 65.9008
2771 65.969
2772 65.949
2773 66.0585
2774 66.1056
2775 65.9766
2776 66.1769
2777 66.1988
2778 65.9462
2779 66.0428
2780 65.9915
2781 66.29
2782 65.9066
2783 66.0791
2784 66.2555
2785 66.0019
2786 65.8871
2787 65.6959
2788 65.762
2789 65.9294
2790 66.0491
2791 65.9596
2792 65.8555
2793 65.9696
2794 65.9785
2795 66.1589
2796 65.9822
2797 66.0673
2798 65.7484
2799 65.9389
2800 66.0352
2801 65.7074
2802 66.0291
2803 65.8791
2804 65.8629
2805 66.1036
2806 66.1321
2807 66.0926
2808 66.0095
2809 66.0729
2810 65.8418
2811 66.0644
2812 65.9176
2813 65.9256
2814 66.0458
2815 66.0247
2816 66.4547
2817 66.0756
2818 65.88
2819 65.7656
2820 66.0364
2821 66.1002
2822 66.1328
2823 65.8479
2824 66.0233
2825 65.888
2826 65.7092
2827 66.2224
2828 66.1557
2829 66.0763
2830 65.7476
2831 65.9327
2832 66.0612
2833 66.0468
2834 66.0209
2835 66.1593
2836 66.069
2837 65.8342
2838 66.1911
2839 65.7273
2840 65.8038
2841 65.876
2842 65.7438
2843 65.7852
2844 66.006
2845 65.992
2846 66.1883
2847 66.1664
2848 65.9505
2849 66.0198
2850 66.086
2851 66.1179
2852 66.0681
2853 66.0665
2854 66.0385
2855 65.9793
2856 65.8473
2857 65.6482
2858 65.7729
2859 66.1068
2860 65.9726
2861 66.0568
2862 65.9984
2863 65.897
2864 65.9653
2865 65.7611
2866 66.0628
2867 66.0692
2868 65.9285
2869 65.7029
2870 65.9888
2871 65.932
2872 65.9449
2873 65.9223
2874 65.9799
2875 65.728
2876 65.8269
2877 66.0716
2878 65.7638
2879 65.8319
2880 65.7926
2881 65.6715
2882 66.2319
2883 65.7841
2884 65.7218
2885 65.8162
2886 65.722
2887 65.9115
2888 65.6874
2889 66.1139
2890 65.9321
2891 65.8488
2892 66.043
2893 65.8221
2894 66.2695
2895 66.023
2896 65.9127
2897 65.8032
2898 65.9943
2899 65.8732
2900 66.1092
2901 66.1527
2902 65.9828
2903 65.887
2904 65.9452
2905 66.2473
2906 66.1684
2907 65.9107
2908 66.1526
2909 66.0025
2910 65.8771
2911 65.778
2912 66.2734
2913 66.3799
2914 66.0551
2915 66.0735
2916 65.8481
2917 65.7665
2918 65.9472
2919 66.1119
2920 65.6049
2921 65.988
2922 66.1179
2923 65.9156
2924 66.0031
2925 66.0348
2926 65.7944
2927 65.5929
2928 65.7549
2929 65.6931
2930 65.5978
2931 66.109
2932 66.1712
2933 65.8704
2934 65.8648
2935 66.0574
2936 66.1533
2937 66.5282
2938 66.0627
2939 66.1146
2940 65.9677
2941 66.0524
2942 66.1235
2943 65.963
2944 65.9765
2945 66.065
2946 65.6919
2947 65.8701
2948 66.2068
2949 66.1694
2950 65.8506
2951 65.7247
2952 65.6668
2953 65.811
2954 65.7898
2955 65.9167
2956 66.0214
2957 65.9105
2958 65.9426
2959 66.1309
2960 65.7539
2961 66.0806
2962 65.9575
2963 65.8345
2964 65.9985
2965 66.0638
2966 65.8252
2967 66.0147
2968 65.8312
2969 66.1067
2970 65.8593
2971 65.8749
2972 65.9181
2973 65.8166
2974 65.7801
2975 66.1734
2976 65.8795
2977 65.8276
2978 65.8499
2979 65.5905
2980 65.494
2981 66.0701
2982 66.0224
2983 66.0341
2984 65.5279
2985 65.7969
2986 65.9221
2987 66.0351
2988 65.7978
2989 65.9008
2990 65.8643
2991 65.932
2992 66.044
2993 65.7739
2994 65.8154
2995 65.9
2996 65.8961
2997 65.9941
2998 65.9895
2999 66.5376
3000 66.1727
3001 66.0201
3002 66.1455
3003 65.791
3004 66.2001
3005 65.8533
3006 65.9735
3007 65.9736
3008 65.7983
3009 65.6004
3010 65.697
3011 66.1
3012 66.1173
3013 66.0392
3014 65.925
3015 65.9609
3016 66.0126
3017 65.8815
3018 65.9027
3019 65.8363
3020 65.8156
3021 65.9608
3022 65.828
3023 65.8242
3024 66.1659
3025 66.3014
3026 66.0117
3027 65.9427
3028 66.1403
3029 66.0424
3030 65.9379
3031 65.9144
3032 65.9312
3033 66.177
3034 66.1294
3035 65.838
3036 66.1649
3037 65.6015
3038 65.4398
3039 65.829
3040 66.0375
3041 65.8165
3042 65.7952
3043 65.7021
3044 65.691
3045 65.777
3046 65.9355
3047 65.9072
3048 66.0978
3049 65.6932
3050 65.7854
3051 65.9448
3052 66.1297
3053 66.0601
3054 66.2236
3055 66.0313
3056 65.9558
3057 65.7736
3058 65.7643
3059 65.6366
3060 65.6327
3061 65.6825
3062 66.077
3063 65.7003
3064 65.63
3065 65.484
3066 66.1275
3067 66.0326
3068 65.9586
3069 66.1817
3070 65.8811
3071 66.0735
3072 66.0683
3073 65.7398
3074 65.9216
3075 65.7422
3076 65.8899
3077 65.9474
3078 66.143
3079 65.943
3080 65.6681
3081 65.7593
3082 66.1798
3083 65.8654
3084 65.763
3085 65.7739
3086 65.8591
3087 66.2835
3088 65.9066
3089 65.8069
3090 65.803
3091 66.0033
3092 65.9283
3093 65.9442
3094 65.9156
3095 66.0763
3096 66.1592
3097 66.4175
3098 66.2621
3099 66.0216
3100 65.932
3101 66.0315
3102 66.0466
3103 65.6335
3104 66.0944
3105 66.1498
3106 66.0002
3107 65.6459
3108 65.6951
3109 65.8755
3110 66.1534
3111 66.0784
3112 65.8349
3113 65.8254
3114 66.0912
3115 66.0522
3116 65.9823
3117 65.8986
3118 66.0037
3119 66.2462
3120 65.5753
3121 65.735
3122 65.9686
3123 65.8874
3124 65.9595
3125 66.0117
3126 65.8449
3127 66.5535
3128 66.2279
3129 66.0026
3130 66.1694
3131 66.1437
3132 66.0213
3133 65.9063
3134 66.1917
3135 66.0109
3136 66.4097
3137 66.2652
3138 65.894
3139 65.83
3140 65.8245
3141 65.8362
3142 65.832
3143 65.9533
3144 65.9861
3145 65.9396
3146 65.7875
3147 66.0776
3148 65.9111
3149 65.8124
3150 66.165
3151 66.0495
3152 66.3965
3153 66.1342
3154 65.6582
3155 65.6555
3156 66.0642
3157 65.8543
3158 65.8448
3159 65.9634
3160 65.8361
3161 65.8298
3162 65.8465
3163 65.7059
3164 65.9431
3165 66.0144
3166 65.7638
3167 65.8566
3168 66.01
3169 65.9321
3170 66.027
3171 65.8623
3172 66.0126
3173 65.8648
3174 66.1629
3175 66.3172
3176 66.0146
3177 65.8941
3178 66.2355
3179 65.9636
3180 65.7579
3181 65.833
3182 66.0888
3183 65.9991
3184 66.0535
3185 65.8973
3186 65.8985
3187 65.9988
3188 66.0158
3189 66.3757
3190 66.105
3191 65.8779
3192 66.1482
3193 65.8665
3194 65.6375
3195 65.8989
3196 65.9115
3197 65.7988
3198 65.7472
3199 66.1764
3200 65.7821
3201 65.8818
3202 65.8
3203 65.8091
3204 65.8369
3205 65.7392
3206 65.6921
3207 65.8463
3208 65.7714
3209 65.8686
3210 65.7904
3211 66.014
3212 66.0716
3213 66.0296
3214 66.2861
3215 66.0883
3216 66.0228
3217 65.9791
3218 66.041
3219 66.2295
3220 65.951
3221 65.959
3222 65.7086
3223 65.7138
3224 66.0802
3225 65.8641
3226 66.0526
3227 65.9078
3228 65.8513
3229 66.0312
3230 65.6741
3231 66.205
3232 65.8393
3233 66.0927
3234 65.8958
3235 66.0908
3236 65.898
3237 66.0635
3238 65.9236
3239 66.1079
3240 65.8611
3241 65.9099
3242 66.2237
3243 65.8616
3244 65.7816
3245 65.8357
3246 65.7146
3247 66.1661
3248 66.248
3249 66.1791
3250 65.7227
3251 66.1523
3252 66.0493
3253 66.0494
3254 65.9852
3255 66.2303
3256 65.8047
3257 65.8761
3258 65.5144
3259 65.6396
3260 66.0738
3261 66.0074
3262 65.7305
3263 65.8139
3264 66.3561
3265 66.1469
3266 65.9577
3267 65.6599
3268 66.1463
3269 66.0207
3270 65.8637
3271 65.7574
3272 65.8808
3273 65.8385
3274 65.9928
3275 65.8178
3276 66.2903
3277 65.9674
3278 66.2057
3279 65.8293
3280 65.9771
3281 65.8941
3282 65.8645
3283 66.1113
3284 65.9249
3285 65.9721
3286 66.5626
3287 65.7656
3288 65.834
3289 65.957
3290 66.2386
3291 65.9085
3292 65.8995
3293 65.7897
3294 65.7492
3295 65.6667
3296 65.6024
3297 65.7846
3298 65.7654
3299 66.1275
3300 66.0344
3301 65.8599
3302 65.7782
3303 65.9021
3304 65.8472
3305 65.9785
3306 65.6112
3307 65.629
3308 66.0693
3309 66.0919
3310 66.1764
3311 66.0044
3312 65.7291
3313 65.6968
3314 65.8041
3315 65.8999
3316 65.7765
3317 65.9426
3318 66.0009
3319 65.8494
3320 65.9523
3321 65.9379
3322 65.6965
3323 65.7082
3324 66.3135
3325 65.7893
3326 65.9256
3327 65.9247
3328 65.863
3329 65.7755
3330 66.0574
3331 65.9393
3332 66.0675
3333 66.0697
3334 65.803
3335 66.2295
3336 65.8461
3337 65.5966
3338 65.9558
3339 66.1918
3340 65.9274
3341 65.5395
3342 65.7221
3343 65.8044
3344 66.1403
3345 66.2209
3346 65.8317
3347 66.2588
3348 66.1811
3349 65.982
3350 66.1524
3351 65.9321
3352 66.0554
3353 65.8403
3354 66.0875
3355 66.1787
3356 66.1415
3357 65.7543
3358 65.7954
3359 65.855
3360 65.5816
3361 65.8703
3362 66
3363 65.7903
3364 66.0868
3365 65.926
3366 65.7981
3367 65.8758
3368 65.7037
3369 65.8676
3370 65.64
3371 65.902
3372 66.0792
3373 65.7981
3374 65.8863
3375 66.0469
3376 66.2735
3377 66.0229
3378 66.5579
3379 65.8719
3380 65.7528
3381 65.984
3382 66.204
3383 66.2064
3384 65.8282
3385 65.7898
3386 65.8499
3387 65.9676
3388 65.9365
3389 65.9987
3390 65.9669
3391 65.9332
3392 66.0039
3393 65.9862
3394 65.7081
3395 65.752
3396 66.1131
3397 65.9531
3398 66.1011
3399 66.0206
3400 66.1317
3401 66.0428
3402 66.1865
3403 65.9052
3404 65.9362
3405 65.657
3406 65.9362
3407 65.9323
3408 65.6265
3409 65.7049
3410 65.9912
3411 66.078
3412 65.8119
3413 65.8193
3414 66.0585
3415 66.1638
3416 66.0596
3417 65.9848
3418 65.8362
3419 65.8135
3420 65.8664
3421 65.8757
3422 65.6049
3423 65.9448
3424 66.2825
3425 66.0017
3426 65.9094
3427 65.5218
3428 65.8534
3429 65.8054
3430 66.0422
3431 66.12
3432 65.8895
3433 65.8893
3434 65.8121
3435 65.9148
3436 65.7356
3437 65.8717
3438 65.8786
3439 66.2054
3440 66.0073
3441 65.9311
3442 66.1673
3443 65.8291
3444 65.866
3445 65.944
3446 65.9788
3447 65.9356
3448 65.8238
3449 65.9124
3450 65.9387
3451 65.7045
3452 65.8599
3453 66.1523
3454 66.2565
3455 65.8873
3456 66.1867
3457 65.8263
3458 65.9364
3459 65.6544
3460 65.7356
3461 65.6724
3462 66.1612
3463 66.0797
3464 66.0878
3465 65.7759
3466 66.2956
3467 65.8998
3468 65.802
3469 65.9733
3470 65.9403
3471 65.9369
3472 66.025
3473 65.7394
3474 65.7382
3475 66.2215
3476 66.0694
3477 65.946
3478 66.1365
3479 66.1332
3480 65.7699
3481 66.1752
3482 65.789
3483 65.6881
3484 65.9559
3485 65.8758
3486 66.0376
3487 65.8584
3488 65.8421
3489 65.7679
3490 65.9192
3491 65.9173
3492 66.1298
3493 66.0358
3494 65.5658
3495 65.9755
3496 66.2786
3497 66.0786
3498 65.9212
3499 65.9788
3500 65.7698
