1 405.483
2 384.054
3 361.192
4 348.654
5 340.114
6 326.285
7 313.328
8 292.658
9 287.41
10 277.526
11 265.569
12 257.926
13 252.062
14 246.892
15 241.763
16 236.087
17 228.585
18 219.62
19 212.672
20 209.466
21 203.496
22 199.728
23 196.338
24 193.417
25 188.961
26 185.181
27 182.003
28 178.789
29 176.336
30 173.464
31 170.133
32 167.22
33 165.037
34 163.056
35 160.816
36 158.676
37 155.325
38 153.146
39 147.631
40 145.989
41 142.884
42 138.412
43 137.007
44 133.615
45 131.938
46 130.122
47 127.969
48 125.433
49 123.88
50 122.415
51 121.053
52 119.816
53 119.12
54 118.521
55 117.435
56 117.173
57 116.049
58 115.45
59 115.181
60 114.485
61 113.947
62 113.322
63 111.975
64 110.194
65 108.902
66 108.018
67 107.128
68 106.404
69 105.701
70 104.786
71 103.637
72 103.087
73 102.506
74 100.896
75 100.662
76 100.407
77 99.9898
78 99.6354
79 99.3827
80 98.2404
81 98.1251
82 97.5962
83 97.1026
84 96.5938
85 96.0578
86 95.5906
87 94.8923
88 94.4717
89 94.2209
90 92.5266
91 91.3105
92 91.0478
93 90.1757
94 89.4894
95 88.3178
96 88.1529
97 87.4246
98 87.4246
99 87.0403
100 86.3971
101 86.201
102 85.2149
103 84.3904
104 83.8544
105 83.3196
106 82.7853
107 82.1568
108 82.1568
109 81.8937
110 81.0663
111 80.5374
112 79.683
113 79.683
114 79.4841
115 79.1659
116 79.1659
117 79.0596
118 78.31
119 78.1853
120 78.079
121 76.711
122 76.5689
123 75.7696
124 75.5351
125 75.0845
126 74.8501
127 74.8319
128 74.8319
129 74.8319
130 74.6722
131 74.6722
132 74.6722
133 73.7222
134 73.7222
135 73.7222
136 73.6041
137 73.3229
138 73.1819
139 73.1819
140 73.0596
141 72.4622
142 72.4413
143 72.4413
144 72.3612
145 71.8979
146 71.8979
147 71.8979
148 71.7872
149 71.3239
150 71.0016
151 70.6992
152 70.6992
153 70.6992
154 70.4675
155 70.3874
156 70.2776
157 70.2776
158 70.1101
159 69.8909
160 69.8909
161 69.8909
162 69.8909
163 69.8909
164 69.8909
165 69.7808
166 69.7808
167 69.7808
168 69.7808
169 69.7808
170 69.5068
171 69.5068
172 69.5068
173 69.4114
174 69.3495
175 69.3495
176 69.1735
177 68.4404
178 68.4404
179 68.4404
180 68.4404
181 68.3965
182 68.3965
183 68.3359
184 68.1646
185 68.1646
186 68.1646
187 68.1646
188 68.1646
189 68.1646
190 68.1646
191 68.1646
192 68.1646
193 68.1646
194 68.1646
195 68.1646
196 68.1646
197 68.1646
198 68.1646
199 68.1646
200 68.1646
201 68.1646
202 68.1646
203 68.1646
204 68.1498
205 68.1498
206 68.1498
207 68.1498
208 68.1498
209 68.1498
210 68.1498
211 68.1498
212 68.1498
213 68.1498
214 68.1498
215 68.1498
216 68.1498
217 68.1498
218 68.1498
219 68.1498
220 68.1498
221 68.1498
222 68.1498
223 68.1498
224 68.1498
225 68.1498
226 68.1498
227 68.1498
228 68.1498
229 68.1498
230 68.1498
231 68.1498
232 68.1498
233 68.1498
234 68.1498
235 68.1498
236 68.1498
237 68.1498
238 68.1498
239 68.1498
240 68.1498
241 68.1498
242 68.1498
243 68.1498
244 68.1498
245 68.1498
246 68.1498
247 68.0081
248 68.0081
249 68.0081
250 68.0081
251 68.0081
252 68.0081
253 68.0081
254 68.0081
255 68.0081
256 68.0081
257 67.7887
258 67.7887
259 67.7887
260 67.7887
261 67.3959
262 67.3877
263 67.3877
264 67.3877
265 67.3877
266 67.3877
267 67.3877
268 67.3877
269 67.3877
270 67.3877
271 67.3877
272 67.3877
273 67.3877
274 67.3877
275 67.3877
276 67.3877
277 67.3877
278 67.3877
279 67.3877
280 67.3877
281 67.3877
282 67.3877
283 67.3877
284 67.3877
285 67.3877
286 67.3877
287 67.3877
288 67.3877
289 67.3877
290 67.3877
291 67.3877
292 67.3877
293 67.3877
294 67.3877
295 67.3877
296 67.3877
297 67.3877
298 67.3877
299 67.3877
300 67.3877
301 67.3877
302 67.3877
303 67.3877
304 67.3877
305 67.3877
306 67.3877
307 67.3877
308 67.3877
309 67.3877
310 67.3877
311 67.3877
312 67.3877
313 67.3877
314 67.3877
315 67.3877
316 67.3877
317 67.3877
318 67.3877
319 67.3877
320 67.3877
321 67.3877
322 67.3877
323 67.3877
324 67.3877
325 67.3877
326 67.3877
327 67.3877
328 67.3877
329 67.3877
330 67.3877
331 67.3877
332 67.3877
333 67.3877
334 67.3877
335 67.3877
336 67.3877
337 67.3877
338 67.3877
339 67.3877
340 67.3877
341 67.3877
342 67.3877
343 67.3014
344 67.3014
345 67.3014
346 67.3014
347 67.3014
348 67.3014
349 67.2337
350 67.2337
351 67.2337
352 67.2337
353 67.2337
354 67.2337
355 67.2337
356 67.2337
357 67.2337
358 67.2337
359 67.2337
360 67.1949
361 67.1949
362 67.1949
363 67.1949
364 67.1949
365 67.1949
366 67.1949
367 67.1949
368 67.1949
369 67.1949
370 67.1949
371 67.1949
372 67.1949
373 67.1949
374 67.1949
375 67.1949
376 67.1949
377 67.1949
378 67.1949
379 67.1949
380 67.1949
381 67.1949
382 67.1949
383 67.1949
384 67.1949
385 67.1949
386 67.1949
387 67.1949
388 67.1949
389 67.1949
390 67.1949
391 67.1949
392 67.1949
393 67.1949
394 67.1949
395 67.1949
396 67.1949
397 67.1949
398 67.1949
399 67.1949
400 67.1949
401 67.1949
402 67.1949
403 67.1949
404 67.1949
405 67.1949
406 67.1949
407 67.1949
408 67.1949
409 67.1949
410 67.1949
411 67.1949
412 67.1949
413 67.1949
414 67.1949
415 67.1949
416 67.1949
417 67.1949
418 67.1949
419 67.1949
420 67.1949
421 67.1949
422 67.1949
423 67.1949
424 67.1949
425 67.1949
426 67.1949
427 67.1949
428 67.1949
429 67.0848
430 67.0848
431 67.0848
432 67.0848
433 67.0848
434 67.0848
435 67.0848
436 67.0848
437 67.0438
438 67.0438
439 67.0438
440 67.0438
441 67.0438
442 67.0438
443 67.0438
444 67.0438
445 67.0438
446 67.0438
447 67.0438
448 67.0438
449 67.0438
450 67.0438
451 67.0438
452 67.0438
453 67.0438
454 67.0438
455 67.0438
456 67.0438
457 67.0438
458 67.0438
459 67.0438
460 67.0438
461 67.0438
462 67.0438
463 67.0438
464 67.0438
465 67.0438
466 67.0438
467 67.0438
468 67.0438
469 67.0438
470 67.0438
471 67.0438
472 67.0438
473 67.0438
474 67.0438
475 67.0438
476 67.0438
477 67.0438
478 67.0438
479 67.0438
480 67.0438
481 67.0438
482 67.0438
483 67.0438
484 67.0438
485 67.0438
486 67.0438
487 67.0438
488 67.0438
489 67.0438
490 67.0438
491 67.0438
492 67.0438
493 67.0438
494 67.0156
495 67.0156
496 67.0156
497 67.0156
498 67.0156
499 67.0156
500 67.0156
501 67.0156
502 67.0156
503 67.0156
504 67.0156
505 67.0156
506 67.0156
507 67.0156
508 67.0156
509 67.0156
510 67.0156
511 67.0156
512 67.0156
513 67.0156
514 67.0156
515 67.0156
516 67.0156
517 67.0156
518 67.0156
519 67.0156
520 67.0156
521 67.0156
522 67.0156
523 67.0156
524 67.0156
525 67.0156
526 67.0156
527 67.0156
528 67.0156
529 67.0156
530 67.0156
531 67.0156
532 67.0156
533 67.0156
534 67.0156
535 67.0156
536 67.0156
537 67.0156
538 67.0156
539 67.0156
540 67.0156
541 67.0156
542 67.0156
543 67.0156
544 67.0156
545 67.0156
546 67.0156
547 67.0156
548 67.0156
549 67.0156
550 67.0156
551 67.0156
552 67.0156
553 67.0156
554 67.0156
555 67.0156
556 67.0156
557 67.0051
558 67.0051
559 67.0051
560 67.0051
561 67.0051
562 67.0051
563 67.0051
564 67.0051
565 67.0051
566 66.8977
567 66.8977
568 66.8977
569 66.8977
570 66.8968
571 66.5026
572 66.4294
573 66.4294
574 66.4294
575 66.4294
576 66.4294
577 66.4294
578 66.4294
579 66.4294
580 66.4294
581 66.4294
582 66.4294
583 66.4294
584 66.4294
585 66.4294
586 66.4294
587 66.4294
588 66.4294
589 66.4294
590 66.4294
591 66.4294
592 66.4294
593 66.4294
594 66.4294
595 66.4294
596 66.4294
597 66.4294
598 66.4294
599 66.4294
600 66.4294
601 66.4294
602 66.4294
603 66.4294
604 66.4294
605 66.4294
606 66.4294
607 66.4294
608 66.4294
609 66.4294
610 66.4294
611 66.4294
612 66.4294
613 66.4294
614 66.4294
615 66.4294
616 66.4294
617 66.4294
618 66.4294
619 66.4294
620 66.4294
621 66.4294
622 66.4294
623 66.4294
624 66.4294
625 66.4087
626 66.4087
627 66.3906
628 66.3906
629 66.3906
630 66.3906
631 66.3059
632 66.2362
633 65.74
634 65.74
635 65.74
636 65.74
637 65.74
638 65.74
639 65.74
640 65.74
641 65.74
642 65.74
643 65.74
644 65.74
645 65.74
646 65.74
647 65.74
648 65.74
649 65.74
650 65.6819
651 65.6819
652 65.6819
653 65.6819
654 65.6819
655 65.6819
656 65.6819
657 65.6819
658 65.6819
659 65.6819
660 65.6819
661 65.6819
662 65.6819
663 65.6819
664 65.6819
665 65.6819
666 65.6819
667 65.6819
668 65.6819
669 65.6819
670 65.6819
671 65.6819
672 65.6819
673 65.6677
674 65.6677
675 65.6677
676 65.6677
677 65.6677
678 65.6677
679 65.6677
680 65.6677
681 65.6677
682 65.6677
683 65.6677
684 65.6677
685 65.6677
686 65.6677
687 65.6677
688 65.6677
689 65.6677
690 65.6677
691 65.6677
692 65.6677
693 65.6677
694 65.6677
695 65.6677
696 65.6677
697 65.6677
698 65.6677
699 65.6677
700 65.6677
701 65.6677
702 65.6677
703 65.6677
704 65.6677
705 65.6677
706 65.6677
707 65.6677
708 65.6677
709 65.6677
710 65.6677
711 65.6677
712 65.6677
713 65.6677
714 65.6677
715 65.6677
716 65.6677
717 65.6677
718 65.6677
719 65.6677
720 65.6677
721 65.6677
722 65.6677
723 65.6677
724 65.6677
725 65.6677
726 65.6677
727 65.6677
728 65.6677
729 65.6677
730 65.6677
731 65.6677
732 65.6677
733 65.6677
734 65.6677
735 65.6677
736 65.6677
737 65.6677
738 65.6677
739 65.6677
740 65.6677
741 65.6677
742 65.6677
743 65.6677
744 65.6677
745 65.6677
746 65.6677
747 65.6677
748 65.6677
749 65.6677
750 65.6677
751 65.6677
752 65.6677
753 65.6677
754 65.6677
755 65.6677
756 65.6677
757 65.6677
758 65.6677
759 65.6677
760 65.6677
761 65.6677
762 65.6677
763 65.6677
764 65.6677
765 65.6677
766 65.6677
767 65.6677
768 65.6677
769 65.6677
770 65.6677
771 65.6677
772 65.6677
773 65.6677
774 65.6677
775 65.6677
776 65.6677
777 65.6677
778 65.6677
779 65.6677
780 65.6677
781 65.6677
782 65.6677
783 65.6677
784 65.6677
785 65.6677
786 65.6677
787 65.6677
788 65.6677
789 65.6677
790 65.6677
791 65.6677
792 65.6677
793 65.6677
794 65.6677
795 65.6677
796 65.6677
797 65.6677
798 65.6677
799 65.6677
800 65.6677
801 65.6677
802 65.6677
803 65.6677
804 65.6677
805 65.6677
806 65.6677
807 65.6677
808 65.6677
809 65.6677
810 65.284
811 65.284
812 65.284
813 65.284
814 65.284
815 65.284
816 65.284
817 65.284
818 65.284
819 65.284
820 65.284
821 65.284
822 65.284
823 65.284
824 65.284
825 65.284
826 65.284
827 65.284
828 65.284
829 65.284
830 65.284
831 65.284
832 65.284
833 65.284
834 65.284
835 65.284
836 65.284
837 65.284
838 65.284
839 65.284
840 65.284
841 65.284
842 65.284
843 65.284
844 65.284
845 65.284
846 65.284
847 65.284
848 65.284
849 65.284
850 65.284
851 65.284
852 65.284
853 65.284
854 65.284
855 65.284
856 65.284
857 65.284
858 65.284
859 65.284
860 65.284
861 65.284
862 65.284
863 65.284
864 65.284
865 65.284
866 65.284
867 65.284
868 65.284
869 65.284
870 65.284
871 65.284
872 65.284
873 65.284
874 65.284
875 65.284
876 65.284
877 65.284
878 65.284
879 65.284
880 65.284
881 65.284
882 65.284
883 65.284
884 65.284
885 65.284
886 65.284
887 65.284
888 65.284
889 65.284
890 65.284
891 65.284
892 65.284
893 65.284
894 65.284
895 65.284
896 65.284
897 65.284
898 65.284
899 65.284
900 65.284
901 65.284
902 65.284
903 65.284
904 65.284
905 65.284
906 65.284
907 65.284
908 65.284
909 65.284
910 65.284
911 65.284
912 65.284
913 65.284
914 65.284
915 65.284
916 65.284
917 65.284
918 65.284
919 65.284
920 65.284
921 65.284
922 65.284
923 65.284
924 65.284
925 65.284
926 65.284
927 65.284
928 65.284
929 65.284
930 65.284
931 65.284
932 65.284
933 65.284
934 65.284
935 65.284
936 65.284
937 65.284
938 65.284
939 65.284
940 65.284
941 65.284
942 65.284
943 65.284
944 65.284
945 65.284
946 65.284
947 65.284
948 65.284
949 65.284
950 65.284
951 65.284
952 65.284
953 65.284
954 65.284
955 65.284
956 65.284
957 65.284
958 65.284
959 65.284
960 65.284
961 65.284
962 65.284
963 65.284
964 65.284
965 65.284
966 65.284
967 65.284
968 65.284
969 65.284
970 65.284
971 65.284
972 65.284
973 65.284
974 65.284
975 65.284
976 65.284
977 65.284
978 65.284
979 65.284
980 65.284
981 65.284
982 65.284
983 65.284
984 65.284
985 65.284
986 65.284
987 65.284
988 65.284
989 65.284
990 65.284
991 65.284
992 65.284
993 65.284
994 65.284
995 65.284
996 65.284
997 65.284
998 65.284
999 65.284
1000 65.284
1001 65.284
1002 65.284
1003 65.284
1004 65.284
1005 65.284
1006 65.284
1007 65.284
1008 65.284
1009 65.284
1010 65.284
1011 65.284
1012 65.284
1013 65.284
1014 65.284
1015 65.284
1016 65.284
1017 65.284
1018 65.284
1019 65.284
1020 65.284
1021 65.284
1022 65.284
1023 65.284
1024 65.284
1025 65.284
1026 65.284
1027 65.284
1028 65.284
1029 65.284
1030 65.284
1031 65.284
1032 65.284
1033 65.284
1034 65.284
1035 65.284
1036 65.284
1037 65.284
1038 65.284
1039 65.284
1040 65.284
1041 65.284
1042 65.284
1043 65.284
1044 65.284
1045 65.284
1046 65.284
1047 65.284
1048 65.284
1049 65.284
1050 65.284
1051 65.284
1052 65.284
1053 65.284
1054 65.284
1055 65.284
1056 65.284
1057 65.284
1058 65.284
1059 65.284
1060 65.284
1061 65.284
1062 65.284
1063 65.284
1064 65.284
1065 65.284
1066 65.284
1067 65.284
1068 65.284
1069 65.284
1070 65.284
1071 65.284
1072 65.284
1073 65.284
1074 65.284
1075 65.284
1076 65.284
1077 65.284
1078 65.284
1079 65.284
1080 65.284
1081 65.284
1082 65.284
1083 65.284
1084 65.284
1085 65.284
1086 65.284
1087 65.284
1088 65.284
1089 65.284
1090 65.284
1091 65.284
1092 65.284
1093 65.284
1094 65.284
1095 65.284
1096 65.284
1097 65.284
1098 65.284
1099 65.284
1100 65.284
1101 65.284
1102 65.284
1103 65.284
1104 65.284
1105 65.284
1106 65.284
1107 65.284
1108 65.284
1109 65.284
1110 65.284
1111 65.284
1112 65.284
1113 65.284
1114 65.284
1115 65.284
1116 65.284
1117 65.284
1118 65.284
1119 65.284
1120 65.284
1121 65.284
1122 65.284
1123 65.284
1124 65.284
1125 65.284
1126 65.284
1127 65.284
1128 65.284
1129 65.284
1130 65.284
1131 65.284
1132 65.284
1133 65.284
1134 65.284
1135 65.284
1136 65.284
1137 65.284
1138 65.284
1139 65.284
1140 65.284
1141 65.284
1142 65.284
1143 65.284
1144 65.284
1145 65.284
1146 65.284
1147 65.284
1148 65.284
1149 65.284
1150 65.284
1151 65.284
1152 65.284
1153 65.284
1154 65.284
1155 65.284
1156 65.284
1157 65.284
1158 65.284
1159 65.284
1160 65.284
1161 65.284
1162 65.284
1163 65.284
1164 65.284
1165 65.284
1166 65.284
1167 65.284
1168 65.284
1169 65.284
1170 65.284
1171 65.284
1172 65.284
1173 65.284
1174 65.284
1175 65.284
1176 65.284
1177 65.284
1178 65.284
1179 65.284
1180 65.284
1181 65.284
1182 65.284
1183 65.284
1184 65.284
1185 65.284
1186 65.284
1187 65.284
1188 65.284
1189 65.284
1190 65.284
1191 65.284
1192 65.284
1193 65.284
1194 65.284
1195 65.284
1196 65.284
1197 65.284
1198 65.284
1199 65.284
1200 65.284
1201 65.284
1202 65.284
1203 65.284
1204 65.284
1205 65.284
1206 65.284
1207 65.284
1208 65.284
1209 65.284
1210 65.284
1211 65.284
1212 65.284
1213 65.284
1214 65.284
1215 65.284
1216 65.284
1217 65.284
1218 65.284
1219 65.284
1220 65.284
1221 65.284
1222 65.284
1223 65.284
1224 65.284
1225 65.284
1226 65.284
1227 65.284
1228 65.284
1229 65.284
1230 65.284
1231 65.284
1232 65.284
1233 65.284
1234 65.284
1235 65.284
1236 65.284
1237 65.284
1238 65.284
1239 65.284
1240 65.284
1241 65.284
1242 65.284
1243 65.284
1244 65.284
1245 65.284
1246 65.284
1247 65.284
1248 65.284
1249 65.284
1250 65.284
1251 65.284
1252 65.284
1253 65.284
1254 65.284
1255 65.284
1256 65.284
1257 65.284
1258 65.284
1259 65.284
1260 65.284
1261 65.284
1262 65.284
1263 65.284
1264 65.284
1265 65.284
1266 65.284
1267 65.284
1268 65.284
1269 65.284
1270 65.284
1271 65.284
1272 65.284
1273 65.284
1274 65.284
1275 65.284
1276 65.284
1277 65.284
1278 65.284
1279 65.284
1280 65.284
1281 65.284
1282 65.284
1283 65.284
1284 65.284
1285 65.284
1286 65.284
1287 65.284
1288 65.284
1289 65.284
1290 65.284
1291 65.284
1292 65.284
1293 65.284
1294 65.284
1295 65.284
1296 65.284
1297 65.284
1298 65.284
1299 65.284
1300 65.284
1301 65.284
1302 65.284
1303 65.284
1304 65.284
1305 65.284
1306 65.284
1307 65.284
1308 65.284
1309 65.284
1310 65.284
1311 65.284
1312 65.284
1313 65.284
1314 65.284
1315 65.284
1316 65.284
1317 65.284
1318 65.284
1319 65.284
1320 65.284
1321 65.284
1322 65.284
1323 65.284
1324 65.284
1325 65.284
1326 65.284
1327 65.284
1328 65.284
1329 65.284
1330 65.284
1331 65.284
1332 65.284
1333 65.284
1334 65.284
1335 65.284
1336 65.284
1337 65.284
1338 65.284
1339 65.284
1340 65.284
1341 65.284
1342 65.284
1343 65.284
1344 65.284
1345 65.284
1346 65.284
1347 65.284
1348 65.284
1349 65.284
1350 65.284
1351 65.284
1352 65.284
1353 65.284
1354 65.284
1355 65.284
1356 65.284
1357 65.284
1358 65.284
1359 65.284
1360 65.284
1361 65.284
1362 65.284
1363 65.284
1364 65.284
1365 65.284
1366 65.284
1367 65.284
1368 65.284
1369 65.284
1370 65.284
1371 65.284
1372 65.284
1373 65.284
1374 65.284
1375 65.284
1376 65.284
1377 65.284
1378 65.284
1379 65.284
1380 65.284
1381 65.284
1382 65.284
1383 65.284
1384 65.284
1385 65.284
1386 65.284
1387 65.284
1388 65.284
1389 65.284
1390 65.284
1391 65.284
1392 65.284
1393 65.284
1394 65.284
1395 65.284
1396 65.284
1397 65.284
1398 65.284
1399 65.284
1400 65.284
1401 65.284
1402 65.284
1403 65.284
1404 65.284
1405 65.284
1406 65.284
1407 65.284
1408 65.284
1409 65.284
1410 65.284
1411 65.284
1412 65.284
1413 65.284
1414 65.284
1415 65.284
1416 65.284
1417 65.284
1418 65.284
1419 65.284
1420 65.284
1421 65.284
1422 65.284
1423 65.284
1424 65.284
1425 65.284
1426 65.284
1427 65.284
1428 65.284
1429 65.284
1430 65.284
1431 65.284
1432 65.284
1433 65.284
1434 65.284
1435 65.284
1436 65.284
1437 65.284
1438 65.284
1439 65.284
1440 65.284
1441 65.284
1442 65.284
1443 65.284
1444 65.284
1445 65.284
1446 65.284
1447 65.284
1448 65.284
1449 65.284
1450 65.284
1451 65.284
1452 65.284
1453 65.284
1454 65.284
1455 65.284
1456 65.284
1457 65.284
1458 65.284
1459 65.284
1460 65.284
1461 65.284
1462 65.284
1463 65.284
1464 65.284
1465 65.284
1466 65.284
1467 65.284
1468 65.284
1469 65.284
1470 65.284
1471 65.284
1472 65.284
1473 65.284
1474 65.284
1475 65.284
1476 65.284
1477 65.284
1478 65.284
1479 65.284
1480 65.284
1481 65.284
1482 65.284
1483 65.284
1484 65.284
1485 65.284
1486 65.284
1487 65.284
1488 65.284
1489 65.284
1490 65.284
1491 65.284
1492 65.284
1493 65.284
1494 65.284
1495 65.284
1496 65.284
1497 65.284
1498 65.284
1499 65.284
1500 65.284
1501 65.284
1502 65.284
1503 65.284
1504 65.284
1505 65.284
1506 65.284
1507 65.284
1508 65.284
1509 65.284
1510 65.284
1511 65.284
1512 65.284
1513 65.284
1514 65.284
1515 65.284
1516 65.284
1517 65.284
1518 65.284
1519 65.284
1520 65.284
1521 65.284
1522 65.284
1523 65.284
1524 65.284
1525 65.284
1526 65.284
1527 65.284
1528 65.284
1529 65.284
1530 65.284
1531 65.284
1532 65.284
1533 65.284
1534 65.284
1535 65.284
1536 65.284
1537 65.284
1538 65.284
1539 65.284
1540 65.284
1541 65.284
1542 65.284
1543 65.284
1544 65.284
1545 65.284
1546 65.284
1547 65.284
1548 65.284
1549 65.284
1550 65.284
1551 65.284
1552 65.284
1553 65.284
1554 65.284
1555 65.284
1556 65.284
1557 65.284
1558 65.284
1559 65.284
1560 65.284
1561 65.284
1562 65.284
1563 65.284
1564 65.284
1565 65.284
1566 65.284
1567 65.284
1568 65.284
1569 65.284
1570 65.284
1571 65.284
1572 65.284
1573 65.284
1574 65.284
1575 65.284
1576 65.284
1577 65.284
1578 65.284
1579 65.284
1580 65.284
1581 65.284
1582 65.284
1583 65.284
1584 65.284
1585 65.284
1586 65.284
1587 65.284
1588 65.284
1589 65.284
1590 65.284
1591 65.284
1592 65.284
1593 65.284
1594 65.284
1595 65.284
1596 65.284
1597 65.284
1598 65.284
1599 65.284
1600 65.284
1601 65.284
1602 65.284
1603 65.284
1604 65.284
1605 65.284
1606 65.284
1607 65.284
1608 65.284
1609 65.284
1610 65.284
1611 65.284
1612 65.284
1613 65.284
1614 65.284
1615 65.284
1616 65.284
1617 65.284
1618 65.284
1619 65.284
1620 65.284
1621 65.284
1622 65.284
1623 65.284
1624 65.284
1625 65.284
1626 65.284
1627 65.284
1628 65.284
1629 65.284
1630 65.284
1631 65.284
1632 65.284
1633 65.284
1634 65.284
1635 65.284
1636 65.284
1637 65.284
1638 65.284
1639 65.284
1640 65.284
1641 65.284
1642 65.284
1643 65.284
1644 65.284
1645 65.284
1646 65.284
1647 65.284
1648 65.284
1649 65.284
1650 65.284
1651 65.284
1652 65.284
1653 65.284
1654 65.284
1655 65.284
1656 65.284
1657 65.284
1658 65.284
1659 65.284
1660 65.284
1661 65.284
1662 65.284
1663 65.284
1664 65.284
1665 65.284
1666 65.284
1667 65.284
1668 65.284
1669 65.284
1670 65.284
1671 65.284
1672 65.284
1673 65.284
1674 65.284
1675 65.284
1676 65.284
1677 65.284
1678 65.284
1679 65.284
1680 65.284
1681 65.284
1682 65.284
1683 65.284
1684 65.284
1685 65.284
1686 65.284
1687 65.284
1688 65.284
1689 65.284
1690 65.284
1691 65.284
1692 65.284
1693 65.284
1694 65.284
1695 65.284
1696 65.284
1697 65.284
1698 65.284
1699 65.284
1700 65.284
1701 65.284
1702 65.284
1703 65.284
1704 65.284
1705 65.284
1706 65.284
1707 65.284
1708 65.284
1709 65.284
1710 65.284
1711 65.284
1712 65.284
1713 65.284
1714 65.284
1715 65.284
1716 65.284
1717 65.284
1718 65.284
1719 65.284
1720 65.284
1721 65.284
1722 65.284
1723 65.284
1724 65.284
1725 65.284
1726 65.284
1727 65.284
1728 65.284
1729 65.284
1730 65.284
1731 65.284
1732 65.284
1733 65.284
1734 65.284
1735 65.284
1736 65.284
1737 65.284
1738 65.284
1739 65.284
1740 65.284
1741 65.284
1742 65.284
1743 65.284
1744 65.284
1745 65.284
1746 65.284
1747 65.284
1748 65.284
1749 65.284
1750 65.284
1751 65.284
1752 65.284
1753 65.284
1754 65.284
1755 65.284
1756 65.284
1757 65.284
1758 65.284
1759 65.284
1760 65.284
1761 65.284
1762 65.284
1763 65.284
1764 65.284
1765 65.284
1766 65.284
1767 65.284
1768 65.284
1769 65.284
1770 65.284
1771 65.284
1772 65.284
1773 65.284
1774 65.284
1775 65.284
1776 65.284
1777 65.284
1778 65.284
1779 65.284
1780 65.284
1781 65.284
1782 65.284
1783 65.284
1784 65.284
1785 65.284
1786 65.284
1787 65.284
1788 65.284
1789 65.284
1790 65.284
1791 65.284
1792 65.284
1793 65.284
1794 65.284
1795 65.284
1796 65.284
1797 65.284
1798 65.284
1799 65.284
1800 65.284
1801 65.284
1802 65.284
1803 65.284
1804 65.284
1805 65.284
1806 65.284
1807 65.284
1808 65.284
1809 65.284
1810 65.284
1811 65.284
1812 65.284
1813 65.284
1814 65.284
1815 65.284
1816 65.284
1817 65.284
1818 65.284
1819 65.284
1820 65.284
1821 65.284
1822 65.284
1823 65.284
1824 65.284
1825 65.284
1826 65.284
1827 65.284
1828 65.284
1829 65.284
1830 65.284
1831 65.284
1832 65.284
1833 65.284
1834 65.284
1835 65.284
1836 65.284
1837 65.284
1838 65.284
1839 65.284
1840 65.284
1841 65.284
1842 65.284
1843 65.284
1844 65.284
1845 65.284
1846 65.284
1847 65.284
1848 65.284
1849 65.284
1850 65.284
1851 65.284
1852 65.284
1853 65.284
1854 65.284
1855 65.284
1856 65.284
1857 65.284
1858 65.284
1859 65.284
1860 65.284
1861 65.284
1862 65.284
1863 65.284
1864 65.284
1865 65.284
1866 65.284
1867 65.284
1868 65.284
1869 65.284
1870 65.284
1871 65.284
1872 65.284
1873 65.284
1874 65.284
1875 65.284
1876 65.284
1877 65.284
1878 65.284
1879 65.284
1880 65.284
1881 65.284
1882 65.284
1883 65.284
1884 65.284
1885 65.284
1886 65.284
1887 65.284
1888 65.284
1889 65.284
1890 65.284
1891 65.284
1892 65.284
1893 65.284
1894 65.284
1895 65.284
1896 65.284
1897 65.284
1898 65.284
1899 65.284
1900 65.284
1901 65.284
1902 65.284
1903 65.284
1904 65.284
1905 65.284
1906 65.284
1907 65.284
1908 65.284
1909 65.284
1910 65.284
1911 65.284
1912 65.284
1913 65.284
1914 65.284
1915 65.284
1916 65.284
1917 65.284
1918 65.284
1919 65.284
1920 65.284
1921 65.284
1922 65.284
1923 65.284
1924 65.284
1925 65.284
1926 65.284
1927 65.284
1928 65.284
1929 65.284
1930 65.284
1931 65.284
1932 65.284
1933 65.284
1934 65.284
1935 65.284
1936 65.284
1937 65.284
1938 65.284
1939 65.284
1940 65.284
1941 65.284
1942 65.284
1943 65.284
1944 65.284
1945 65.284
1946 65.284
1947 65.284
1948 65.284
1949 65.284
1950 65.284
1951 65.284
1952 65.284
1953 65.284
1954 65.284
1955 65.284
1956 65.284
1957 65.284
1958 65.284
1959 65.284
1960 65.284
1961 65.284
1962 65.284
1963 65.284
1964 65.284
1965 65.284
1966 65.284
1967 65.284
1968 65.284
1969 65.284
1970 65.284
1971 65.284
1972 65.284
1973 65.284
1974 65.284
1975 65.284
1976 65.284
1977 65.284
1978 65.284
1979 65.284
1980 65.284
1981 65.284
1982 65.284
1983 65.284
1984 65.284
1985 65.284
1986 65.284
1987 65.284
1988 65.284
1989 65.284
1990 65.284
1991 65.284
1992 65.284
1993 65.284
1994 65.284
1995 65.284
1996 65.284
1997 65.284
1998 65.284
1999 65.284
2000 65.284
2001 65.284
2002 65.284
2003 65.284
2004 65.284
2005 65.284
2006 65.284
2007 65.284
2008 65.284
2009 65.284
2010 65.284
2011 65.284
2012 65.284
2013 65.284
2014 65.284
2015 65.284
2016 65.284
2017 65.284
2018 65.284
2019 65.284
2020 65.284
2021 65.284
2022 65.284
2023 65.284
2024 65.284
2025 65.284
2026 65.284
2027 65.284
2028 65.284
2029 65.284
2030 65.284
2031 65.284
2032 65.284
2033 65.284
2034 65.284
2035 65.284
2036 65.284
2037 65.284
2038 65.284
2039 65.284
2040 65.284
2041 65.284
2042 65.284
2043 65.284
2044 65.284
2045 65.284
2046 65.284
2047 65.284
2048 65.284
2049 65.284
2050 65.284
2051 65.284
2052 65.284
2053 65.284
2054 65.284
2055 65.284
2056 65.284
2057 65.284
2058 65.284
2059 65.284
2060 65.284
2061 65.284
2062 65.284
2063 65.284
2064 65.284
2065 65.284
2066 65.284
2067 65.284
2068 65.284
2069 65.284
2070 65.284
2071 65.284
2072 65.284
2073 65.284
2074 65.284
2075 65.284
2076 65.284
2077 65.284
2078 65.284
2079 65.284
2080 65.284
2081 65.284
2082 65.284
2083 65.284
2084 65.284
2085 65.284
2086 65.284
2087 65.284
2088 65.284
2089 65.284
2090 65.284
2091 65.284
2092 65.284
2093 65.284
2094 65.284
2095 65.284
2096 65.284
2097 65.284
2098 65.284
2099 65.284
2100 65.284
2101 65.284
2102 65.284
2103 65.284
2104 65.284
2105 65.284
2106 65.284
2107 65.284
2108 65.284
2109 65.284
2110 65.284
2111 65.284
2112 65.284
2113 65.284
2114 65.284
2115 65.284
2116 65.284
2117 65.284
2118 65.284
2119 65.284
2120 65.284
2121 65.284
2122 65.284
2123 65.284
2124 65.284
2125 65.284
2126 65.284
2127 65.284
2128 65.284
2129 65.284
2130 65.284
2131 65.284
2132 65.284
2133 65.284
2134 65.284
2135 65.284
2136 65.284
2137 65.284
2138 65.284
2139 65.284
2140 65.284
2141 65.284
2142 65.284
2143 65.284
2144 65.284
2145 65.284
2146 65.284
2147 65.284
2148 65.284
2149 65.284
2150 65.284
2151 65.284
2152 65.284
2153 65.284
2154 65.284
2155 65.284
2156 65.284
2157 65.284
2158 65.284
2159 65.284
2160 65.284
2161 65.284
2162 65.284
2163 65.284
2164 65.284
2165 65.284
2166 65.284
2167 65.284
2168 65.284
2169 65.284
2170 65.284
2171 65.284
2172 65.284
2173 65.284
2174 65.284
2175 65.284
2176 65.284
2177 65.284
2178 65.284
2179 65.284
2180 65.284
2181 65.284
2182 65.284
2183 65.284
2184 65.284
2185 65.284
2186 65.284
2187 65.284
2188 65.284
2189 65.284
2190 65.284
2191 65.284
2192 65.284
2193 65.284
2194 65.284
2195 65.284
2196 65.284
2197 65.284
2198 65.284
2199 65.284
2200 65.284
2201 65.284
2202 65.284
2203 65.284
2204 65.284
2205 65.284
2206 65.284
2207 65.284
2208 65.284
2209 65.284
2210 65.284
2211 65.284
2212 65.284
2213 65.284
2214 65.284
2215 65.284
2216 65.284
2217 65.284
2218 65.284
2219 65.284
2220 65.284
2221 65.284
2222 65.284
2223 65.284
2224 65.284
2225 65.284
2226 65.284
2227 65.284
2228 65.284
2229 65.284
2230 65.284
2231 65.284
2232 65.284
2233 65.284
2234 65.284
2235 65.284
2236 65.284
2237 65.284
2238 65.284
2239 65.284
2240 65.284
2241 65.284
2242 65.284
2243 65.284
2244 65.284
2245 65.284
2246 65.284
2247 65.284
2248 65.284
2249 65.284
2250 64.723
2251 64.723
2252 64.723
2253 64.723
2254 64.723
2255 64.723
2256 64.723
2257 64.723
2258 64.723
2259 64.723
2260 64.723
2261 64.723
2262 64.723
2263 64.723
2264 64.723
2265 64.723
2266 64.723
2267 64.723
2268 64.723
2269 64.723
2270 64.723
2271 64.723
2272 64.723
2273 64.723
2274 64.723
2275 64.723
2276 64.723
2277 64.723
2278 64.723
2279 64.723
2280 64.723
2281 64.723
2282 64.723
2283 64.723
2284 64.723
2285 64.723
2286 64.723
2287 64.723
2288 64.723
2289 64.723
2290 64.723
2291 64.723
2292 64.723
2293 64.723
2294 64.723
2295 64.723
2296 64.723
2297 64.723
2298 64.723
2299 64.723
2300 64.723
2301 64.723
2302 64.723
2303 64.723
2304 64.723
2305 64.723
2306 64.723
2307 64.723
2308 64.723
2309 64.723
2310 64.723
2311 64.723
2312 64.723
2313 64.723
2314 64.723
2315 64.723
2316 64.723
2317 64.723
2318 64.723
2319 64.723
2320 64.723
2321 64.723
2322 64.723
2323 64.723
2324 64.723
2325 64.723
2326 64.723
2327 64.723
2328 64.723
2329 64.723
2330 64.723
2331 64.723
2332 64.723
2333 64.723
2334 64.723
2335 64.723
2336 64.723
2337 64.723
2338 64.723
2339 64.723
2340 64.723
2341 64.723
2342 64.723
2343 64.723
2344 64.723
2345 64.723
2346 64.723
2347 64.723
2348 64.723
2349 64.723
2350 64.723
2351 64.723
2352 64.723
2353 64.723
2354 64.723
2355 64.723
2356 64.723
2357 64.723
2358 64.723
2359 64.723
2360 64.723
2361 64.723
2362 64.723
2363 64.723
2364 64.723
2365 64.723
2366 64.723
2367 64.723
2368 64.723
2369 64.723
2370 64.723
2371 64.723
2372 64.723
2373 64.723
2374 64.723
2375 64.723
2376 64.723
2377 64.723
2378 64.723
2379 64.723
2380 64.723
2381 64.723
2382 64.723
2383 64.723
2384 64.723
2385 64.723
2386 64.723
2387 64.723
2388 64.723
2389 64.723
2390 64.723
2391 64.723
2392 64.723
2393 64.723
2394 64.723
2395 64.723
2396 64.723
2397 64.723
2398 64.723
2399 64.723
2400 64.723
2401 64.723
2402 64.723
2403 64.723
2404 64.723
2405 64.723
2406 64.723
2407 64.723
2408 64.723
2409 64.723
2410 64.723
2411 64.723
2412 64.723
2413 64.723
2414 64.723
2415 64.723
2416 64.723
2417 64.723
2418 64.723
2419 64.723
2420 64.723
2421 64.723
2422 64.723
2423 64.723
2424 64.723
2425 64.723
2426 64.723
2427 64.723
2428 64.723
2429 64.723
2430 64.723
2431 64.723
2432 64.723
2433 64.723
2434 64.723
2435 64.723
2436 64.723
2437 64.723
2438 64.723
2439 64.723
2440 64.723
2441 64.723
2442 64.723
2443 64.723
2444 64.723
2445 64.723
2446 64.723
2447 64.723
2448 64.723
2449 64.723
2450 64.723
2451 64.723
2452 64.723
2453 64.723
2454 64.723
2455 64.723
2456 64.723
2457 64.723
2458 64.723
2459 64.723
2460 64.723
2461 64.723
2462 64.723
2463 64.723
2464 64.723
2465 64.723
2466 64.723
2467 64.723
2468 64.723
2469 64.723
2470 64.723
2471 64.723
2472 64.723
2473 64.723
2474 64.723
2475 64.723
2476 64.723
2477 64.723
2478 64.723
2479 64.723
2480 64.723
2481 64.723
2482 64.723
2483 64.723
2484 64.723
2485 64.723
2486 64.723
2487 64.723
2488 64.723
2489 64.723
2490 64.723
2491 64.723
2492 64.723
2493 64.723
2494 64.723
2495 64.723
2496 64.723
2497 64.723
2498 64.723
2499 64.723
2500 64.723
2501 64.723
2502 64.723
2503 64.723
2504 64.723
2505 64.723
2506 64.723
2507 64.723
2508 64.723
2509 64.723
2510 64.723
2511 64.723
2512 64.723
2513 64.723
2514 64.723
2515 64.723
2516 64.723
2517 64.723
2518 64.723
2519 64.723
2520 64.723
2521 64.723
2522 64.723
2523 64.723
2524 64.723
2525 64.723
2526 64.723
2527 64.723
2528 64.723
2529 64.723
2530 64.723
2531 64.723
2532 64.723
2533 64.723
2534 64.723
2535 64.723
2536 64.723
2537 64.723
2538 64.723
2539 64.723
2540 64.723
2541 64.723
2542 64.723
2543 64.723
2544 64.723
2545 64.723
2546 64.723
2547 64.723
2548 64.723
2549 64.723
2550 64.723
2551 64.723
2552 64.723
2553 64.723
2554 64.723
2555 64.723
2556 64.723
2557 64.723
2558 64.723
2559 64.723
2560 64.723
2561 64.723
2562 64.723
2563 64.723
2564 64.723
2565 64.723
2566 64.723
2567 64.723
2568 64.723
2569 64.723
2570 64.723
2571 64.723
2572 64.723
2573 64.723
2574 64.723
2575 64.723
2576 64.723
2577 64.723
2578 64.723
2579 64.723
2580 64.723
2581 64.723
2582 64.723
2583 64.723
2584 64.723
2585 64.723
2586 64.723
2587 64.723
2588 64.723
2589 64.723
2590 64.723
2591 64.723
2592 64.723
2593 64.723
2594 64.723
2595 64.723
2596 64.723
2597 64.723
2598 64.723
2599 64.723
2600 64.723
2601 64.723
2602 64.723
2603 64.723
2604 64.723
2605 64.723
2606 64.723
2607 64.723
2608 64.723
2609 64.723
2610 64.723
2611 64.723
2612 64.723
2613 64.723
2614 64.723
2615 64.723
2616 64.723
2617 64.723
2618 64.723
2619 64.723
2620 64.723
2621 64.723
2622 64.723
2623 64.723
2624 64.723
2625 64.723
2626 64.723
2627 64.723
2628 64.723
2629 64.723
2630 64.723
2631 64.723
2632 64.723
2633 64.723
2634 64.723
2635 64.723
2636 64.723
2637 64.723
2638 64.723
2639 64.723
2640 64.723
2641 64.723
2642 64.723
2643 64.723
2644 64.723
2645 64.723
2646 64.723
2647 64.723
2648 64.723
2649 64.723
2650 64.723
2651 64.723
2652 64.723
2653 64.723
2654 64.723
2655 64.723
2656 64.723
2657 64.723
2658 64.723
2659 64.723
2660 64.723
2661 64.723
2662 64.723
2663 64.723
2664 64.723
2665 64.723
2666 64.723
2667 64.723
2668 64.723
2669 64.723
2670 64.723
2671 64.723
2672 64.723
2673 64.723
2674 64.723
2675 64.723
2676 64.723
2677 64.723
2678 64.723
2679 64.723
2680 64.723
2681 64.723
2682 64.723
2683 64.723
2684 64.723
2685 64.723
2686 64.723
2687 64.723
2688 64.723
2689 64.723
2690 64.723
2691 64.723
2692 64.723
2693 64.723
2694 64.723
2695 64.723
2696 64.723
2697 64.723
2698 64.723
2699 64.723
2700 64.723
2701 64.723
2702 64.723
2703 64.723
2704 64.723
2705 64.723
2706 64.723
2707 64.723
2708 64.723
2709 64.723
2710 64.723
2711 64.723
2712 64.723
2713 64.723
2714 64.723
2715 64.723
2716 64.723
2717 64.723
2718 64.723
2719 64.723
2720 64.723
2721 64.723
2722 64.723
2723 64.723
2724 64.723
2725 64.723
2726 64.723
2727 64.723
2728 64.723
2729 64.723
2730 64.723
2731 64.723
2732 64.723
2733 64.723
2734 64.723
2735 64.723
2736 64.723
2737 64.723
2738 64.723
2739 64.723
2740 64.723
2741 64.723
2742 64.723
2743 64.723
2744 64.723
2745 64.723
2746 64.723
2747 64.723
2748 64.723
2749 64.723
2750 64.723
2751 64.723
2752 64.723
2753 64.723
2754 64.723
2755 64.723
2756 64.723
2757 64.723
2758 64.723
2759 64.723
2760 64.723
2761 64.723
2762 64.723
2763 64.723
2764 64.723
2765 64.723
2766 64.723
2767 64.723
2768 64.723
2769 64.723
2770 64.723
2771 64.723
2772 64.723
2773 64.723
2774 64.723
2775 64.723
2776 64.723
2777 64.723
2778 64.723
2779 64.723
2780 64.723
2781 64.723
2782 64.723
2783 64.723
2784 64.723
2785 64.723
2786 64.723
2787 64.723
2788 64.723
2789 64.723
2790 64.723
2791 64.723
2792 64.723
2793 64.723
2794 64.723
2795 64.723
2796 64.723
2797 64.723
2798 64.723
2799 64.723
2800 64.723
2801 64.723
2802 64.723
2803 64.723
2804 64.723
2805 64.723
2806 64.723
2807 64.723
2808 64.723
2809 64.723
2810 64.723
2811 64.723
2812 64.723
2813 64.723
2814 64.723
2815 64.723
2816 64.723
2817 64.723
2818 64.723
2819 64.723
2820 64.723
2821 64.723
2822 64.723
2823 64.723
2824 64.723
2825 64.723
2826 64.723
2827 64.723
2828 64.723
2829 64.723
2830 64.723
2831 64.723
2832 64.723
2833 64.723
2834 64.723
2835 64.723
2836 64.723
2837 64.723
2838 64.723
2839 64.723
2840 64.723
2841 64.723
2842 64.723
2843 64.723
2844 64.723
2845 64.723
2846 64.723
2847 64.723
2848 64.723
2849 64.723
2850 64.723
2851 64.723
2852 64.723
2853 64.723
2854 64.723
2855 64.723
2856 64.723
2857 64.723
2858 64.723
2859 64.723
2860 64.723
2861 64.723
2862 64.723
2863 64.723
2864 64.723
2865 64.723
2866 64.723
2867 64.723
2868 64.723
2869 64.723
2870 64.723
2871 64.723
2872 64.723
2873 64.723
2874 64.723
2875 64.723
2876 64.723
2877 64.723
2878 64.723
2879 64.723
2880 64.723
2881 64.723
2882 64.723
2883 64.723
2884 64.723
2885 64.723
2886 64.723
2887 64.723
2888 64.723
2889 64.723
2890 64.723
2891 64.723
2892 64.723
2893 64.723
2894 64.723
2895 64.723
2896 64.723
2897 64.723
2898 64.723
2899 64.723
2900 64.723
2901 64.723
2902 64.723
2903 64.723
2904 64.723
2905 64.723
2906 64.723
2907 64.723
2908 64.723
2909 64.723
2910 64.723
2911 64.723
2912 64.723
2913 64.723
2914 64.723
2915 64.723
2916 64.723
2917 64.723
2918 64.723
2919 64.723
2920 64.723
2921 64.723
2922 64.723
2923 64.723
2924 64.723
2925 64.723
2926 64.723
2927 64.723
2928 64.723
2929 64.723
2930 64.723
2931 64.723
2932 64.723
2933 64.723
2934 64.723
2935 64.723
2936 64.723
2937 64.723
2938 64.723
2939 64.723
2940 64.723
2941 64.723
2942 64.723
2943 64.723
2944 64.723
2945 64.723
2946 64.723
2947 64.723
2948 64.723
2949 64.723
2950 64.723
2951 64.723
2952 64.723
2953 64.723
2954 64.723
2955 64.723
2956 64.723
2957 64.723
2958 64.723
2959 64.723
2960 64.723
2961 64.723
2962 64.723
2963 64.723
2964 64.723
2965 64.723
2966 64.723
2967 64.723
2968 64.723
2969 64.723
2970 64.723
2971 64.723
2972 64.723
2973 64.723
2974 64.723
2975 64.723
2976 64.723
2977 64.723
2978 64.723
2979 64.723
2980 64.723
2981 64.723
2982 64.723
2983 64.723
2984 64.723
2985 64.723
2986 64.723
2987 64.723
2988 64.723
2989 64.723
2990 64.723
2991 64.723
2992 64.723
2993 64.723
2994 64.723
2995 64.723
2996 64.723
2997 64.723
2998 64.723
2999 64.723
3000 64.723
3001 64.723
3002 64.723
3003 64.723
3004 64.723
3005 64.723
3006 64.723
3007 64.723
3008 64.723
3009 64.723
3010 64.723
3011 64.723
3012 64.723
3013 64.723
3014 64.723
3015 64.723
3016 64.723
3017 64.723
3018 64.723
3019 64.723
3020 64.723
3021 64.723
3022 64.723
3023 64.723
3024 64.723
3025 64.723
3026 64.723
3027 64.723
3028 64.723
3029 64.723
3030 64.723
3031 64.723
3032 64.723
3033 64.723
3034 64.723
3035 64.723
3036 64.723
3037 64.723
3038 64.723
3039 64.723
3040 64.723
3041 64.723
3042 64.723
3043 64.723
3044 64.723
3045 64.723
3046 64.723
3047 64.723
3048 64.723
3049 64.723
3050 64.723
3051 64.723
3052 64.723
3053 64.723
3054 64.723
3055 64.723
3056 64.723
3057 64.723
3058 64.723
3059 64.723
3060 64.723
3061 64.723
3062 64.723
3063 64.723
3064 64.723
3065 64.723
3066 64.723
3067 64.723
3068 64.723
3069 64.723
3070 64.723
3071 64.723
3072 64.723
3073 64.723
3074 64.723
3075 64.723
3076 64.723
3077 64.723
3078 64.723
3079 64.723
3080 64.723
3081 64.723
3082 64.723
3083 64.723
3084 64.723
3085 64.723
3086 64.723
3087 64.723
3088 64.723
3089 64.723
3090 64.723
3091 64.723
3092 64.723
3093 64.723
3094 64.723
3095 64.723
3096 64.723
3097 64.723
3098 64.723
3099 64.723
3100 64.723
3101 64.723
3102 64.723
3103 64.723
3104 64.723
3105 64.723
3106 64.723
3107 64.723
3108 64.723
3109 64.723
3110 64.723
3111 64.723
3112 64.723
3113 64.723
3114 64.723
3115 64.723
3116 64.723
3117 64.723
3118 64.723
3119 64.723
3120 64.723
3121 64.723
3122 64.723
3123 64.723
3124 64.723
3125 64.723
3126 64.723
3127 64.723
3128 64.723
3129 64.723
3130 64.723
3131 64.723
3132 64.723
3133 64.723
3134 64.723
3135 64.723
3136 64.723
3137 64.723
3138 64.723
3139 64.723
3140 64.723
3141 64.723
3142 64.723
3143 64.723
3144 64.723
3145 64.723
3146 64.723
3147 64.723
3148 64.723
3149 64.723
3150 64.723
3151 64.723
3152 64.723
3153 64.723
3154 64.723
3155 64.723
3156 64.723
3157 64.723
3158 64.723
3159 64.723
3160 64.723
3161 64.723
3162 64.723
3163 64.723
3164 64.723
3165 64.723
3166 64.723
3167 64.723
3168 64.723
3169 64.723
3170 64.723
3171 64.723
3172 64.723
3173 64.723
3174 64.723
3175 64.723
3176 64.723
3177 64.723
3178 64.723
3179 64.723
3180 64.723
3181 64.723
3182 64.723
3183 64.723
3184 64.723
3185 64.723
3186 64.723
3187 64.723
3188 64.723
3189 64.723
3190 64.723
3191 64.723
3192 64.723
3193 64.723
3194 64.723
3195 64.723
3196 64.723
3197 64.723
3198 64.723
3199 64.723
3200 64.723
3201 64.723
3202 64.723
3203 64.723
3204 64.723
3205 64.723
3206 64.723
3207 64.723
3208 64.723
3209 64.723
3210 64.723
3211 64.723
3212 64.723
3213 64.723
3214 64.723
3215 64.723
3216 64.723
3217 64.723
3218 64.723
3219 64.723
3220 64.723
3221 64.723
3222 64.723
3223 64.723
3224 64.723
3225 64.723
3226 64.723
3227 64.723
3228 64.723
3229 64.723
3230 64.723
3231 64.723
3232 64.723
3233 64.723
3234 64.723
3235 64.723
3236 64.723
3237 64.723
3238 64.723
3239 64.723
3240 64.723
3241 64.723
3242 64.723
3243 64.723
3244 64.723
3245 64.723
3246 64.723
3247 64.723
3248 64.723
3249 64.723
3250 64.723
3251 64.723
3252 64.723
3253 64.723
3254 64.723
3255 64.723
3256 64.723
3257 64.723
3258 64.723
3259 64.723
3260 64.723
3261 64.723
3262 64.723
3263 64.723
3264 64.723
3265 64.723
3266 64.723
3267 64.723
3268 64.723
3269 64.723
3270 64.723
3271 64.723
3272 64.723
3273 64.723
3274 64.723
3275 64.723
3276 64.723
3277 64.723
3278 64.723
3279 64.723
3280 64.723
3281 64.723
3282 64.723
3283 64.723
3284 64.723
3285 64.723
3286 64.723
3287 64.723
3288 64.723
3289 64.723
3290 64.723
3291 64.723
3292 64.723
3293 64.723
3294 64.723
3295 64.723
3296 64.723
3297 64.723
3298 64.723
3299 64.723
3300 64.723
3301 64.723
3302 64.723
3303 64.723
3304 64.723
3305 64.723
3306 64.723
3307 64.723
3308 64.723
3309 64.723
3310 64.723
3311 64.723
3312 64.723
3313 64.723
3314 64.723
3315 64.723
3316 64.723
3317 64.723
3318 64.723
3319 64.723
3320 64.723
3321 64.723
3322 64.723
3323 64.723
3324 64.723
3325 64.723
3326 64.723
3327 64.723
3328 64.723
3329 64.723
3330 64.723
3331 64.723
3332 64.723
3333 64.723
3334 64.723
3335 64.723
3336 64.723
3337 64.723
3338 64.723
3339 64.723
3340 64.723
3341 64.723
3342 64.723
3343 64.723
3344 64.723
3345 64.723
3346 64.723
3347 64.723
3348 64.723
3349 64.723
3350 64.723
3351 64.723
3352 64.723
3353 64.723
3354 64.723
3355 64.723
3356 64.723
3357 64.723
3358 64.723
3359 64.723
3360 64.723
3361 64.723
3362 64.723
3363 64.723
3364 64.723
3365 64.723
3366 64.723
3367 64.723
3368 64.723
3369 64.723
3370 64.723
3371 64.723
3372 64.723
3373 64.723
3374 64.723
3375 64.723
3376 64.723
3377 64.723
3378 64.723
3379 64.723
3380 64.723
3381 64.723
3382 64.723
3383 64.723
3384 64.723
3385 64.723
3386 64.723
3387 64.723
3388 64.723
3389 64.723
3390 64.723
3391 64.723
3392 64.723
3393 64.723
3394 64.723
3395 64.723
3396 64.723
3397 64.723
3398 64.723
3399 64.723
3400 64.723
3401 64.723
3402 64.723
3403 64.723
3404 64.723
3405 64.723
3406 64.723
3407 64.723
3408 64.723
3409 64.723
3410 64.723
3411 64.723
3412 64.723
3413 64.723
3414 64.723
3415 64.723
3416 64.723
3417 64.723
3418 64.723
3419 64.723
3420 64.723
3421 64.723
3422 64.723
3423 64.723
3424 64.723
3425 64.723
3426 64.723
3427 64.723
3428 64.723
3429 64.723
3430 64.723
3431 64.723
3432 64.723
3433 64.723
3434 64.723
3435 64.723
3436 64.723
3437 64.723
3438 64.723
3439 64.723
3440 64.723
3441 64.723
3442 64.723
3443 64.723
3444 64.723
3445 64.723
3446 64.723
3447 64.723
3448 64.723
3449 64.723
3450 64.723
3451 64.723
3452 64.723
3453 64.723
3454 64.723
3455 64.723
3456 64.723
3457 64.723
3458 64.723
3459 64.723
3460 64.723
3461 64.723
3462 64.723
3463 64.723
3464 64.723
3465 64.723
3466 64.723
3467 64.723
3468 64.723
3469 64.723
3470 64.723
3471 64.723
3472 64.723
3473 64.723
3474 64.723
3475 64.723
3476 64.723
3477 64.723
3478 64.723
3479 64.723
3480 64.723
3481 64.723
3482 64.723
3483 64.723
3484 64.723
3485 64.723
3486 64.723
3487 64.723
3488 64.723
3489 64.723
3490 64.723
3491 64.723
3492 64.723
3493 64.723
3494 64.723
3495 64.723
3496 64.723
3497 64.723
3498 64.723
3499 64.723
3500 64.723
