1.13028
0.941009
0.896787
0.941627
0.994617
0.966177
0.816852
1.07629
1.18292
1.08402
0.917986
1.06369
1.13805
1.00423
1.01477
1.20657
0.970325
0.938366
1.13355
0.926937
1.01878
1.02962
1.05397
0.95719
0.972393
0.996151
0.98006
1.00822
0.937295
1.14815
0.951427
0.970408
1.11863
0.876485
1.00649
1.15686
1.06245
1.01008
1.0487
1.07492
0.870187
0.956394
0.896799
0.934159
0.87487
0.929341
1.18653
1.09264
1.06464
0.997388
0.899361
1.02203
1.1498
0.969671
0.766116
1.16995
0.96689
0.902364
1.06495
0.797966
0.953998
0.967619
0.879446
0.75279
0.868655
0.870076
1.14156
0.899094
0.950113
1.25329
0.995574
0.910915
1.11451
1.06644
1.10051
0.945751
1.08164
1.20263
0.79686
0.96523
0.911125
1.03384
0.907019
1.13759
1.08175
0.8628
0.933697
0.929851
1.07898
0.810429
0.915792
0.997149
1.14328
1.0836
0.885233
0.956691
0.909546
1.07779
1.17508
0.986162
1.08342
1.09522
1.0783
1.04985
1.26008
1.14246
0.839874
0.912487
0.850942
0.971946
1.24904
1.28164
1.06003
1.08124
0.995854
1.01924
0.836911
1.05489
1.18452
0.909894
0.95095
1.06768
1.01004
0.995715
0.955414
1.05057
1.04203
1.05563
0.90543
0.974576
1.14909
0.929919
0.894153
1.04059
1.18233
1.06074
0.878959
1.11005
0.854835
0.925081
0.89906
1.07585
1.00589
1.10641
1.07124
0.810001
1.04975
1.08574
1.05664
1.05042
1.05104
1.0894
0.837181
0.859063
0.89933
0.989622
0.98755
1.1086
0.897406
0.984421
1.09187
0.908582
0.928184
1.08511
0.959755
1.01826
0.837108
0.973623
0.951037
1.14786
0.860256
1.02927
1.04492
1.12605
1.00201
1.02724
0.886316
0.993276
0.857348
1.08435
0.841034
1.1537
1.06818
1.03393
1.0812
1.09178
1.20016
0.90547
0.811691
0.925122
1.09176
0.961261
0.958501
1.1743
0.933702
0.958739
0.972431
0.998163
0.924225
0.915351
0.918468
0.932038
0.921856
0.970315
0.807652
0.981142
0.89749
1.20861
0.990055
0.977276
1.03696
1.17845
0.835846
1.02843
0.987256
0.75311
0.875971
1.13112
0.994144
0.961437
0.922429
0.925601
1.01129
0.883076
1.07686
1.30477
1.02674
1.04692
0.962348
0.950244
0.874105
1.02161
1.05862
0.957916
0.974044
1.02351
0.882023
0.936847
0.983183
1.07072
1.09997
1.07556
1.13382
0.905593
1.01537
1.01314
0.908455
1.00276
0.917571
0.849291
1.00688
1.00755
0.920243
0.945335
1.03618
1.12072
0.981853
0.924848
1.07655
0.809645
0.944658
1.00993
0.977815
0.991308
0.9312
1.00157
0.908249
1.01686
1.1819
0.967785
1.07975
1.0182
0.948421
1.03357
1.12942
0.998637
1.03977
0.962171
1.05995
0.916245
1.0122
1.15696
1.07484
0.920176
1.00698
0.968324
1.00503
1.00824
0.922759
0.925141
0.998116
1.02161
0.972962
1.21665
1.0059
0.958084
0.992352
0.933704
1.13938
1.02978
1.00667
1.16567
1.05109
1.06103
1.05253
0.933045
1.15067
1.10938
1.06661
0.952135
1.13647
0.951554
1.0123
1.02483
1.02874
1.11932
0.979695
1.15024
1.03042
0.877962
0.999863
0.976831
0.792221
0.956291
1.00551
1.04472
0.92648
1.26963
0.909989
0.888406
0.772423
0.976134
0.973122
1.05126
1.08276
0.961767
1.0313
0.960842
0.915005
0.822733
0.853487
0.886867
1.12378
1.17264
1.09928
1.03369
0.931237
1.03891
0.976155
0.978052
1.01879
1.16024
0.926932
0.904931
0.867374
0.888658
0.943357
0.952586
0.897169
1.03271
1.11286
0.933663
1.01778
0.930473
0.968868
1.10361
0.906927
0.941282
0.961564
1.08549
1.0736
1.17316
0.923827
0.972273
0.932232
0.937038
1.04164
0.959749
0.980283
0.853258
1.04025
1.00291
1.10582
0.96317
0.914475
1.12551
0.981714
1.15994
1.10538
0.916779
1.00453
1.11151
1.10194
1.04024
1.08303
1.14088
1.07341
1.0242
1.20392
1.01779
0.952187
0.936782
0.888808
1.03493
0.97616
0.889909
0.925135
0.968154
0.941431
1.17107
0.914819
1.08932
1.0905
0.794859
0.915725
1.03622
0.996432
0.98963
1.06111
1.00155
1.04328
1.17869
1.06707
0.925461
1.07597
0.923924
1.01224
0.77336
0.803269
1.0588
1.17003
0.985507
1.0508
0.899583
0.731809
0.856984
1.098
0.961496
1.07337
0.843225
1.0209
0.905564
1.05785
1.06123
0.870376
1.17158
0.958564
0.99509
1.126
0.884057
0.913546
1.15588
1.12658
0.936385
0.937761
0.932613
0.980578
1.00263
1.02056
0.98669
0.890766
1.02515
1.1591
1.01984
0.889359
1.22675
0.849113
1.05338
0.899671
0.85202
1.03947
1.1301
0.896632
1.13191
1.0036
1.06668
1.31832
0.957356
0.897457
0.955632
1.09563
1.05125
0.996088
0.992357
1.01796
0.881404
1.02343
1.00408
1.14389
1.08763
0.909236
1.01541
1.04025
1.2397
1.084
0.86995
0.905146
1.10562
1.06782
0.863796
1.00603
1.07905
0.950996
0.943672
1.09487
1.04916
1.13128
0.962034
0.919432
0.994524
0.993319
0.884831
1.04436
1.10775
0.891653
1.17889
1.07085
0.951321
1.02018
1.00224
0.962904
1.09628
0.854302
1.02809
0.97193
0.956487
1.0384
1.12733
0.900941
1.03596
0.953185
0.910841
0.989096
1.11352
1.04302
0.959786
1.01556
0.973029
1.10522
1.0269
1.03249
1.096
0.932515
0.957939
0.903112
1.06374
0.853791
1.01138
0.98377
0.999626
0.820474
0.937747
0.946166
0.999648
0.875314
1.01947
0.974117
1.14821
1.22989
0.880049
0.99834
1.023
1.08746
1.14312
1.04846
1.20975
0.923059
1.12098
0.812254
1.06584
1.09591
1.21619
0.903677
1.20374
1.06012
1.04083
0.968041
0.958799
0.87425
0.934285
1.10451
0.907556
0.91147
0.975757
1.00359
0.926214
1.17835
0.9509
1.04252
1.04908
0.972272
1.28124
0.783463
0.995911
0.961821
0.959431
1.02772
0.89994
1.01682
0.856895
1.01087
0.914037
1.12811
0.915738
1.26555
0.830289
1.11132
0.993326
1.04803
1.23339
1.05717
1.07118
1.0888
0.925886
0.913184
0.989457
1.05882
0.991461
0.986064
0.970535
0.957494
1.10638
1.03124
1.13587
0.992724
1.08196
1.0036
0.923334
0.972745
0.860903
1.08955
1.22593
1.3064
0.840992
0.992475
0.942006
0.959823
1.03246
0.859845
0.901656
0.884927
1.14832
0.970485
1.10645
1.1
0.914886
1.10843
1.02695
1.01102
0.966564
0.941978
0.993761
1.02295
1.0439
0.862678
0.882896
1.13953
1.11661
0.885853
1.029
0.994866
1.01764
1.01358
1.07831
1.09012
1.10543
0.951801
1.08052
1.10126
1.13679
1.12447
1.00802
0.98644
0.953081
1.08926
0.928246
0.890916
1.05338
0.981571
1.00817
0.97973
0.952118
0.955732
1.0367
0.855493
1.13238
0.928127
0.949022
1.04232
0.942628
0.963579
0.969665
1.02895
1.03165
0.983538
1.0102
1.13528
1.03395
1.20154
0.887383
0.978015
0.890994
1.02268
0.984131
1.01847
0.893981
0.972543
0.964456
0.984894
0.989417
0.929489
0.983322
1.06766
0.855693
1.03589
1.02051
1.01524
1.0441
1.1143
1.00207
1.04134
1.14074
1.19171
0.963983
0.812985
1.05785
0.939317
1.0793
1.0224
1.07771
0.93621
0.959979
1.10889
0.943857
1.04839
0.996605
0.991192
1.15465
1.12163
0.90407
0.873407
1.03309
0.829626
1.00254
0.966061
0.908582
1.03468
0.907112
1.03127
1.22988
1.01759
0.921264
1.08186
0.936406
1.10417
0.895912
1.01752
0.939953
0.834055
0.92754
0.972308
0.954442
1.10879
1.0552
1.13651
1.07948
1.10315
1.04501
1.17825
1.08938
0.96462
1.09368
0.990933
1.08883
1.12824
0.980302
0.972253
1.00849
1.05161
1.01395
0.937238
1.05067
1.17886
1.02488
1.03966
1.1937
1.0556
0.954322
0.866327
0.827433
0.961119
1.19602
1.01508
0.808017
0.99773
0.998845
1.21273
0.88798
1.06985
0.831105
0.951047
0.999072
1.15602
0.997363
1.21379
0.93426
1.05779
0.953646
1.04585
0.943013
0.758242
0.942587
0.830106
1.09813
1.10488
0.851155
0.942799
0.95413
1.1315
1.07502
0.908156
0.894941
0.945771
1.04173
0.997078
1.00932
1.00264
1.06488
1.02638
1.04115
0.91721
0.877095
0.948152
0.78729
1.10636
0.872834
0.976745
1.17049
1.01621
0.983661
0.901127
0.841168
1.29266
1.04926
0.945552
0.965191
0.822165
0.981033
0.927659
0.961075
0.836949
1.03645
1.22387
1.00555
1.06118
0.968435
0.952477
0.977924
1.05129
0.914799
1.05232
0.937719
1.1095
1.01384
1.22201
0.975856
1.05439
0.985383
0.959405
0.991338
1.06507
1.13938
1.1476
0.866962
1.0506
0.981439
1.2168
1.06761
1.11194
0.99245
0.795654
1.00677
1.1033
0.935835
1.18088
0.935309
1.09283
0.908836
1.07638
1.07792
0.958716
0.993249
0.884963
0.86532
0.853499
1.09689
0.86651
1.07241
0.94933
1.11119
0.913561
1.22962
1.01236
0.885435
1.01974
0.810609
0.853928
0.852266
0.912122
1.12107
1.15553
0.962932
0.882208
0.961777
0.898056
1.05953
1.05521
0.974739
1.07213
0.985497
1.06434
1.01903
0.978177
0.982618
1.08325
0.795244
1.0567
0.905569
1.05171
1.06797
0.946024
1.0656
1.16027
0.920579
1.18488
1.03824
0.955783
1.07111
1.03285
0.886438
1.01211
0.960767
0.951166
0.947255
0.903364
1.1076
1.12847
1.10838
0.909808
0.85402
1.19213
0.870164
1.06555
0.746502
0.973448
0.992402
0.91053
0.974596
1.05904
0.915339
1.11651
1.02393
1.05922
0.980653
0.886373
1.1102
0.877126
1.1107
1.02527
0.938151
1.08626
1.0232
0.936845
0.967196
0.994562
1.02782
0.967706
0.904753
1.12336
0.800216
0.900476
0.969344
0.92222
0.958652
0.954209
1.01584
0.924197
0.988141
0.913391
1.12335
1.02682
0.897725
1.04427
0.931301
1.01397
0.83802
0.814529
0.877274
0.896362
1.06488
1.08045
0.883084
1.05068
0.891418
1.0275
1.06012
1.04826
0.956829
1.0694
1.16888
0.945216
0.849896
0.940587
0.961651
0.96407
1.13265
0.950097
1.08368
1.19536
1.20153
0.905685
1.0068
1.12933
0.960777
0.983087
1.10503
1.0412
1.02798
0.836791
0.868567
0.958501
0.882147
0.92178
1.04897
0.937207
1.09252
1.14929
0.853365
0.954356
0.989631
0.869427
0.935871
1.02567
0.971123
1.09058
0.83249
1.18055
1.10874
0.88385
0.962821
0.939824
1.06383
1.17958
0.963116
0.810334
0.909043
1.06089
0.948124
1.15581
1.04646
1.0655
0.819112
0.882661
0.951094
1.02621
0.903114
1.05782
1.0842
0.772987
1.00973
1.17763
1.23885
0.968216
1.05928
1.10449
0.91566
1.07971
1.1486
0.947897
1.06642
0.966697
1.22076
1.02012
1.04288
0.984859
0.973336
1.08746
1.03233
0.886385
0.9042
0.884769
1.01098
1.02831
0.953136
1.34747
0.996571
1.22355
1.09756
1.00629
1.08137
0.931448
1.03178
1.01657
1.09508
0.960201
0.966345
0.865547
1.19805
0.895814
0.997469
1.14612
0.973698
0.956673
1.0171
1.03139
1.01841
0.908711
1.03359
1.19311
1.10838
0.930799
1.06475
0.99272
0.881016
0.852026
1.12778
0.882202
0.919582
0.985684
0.979082
1.00736
1.08971
1.03739
0.873574
1.07306
0.801979
1.06235
0.940516
1.33073
1.03892
1.10935
0.846284
1.27601
0.931408
1.07307
0.93914
0.970519
0.893043
1.18909
0.891997
1.22814
0.981702
1.07197
1.05463
0.90736
1.07091
1.1636
1.0105
0.966992
1.12015
0.953915
1.02412
1.00034
1.04628
0.992336
0.999823
1.0832
0.844775
0.945497
1.04488
1.26989
1.2087
1.03518
1.05627
1.00631
0.806364
1.01163
0.916172
0.99571
1.04855
0.965695
0.981475
1.13387
1.19153
0.906171
0.8599
0.985949
0.81154
1.01154
0.916284
0.943121
0.974038
0.96215
0.938437
1.16362
1.00534
0.998577
1.0369
0.936273
1.06712
1.19482
1.03935
0.921467
0.863741
1.02167
0.904431
1.09892
1.03725
1.13575
1.07955
0.948822
0.888309
1.07418
1.0634
0.944038
0.793508
1.08519
1.15308
0.807342
1.22453
0.972538
0.913361
0.91755
0.903381
1.03693
1.19549
1.26798
0.975209
1.09639
1.01186
0.953159
0.916772
0.913568
1.03827
0.932918
1.09853
0.896956
1.00633
1.11398
1.11174
1.13546
0.760523
1.07457
0.953809
1.04399
0.907885
1.01263
1.04377
0.882372
1.13392
0.963042
0.871458
0.938739
1.1324
1.03731
0.810096
1.12166
0.951735
0.906768
0.710886
1.06493
1.01464
0.974419
1.07535
0.950746
0.885753
1.11097
0.926737
0.87645
0.780179
1.01363
0.977465
1.03152
0.906471
1.04523
0.839479
0.996408
0.854182
1.02131
0.957535
1.00799
0.845331
1.04519
0.956468
1.06352
1.05155
0.992752
0.877828
1.23271
1.1036
1.00464
0.962563
0.98865
1.04156
1.07348
1.07722
0.899445
1.03274
0.921184
1.04962
0.826659
1.30207
0.972847
1.11016
1.09607
1.01417
1.11462
1.01828
1.11874
0.932593
1.00994
1.13281
0.967317
0.844202
0.990785
1.05822
0.856153
0.928987
1.08991
1.05813
0.89481
1.03761
1.07776
0.987043
0.989759
1.08274
1.08595
1.00154
1.02144
0.953633
1.19394
1.12668
1.03133
1.02002
0.848563
1.04006
1.21085
0.981663
1.14125
0.857143
1.25891
1.15658
1.02018
0.91251
0.975389
1.15521
0.94817
0.987976
1.19727
0.920457
1.00953
1.03425
0.944943
0.775204
0.952202
0.933571
0.896775
1.07747
1.0751
1.05085
1.35264
1.04827
1.0157
1.16751
1.03716
0.993646
1.06135
0.947647
1.16762
0.979538
1.01429
1.03474
1.05178
1.00856
1.11634
1.389
0.969096
1.06625
0.873615
1.07252
1.0001
1.07518
0.994364
1.02626
0.914676
1.17862
0.98887
1.00882
0.951173
0.817079
1.06797
1.07456
0.932056
1.03146
0.933198
0.95669
0.989466
1.02275
1.05179
0.927465
0.71713
0.978041
1.13086
0.85576
1.01595
0.954227
1.03392
1.17039
0.954593
0.835318
0.877384
0.985474
1.07108
1.05297
0.933462
0.850715
1.19842
1.07877
1.04959
1.09594
1.08816
1.03546
0.977105
1.15476
1.00386
1.15397
1.0355
1.19359
0.965324
1.14477
0.865738
1.09157
1.01052
1.12178
0.958689
1.10449
1.17859
1.14802
0.93358
0.900439
1.0236
1.13414
0.988701
1.09881
1.09449
1.05829
1.10669
1.11385
0.932898
0.925154
1.00471
1.18317
0.920414
1.09043
1.00021
1.14022
0.923261
1.20007
0.96191
1.18786
1.14261
0.989988
0.898714
1.02114
0.903779
1.02068
0.943315
0.979818
0.976411
0.990088
1.03063
0.864027
1.00295
0.999373
1.10238
1.19982
0.975662
1.06872
1.16769
1.03708
0.958018
0.987484
1.14807
1.08982
0.945255
0.827364
1.07157
1.13949
0.992471
0.945258
0.958711
0.994668
0.825567
0.930274
1.11604
1.04323
0.909416
1.02488
0.917929
0.929963
0.886127
0.942805
1.02706
0.717666
1.04483
1.26303
0.86303
0.942098
0.943122
0.935789
0.954674
0.967775
1.13147
1.06669
0.935033
0.816873
1.15142
0.762287
0.991639
0.941292
1.00657
0.944101
0.902277
1.04159
0.920261
0.928368
1.19363
1.04369
0.913622
0.920833
1.22094
0.885046
0.955274
1.13882
1.15185
1.14776
0.962384
0.880235
0.978206
0.924363
1.03931
1.2703
0.968948
1.15969
0.926323
0.947719
0.983012
1.00786
1.14211
0.992996
1.03544
1.0211
1.12389
0.849188
0.808398
0.892453
1.07294
1.27636
1.16975
1.16079
1.28928
0.943138
1.05865
0.90342
0.902386
0.996068
1.1391
0.932233
1.04985
1.048
1.09038
1.16148
0.847233
1.07295
1.10652
0.700315
0.923592
1.02055
1.063
1.11474
1.06407
0.907154
0.873783
0.998907
0.952593
0.892555
0.849526
1.19887
1.05037
1.03045
1.03715
0.976615
0.979095
1.03694
0.982467
1.14377
1.07145
1.13862
0.962096
0.949431
0.981292
1.0201
1.00758
1.0272
0.851628
1.04215
0.961352
0.985853
1.04806
1.1044
1.06402
1.15168
0.905125
0.925491
1.12449
1.12612
0.965386
0.922493
0.98766
1.08428
0.965216
0.968339
1.00132
0.989319
0.994407
1.02081
1.03303
0.985228
0.874654
0.89805
1.09927
0.882438
1.11772
1.02454
0.841264
1.0386
1.1506
1.09179
0.885929
1.06688
1.03173
1.18738
0.944888
1.18429
1.13322
1.01627
1.00836
1.17915
1.05592
1.03779
0.945575
0.912342
1.08587
0.937032
0.935454
0.970965
0.883268
1.02687
1.01564
1.1343
0.968999
1.1559
1.0177
0.997017
0.920996
1.34681
0.943855
1.02823
1.03035
1.1243
1.0759
0.909616
1.00583
0.878623
1.12507
0.859786
0.873888
0.887392
0.987376
0.866847
0.872005
0.958927
0.943978
0.849432
1.082
1.04962
1.191
1.0368
1.14687
0.795544
0.96594
0.935397
0.906975
1.27464
1.04501
1.01683
0.886306
0.931673
1.16698
1.09603
0.934647
0.899448
0.938307
0.94382
1.00109
1.2075
0.772621
0.90348
1.05206
0.850307
0.916916
1.1099
1.0332
0.928221
0.860046
0.890931
1.10666
0.948769
0.944949
1.04553
0.970145
0.877063
1.1866
0.937308
0.845079
1.03262
1.2699
1.0951
0.901741
0.851894
0.904204
1.11551
1.01497
1.0951
0.937222
0.863237
0.937169
1.12225
1.09096
0.997752
1.09428
1.16091
1.11023
1.03856
0.948616
0.975309
0.922453
0.952343
0.997444
1.13996
0.980826
1.04526
1.01684
1.07706
0.966592
1.0452
0.969919
1.0118
0.984983
0.903184
1.03492
0.822084
1.0342
1.06804
1.03217
0.967489
0.982256
0.929149
1.06528
0.949175
1.00372
0.913545
1.10648
1.08401
0.930606
0.905811
1.15036
1.20231
0.820452
0.876311
1.05028
1.12492
1.10419
0.904957
0.852748
0.904851
0.975596
1.01068
0.904708
1.05147
1.03631
0.995233
0.964446
0.873647
0.86846
1.08352
0.937846
1.05493
1.09147
1.05011
0.983912
1.07358
1.07702
1.03098
1.13948
0.865567
1.01569
1.01487
1.03455
1.16416
1.00459
0.789572
0.970423
0.910369
0.883299
0.81596
1.00613
0.984473
0.954959
0.912785
1.04525
1.05597
1.22654
1.06709
0.926355
1.01653
1.06188
1.10862
0.983149
1.10788
1.01793
1.22405
0.957792
1.02176
0.89561
0.853467
1.12292
0.849682
0.846305
0.947402
0.955219
0.976501
0.774325
0.934002
0.920256
0.837761
1.03641
1.01524
0.818412
0.873844
1.21648
0.958253
0.946273
0.992757
0.971949
0.981239
0.818753
0.929862
1.00093
1.11968
1.13528
1.02606
0.962734
0.899207
0.827147
0.980262
1.02372
0.824317
1.02834
1.17936
1.05697
0.695262
0.931853
1.06618
0.930057
0.966009
0.959218
0.914398
1.0339
0.951811
1.01247
1.05514
1.08045
1.05497
1.02143
1.1516
0.973702
1.02409
1.00698
1.11428
0.976044
0.845436
0.913087
1.1136
1.04052
0.835651
1.03357
0.985026
0.966677
1.14288
1.05766
0.977709
0.979292
0.898561
0.847996
1.11631
1.04924
0.962012
1.03146
0.97614
1.0281
0.953665
0.914747
0.976271
0.984909
0.818096
1.11051
0.938199
1.15246
0.804501
0.826478
1.06281
1.00798
0.908859
1.06558
0.973219
0.985474
0.764472
0.874746
1.13278
1.04061
0.934844
1.05913
0.983157
0.996653
0.963509
0.991902
0.884791
1.02692
1.0281
0.899869
0.96858
1.12297
1.01624
0.780118
1.05194
0.864255
1.00962
0.803491
0.913133
1.04667
0.978469
0.966279
1.03387
1.10632
0.973966
1.13316
0.942594
0.967105
0.97767
1.07227
0.883544
1.16656
1.01793
0.93602
1.09701
1.05531
1.08004
0.874425
1.18455
0.935241
1.07259
0.89413
1.02209
0.99598
0.915773
0.801392
1.04404
0.972709
0.927261
1.02444
1.00397
1.07729
0.942308
0.977626
0.986262
0.801454
0.966249
1.02471
1.07544
1.10476
0.934389
1.10907
0.920227
1.01634
0.900972
1.04593
1.0527
1.04649
1.21979
0.888342
0.818552
1.07495
1.22603
1.01571
0.908219
0.772462
0.891459
0.985548
1.2132
0.922341
0.926728
1.02054
0.957817
0.964055
0.996305
0.871706
0.917535
1.04095
1.00742
0.827017
1.03594
0.947232
1.18084
0.864012
0.983966
1.21664
1.02213
0.924727
1.0122
0.87456
1.06238
0.766338
1.02881
1.27366
0.942177
1.32134
0.843383
1.13924
0.855124
1.0028
1.02929
1.07145
0.802118
0.923436
0.966478
1.06067
0.972151
1.05674
0.957584
0.901618
0.896312
1.04816
1.14381
1.14614
0.896137
0.982997
0.892449
1.1029
1.03856
1.05191
0.980868
1.00093
0.971581
0.997672
1.06916
0.790616
0.952414
0.933765
1.18662
1.03727
0.923728
1.14319
0.846765
1.09366
0.894658
1.13866
0.945026
1.03034
0.837897
0.989408
1.07359
0.9064
0.815966
0.996497
1.06789
0.887968
0.945332
1.07522
1.00557
0.811833
1.22789
0.984436
1.09765
1.02488
0.86162
1.17244
1.01782
1.08255
1.05438
0.920604
0.745653
1.02649
1.10108
1.10511
1.06531
0.958246
1.0142
0.898519
1.03665
0.777623
0.960461
1.0726
1.03438
0.990053
0.932051
1.03179
1.11882
1.26422
0.921122
0.872836
0.981287
0.903674
1.02298
1.17886
0.91082
1.13917
1.10761
0.859428
0.805472
0.874651
0.993752
1.04568
1.08032
0.847998
0.944965
1.06103
1.02801
0.940236
1.05783
0.900281
0.962447
0.930244
0.907213
0.78453
1.09366
1.04914
0.905189
1.09698
1.07664
1.14412
1.06288
0.835122
0.953079
1.00721
0.914329
1.04649
1.03378
0.881162
0.881487
0.860066
0.989179
1.04318
1.07918
0.928555
0.901766
1.11406
1.10536
1.04442
1.34562
1.02996
1.05636
0.950575
0.969059
0.872067
0.934688
1.16896
1.07252
1.06978
1.1018
1.16051
0.905361
0.999178
0.781211
0.888456
0.97033
0.861916
0.941389
1.02007
1.09196
1.03749
0.865436
0.881521
0.886231
0.9511
0.8181
1.04508
0.940165
0.970978
0.920724
1.05232
1.03614
1.03879
0.903456
1.02917
1.07986
0.97267
0.918384
1.00859
1.08831
0.944263
1.09264
1.04336
0.988043
1.09408
1.08253
1.14348
1.14468
0.910839
0.964954
1.05321
0.984759
1.07574
1.01042
1.11441
1.09349
1.04522
0.873938
1.13824
0.935099
1.03882
1.0564
1.08067
0.86531
0.96464
1.08126
1.05316
1.03168
0.895973
0.96683
0.945992
0.877415
0.947579
1.05627
1.03741
1.05592
0.672127
1.1937
1.08545
1.09109
1.10374
1.08733
1.06945
0.919603
0.850781
0.982462
0.908399
1.15515
1.19601
1.00303
0.980715
1.00382
1.15941
1.00308
0.968852
1.16922
0.933556
1.08128
0.915169
0.968846
1.06339
1.00537
1.00825
1.03185
1.124
1.01734
1.05483
1.01038
0.972818
1.08737
0.908494
1.13237
1.06535
0.963466
1.03954
0.960476
0.997729
1.01875
1.06034
1.00358
0.939281
1.02664
1.03414
0.93153
1.15798
0.875914
0.838307
0.988424
0.91569
1.06754
1.06806
1.04591
0.881633
0.92802
1.03688
1.0499
1.15159
0.870311
1.0144
0.964587
0.930049
0.939979
0.986547
1.15507
0.916366
0.93269
1.06664
1.03615
1.00352
0.927001
1.02434
1.04807
1.00326
0.979829
1.12035
1.02679
1.06062
1.22954
0.872505
0.949015
0.965049
1.01912
0.821789
1.06961
0.969009
0.947329
1.08272
0.975569
0.918756
1.01046
1.0935
0.857077
0.892723
1.17245
0.98672
1.01708
0.973374
1.07053
1.06622
0.955209
1.01682
1.15335
0.95166
0.992868
0.974651
0.928341
1.02034
1.03757
0.885445
1.04113
1.09896
0.884883
0.965547
1.00042
1.01192
1.05266
0.891046
0.786968
1.07074
0.972821
0.860901
0.939781
0.944012
1.12277
1.00678
1.076
0.991803
1.21265
0.969062
1.01218
1.01871
1.24121
1.20726
1.01625
0.999066
0.949528
1.18011
1.12867
0.822933
0.906261
1.06518
0.972214
0.990709
0.99716
1.15352
1.18569
1.03904
1.06198
1.05413
1.00675
1.25453
1.17158
1.13923
1.1273
0.990987
1.1389
0.910954
0.967019
0.914118
1.03306
0.989674
1.12627
1.0295
0.934184
1.02778
1.05176
1.02905
1.07128
0.988195
1.07831
1.04976
0.833302
0.992716
0.938616
1.01795
0.935189
0.936438
0.961098
1.1538
0.941108
1.06725
0.874377
1.02254
0.941565
1.06965
0.83104
1.03469
1.0392
0.909162
0.834744
1.08946
1.18434
1.02415
0.879737
1.01414
0.945276
1.09022
0.933535
1.01051
1.023
1.00276
0.81812
0.900239
0.935904
0.957254
1.20861
0.895693
1.19383
0.872418
1.08694
1.23582
0.896801
0.998743
1.07365
1.1223
1.00098
1.11413
1.02814
0.840143
1.10882
1.03165
1.02982
1.06456
1.10058
1.06574
1.05308
0.96713
1.01546
1.02183
1.00037
0.990395
0.933072
1.01451
0.902189
0.836728
1.01936
0.970011
0.820982
0.988941
0.999192
0.970694
1.03955
0.957184
0.977408
0.895528
0.957757
1.03443
1.16641
1.03593
1.02994
0.901512
1.03204
0.949987
0.939333
0.962149
0.897969
1.19242
0.954593
0.96265
1.33322
1.11473
1.1951
1.12988
1.11121
1.02017
1.08381
0.974139
1.08966
0.820945
1.01563
0.939133
1.09104
1.00698
1.10663
1.08466
1.08568
1.12187
0.93465
1.15983
1.0083
1.07029
0.987643
0.822089
0.780144
1.12653
1.13702
1.07701
0.99248
1.09329
0.968212
0.957795
0.831307
0.871152
1.00895
0.834339
1.18019
1.10667
1.05898
0.944466
1.17598
0.980026
1.21706
0.919797
1.14844
0.928055
1.00551
1.34013
0.926926
1.18766
0.942994
1.00298
0.99572
0.974407
0.987923
1.0121
1.0287
0.949596
1.11037
1.09131
0.813674
0.987222
0.794676
0.8332
0.934926
0.973134
1.05904
1.03605
0.939996
0.808511
1.01179
0.852703
0.916377
1.09385
0.872512
1.03862
1.0107
1.01609
1.03694
0.968564
1.011
1.00797
0.895349
0.93312
1.04201
1.11359
1.03183
0.929036
1.00137
1.15298
1.10143
0.967412
1.07702
0.965074
1.18229
0.939499
0.988915
1.00385
1.07938
1.15151
1.13956
0.999483
1.03798
0.895814
0.894652
1.1579
1.13626
0.933551
1.07223
1.20741
0.993172
1.00698
0.89036
1.002
1.08475
0.989864
1.02175
1.1166
1.09442
0.949381
0.901566
0.960406
0.979089
1.01338
0.883487
1.03198
0.986316
0.973475
1.03189
0.934867
0.896406
1.00518
0.869794
1.16406
1.05973
1.13151
0.91824
0.973969
1.07284
1.21716
0.931552
0.889055
1.11349
1.1598
1.04198
1.02176
0.876202
0.89053
0.961041
0.984422
0.982925
1.29089
0.958103
0.886911
0.942882
0.855361
1.00407
0.954124
1.01968
0.962341
0.864427
1.02269
0.812719
1.1908
1.06684
0.875164
1.12714
0.899581
0.909121
0.889343
0.886867
0.965924
0.863535
1.01978
0.974285
0.884441
0.923718
0.915414
1.16625
1.16613
0.893373
0.869335
0.973453
0.947211
1.05375
0.981857
0.976886
0.926885
1.01965
0.879935
1.12966
1.05401
0.879653
1.10621
1.04501
1.08022
0.995445
1.0897
0.972241
0.998058
0.993855
0.863309
1.00907
1.04699
1.05312
1.18738
1.08454
0.871477
1.15911
0.840852
0.900762
1.11856
1.04393
0.901451
1.05788
1.0958
1.0379
1.05963
0.983007
1.02105
1.03756
0.937986
1.09996
1.04209
1.03392
1.12381
1.24635
0.846762
1.14756
0.861791
0.805699
1.17679
0.81495
1.05122
0.908259
1.01692
0.956917
1.11721
0.940409
0.899608
0.99624
0.92098
0.90429
0.918086
0.989066
1.10298
1.00509
1.09233
0.913939
0.98175
1.0253
1.03406
1.01969
0.847626
1.19737
0.815479
1.05671
0.982884
1.02308
1.13014
1.00706
1.09093
0.93913
0.695943
0.943734
0.923431
1.00008
1.11814
1.00988
1.01638
1.24862
0.980876
0.889215
0.916329
1.16881
1.00456
0.998373
1.03874
1.09272
0.989482
0.98879
0.960808
1.18253
0.913208
0.967681
0.861337
0.870324
1.06045
1.09567
0.930141
0.93659
1.1662
1.06566
0.945053
0.995491
0.788609
1.07111
1.14658
1.09908
0.987046
0.904305
1.13938
0.984141
1.01422
1.15707
1.11029
1.13599
1.15339
0.850696
1.13266
0.993898
0.823366
1.0748
1.11937
0.954074
0.784899
1.05518
1.07501
1.00171
1.02336
0.868026
0.959432
1.11279
0.996306
0.929972
0.917025
1.01427
1.0301
0.876993
0.923729
0.85249
1.06083
1.12939
0.958522
1.19352
0.969877
1.00076
0.846479
1.08978
0.925311
0.80008
1.14365
0.906743
0.925164
0.994713
1.15765
0.837852
0.950078
1.00678
1.01243
1.01859
0.936106
1.14657
1.02098
0.953483
0.954163
1.01589
1.1534
0.950935
0.95477
1.12127
1.23103
0.835494
1.04021
0.974083
1.08608
0.930684
0.949534
0.923897
0.996289
1.06577
1.1063
0.971884
1.05521
0.960619
0.941465
1.01703
1.02145
0.94398
0.944484
1.14939
1.12864
1.11709
1.00305
0.974255
1.25535
1.00019
0.938986
0.863845
0.977696
0.99867
0.99455
1.15315
0.90614
1.07102
0.991038
1.11494
1.01154
0.837862
1.09128
1.03453
0.99152
0.969641
0.968959
1.06089
0.86546
0.984668
1.04284
1.00647
0.94363
1.05602
1.06377
0.771419
1.06062
1.01303
0.86431
1.04688
0.949887
0.914781
1.18324
1.08937
0.832562
0.964307
0.951464
1.02089
0.999297
1.16026
0.953154
1.09809
1.10533
0.898054
1.06069
1.01135
0.872295
1.14081
1.04324
0.988621
1.14011
0.857561
0.969803
0.926749
1.08611
0.84617
0.855779
0.98786
0.984086
1.01139
1.0719
0.915512
0.988818
0.805773
0.875674
1.25227
1.07982
1.08243
0.903484
1.07037
1.07312
0.903561
0.929049
0.914316
1.01704
0.99832
0.997769
1.0814
0.945098
0.954381
0.852753
1.00226
0.987865
0.959791
0.952524
1.09134
1.12213
0.94039
1.03927
1.02741
1.0895
0.925533
1.00086
1.04705
1.20487
0.877852
0.918067
0.976779
1.06763
0.835449
1.02559
1.2328
1.00463
0.885001
0.891758
1.05698
1.22658
0.938736
0.858167
1.11871
0.728473
1.07115
1.01333
0.742819
1.02854
0.900498
1.05655
0.996157
0.956075
0.9414
0.77252
1.00511
1.19782
0.951937
0.853314
1.09226
0.882376
0.967973
0.992132
0.900881
1.06951
1.11471
0.970894
1.10938
1.06198
1.06617
0.966068
0.925959
1.02135
1.08036
0.985705
1.07076
1.22517
0.871291
0.868641
0.921579
0.896541
1.01251
0.849526
0.962558
1.0308
1.048
1.01724
1.06387
0.889085
1.01098
1.10875
1.00968
0.936442
0.908445
0.904719
0.794128
0.957113
1.07892
1.10592
1.19953
0.906276
1.19692
0.990123
1.02262
0.973599
0.938337
0.859895
1.09445
0.967519
1.09586
0.992634
1.08995
0.98923
1.07655
0.996248
1.05143
0.858083
0.992833
0.994807
0.974846
1.07801
1.04447
0.975332
0.877521
0.927293
1.04861
0.984389
1.0037
1.02067
1.02773
0.959996
0.952581
0.917642
0.83013
0.880807
1.10723
0.895885
0.970131
1.12581
1.04869
1.23667
0.953019
0.868435
1.00978
1.03672
1.06169
1.04224
1.09928
0.900017
0.972678
0.935825
1.00205
0.829089
0.974168
0.931153
1.25853
1.02975
0.909536
1.12795
1.03972
0.871084
0.986516
1.13443
0.881978
1.10418
1.18168
1.0771
1.08045
1.00323
0.963593
0.928466
1.1771
1.07864
1.12474
1.00186
0.971631
0.889558
1.04017
1.06085
0.996615
1.01047
1.21963
0.944168
0.996014
1.05627
1.08181
0.874425
0.829785
1.04082
1.10682
1.01698
1.04591
1.21766
1.06439
0.933411
0.896323
1.00264
0.99764
0.937632
1.1748
1.00631
1.03445
1.22388
1.05151
1.13597
1.00355
0.917949
1.07638
0.99379
0.887776
0.819296
0.92279
0.900332
1.41437
0.948503
0.943036
1.09482
1.21252
0.945855
1.15562
1.07118
0.947047
0.951192
1.03112
1.17305
0.970775
1.03023
1.09417
1.13545
0.957806
0.934332
1.03206
1.18846
0.892412
1.14739
0.870972
1.15201
0.929533
1.07922
1.11096
1.02917
0.979094
0.999654
0.931611
1.07156
1.17836
0.867082
0.890605
0.857969
0.89883
0.915255
0.985652
1.21442
0.875921
1.15787
1.02845
0.955981
0.948838
1.00358
1.09074
0.994021
0.992903
1.01881
1.22421
0.928621
0.932305
0.970077
0.964279
0.914032
0.937841
1.07645
1.01676
1.04276
0.92011
1.03678
1.0642
0.866232
1.08195
1.11805
0.984283
0.97766
0.969329
0.853396
0.992593
1.06462
1.20124
1.01259
1.07498
1.10254
0.874477
0.924452
0.932409
0.987166
0.916895
0.878285
0.88902
1.02771
1.09772
0.969921
1.07613
0.959187
0.856916
0.784956
0.817664
0.885144
0.906063
0.971973
0.92131
1.08862
1.02939
1.07709
1.0111
1.03217
1.08189
1.08989
1.02052
0.985976
0.974872
0.98931
0.868736
1.06122
0.790114
0.895937
1.02273
0.997469
1.03764
1.0539
0.956988
1.2318
0.855642
1.03164
1.09881
1.06499
0.907078
0.851765
1.1651
1.02121
0.981645
0.883555
1.02705
1.08004
1.09208
0.86234
0.859101
1.05181
0.992494
1.14096
0.883593
0.848404
1.0647
1.06424
0.967203
1.19876
1.05139
0.964328
1.06428
0.769563
0.974058
1.03914
0.984935
1.0413
0.896289
1.11726
0.885773
0.95167
0.887716
0.914592
1.05096
1.08314
0.822922
1.05054
1.0834
1.08719
0.94428
1.10559
1.01754
1.01836
0.934787
1.03594
1.01147
0.947697
1.07689
1.0517
0.986998
1.00778
0.998777
0.971267
0.895191
0.851906
1.03138
1.00591
0.928703
0.976119
1.05384
0.842682
1.04651
1.01037
0.976294
1.0352
1.01462
0.912599
0.952951
0.872725
1.30469
0.889843
1.09175
0.921953
0.913363
1.10807
0.893562
0.898619
1.18396
1.00428
0.915583
0.991142
0.891721
1.13198
0.863955
0.945558
1.09094
1.00392
0.887704
0.861273
1.02545
0.870324
0.898245
0.926491
0.895409
0.968931
0.992253
0.873547
0.869937
0.903452
1.09991
0.979587
1.30087
1.08958
0.989357
1.16648
0.943616
0.901232
1.02533
0.895832
0.924539
0.91386
1.14132
0.83335
0.99495
1.04267
0.983471
1.08205
0.976396
1.01979
0.935118
0.943962
0.998941
0.90536
1.00151
1.03088
1.06066
1.03754
1.01928
0.936354
1.01114
0.910936
0.885575
1.00637
0.839698
1.02888
0.997881
0.88764
0.935802
1.01087
0.881106
0.870015
0.839463
0.91268
1.08299
0.870585
0.934618
1.05938
0.986813
0.98855
1.01694
0.927389
0.86407
0.981607
1.14117
0.9365
0.896577
0.95199
1.10187
1.03519
0.977411
0.933103
1.0899
0.836237
0.922016
0.996878
1.07707
0.986457
1.01509
0.803004
0.99914
1.08483
1.10505
1.098
0.982584
0.974572
0.86799
0.940885
0.950966
0.967733
0.999061
0.976078
0.895727
0.878905
1.09751
0.984507
0.981434
0.895301
1.01597
0.939337
0.960554
0.858913
1.00248
1.0361
1.12705
0.992175
1.10018
0.912585
0.97296
1.0145
0.814863
1.04943
1.03157
1.106
0.858844
0.950951
1.05366
0.962099
0.985353
0.942096
0.862854
0.943951
0.777217
1.22081
1.09857
0.805824
0.959629
0.962566
0.869969
1.17728
0.964814
1.1674
0.895772
0.951049
0.977835
0.980481
1.00598
0.95178
1.13295
0.860312
0.74795
0.921454
0.946739
1.0515
1.06965
1.05201
0.898428
0.938663
1.04936
1.01952
1.02102
0.966306
0.798801
1.0941
1.03075
0.861572
0.842722
0.914088
1.19537
0.999323
0.999579
1.04699
0.949594
1.04521
0.951258
1.14116
1.07404
0.854965
0.909512
1.02235
0.803176
1.10795
0.893974
0.914737
1.07554
1.1271
1.00137
1.0547
1.11523
1.09134
1.08887
0.946753
1.03547
1.05841
0.9948
0.887869
0.884872
1.10821
1.01124
1.03748
0.994788
1.10854
1.07567
1.08778
0.969747
0.90304
1.01015
0.930416
1.16409
0.938727
0.928739
0.98742
0.910013
1.0327
1.14411
1.03396
1.11415
1.10258
0.961182
1.01041
0.901953
1.15096
1.0676
0.883282
1.16501
1.06479
0.941792
0.908516
0.969661
1.098
0.95749
0.995975
1.14139
1.13164
0.920032
0.846328
0.970561
1.0697
1.08378
0.980313
0.957511
0.84833
1.03098
0.894713
0.994424
0.993195
1.15075
1.11312
1.07379
0.925525
0.988863
1.09677
1.13026
0.957994
0.941801
1.16182
1.09561
0.965781
0.869918
1.19787
0.975116
0.97946
0.979945
1.1051
0.91887
0.978249
1.11208
1.09909
0.980995
1.02198
1.13212
1.18644
0.936994
1.03558
0.934128
0.975179
0.971302
1.22887
1.01808
1.10606
0.964622
0.960751
1.02757
1.04056
0.81637
1.02034
0.910958
0.910369
1.19527
0.905776
1.00797
0.922833
1.19055
0.995844
0.981335
0.987214
1.04337
0.916217
1.0785
0.946328
0.955555
1.08681
1.08352
0.951691
1.03452
0.977624
0.934483
1.10722
1.03312
0.955152
0.974915
1.08958
1.09072
1.00707
0.955352
0.93862
1.1125
0.850612
0.911123
1.12669
0.894443
0.903545
1.07169
0.836528
0.929405
0.822109
1.0084
1.02678
0.811971
0.929707
0.943922
0.957339
1.01163
1.09462
0.815886
0.944268
1.1743
0.87033
1.14109
0.986279
1.04245
1.02014
1.02216
1.28572
0.986204
0.930191
1.00374
0.752524
1.1021
0.893572
0.942977
0.947673
0.859029
0.957523
0.909873
1.02577
1.03701
0.998414
1.02394
1.00534
0.974442
0.928406
0.972142
0.898971
0.944674
1.12353
0.984358
0.961762
1.04923
0.963386
0.938062
0.942033
1.06138
1.04624
1.00898
0.994204
1.03949
1.00151
1.00774
1.0268
1.06649
0.923282
1.00052
0.925014
0.878017
1.00355
1.09973
0.904465
1.07205
1.05128
1.04577
0.887278
1.05795
1.02014
1.12062
0.959226
1.06226
1.0638
1.01347
0.884623
1.05899
0.944617
1.00063
0.794253
0.913703
0.941325
0.925709
0.995489
1.09289
0.980082
0.964374
0.999666
0.974697
0.886817
1.03432
0.943185
1.01712
0.978393
1.00616
0.983327
0.991813
0.954203
1.04734
1.05791
1.01002
0.897736
1.00618
1.14308
1.09969
0.986791
0.879007
0.993744
0.950882
0.910396
1.01386
0.93303
1.17322
0.960572
1.0673
0.979409
0.895861
0.816204
0.885091
0.986551
1.03384
0.961138
1.07019
0.878064
0.948225
1.01449
1.09062
0.953356
1.00126
1.05987
1.13596
1.00457
1.14652
1.0415
1.15077
0.938291
1.04764
0.833307
0.981491
0.962868
0.965406
0.981876
0.969986
1.12153
0.85351
1.26407
0.740791
1.11844
1.08229
1.02038
0.993876
1.02267
1.14487
0.948391
0.989385
1.06437
1.05875
0.981695
1.02159
1.11206
1.15142
0.939269
0.948746
0.972184
1.04147
0.970251
0.9745
1.00826
1.15687
0.900116
0.894232
1.15937
0.782162
0.866442
1.0244
0.946479
0.925102
1.14359
0.941152
1.0015
1.06976
0.98757
0.819947
0.890457
0.937313
1.16162
0.963801
1.02487
0.855121
1.09771
1.02255
1.22037
1.13432
0.831707
0.912215
1.07755
0.948096
1.12899
0.998878
0.962882
0.88428
0.939226
1.15527
0.931019
0.964388
0.946273
1.05308
0.866978
0.846303
1.00787
1.0397
1.16533
1.03712
1.10175
1.05484
1.03149
0.991592
0.991103
0.98365
1.04008
0.849651
0.971461
1.04646
0.893228
1.09009
1.08119
1.03961
1.01209
1.07104
1.02129
1.07802
0.954905
0.960923
0.816554
0.972032
1.09356
1.06583
0.989057
0.88132
1.06064
1.23061
0.891027
0.956866
0.853675
1.10196
1.03997
0.960541
0.930151
1.10794
0.990763
0.900517
1.03013
0.917452
1.01424
0.921665
1.06074
1.03115
0.947638
1.16747
1.04175
1.00881
0.958785
0.936341
0.982018
0.907893
0.778143
1.14146
0.868635
0.976573
0.975486
1.0399
1.05165
1.01936
0.995223
0.818073
0.927011
1.02134
0.918581
1.06924
1.05058
1.00495
1.05526
0.925062
0.967302
1.01134
1.01411
1.14736
0.897495
1.06722
1.01784
1.04944
1.08696
1.04643
0.950418
0.941466
0.897879
1.05631
0.968144
0.980256
0.959362
0.94438
0.927168
1.00562
0.926415
0.927476
0.950602
0.902175
1.10039
1.05399
0.900197
0.971023
0.967127
0.907404
1.15324
0.838737
1.06823
1.07155
1.07223
0.984115
1.08474
0.801225
0.946388
1.00748
0.988981
0.912465
0.997371
1.10835
0.883461
0.94986
1.0202
1.12072
0.901642
0.941097
1.01144
1.03717
0.902578
0.930288
1.07005
0.871338
1.11883
1.03396
0.838418
1.06488
1.01364
1.03866
1.01774
1.11861
0.992275
1.18244
0.968762
0.979353
1.0006
0.95727
1.06479
0.85781
0.980539
1.03911
1.12954
0.900529
0.94431
1.03018
1.07471
0.93488
0.951868
0.977815
1.11542
1.01035
0.92725
1.01232
0.883315
1.01783
0.957832
0.815022
1.01535
1.08324
1.14784
1.03691
0.937999
1.05988
1.01623
1.03236
0.954826
0.859911
1.18701
0.768305
0.964741
0.993868
1.00537
0.880708
1.00184
0.878101
1.07182
0.834305
1.14075
0.897425
0.765872
1.02893
0.845401
0.78962
0.914135
0.953401
0.871256
0.950987
1.00554
0.76488
1.0844
1.16766
0.926866
0.931878
0.888775
1.23509
1.02882
0.982978
0.970686
0.904064
0.870174
0.876636
0.965733
1.28482
0.997003
0.960599
0.797469
0.949603
1.14339
1.01403
1.06237
0.997464
0.916518
0.976364
0.876096
1.12158
1.08748
0.918403
0.981115
0.978199
1.02529
1.20005
1.03268
0.980647
1.07692
0.826155
0.991677
1.13095
1.10112
1.08523
0.959466
1.04606
1.13117
0.963309
1.1392
1.0237
0.969086
0.990476
1.04955
1.17926
0.975945
1.02937
1.06059
1.05104
0.892003
1.00092
1.05368
0.890147
1.01972
0.917694
1.05304
1.13386
0.99035
0.898671
1.05723
1.08517
0.925456
1.06176
1.08608
0.971047
0.937966
0.873436
1.05901
0.971267
0.954736
0.971172
0.980178
1.22804
0.884581
1.04631
1.28585
1.07693
1.07384
0.941224
1.10661
0.884175
0.935307
0.938382
1.17067
0.877164
1.13323
0.965252
1.11056
1.17227
0.989806
0.849222
1.01148
1.05163
1.17472
0.919971
0.917561
1.15239
0.965181
1.15069
0.85553
0.88486
1.00802
0.929309
0.960436
1.2147
1.10621
1.0769
0.887132
0.805571
0.853663
1.15442
1.03532
0.869374
1.0355
0.95219
0.950846
0.944228
1.18277
1.12183
1.16601
1.20301
0.965913
0.806595
1.07079
0.946238
0.926863
1.06009
0.935568
1.0354
0.888511
1.02536
0.917415
0.98347
1.00576
1.14347
1.21926
0.932765
1.01235
0.901023
1.02724
0.988291
0.901382
1.016
0.994103
1.07064
1.03334
0.771034
1.01678
1.01086
0.938623
0.97946
1.21912
1.05219
1.002
0.903042
0.976879
0.921391
1.05887
0.832184
1.11203
1.02004
0.891036
0.955441
1.11328
0.975626
0.920613
1.13565
1.21075
1.09792
0.928538
0.901469
1.11438
0.929818
0.999454
1.07964
0.918861
1.16278
0.918992
1.06102
0.969071
1.11092
0.98001
0.999101
0.9779
1.00683
1.13284
0.991299
0.988028
0.919358
0.939233
0.981812
0.952409
1.20082
0.961262
0.977643
0.964499
0.877012
1.06434
1.02346
0.947297
1.15475
1.04053
0.859396
1.0547
0.992573
0.780682
0.920882
0.963885
1.0939
0.971178
0.855962
0.918869
1.10918
0.970957
1.03559
1.01081
0.956245
1.0366
0.996597
0.964277
1.11293
1.034
1.07397
0.981801
0.918959
0.938608
1.08916
1.0249
1.20157
0.843151
1.02005
0.801136
1.06002
1.0566
1.04193
0.95354
1.09883
0.981891
1.10852
1.04575
1.10838
0.939613
0.886977
0.937091
1.08442
0.850829
0.846357
1.04718
1.18882
0.900089
0.867108
0.951977
1.17755
0.947967
1.10417
0.873405
1.20519
0.999543
0.932607
1.00378
0.951526
0.945993
0.865916
0.985832
0.943666
1.01491
0.928468
0.939516
1.09197
1.19546
0.982516
1.11843
1.12565
1.09676
1.00379
0.946472
1.10334
0.99417
0.831813
0.978771
0.98869
1.03013
0.988048
1.12727
1.08891
0.91847
0.913961
0.927778
0.995986
0.985861
1.09726
0.799415
0.994072
0.935328
1.12527
0.879516
0.937175
1.01311
0.993016
1.05547
0.935944
1.02762
0.946806
1.0413
1.04883
0.945202
1.03176
0.830352
1.10379
0.893581
0.878144
1.00984
0.992956
0.851883
0.995328
0.939861
1.14835
1.0516
1.17628
1.24526
0.833844
1.04168
0.934092
1.02037
1.05811
0.836815
1.11039
0.91522
1.06094
0.984835
1.14616
1.13126
1.07104
1.00035
0.995318
0.923428
0.973421
1.11019
0.863913
0.957032
0.921281
0.951947
1.14045
1.18822
1.13695
0.923964
1.16932
0.97533
0.901579
0.808635
1.12094
0.961059
1.11168
1.01213
0.937261
1.04091
1.06551
1.05553
1.03581
0.949869
1.00525
0.833864
1.05757
1.2226
1.09613
0.967897
0.881091
0.94714
1.03157
1.0813
0.698155
1.01397
0.970943
1.11395
0.863733
0.891859
1.03208
1.11622
1.03245
1.0269
0.945803
1.15579
1.05002
1.00307
1.16626
0.979628
1.06696
1.00222
1.10967
0.979518
1.05694
1.00473
0.943972
0.913343
0.865264
0.978495
0.947396
1.17065
0.973994
1.01981
0.959379
0.876048
0.816054
1.00416
0.954064
1.19992
1.09416
0.891711
0.9951
1.039
1.18678
1.03556
1.04822
0.978998
0.893227
1.04606
0.870408
1.0752
0.904378
1.05829
1.11139
0.936022
1.11055
1.00579
1.06384
1.04951
1.01877
1.00668
1.02163
0.936419
1.09297
1.18826
1.07303
1.01649
1.06831
1.021
1.08149
0.987295
1.01711
0.933758
0.877652
0.965727
0.997525
1.05508
0.944613
1.10807
1.02932
1.06208
0.941474
0.921331
0.949732
0.919929
1.01185
0.894762
0.971039
0.990821
1.09046
1.04824
1.12904
0.97624
0.871186
1.15572
1.14879
0.883711
0.919927
1.0706
0.926163
0.87014
1.00074
1.16772
1.07822
0.878677
0.969674
0.996901
0.99764
1.05972
0.981481
0.955621
0.907064
0.966079
0.875264
1.1388
0.990344
0.970894
1.13454
0.956208
1.12603
1.08228
1.14391
0.836145
1.06102
1.10413
1.01736
0.914406
0.955071
1.06576
1.00242
1.01492
0.970208
1.15183
1.05445
0.977686
0.954744
0.95066
1.02889
1.08435
1.10812
0.97985
0.96863
0.976093
0.997495
0.999899
0.977373
1.1432
1.01949
1.03019
1.07595
0.982118
0.98266
0.868492
1.04286
0.94567
0.849877
0.752429
1.07646
0.935853
1.10925
1.03845
0.773431
1.01226
1.03352
1.05495
0.952476
0.945466
0.974747
0.856815
1.07417
0.986122
0.999617
1.08819
1.1915
0.887543
1.09129
0.951931
1.08787
1.04593
0.870698
1.03879
0.916873
0.868898
0.894686
0.861891
1.0695
0.986615
1.07427
1.00086
0.852503
0.986674
1.00837
1.04437
0.875494
1.03008
0.90067
0.992439
0.891585
0.904576
0.970851
1.09245
0.825524
0.87546
0.97067
1.15134
1.11544
1.04977
1.0957
0.871439
1.07576
1.03809
1.06873
1.11767
0.891601
1.05365
0.920841
0.87953
1.07032
0.97887
1.0316
1.08925
1.01995
1.05286
1.19808
1.11117
1.06259
1.07192
0.900955
0.971449
1.0888
1.02642
0.939681
0.949648
1.03035
0.950538
1.01735
0.877197
0.984785
1.10141
0.915626
1.14046
1.00801
1.0225
1.15571
1.05539
0.871331
1.10291
0.967224
1.027
0.946147
0.905224
1.00399
1.05673
1.05172
0.935086
0.763634
1.23125
0.877277
0.874884
1.03597
0.926209
1.03923
1.12767
0.917595
1.06957
1.09653
1.05786
0.995885
1.00507
1.05935
0.886944
0.849386
1.08781
0.969915
0.890682
0.940882
1.10451
1.05755
0.966678
0.965056
1.24968
0.986607
1.10678
1.04556
1.01901
0.960239
1.04927
1.12645
0.932578
0.871422
0.85861
0.978658
0.894457
0.868007
1.05759
1.03518
1.05149
0.973814
0.876937
1.0716
1.06622
0.944302
1.04515
0.848164
0.863347
0.895033
1.16127
0.952882
1.063
0.848428
0.870985
1.06946
1.02126
1.0708
0.915643
1.00097
0.842647
0.865331
1.2334
1.00661
1.02899
1.0846
1.04416
0.841922
1.03389
0.976929
0.90373
1.01184
0.928974
1.07929
0.91822
0.994338
0.860528
1.09691
0.972638
1.10714
1.17287
0.894115
0.880201
1.05721
1.0035
0.978059
1.02293
0.80676
1.03714
1.2667
1.08006
0.866702
1.1612
1.07366
1.18264
1.14213
1.03304
1.02268
0.903998
0.969479
0.793579
1.01534
0.958684
0.875797
1.07423
1.00616
1.02747
0.970238
0.976997
1.08396
0.965122
1.05423
0.876078
0.861932
1.19581
0.858367
0.986734
0.898081
1.02693
0.979825
1.01803
1.10678
1.01429
0.963461
1.0705
0.966756
0.954585
0.951128
0.918215
0.968596
0.967531
0.847174
0.942796
1.10492
0.989812
0.941299
0.930194
0.871097
0.906946
0.869314
0.941211
0.92905
0.997645
0.968225
1.00031
0.925628
0.934957
0.812357
1.06111
1.368
0.998782
1.24445
1.0587
0.937136
0.922143
0.904984
0.882329
1.01437
0.973335
0.946364
1.07485
1.08506
1.00145
1.09657
1.01059
0.92692
0.833047
1.04597
0.876859
1.1292
0.948181
1.01369
0.956725
1.09781
1.11074
0.935533
0.994036
0.975134
1.01917
1.03226
1.00826
1.00721
0.821938
0.922118
0.975027
1.05359
1.06785
0.967834
1.06654
1.07195
1.02277
1.03656
1.02787
1.05959
0.798624
0.819143
0.973465
1.17462
0.939808
0.898531
0.911739
0.890349
1.04252
0.894552
1.16737
1.09472
0.927172
1.01392
1.23276
0.912597
0.945728
0.986611
0.8866
0.946691
1.11676
0.899501
0.919022
1.06605
0.972069
0.977275
0.92389
1.06716
0.978633
0.848438
0.875038
1.05918
1.03474
1.01212
0.97474
0.904153
1.12463
0.92806
0.967158
0.951862
0.87201
0.904681
1.1553
1.21038
0.86432
0.923695
0.956873
1.06313
0.998934
0.920087
0.960828
1.02635
0.843156
0.924137
0.98563
0.986226
0.862446
1.08748
0.965624
0.984975
0.98368
1.12458
1.04526
0.858725
1.0851
1.09841
1.07808
0.957119
0.982336
0.973132
1.27672
0.919204
0.848909
1.12048
1.01059
1.06978
1.1743
0.980726
0.922376
1.09221
0.784109
0.904292
0.967778
1.1078
1.02099
1.09914
0.954894
0.880573
0.809667
1.00846
0.964986
1.00873
1.00022
0.888921
0.98564
1.07853
1.02824
1.02885
1.05576
0.928701
0.904579
0.947713
1.02155
1.02245
1.00464
0.97032
1.00455
1.00234
1.05069
0.958915
1.00104
1.00437
0.989486
1.09152
0.887227
0.895718
1.20635
1.00167
1.01037
1.05797
0.860503
1.04924
0.923688
1.16656
0.986002
0.855356
1.01117
1.00049
1.11951
1.02219
1.06628
1.13993
1.10329
1.05262
1.0326
0.952606
1.03714
0.882987
1.04871
1.06385
1.05666
0.952067
1.00953
0.975588
1.08223
0.756359
1.23197
0.988207
1.21985
1.09681
1.02277
1.02365
0.861461
1.05055
1.10961
0.875319
0.974571
0.855103
1.1092
1.22681
0.985091
0.858289
0.95235
0.909968
0.941394
0.987642
0.994654
0.890582
1.02739
0.900682
1.15761
0.988337
0.952252
1.03704
0.890285
1.04166
1.04001
0.903704
0.98306
1.00005
1.09224
1.07998
1.14106
1.01123
0.967493
1.01035
1.0516
1.01397
0.956169
0.898875
0.816048
0.92235
1.0819
0.976268
1.04571
1.01306
0.920266
1.03378
1.12803
0.826139
1.083
0.717693
1.11858
1.03382
0.785274
1.03282
0.842452
1.01251
1.05996
1.17663
1.30294
0.984217
0.85319
0.899756
1.00716
0.961285
0.771839
1.14855
0.937698
1.15527
0.971139
0.803575
0.815743
1.26744
1.12805
0.824871
0.953153
0.970462
1.04936
0.984235
1.04385
0.935613
0.907756
1.08849
0.927269
0.977909
0.98166
0.942435
1.09265
1.16114
1.07906
0.945669
1.03374
1.04828
1.12683
1.05355
0.860052
1.04092
0.98699
1.01252
1.01217
1.04509
0.79627
0.986486
1.03921
1.07694
0.908612
0.993373
0.885154
1.13687
0.891832
0.825241
0.920774
1.00625
1.06028
0.915709
0.980795
0.916417
1.19904
1.11237
1.10108
1.10734
0.852506
1.11417
0.855112
0.884725
1.11069
1.02018
0.909397
1.22518
1.06947
0.912445
0.897781
1.06872
0.946226
1.21096
0.934775
1.16672
0.890394
1.10709
1.12317
0.970035
0.855829
0.990798
1.00263
0.900261
1.00978
1.09934
0.798056
0.89602
0.958843
1.11949
1.25729
1.06248
1.01673
0.901783
0.960501
1.0859
0.940766
0.950315
1.01334
0.935574
0.869416
0.958036
1.15552
0.933276
1.08474
0.871803
0.747981
1.21405
1.02262
0.99808
1.16771
0.814094
1.07137
1.07968
0.949061
0.780626
0.93649
1.03428
1.05976
1.04601
1.10239
0.930229
1.0448
1.00824
1.08624
0.935573
1.14963
0.868356
1.03563
1.05092
1.01482
1.11176
1.00185
0.971461
0.947982
0.808845
0.958806
1.03148
0.822962
1.15357
1.06256
1.07763
0.944768
0.906194
1.04103
1.09168
0.81212
1.00141
1.05832
0.981101
0.781321
0.99319
0.89327
1.06113
1.18175
0.954505
1.01305
0.912928
1.08186
0.902456
0.891733
1.24912
0.894135
0.957617
0.858814
0.939288
1.06263
0.95247
1.03778
1.03281
0.867855
0.918098
0.918873
0.959912
0.956686
0.935129
1.11944
0.926109
1.02022
0.952028
1.06195
0.936484
0.995891
0.896751
1.07537
0.942007
0.889688
0.933322
0.902887
0.880111
1.15325
0.940871
0.976382
1.05506
0.994888
0.979306
1.07751
0.968467
0.924401
0.995903
1.118
1.05113
1.05603
1.0084
0.93479
0.99272
1.02807
1.35447
0.956737
0.981647
1.03876
0.960892
1.0336
0.922847
1.02003
0.866298
1.03287
0.892499
0.85368
1.01794
1.1667
1.10456
1.03221
0.875861
1.03119
0.956892
1.16967
0.991566
0.768626
1.03651
1.06249
0.912072
1.04837
0.926272
1.07722
1.04089
1.00721
0.939408
1.0726
1.11118
1.05904
0.808033
0.903852
1.04676
1.13124
1.05593
0.975488
0.994535
0.924925
1.07968
1.13407
1.0163
1.02924
0.979858
1.00869
1.12302
0.980321
1.07433
0.997398
1.17462
0.95551
0.89292
0.850184
0.910094
0.945472
1.10522
1.00598
0.941751
1.01068
0.950014
1.01709
0.836274
1.10538
0.891823
1.12294
1.05538
0.944996
1.06819
0.932705
1.03256
1.10559
1.05494
0.975316
1.02168
1.00865
0.932871
1.04899
1.05508
0.974336
1.11259
0.868305
0.8425
0.978591
0.97716
0.984677
1.06706
1.01392
1.06581
1.01724
0.955199
1.14539
1.0189
1.07928
1.12722
1.01556
0.957329
1.09716
1.04628
1.08979
1.04821
0.961556
0.945328
1.0435
0.944963
0.974479
1.19996
0.920445
1.01921
0.895805
0.967694
1.18798
1.16069
0.996825
0.813428
1.15607
0.993681
1.02786
0.986629
1.15966
0.884134
1.05204
1.10312
0.90496
1.01476
1.10895
0.959826
1.08394
1.09473
1.09794
0.863916
0.992016
0.865308
0.836337
0.955068
1.30978
0.98676
1.01498
1.01908
0.887063
1.14813
0.818651
0.989429
1.22923
0.917812
1.07506
1.06871
1.02202
1.04621
1.00677
0.960253
0.821167
1.17068
1.22412
0.911089
1.00577
1.09546
1.03706
1.00581
0.95092
1.10166
0.945507
1.04279
1.1177
0.981213
0.972704
0.984058
1.01981
0.836824
0.997016
0.96488
0.897044
1.20654
0.990181
0.994765
0.867865
0.830107
0.961438
0.958069
1.00545
1.2033
0.974192
0.98233
0.91565
0.864506
1.28452
0.894271
1.06082
1.04943
0.980754
0.944489
0.846568
1.07646
0.944499
1.11842
0.941662
0.89584
1.01951
0.89064
1.08332
1.00993
0.850567
0.997831
0.987193
0.944857
0.960781
0.946812
0.931304
0.941436
1.15576
0.829012
0.971113
1.2301
1.01788
1.2153
1.00292
0.985922
0.932199
0.941874
0.91351
1.13981
1.10555
0.994726
1.11293
0.961309
0.989338
0.927384
1.05997
0.967242
1.12927
0.972028
1.02452
0.826938
0.968276
0.996392
0.996128
1.06359
0.864842
1.02135
0.968107
1.00163
0.964313
1.05774
0.893519
0.821891
0.975798
1.05476
1.04834
1.00153
1.03481
0.974531
0.996975
0.93958
1.09402
0.812536
0.866962
0.938004
0.962012
1.06866
0.959251
1.09226
1.05976
1.09347
1.10822
1.04553
0.868818
1.08643
1.11003
1.02516
1.05511
1.10269
1.00605
1.05381
0.918001
1.30633
0.972044
1.00269
1.13152
1.00841
0.990069
0.982655
1.04617
0.968631
1.0278
1.0083
0.97382
1.0315
1.11762
1.34492
0.993567
1.19823
1.00265
1.19795
1.00249
0.92395
1.01438
0.869274
1.10602
0.939708
1.20391
1.02773
0.938202
1.00221
1.15865
1.0484
0.986602
1.31639
0.877079
0.824691
0.898687
1.08993
1.01615
1.10724
0.967537
1.09125
0.774747
0.84755
0.951629
1.04123
0.939186
0.884642
0.962536
0.967242
0.942164
1.1542
0.868926
1.00213
1.14564
1.06911
1.11184
0.954931
0.899805
0.991866
0.974583
0.939238
0.943094
0.972059
1.09068
0.852501
1.0947
0.92623
0.961407
1.0913
1.09479
1.07063
1.05539
0.881368
1.02492
1.02665
1.05991
1.04826
0.805721
0.936758
0.935423
0.959118
1.04217
0.870742
1.1192
0.767215
0.973276
1.02285
0.903096
1.18438
1.03539
1.01714
0.893269
0.934612
1.02371
0.792896
1.16124
1.03802
0.901014
1.12014
0.982221
0.875066
0.862672
1.01345
1.12927
1.02485
0.86145
0.977244
0.909234
0.960716
1.13757
1.04876
0.89868
0.964488
0.888237
1.02277
1.01853
1.10031
1.05784
0.95639
1.06041
1.02865
1.02626
0.908533
1.01344
0.89038
0.925788
1.10576
1.05442
1.0898
1.18212
1.09644
0.996995
1.07779
0.921805
0.884007
0.804374
1.20494
1.06514
0.915394
1.02339
0.895372
1.05813
0.960267
0.895352
1.07443
0.936327
1.05692
0.974786
0.938983
1.041
1.08092
0.875844
1.0921
0.901945
0.913711
1.07974
0.814711
1.00254
1.22205
1.17676
0.895096
1.019
1.02859
0.929273
1.21168
0.8835
0.918953
1.02034
1.13025
0.988173
0.946661
0.977031
1.22046
1.05059
1.02826
1.06646
0.987673
1.05513
0.989939
1.0051
0.920007
0.936892
0.907638
0.91497
0.925913
1.02955
0.862815
1.00824
0.940499
0.912659
0.961567
1.06089
1.09911
1.15359
0.955718
0.936992
0.992199
1.12555
0.940381
0.93866
0.850953
1.05571
0.998763
1.05653
1.03498
0.999597
0.97376
1.05411
1.12928
0.958524
0.973362
0.968237
1.03459
0.9988
1.08219
0.854434
1.1611
0.947433
1.15117
1.00089
0.964289
0.933296
1.10548
1.12257
0.830092
0.936214
1.0129
1.03537
1.0157
1.06333
1.03887
0.888588
1.03517
0.990503
1.08377
1.13434
1.02526
0.802534
0.867225
0.901334
1.07962
1.10508
1.02859
0.994042
1.13272
1.06866
0.903839
1.08582
1.09299
1.12331
0.854801
0.979348
0.928523
0.825118
1.03966
0.870941
1.17543
0.992092
1.0479
1.03664
1.04684
1.02571
0.966456
1.13529
0.95966
1.09553
1.13378
1.1458
0.825792
1.04923
1.01573
1.02753
0.926332
1.13839
0.908798
0.96215
0.983534
0.895617
1.0263
0.937963
1.05441
1.00612
1.14975
1.11074
1.02439
0.995896
1.00862
1.18744
0.904363
1.04285
1.05049
1.0874
0.917535
0.791882
1.02251
0.829487
0.935813
1.02685
1.11529
1.04062
1.14872
1.08095
1.0527
0.953623
0.921877
0.944739
1.1391
1.16357
1.08377
1.0082
0.881427
0.958712
0.949434
0.936025
0.950305
0.99725
1.00585
0.978448
0.998251
1.00916
1.02637
0.951291
0.975885
0.930301
0.977632
1.13438
0.994271
1.01871
0.955932
0.846924
0.95798
0.981299
1.10886
0.994724
1.06333
1.06215
1.06514
1.00003
0.830242
1.02282
1.09336
1.05697
1.03547
0.88284
0.929826
1.0372
1.03854
1.08245
0.879835
0.864327
0.913049
1.01961
1.0869
0.851951
1.00045
1.12478
1.06613
0.942139
0.859213
0.910483
1.01988
0.968085
0.904417
1.08338
0.882717
1.04814
0.912427
1.04077
0.976435
1.04622
1.01062
1.06312
0.966921
1.05676
0.915122
1.07211
1.11337
1.00152
0.898439
0.988747
1.01556
0.993467
0.884281
0.930012
1.26598
1.06619
0.880697
0.883721
1.05555
1.02489
0.929841
1.07171
1.09018
0.904637
1.0898
0.857173
1.01537
0.808849
0.895174
0.969146
0.909301
0.992252
0.97862
1.11355
0.942131
0.847193
0.990041
0.99902
1.10905
1.04865
1.03854
0.842599
1.16859
1.01387
0.964079
1.12709
0.824811
0.984713
1.42578
1.14099
1.0061
0.912448
0.981194
1.05089
1.14059
0.855475
0.923305
0.95884
1.13099
0.930179
1.01161
0.851039
1.20494
1.16137
1.02402
0.939555
1.07473
0.957658
1.10454
1.19237
1.00084
0.86524
1.05089
0.895809
1.03503
1.05337
0.905863
0.901321
1.05911
0.880616
1.05683
1.03502
0.878913
1.15166
0.958241
1.04855
0.907199
0.872516
1.06798
1.17094
0.891338
1.00101
1.02131
0.932434
1.03295
1.05251
1.04389
0.92785
1.02696
0.999887
1.05124
1.20785
0.865304
0.9006
0.833696
1.23792
0.979259
0.887377
1.20737
1.00444
0.923819
1.07837
1.13
1.03855
1.15579
1.04697
1.05644
0.915516
0.843048
1.15647
0.882448
1.01023
1.07415
0.868447
0.912853
0.966191
0.853012
1.07879
1.28706
1.00763
1.1457
1.12696
1.2512
0.843444
0.924455
1.00253
1.23456
1.07234
0.975421
0.975883
0.886314
0.932892
1.03699
1.16745
1.23961
1.03461
0.826571
0.979421
1.02865
1.10836
0.994335
0.946099
0.998534
1.2295
0.978447
0.958828
0.963019
0.984561
1.12093
0.951614
0.868641
0.969938
0.883668
1.07058
0.85545
1.0395
1.07226
1.14515
0.961523
0.946765
0.957873
1.00982
1.19099
0.81206
1.07191
1.05175
1.04386
0.911487
0.905732
1.07528
0.952779
1.02677
1.07444
0.948898
0.899378
1.02321
1.07871
1.17107
0.815275
0.907263
1.07338
1.13549
0.905043
0.960545
1.02625
1.01346
0.964587
0.980449
0.839643
1.08664
0.890325
0.952687
0.869637
0.975899
0.994879
1.18486
1.04704
1.10437
1.07945
0.978289
0.928631
0.907008
0.873246
0.932211
1.1274
0.796169
1.30036
1.0859
1.02644
0.991596
1.06736
0.908626
1.04006
1.04005
1.12998
1.10926
1.10879
1.09197
1.01601
0.981399
0.994144
1.07
1.00333
0.883715
1.00643
1.09394
0.97131
1.05868
0.921816
0.899043
1.01712
0.893479
1.38257
0.954245
1.12891
1.06006
1.01919
1.11615
0.971874
0.931878
1.07961
0.913703
1.17067
0.877528
1.05263
0.91777
1.05487
0.99936
0.962609
1.1051
1.03745
0.995845
0.991625
0.943644
0.899632
1.20049
0.937184
0.980502
0.852931
1.09109
0.99564
0.941489
0.921146
1.02867
1.00271
1.02173
1.01872
1.05059
0.885897
1.07205
1.10924
1.03201
0.910568
1.01082
0.878112
0.975669
1.02807
1.17595
0.795285
1.01664
0.799574
0.943442
1.07383
0.907565
0.934235
1.04879
0.910875
1.04806
0.903541
1.04114
0.831298
0.959216
0.991494
0.948098
0.863678
0.949516
1.28395
0.939992
0.913291
0.990239
1.06242
0.993322
0.936342
0.808155
1.02416
1.00583
0.941161
1.06762
1.02349
1.09052
0.973128
1.05049
1.01662
1.05092
0.909372
1.01014
0.876534
0.869486
0.954421
0.931056
1.08923
0.950305
0.910554
0.951339
0.860739
1.08061
1.08574
0.968719
1.02772
1.0243
1.01302
1.03995
1.07875
1.0234
1.04475
0.86232
0.866947
0.934124
0.908293
1.05938
0.878227
0.99954
0.7967
0.99344
1.22899
1.09409
0.807345
0.94679
1.04053
0.864758
1.10282
1.10052
1.16481
0.972358
1.00294
1.08854
0.974353
0.941511
1.04721
0.912352
0.925444
1.00315
1.0678
1.08933
1.04594
1.08329
1.10538
1.08593
0.843857
0.915881
1.02978
0.94882
1.05268
1.05401
1.16326
1.21962
0.986749
1.05672
0.879735
0.896513
1.01286
1.27243
1.04244
0.996824
1.03323
0.925389
1.03738
1.03682
0.895025
1.09211
1.07416
0.755444
0.922411
0.945472
1.03846
1.14131
1.0396
0.972388
0.894141
1.00318
1.0313
0.927643
0.94761
0.894565
1.01435
1.06276
0.825299
1.07106
0.965266
0.975574
1.02159
1.03154
0.966802
0.886476
1.04189
1.0048
1.20242
0.961977
1.1483
0.963579
1.07851
0.889031
1.07461
0.985307
0.925193
1.0396
1.08777
1.04322
0.931425
1.03033
0.963899
1.04351
1.12689
1.12492
1.05098
1.04642
0.940779
0.891842
1.01196
1.03637
0.981615
1.18021
0.824652
1.02139
1.00122
1.08609
0.993521
0.965198
0.926709
1.03359
1.1196
0.97799
0.871513
0.962019
1.01043
1.01728
1.0979
0.934447
0.897624
1.02537
0.879982
0.976942
0.919875
1.04265
0.845226
1.08074
0.860868
1.01094
1.09193
0.906871
0.982306
1.09516
0.949973
0.87521
1.03105
1.05055
0.996511
0.892725
0.908397
0.981838
0.948567
1.12547
1.10628
0.873168
0.990096
1.06449
1.09554
1.20104
1.09334
1.01573
0.882296
0.958697
1.0806
1.07533
0.911172
0.979024
0.837286
1.06932
0.848932
0.953114
0.954288
0.897397
1.14672
1.0978
0.917513
1.13258
1.08382
1.16688
0.956101
1.00389
1.1042
1.12293
1.01887
0.923185
0.840107
0.906522
1.06818
0.939661
0.832282
0.973098
1.06436
1.04816
0.93998
0.838818
1.05638
0.720335
0.910645
0.991103
1.01305
1.10479
1.14264
0.945601
0.879635
1.18468
1.0184
0.958542
1.03933
1.02977
0.971594
0.891302
0.918187
0.84609
1.175
1.12918
0.911801
1.12262
1.03976
0.998767
1.05002
1.06586
0.978315
1.02911
0.947073
0.948575
0.943541
0.837321
1.09272
0.914504
0.937732
0.995261
1.02099
0.897384
0.940171
0.994409
1.01559
1.02691
0.728
1.01304
1.1707
0.852688
1.00223
0.959699
0.929134
0.877993
0.882556
1.00197
1.03701
0.860359
0.961819
0.97756
1.04574
0.922487
1.10863
1.13725
0.898041
0.97955
0.94363
1.31085
0.778188
1.09815
1.041
0.86668
1.05891
1.19063
1.00899
0.970941
0.892499
0.83168
1.04906
0.998494
1.03342
1.23786
0.896983
0.860525
1.07167
0.954652
0.908723
0.789768
0.832685
1.09438
1.03418
0.964828
0.9382
1.07005
1.13958
1.05188
1.06468
1.01477
1.09196
0.851428
0.974097
0.97492
0.895406
1.01297
1.06637
1.00107
1.03372
0.95786
1.07059
0.955743
1.07164
1.14368
1.20231
1.08024
1.18056
1.03022
1.11334
1.12757
0.951916
1.11769
1.0629
1.08875
1.12929
1.06907
1.11868
1.09262
1.00627
1.00693
0.941745
0.9426
1.18551
0.900624
1.04962
0.965048
1.04112
1.15111
0.982902
1.01205
1.01575
0.891932
0.870807
0.976799
0.946367
0.817169
1.04139
0.960606
1.15139
1.09511
1.02854
1.0132
0.922085
0.890537
1.07247
0.993803
0.92084
0.904408
1.00519
1.00125
0.94753
1.04198
0.907242
1.04445
0.998887
0.800375
0.888358
0.939195
1.03692
0.831196
0.929215
1.05235
1.04389
1.05031
1.03019
0.96626
0.918644
1.08788
0.907211
1.28853
0.848477
0.926304
0.863298
1.08973
1.08715
1.17847
1.09147
1.142
1.07098
1.02798
1.14596
1.0198
1.01087
0.890157
0.971625
0.999571
0.946839
1.01732
1.12558
0.958643
1.06878
0.955676
1.01387
0.934088
1.04649
0.911949
1.00685
0.889282
0.899742
0.853928
0.884676
1.09088
0.983699
0.944218
0.976371
0.887702
0.859739
1.09801
0.90139
0.898867
0.960316
1.01683
1.00023
0.825909
1.15719
0.773768
1.02823
0.881431
1.10098
0.986196
0.905815
0.894135
0.989878
1.06887
0.958845
1.09753
0.971148
0.992904
1.00608
0.989664
1.14255
1.0172
1.07752
1.12689
0.9092
0.914708
0.976621
1.05155
0.989165
1.05989
0.886268
1.15234
1.02101
1.14566
0.974939
0.870424
0.931755
0.991214
1.09931
0.978418
0.972563
1.05903
0.964085
0.904778
1.01824
1.29694
0.973762
0.908156
0.989744
0.960806
1.20204
0.89913
0.869859
1.06185
1.12337
0.95887
1.00769
0.90706
0.906383
1.11152
0.984404
1.0956
1.08038
0.875405
1.10047
0.849115
0.952463
0.833577
1.03479
1.14564
1.08189
0.97019
0.934432
0.994533
1.15122
1.10139
0.84818
0.949712
1.00349
0.931075
0.953052
0.955371
0.850564
0.888898
0.825424
0.834228
0.926434
0.794898
0.782019
0.867494
0.95539
0.92418
1.05773
1.00932
0.921545
0.834127
0.838014
0.950901
1.00501
0.964766
1.11196
0.932701
0.851735
1.13353
1.0283
0.868312
0.967927
1.09802
0.921306
0.954134
1.07332
1.00483
0.822687
1.09602
1.08778
0.974822
1.19256
1.0447
1.02162
0.953052
0.981281
0.974707
0.820557
0.981488
0.932746
1.22181
0.93022
1.10202
1.11697
0.986975
0.95009
1.01279
1.08531
1.00749
1.14999
0.849997
1.16666
1.09384
1.11825
1.12486
0.832402
0.945839
0.942243
0.963972
0.930556
0.962858
0.991043
1.00387
1.13477
1.03932
0.925041
0.965416
1.08193
1.00342
0.963778
0.970289
1.03662
1.04291
1.02333
0.975665
1.01717
0.834492
1.08133
1.0575
0.992912
1.06879
0.976049
0.85146
1.07421
1.07107
0.823269
0.999504
0.851536
1.06935
0.90953
1.12855
1.07828
1.18951
0.922245
0.947766
1.0273
0.849205
0.826413
1.16241
1.04124
1.11005
1.19934
1.11887
1.08166
0.893676
0.974061
0.883935
1.16884
1.06583
0.836116
1.13857
0.98154
0.956849
0.964859
1.08856
0.966545
0.901025
1.21094
0.877497
0.800798
0.894866
1.04818
0.902676
0.939931
1.0272
0.981605
1.00002
1.01816
1.12484
0.927075
0.944104
0.844064
0.921857
0.891927
0.915209
0.889598
1.00833
1.03174
0.959346
0.882451
0.912367
1.11857
1.05437
1.2052
0.9903
0.994426
0.985071
1.03624
0.980674
0.969589
0.897377
0.968333
0.837572
1.10764
0.922005
1.09697
0.973137
1.00304
1.0635
0.896944
1.06571
1.00653
0.953286
1.06026
1.02537
1.08811
0.99017
1.16765
0.956983
0.913581
1.23363
0.881483
1.17441
0.882282
0.947883
0.907113
1.07508
1.02175
1.05011
1.06545
1.11028
0.925343
1.06416
1.02153
0.915102
0.884684
0.952151
1.01931
1.10838
0.97669
1.02475
0.960859
0.962552
0.977664
1.1978
0.967637
0.799403
1.00732
1.14917
0.929817
0.873303
0.90577
1.01959
1.06134
0.894581
0.982606
0.962188
0.959213
1.06127
0.992008
0.983911
1.06296
0.849507
0.977306
0.943669
1.07505
1.19807
0.962701
0.981853
1.11114
1.05404
0.841074
0.968579
1.03657
0.991647
0.954617
0.895915
0.822253
0.92993
0.951895
1.0452
0.920344
1.11843
0.851721
1.08492
1.02372
0.964221
0.905768
0.969171
0.985524
0.977627
0.917532
1.11979
0.926172
1.12212
1.10294
0.814158
1.16608
1.10514
0.921635
0.871796
0.938635
0.881356
0.852578
0.998326
0.884867
0.95646
0.968444
0.883849
0.846003
1.06993
1.05184
1.09058
0.98353
1.03467
0.929401
0.97523
1.05503
1.15638
0.962528
0.950823
0.990232
0.877668
1.15463
1.10536
0.931107
0.878406
1.00733
0.759088
0.953649
0.926213
0.983444
1.07832
0.811305
1.20406
0.925201
0.897964
0.829025
1.03117
1.04541
0.983404
1.00983
0.953191
1.15176
0.918065
1.14354
1.06174
0.969491
1.07931
1.10186
1.00294
0.939698
1.08686
1.05845
0.952665
0.980933
1.07207
1.00042
1.08306
1.00883
1.01116
1.11367
1.17791
0.937919
1.12296
0.976204
0.929272
0.81311
0.974423
0.951811
0.836462
0.959713
0.963827
1.03544
1.02479
0.990684
0.982061
1.01993
1.13246
1.20701
0.873082
1.07819
0.898863
0.92286
1.00582
1.0508
0.932374
1.00283
1.04163
0.907579
0.964966
0.982542
1.06757
0.964685
1.0326
0.971121
1.05664
1.04343
0.971849
0.964382
0.882759
0.969706
1.10347
0.85325
0.748811
0.859875
0.936485
1.08688
0.814451
1.07024
0.904417
1.0032
1.04226
1.00588
1.1188
1.10274
1.07671
0.935237
0.859126
0.947236
1.03122
0.877373
1.00928
1.13536
0.8075
0.887671
1.00899
0.87144
1.21842
0.903936
1.03194
1.14784
0.938891
0.927135
1.01663
0.851659
1.06644
0.861554
1.01952
1.09842
1.07256
1.09644
1.04477
1.06777
0.956831
0.995163
0.985255
1.25038
1.02984
1.03886
1.10566
0.972197
1.08341
1.00957
0.821037
1.00672
0.957879
1.04774
1.01724
0.918978
1.08117
0.904562
1.01309
0.973947
1.04657
0.896101
0.90955
1.13853
0.957529
0.966607
0.93464
0.961171
1.02828
0.807839
1.0658
1.2727
0.871382
0.890382
1.02208
0.916484
0.922351
0.915385
0.83588
1.04778
0.932409
0.972997
0.940054
0.982425
1.06441
0.900204
0.872551
0.977197
1.05096
0.889296
0.959547
0.932024
1.01414
0.892766
0.987318
1.15862
1.07186
0.979441
1.01466
1.09618
0.889358
0.950797
1.14167
0.848735
1.03847
0.920498
1.15732
0.91333
1.09439
1.0322
0.890066
1.139
0.914856
1.05634
0.956147
0.975632
0.978374
0.99637
0.895644
1.05869
1.16359
1.07864
0.797161
1.03654
1.05452
1.01777
0.997288
1.16012
0.87911
1.07939
0.974884
0.919974
0.971482
1.04588
0.985094
1.054
0.948524
0.99568
0.989298
0.919487
0.887003
1.0657
0.804475
1.06726
0.984019
1.15878
0.836485
0.930338
1.02686
1.15008
1.05657
1.09753
1.09541
1.05381
1.07683
0.872029
1.02005
0.965289
0.880038
1.05546
1.17965
1.01665
1.02583
0.89158
0.906484
1.01651
1.17655
0.969493
0.878942
0.973893
0.848171
1.03364
1.05936
0.954269
1.11157
0.863557
1.19865
0.98217
1.0495
1.15625
0.921496
0.98387
1.03947
1.08345
0.891971
1.07365
1.05578
0.923376
0.902802
1.03521
1.1389
1.19007
1.08109
1.03012
1.10107
0.976932
1.07334
0.81308
1.13418
0.927808
1.03928
0.861568
0.9738
0.968709
1.00979
1.03502
1.02746
0.914283
1.1404
0.801369
0.951121
0.954953
1.10277
1.04007
1.00603
0.886817
0.949422
1.18269
1.11477
0.998744
1.04387
1.1039
1.01588
0.989165
0.88154
0.978411
1.02477
1.02163
0.95377
0.95587
0.907401
1.00052
1.06119
0.840252
0.924208
1.14486
0.957678
1.12803
1.01172
0.9318
0.970597
0.96984
0.925068
1.15592
0.967085
1.04824
0.909112
1.06472
1.0864
1.06368
0.946585
1.14029
0.878804
1.07355
1.03043
1.00862
0.951867
1.03414
1.03572
1.1698
0.874564
1.21296
0.803202
0.959918
0.968121
1.13083
0.97156
1.08373
0.930189
0.96149
1.0675
0.949539
1.13005
1.05175
0.929322
1.06262
0.992922
0.86924
0.988784
1.11628
1.1545
0.964463
0.826346
0.88998
0.88507
1.08567
0.942627
0.963551
0.953025
0.892862
1.11177
1.25424
1.12051
0.907683
0.912737
1.09217
0.99688
1.01817
1.05509
0.877123
1.05076
1.00641
1.03184
1.16403
0.908522
1.13355
1.15302
1.10285
0.929396
1.08764
0.864049
0.908471
0.943835
0.979632
1.04425
0.99288
0.916858
1.00958
0.954429
1.10235
0.961046
1.08609
0.8387
0.988977
1.01776
1.04772
1.057
0.887329
0.79486
1.04335
1.2052
1.05395
0.908723
0.904774
1.00158
0.985295
1.21648
0.978711
1.03104
0.978942
1.01887
0.974835
0.886841
1.10312
1.05433
1.03435
1.18083
0.985113
0.930163
1.11011
0.914895
0.967729
1.15413
1.05599
0.974009
0.979666
0.979465
0.916854
0.994914
0.924085
0.913981
1.04677
1.05429
1.19631
0.882415
0.91667
1.26395
0.942222
0.927387
0.918173
0.97962
1.07415
0.902806
1.02378
1.00606
1.10653
1.1241
0.98003
1.09368
0.971749
1.12232
0.947429
0.795158
1.06225
0.928511
1.119
1.1001
1.2276
0.982262
1.02739
1.02409
1.02713
1.0095
1.04057
1.00805
0.915194
1.10959
0.987374
1.12465
0.89061
1.07299
1.07959
0.944346
1.07393
0.930752
1.05138
1.02083
1.04472
1.09937
0.910295
0.875105
0.794145
1.01159
0.978462
0.973239
0.844988
0.980085
1.14047
0.949403
1.08881
0.954208
0.914299
0.970291
1.11202
0.991624
1.10017
0.989801
1.14882
0.965304
0.915973
1.07696
1.01447
0.816128
0.908228
0.920429
1.17837
0.834421
0.96123
1.13758
0.962154
0.941003
1.00235
0.876883
1.07675
1.00353
1.05107
1.03723
0.799393
1.06933
0.944746
1.027
1.03588
1.0901
1.03244
1.11826
1.01983
0.993948
0.851794
0.862895
0.85234
0.900357
0.828352
1.17097
0.946885
0.861239
1.03854
1.14869
0.91877
1.05076
0.959223
1.01615
0.841377
1.06297
0.95438
0.93055
0.874909
0.964022
0.92293
0.871787
1.03949
1.17641
1.01874
0.945148
1.00602
1.03409
1.0428
1.08944
0.886071
1.04194
0.887347
0.841622
0.957576
1.01067
1.01612
0.900292
1.11213
1.05744
1.24938
1.03012
1.01415
0.932993
0.963497
0.910121
0.974113
0.90993
1.08355
1.08438
0.924263
0.946949
1.04468
0.826169
1.04618
1.04654
0.949537
0.98157
0.885945
1.00502
0.982836
0.889821
1.08314
0.890611
0.913304
1.09008
0.935678
1.05364
0.883725
1.04253
0.835184
0.824257
1.25032
0.91985
1.00779
1.06371
1.05025
0.829121
0.882578
1.02287
1.04491
1.01984
0.968675
1.15634
0.905449
1.10813
1.10611
1.02633
0.938253
1.03822
0.947582
0.983544
1.02306
0.916126
1.02883
1.18405
1.0262
1.04733
0.922729
0.867629
1.11489
0.930669
1.09743
1.28158
0.930568
1.0402
1.01329
1.07306
1.02821
1.10651
0.840082
1.21416
0.967979
1.00127
1.11461
1.01405
1.28125
1.00352
1.01696
1.00346
0.936633
1.18468
1.09234
0.995417
1.07962
1.04161
0.996959
0.935899
1.16906
1.01037
1.11275
1.07665
1.07293
0.911806
0.820659
1.11525
1.14017
1.03665
1.15463
0.933688
0.931579
0.935941
0.933628
0.974193
0.997891
0.749955
0.997658
1.05977
1.01
1.28762
1.0847
1.11356
1.12759
1.06749
1.01235
1.03039
0.95018
0.997785
1.12553
0.967122
1.0578
0.954902
0.972487
0.983257
0.969135
1.08402
1.00735
0.783915
0.955525
0.866759
1.22127
1.13688
0.850744
1.00903
0.892795
1.10495
1.11369
0.9986
1.04966
1.10545
0.979922
0.892784
0.862584
1.02431
1.08968
0.886729
1.11434
0.917944
0.947243
0.938044
1.12005
0.907588
0.837282
0.927081
1.13955
1.0613
1.03774
0.898331
1.1867
0.958602
0.87935
1.00235
1.127
0.915472
1.01958
0.89313
1.11107
1.06755
1.24084
0.987422
1.08343
0.828894
0.96722
0.998892
1.07542
1.16559
0.922561
1.22554
1.03793
1.01501
0.949972
0.957235
0.893186
0.960871
0.850274
1.01028
1.17928
1.07134
1.06629
1.06644
0.931434
1.16773
0.969905
1.08302
1.00537
1.13028
0.962783
1.01745
0.938613
0.916534
0.988084
1.07686
0.933623
0.929255
0.991804
1.06442
0.953132
1.18733
1.07882
0.967871
0.843245
1.29504
1.09878
1.03876
0.834024
0.955479
1.00367
1.03738
1.11702
0.978377
1.1008
0.87386
1.08161
1.08233
0.989184
1.16229
0.95429
1.05081
0.938598
1.10231
0.945488
0.826038
0.99277
0.870962
1.07306
1.09485
0.926284
0.918096
1.1193
0.975074
0.844056
1.04985
0.961118
0.998369
0.918306
1.1522
0.88757
0.894828
0.980424
0.926773
0.991912
0.945847
0.951908
0.910046
0.984415
1.21711
0.935939
1.22092
0.915115
0.96788
0.927737
0.915701
0.890664
0.922735
1.07976
0.807461
1.06825
1.0414
1.00313
0.9317
0.904341
1.14784
1.07308
1.09016
0.82498
0.861602
0.797655
0.878975
0.993736
0.985518
0.980873
0.934358
0.865852
1.12422
1.05208
0.892813
0.849755
0.956796
0.983763
1.09078
0.939411
1.08718
0.932434
0.962785
0.992585
0.91594
0.921531
1.10184
0.993248
1.06067
0.928904
0.889291
0.984017
0.93265
0.963366
1.00006
1.06817
1.07539
1.00041
1.04809
0.9836
1.06257
1.03302
0.906486
1.01077
0.76371
1.01555
1.02096
1.06241
1.21701
1.07557
0.980937
0.990936
0.939999
1.07291
1.16497
1.09848
0.80013
1.07482
0.947466
0.985106
0.981438
1.16953
0.996693
0.94846
1.0316
0.933052
1.05875
1.10652
0.912764
0.811135
1.03866
0.874681
1.03069
1.07631
0.976402
1.30672
0.928271
1.09755
1.01192
1.08567
0.893318
1.11907
0.968301
0.910954
0.905984
1.07049
1.04604
1.15325
1.00071
0.947982
0.964584
0.952139
0.997505
0.910833
0.957885
0.885185
1.1152
0.990286
0.997088
1.0258
1.03471
1.04927
0.867207
0.999282
0.926019
1.09652
0.979167
0.940196
1.06424
1.14044
1.07726
0.875972
1.20806
0.868894
1.00301
0.94047
1.03116
0.879395
0.983761
1.1089
0.986822
0.819595
0.873462
1.00298
0.987541
0.999288
0.983322
1.05837
1.12749
0.884887
0.956053
0.808642
0.956283
0.98355
0.954767
1.06985
1.06817
1.02951
1.21544
1.04704
1.03629
1.00845
1.12652
1.04788
0.84986
0.936856
0.836732
1.12296
0.976302
0.92452
0.844685
1.06973
0.983545
1.21363
0.955628
1.1114
0.885363
1.12029
0.928363
1.15229
0.910358
1.04876
0.848447
1.03488
1.09397
0.866804
1.12033
1.00292
1.24834
1.12136
0.927225
0.987431
1.19461
0.891251
1.17866
0.963461
1.01483
1.04175
1.01596
0.925673
0.852148
1.02098
1.17699
0.856599
0.988468
1.14443
0.874224
1.2006
1.07599
1.01714
0.891102
0.951382
0.891203
1.18392
1.10756
1.08687
0.929607
1.18775
1.19495
0.872544
0.997917
0.867492
1.07068
0.895848
1.06804
0.876437
1.00314
1.05297
1.06186
0.936906
1.0506
1.06119
0.85323
0.976319
0.888442
0.989003
0.979393
1.02032
0.941809
0.970205
0.881582
0.891395
1.10353
1.10045
1.08095
0.871787
1.14819
0.933222
1.0686
0.907086
1.05004
1.03718
0.994255
1.19083
0.882081
1.03751
1.02424
1.02959
1.08408
0.891086
0.983607
1.04373
1.17079
0.697358
0.953679
0.996833
0.956959
1.16833
0.785191
1.0921
1.00343
1.02183
0.934336
0.864443
0.965521
1.15322
0.99135
1.05278
1.03878
1.08048
1.12495
0.907384
1.00385
0.961056
0.798655
1.06713
1.02733
0.98741
0.918931
1.06742
1.07658
0.784878
0.937936
0.866441
0.96875
0.940226
0.95226
1.10517
0.979333
0.955108
0.946605
0.858236
0.941021
0.972228
1.01571
1.11253
1.08305
1.05427
1.08419
1.03758
0.963009
0.990529
1.00576
1.00598
0.973548
0.971734
1.0875
1.10776
1.18435
0.994134
1.03022
1.17704
1.02168
1.24827
1.13814
0.829373
0.924537
1.06026
0.958716
1.42684
0.949287
1.01077
0.984056
1.16149
0.898285
1.07744
1.16184
1.06372
0.976168
1.00011
1.08993
0.964658
0.878258
1.00678
1.015
0.898723
0.979102
1.1066
1.21792
1.06646
1.03346
0.863453
0.952954
1.15837
0.98392
1.06525
0.97809
1.11016
0.958641
0.984922
1.04023
0.996067
1.0431
0.947095
0.812128
1.00602
1.01317
0.877678
0.783089
0.998432
1.09408
0.966521
1.10749
1.02267
1.04021
1.03437
0.963316
0.989361
1.06224
0.910981
0.908979
0.923098
0.824032
0.964185
1.08915
0.92403
0.976121
0.986954
1.06164
1.18849
0.930824
1.14498
1.06391
1.01846
1.08087
1.09927
0.881052
0.9604
1.09911
0.980828
0.991225
0.943016
0.968849
1.00993
1.20192
0.953871
0.881214
1.00028
1.07961
0.921183
1.13465
0.920009
0.732762
0.977838
1.00671
1.0341
1.18105
0.9547
0.991489
1.0049
1.03639
1.11866
0.981316
0.989521
0.944163
0.96685
1.01408
0.997061
0.944108
1.00153
1.02694
1.03559
1.03286
0.926021
0.885878
1.11917
1.13695
1.01792
0.908292
0.836095
0.975709
0.850564
0.874262
1.07704
0.722134
0.97666
0.996183
0.924853
0.990529
0.87858
1.09574
0.789918
1.02088
1.0249
1.02812
1.14984
0.84352
0.878374
1.00382
0.988559
1.10446
0.919212
0.974168
1.23497
0.991123
1.01253
1.09729
0.861223
1.08565
1.0426
1.08674
0.893822
0.830706
0.862997
1.19525
1.11503
1.03358
1.17929
0.927164
1.03627
0.806087
0.926283
0.947403
1.02214
0.963509
1.05786
0.892359
1.22779
0.878712
1.13064
1.14574
1.07632
0.904553
1.07356
1.15542
0.982987
1.10245
1.01747
0.975644
1.06929
1.15768
1.02922
1.00204
1.03893
1.12157
0.882425
0.893876
0.84734
0.9264
1.04136
0.9133
0.924964
1.00636
0.919437
1.0689
0.917846
0.827823
0.934478
0.890001
0.815989
0.968216
1.00272
0.887092
0.818531
1.08743
0.910181
1.1749
1.00451
1.02761
1.09548
1.10742
0.835074
1.16025
1.00938
1.0544
1.12151
0.919918
1.09275
0.999021
0.83218
0.927376
1.07397
0.988593
0.941498
1.05099
1.02142
0.94551
0.925599
1.00678
1.03174
0.929125
0.982679
1.06981
0.902512
0.917292
1.008
1.08889
0.864568
0.753808
0.937406
0.79011
1.07844
0.916423
0.917419
1.06795
1.08414
1.11414
1.09929
0.919368
1.23394
0.933466
0.964855
1.04325
1.07378
0.730622
1.12254
1.12737
0.910885
0.95074
1.05546
0.84999
1.06199
1.01446
0.963535
1.28805
0.959338
1.14686
0.792793
0.994355
0.885425
1.00132
0.977841
0.942771
1.10284
1.01408
1.04479
1.02406
0.882808
1.05284
1.03243
0.956225
0.919589
0.932496
0.856958
1.13848
0.902554
1.12191
0.805588
0.929958
1.05861
1.11356
0.883131
1.10625
0.858818
1.03651
0.931471
1.04279
1.16733
0.862569
0.891755
0.910764
0.946194
1.08319
1.0205
0.901827
0.974174
1.15674
1.06361
0.993153
0.931099
1.099
1.02738
1.01616
1.06149
1.15975
1.03098
0.938249
0.903004
0.926685
1.01849
1.05913
1.10241
1.1165
1.14996
1.05703
1.10835
0.990225
1.11337
0.941337
0.897048
1.11102
0.84937
0.942087
0.846833
0.777843
0.922727
1.06352
0.907603
0.960064
0.901901
1.1166
1.03616
0.674269
1.06388
0.823086
0.947023
1.12564
0.931447
1.03248
0.797837
0.993682
0.942555
0.992636
0.927431
1.05411
0.905079
1.00404
0.962062
1.01281
1.06419
0.951814
1.00001
0.8901
1.01488
0.981235
1.03246
0.976792
0.93986
0.80142
1.00129
1.08077
0.976483
0.875963
1.0535
1.05522
0.850557
0.896372
1.14231
1.18135
0.967946
0.99091
1.05982
1.14897
1.09913
1.0988
0.990916
0.94091
1.15738
1.00024
1.00322
1.10169
0.99072
1.12094
1.01429
0.777409
1.00317
0.898148
1.00867
0.951162
0.895907
1.14889
1.13765
0.828741
1.04213
1.00072
0.949775
0.997966
0.972239
1.0243
1.02181
0.988676
0.770502
1.15514
0.914236
1.16968
0.923471
0.922628
1.09424
0.975052
1.04066
1.11854
0.909892
0.888146
1.19613
1.01806
0.978918
0.83411
0.880354
1.03534
1.18761
1.08435
1.08996
1.0335
1.07275
0.99779
1.02677
0.996854
0.831284
0.914259
0.844012
1.07423
1.08947
1.07019
0.912714
0.943659
1.15226
1.039
1.05192
1.01397
0.998579
0.936786
0.968278
1.06929
1.08322
0.958328
0.963942
1.06446
0.996525
0.857329
0.932927
1.2674
0.959942
0.969155
0.879412
0.891457
1.01835
0.845782
1.11355
1.122
1.08023
0.995514
1.01106
1.06742
1.05222
1.00564
1.01414
0.852148
1.01248
1.05098
0.990023
0.950931
0.922299
0.899014
0.956503
1.0681
0.982056
0.953444
0.922822
0.863148
0.965399
1.09195
0.980586
0.836343
0.837507
0.911077
1.16768
0.929008
1.02765
0.859769
1.08642
0.910098
0.986574
1.0206
1.04893
1.00892
0.852082
0.987945
1.08393
0.862484
0.865009
1.07927
0.996476
1.22453
0.955571
0.942555
1.01387
0.891666
1.15058
0.983428
0.996421
0.947149
1.00376
0.986437
1.09299
1.2377
1.17718
1.0305
1.07948
0.826419
1.10792
0.904687
0.787806
0.896606
0.860966
0.957762
0.957823
0.965396
1.02143
1.01033
1.03573
0.89453
0.955555
0.966558
1.00028
1.07065
1.02381
0.883485
0.908186
0.995785
0.948751
1.10819
0.907563
0.999968
1.00276
0.764949
1.04481
1.11151
1.09759
1.10511
1.0965
0.969391
0.938895
1.01367
0.97479
0.89518
1.08894
0.915536
0.868116
1.06785
1.00927
1.12072
0.827423
0.887931
1.03964
0.930546
0.917115
0.880526
0.979024
1.04659
1.00413
1.133
0.958535
0.858826
1.21428
1.07816
1.00927
0.921858
0.917757
1.15524
0.911158
0.885077
0.91782
1.04338
0.967366
0.913792
1.14888
1.22625
1.04667
1.00872
0.897925
0.950207
1.01229
0.96946
0.937664
0.78057
1.33878
1.0598
0.903402
0.938618
1.02153
1.0221
1.14182
0.847396
0.937856
0.960889
1.0293
0.9635
1.00008
1.30922
0.998152
0.946057
0.988043
0.983742
1.02005
0.886146
1.07617
1.0016
0.953571
0.878127
0.884175
1.04092
1.11412
0.910752
1.03319
0.864279
0.965946
0.957893
0.997432
1.22097
0.871812
1.08986
0.962115
0.949983
0.893098
1.15856
1.04021
0.800748
1.02277
0.932892
1.0922
0.919884
0.87379
1.08798
1.01962
1.00861
1.05781
1.0789
0.853604
1.10241
1.01514
1.03591
1.04354
0.979267
0.836222
1.11207
0.909765
0.884785
1.0618
0.94214
1.15007
1.06879
1.04526
0.972816
1.00926
1.01828
1.22057
1.13252
0.900699
1.08431
1.09632
1.0302
1.06179
0.996995
0.891548
0.904679
1.19002
1.04598
0.975627
0.914457
1.16031
1.07471
0.911034
0.91707
1.02327
0.855368
0.899347
1.03236
0.96908
0.890667
1.01638
0.998194
1.16281
1.01777
1.0445
1.02711
0.913834
0.979274
1.0458
0.950753
0.701384
1.06431
1.07405
1.06229
1.04294
0.919642
0.998715
0.843038
0.935647
1.0721
0.995648
0.948552
0.936371
1.28203
1.17235
1.01467
0.84133
0.932399
0.990019
1.03215
0.937227
1.01067
1.00872
0.939278
0.95726
1.06329
1.15097
1.21608
0.989445
0.99667
0.890105
0.883906
0.938459
0.967719
0.956045
1.00997
0.888347
1.0339
0.995772
0.906351
0.98566
1.14728
1.04682
0.892454
0.866751
0.895543
1.07708
1.06988
1.13492
0.8609
1.25651
0.88276
1.01332
0.96237
1.05379
1.01656
1.05445
0.994797
1.06755
0.902411
1.02884
1.08929
0.978892
1.18666
0.930785
1.08224
0.911107
0.990645
0.989943
0.985114
0.997265
0.956837
0.993344
1.00255
0.959429
0.963454
0.862693
0.799675
0.914196
0.811483
0.850134
0.844041
1.02599
1.01034
0.890409
0.850507
0.976102
1.03117
0.984822
1.10675
0.985442
1.18932
1.09436
0.995148
1.04623
0.897641
0.91153
1.06321
1.13907
1.05028
0.973893
0.895072
0.957786
0.927731
0.95558
1.03447
0.894796
0.957375
0.905239
0.978658
0.977064
1.03867
1.13069
1.17588
1.12174
0.906165
0.93384
0.858815
1.03066
1.00353
0.967017
1.09793
1.11123
1.03668
0.883692
0.974326
1.1272
0.924163
1.00991
1.03734
0.957105
1.01353
1.19377
1.00585
1.11295
1.01156
1.02389
0.963095
1.00239
1.01624
0.936432
1.13194
1.23307
1.08942
1.12888
0.872811
0.898778
1.03749
1.11839
1.05771
1.0724
0.836314
0.956839
1.05196
1.01075
0.96883
1.06315
0.899121
1.07116
0.939089
0.855834
1.03392
0.886165
1.093
0.958257
1.14307
0.918677
1.06058
1.21517
1.22218
0.911646
0.933658
0.979676
1.04559
1.06414
1.02095
1.29502
0.990023
1.05
0.915972
1.09494
0.944227
1.08097
0.945711
0.948994
1.11068
0.938737
0.999054
0.929674
1.08165
1.02334
1.05466
0.970874
1.01888
0.957216
0.945996
1.02922
1.12807
1.10472
0.983229
0.981765
0.964821
0.983521
1.0083
0.898317
0.948695
0.935015
0.921319
0.935719
1.05259
0.906816
0.986067
1.10535
0.905639
1.07045
1.07135
1.00691
0.955885
0.930898
0.938422
1.21803
0.84881
1.01289
0.975556
0.861644
1.22157
1.00924
1.13607
1.05167
0.969551
0.913957
1.10451
0.857
0.875291
1.01484
0.930822
0.914125
1.13761
1.16297
1.03653
1.00534
1.04125
0.935776
0.903582
0.992153
0.869693
0.923854
1.0317
0.92236
0.8975
1.04109
0.973193
0.894192
0.956746
0.946391
0.956316
1.01397
0.988475
1.05357
0.954669
1.12281
0.849039
1.05252
0.774938
0.909273
0.9143
0.994106
0.893131
0.968557
0.987191
0.808698
0.716994
0.911078
1.05823
0.94538
0.938405
1.06726
1.0713
0.968604
0.987824
1.02011
1.00691
0.885394
0.950114
1.04468
1.05232
0.928422
0.872373
0.945751
0.948733
0.96082
0.979825
1.04362
0.93665
0.958915
1.15369
0.894838
0.989739
1.13051
0.975575
1.00711
1.05607
0.88934
0.878297
0.953146
1.06277
0.957625
1.01574
1.1679
0.79876
0.960981
0.787405
1.00131
1.16592
0.97664
0.996989
1.11744
0.983076
1.06095
1.0155
0.98911
0.885854
0.942361
0.992843
0.930188
0.936602
0.830153
0.987157
1.12714
1.04901
0.986717
0.980202
1.03266
1.23376
1.02991
0.91729
0.937764
1.10597
0.928689
0.909806
0.994026
0.903155
1.03082
1.07024
1.13619
0.870171
0.983067
1.14774
1.0716
1.05001
0.980848
0.954545
0.952398
0.772768
1.00959
1.01148
1.11492
0.945465
1.04653
1.07061
0.785496
0.999688
0.96203
1.00431
1.16875
0.875309
1.1077
0.886889
1.04854
0.949567
0.923807
1.08901
1.01668
1.18444
0.921134
1.07929
1.16165
1.00422
1.00953
0.985212
1.00827
0.91931
1.06682
0.990466
1.04119
1.07388
1.01848
0.952119
0.990307
0.970397
1.02922
1.291
1.0024
0.971691
1.01805
1.05304
1.00311
0.995467
0.952933
1.2433
0.908083
0.998174
1.05821
1.07719
0.971835
1.16296
0.981616
1.04094
1.1995
1.13304
0.99902
0.985507
1.17943
1.04774
1.14986
1.21457
0.910994
0.89144
1.05344
0.984256
1.14226
0.984586
1.00286
0.89136
0.793602
1.18157
1.03463
1.03367
1.03824
1.06406
1.04801
0.835416
0.835283
1.10359
0.986124
0.917619
0.983213
1.02841
1.14624
0.986991
1.17032
1.12272
1.12182
1.0188
0.838616
1.14057
0.923159
0.95317
1.12328
0.918011
0.939957
1.03492
0.953686
0.993202
0.744886
1.10257
1.01989
0.922189
0.933219
0.948915
1.07188
1.07237
0.850451
0.894031
0.906957
1.07772
0.935972
0.851062
0.985752
0.782476
1.07482
0.971261
1.1804
0.928776
0.974004
0.835255
0.992204
0.973592
0.868438
0.822402
1.06523
1.10039
1.07066
0.989881
0.993194
0.925217
0.796562
1.12675
1.02409
0.988093
0.986399
1.05113
0.775563
1.1026
1.00661
0.885292
0.907509
1.0171
0.802059
1.11526
0.959576
1.0451
0.968344
1.02124
1.13847
0.982862
0.998736
0.961237
1.01939
0.953393
0.842053
0.97806
1.16463
0.829284
0.903445
1.16486
0.896874
0.841846
1.05555
1.01829
0.940946
0.847152
0.885497
1.07757
1.07163
0.867708
1.08223
0.994895
0.823202
1.04094
0.965047
1.11243
0.926211
0.986176
0.944446
0.899939
1.00952
0.975873
0.9386
0.91661
1.03155
1.15026
0.999227
1.16999
0.987779
1.13924
0.877305
1.08403
1.06979
1.02833
1.05219
1.01377
0.905245
0.981225
0.950133
0.880358
0.899014
1.0868
1.07724
0.928079
0.985551
1.07594
0.941234
0.841384
0.960537
0.963252
1.12515
0.805422
1.00763
0.947055
0.862487
1.02534
0.999604
1.05844
0.929684
1.00463
0.935309
1.02717
0.989132
0.896037
0.974882
0.983731
0.929859
1.07911
0.982241
1.00331
1.02878
1.1122
1.07602
0.898077
0.998034
1.05757
0.994653
0.825855
0.976656
0.876707
0.982655
0.991197
0.951885
0.848186
0.809329
0.969186
1.06734
0.976386
1.05314
0.938747
1.0383
0.952078
0.815698
0.988308
1.08001
0.948968
0.816523
1.0172
0.893152
0.984875
0.936699
1.14437
1.15829
0.859859
1.02294
1.01333
0.940015
0.911321
0.873406
1.11086
1.0197
0.882498
0.762815
0.838658
1.14996
1.00476
0.938894
1.15881
1.08531
0.970821
1.04798
0.937442
0.955125
1.04717
1.1051
0.930981
1.21396
0.913804
0.842624
0.929785
0.910073
1.00166
0.842763
1.02452
0.952989
0.835428
1.05873
0.903096
0.819016
1.03362
1.11173
0.944258
1.05996
1.00967
1.04888
0.985853
0.946408
0.949833
0.91364
0.898066
0.928702
1.0886
0.901096
1.04054
0.977452
1.07209
0.964331
1.0049
1.00798
1.08125
1.02153
0.888014
1.02844
1.12605
1.22881
1.00947
1.01174
1.25921
0.877293
0.899139
0.911762
0.969244
1.10964
0.995062
0.934288
0.88649
0.995027
1.23978
1.04138
0.793471
0.816554
1.02875
0.801928
1.12251
1.0107
1.09856
1.04592
0.930595
1.16612
1.06609
0.950488
1.16936
0.906415
1.10296
0.889268
0.9709
1.05896
0.790491
1.0558
1.18352
1.00602
0.99972
0.847518
1.214
0.959479
1.2144
0.963264
0.867354
0.961511
0.962178
0.92984
1.12341
1.02514
0.957723
1.04016
1.08244
1.03371
1.08818
0.997123
0.941802
1.1864
1.0274
1.092
0.95077
1.08666
0.940113
0.929162
1.09382
0.956831
0.96069
1.13335
1.15293
0.927878
0.993145
1.11588
1.07163
1.00685
1.07462
1.00651
0.969526
0.878204
1.02111
0.937451
0.923192
0.831735
0.875079
0.912441
1.00226
1.01011
1.00693
0.956092
0.888231
0.880915
0.997413
1.02474
0.894732
1.02362
0.931771
1.04387
1.13021
0.957952
1.06833
1.17154
1.13983
1.29068
0.963651
0.913558
1.1454
0.722719
0.944772
0.981666
1.12203
0.931324
0.987692
1.11339
0.941987
0.911133
0.990665
0.940203
0.884254
0.890143
0.958913
0.926055
1.11285
0.947239
0.779197
0.974153
0.890387
1.12501
0.833336
1.0329
0.950377
0.993635
1.00325
1.08899
1.03406
1.2343
0.864567
1.0245
0.985112
0.829096
0.971194
1.01524
1.03426
1.05633
1.03996
1.20201
0.94193
1.0855
0.956851
1.04379
0.77639
1.13863
0.826235
0.823839
0.898557
1.0426
1.15003
0.852273
1.03963
0.956485
1.13486
1.06182
1.08346
0.964993
1.00473
1.11069
1.0697
0.972748
1.136
0.972565
1.20103
1.13833
1.03397
0.946901
0.907553
1.05585
1.07463
0.965181
1.02827
0.902359
1.01873
1.07379
1.01332
1.04169
0.990345
0.977366
0.789753
1.00717
1.01241
0.906298
0.95661
1.02555
0.875315
1.01284
1.12253
0.959847
1.07323
0.990691
1.05749
1.05916
0.944671
1.21697
0.960348
1.04402
1.03169
0.965838
1.11861
1.12475
0.798213
1.27601
0.781188
0.891067
0.868457
0.935195
0.942626
0.872375
1.11094
0.687193
1.17095
1.17199
1.08985
1.12718
0.879257
0.997659
0.903811
1.02684
0.852491
0.925175
0.96256
1.01062
1.05203
1.07542
0.956149
0.990788
0.931885
0.926801
0.987738
1.02309
0.989626
0.882591
0.950817
0.844639
1.00928
1.05445
1.05537
1.00689
1.08616
0.958031
1.08898
0.887882
0.989576
1.04082
1.01981
0.956764
0.918727
1.0713
1.1596
0.974485
0.913348
1.04548
0.964379
0.991956
0.865892
1.09468
0.954386
1.12297
1.00279
1.01677
0.945286
0.970325
0.863561
0.918514
0.925592
0.821012
1.16883
1.02727
1.2981
0.899617
1.05445
1.02735
1.10195
1.00595
1.08713
1.00144
0.923359
1.0185
1.14325
0.872202
0.907488
1.01047
1.14587
1.27652
1.17697
0.972932
1.12091
0.998864
1.0673
0.988694
1.02034
1.00831
0.93711
0.956277
0.886005
0.805836
1.06439
0.928255
1.08525
0.924336
0.989929
0.952303
1.00539
1.15165
1.07171
1.07118
0.948115
0.982252
1.06885
0.918247
1.20862
0.973017
0.983115
1.09094
1.07141
0.798782
1.00403
1.16554
1.01884
0.958347
1.10768
1.06453
1.03853
0.910706
0.981951
0.91567
1.06604
0.830646
1.27366
0.882698
1.07345
0.858007
0.955137
1.11695
0.870561
1.24772
0.806304
0.991393
0.954635
0.935356
0.943768
0.884333
1.1415
0.964828
1.08009
0.990535
0.987901
1.03132
0.994153
0.995595
1.0286
1.02332
0.922149
0.885298
0.995313
1.01323
0.933112
1.23055
0.967233
1.08739
