0.130849
0.186231
1.30804
0.402219
0.648393
0.848246
1.22088
0.0899326
1.06717
2.35898
0.464413
1.81135
1.49632
0.0213642
0.184313
0.849658
0.327439
0.789345
0.0174531
0.875098
0.0668269
1.40508
0.265473
0.214795
0.679691
1.41078
0.65227
0.681732
0.298263
0.273474
0.638274
0.879277
0.959223
0.868616
0.0876886
0.173472
2.68627
1.40263
0.69687
0.0245837
1.15838
0.461005
1.05542
0.24061
1.13438
0.103379
0.128925
1.13986
0.86102
1.83261
0.0542036
0.604235
1.45143
3.5155
0.256325
5.22329
2.51152
2.81134
1.67817
0.0181053
0.143644
0.0549627
1.24975
0.118532
4.2319
0.509197
0.318487
0.289504
0.772516
0.331554
0.656872
0.00590262
0.241713
0.0180205
0.121327
0.795229
0.299792
0.151377
2.32546
0.146058
0.273905
1.78202
1.38139
1.01919
0.224668
0.17328
1.12372
0.0663717
0.510678
0.395799
4.30208
0.42042
0.574275
0.0291159
1.86929
0.747527
0.858075
1.92213
1.20955
1.88426
0.328427
2.7573
3.03198
2.59311
2.13642
0.343082
1.52291
0.0112067
1.77329
1.97437
1.34175
0.15639
0.301691
1.94283
0.793632
0.0922379
0.886498
0.977176
1.21938
2.90327
0.417997
1.4273
0.0402137
0.948839
0.239694
0.685747
1.82326
4.868
0.0582323
0.0810128
0.0909209
2.59589
1.57532
0.115288
0.425158
1.70404
0.582574
2.75881
2.4787
0.0504079
0.0811244
0.314088
2.32664
1.12972
1.73886
1.03883
0.207556
0.299432
0.061966
0.141377
0.0130448
0.475173
0.1643
3.79873
1.73707
1.4441
5.19409
2.22354
0.590971
1.27864
0.912317
0.285616
1.4201
0.596703
0.684801
2.1847
0.444726
0.160329
1.57836
0.331077
1.65573
0.832507
1.19834
0.920436
1.35671
1.03975
6.5086e-05
1.06862
0.351494
1.0757
0.978939
0.997003
0.117002
1.66694
0.524305
2.89651
1.25252
2.01941
2.15794
0.209922
3.48788
0.290718
0.403283
1.95117
1.60095
3.00251
0.96271
0.162167
0.773713
0.3411
0.776863
0.470891
1.08735
0.180066
0.201868
0.00860976
0.555085
0.0370704
0.234129
0.0331522
0.395059
0.230618
0.718757
0.633703
0.734609
0.924513
0.0543469
0.841008
2.3409
0.035047
0.346097
0.901895
0.25703
0.186575
0.0786891
0.125436
0.0169519
0.541567
0.138319
1.08639
0.423809
0.224682
0.0654232
0.0228029
0.810221
0.647546
1.39207
0.00272649
0.494923
3.43997
0.624193
0.226929
1.71552
0.521997
2.72767
0.13409
2.82011
2.59177
0.933039
1.58972
0.340768
2.28354
0.380926
0.678492
1.33643
0.323588
0.414899
0.686508
1.43617
0.728633
0.828277
0.212107
1.10035
0.363614
0.137599
1.19383
0.673422
0.777363
0.570506
1.0844
0.707627
1.25805
0.49148
0.115074
0.0152704
0.442988
0.257876
0.589726
0.454545
0.436604
0.5238
0.0977599
2.76626
1.0803
1.48996
1.07875
0.12239
0.22324
0.918097
0.492372
0.838908
0.131268
1.36288
0.953366
1.59909
0.792314
0.00995528
0.413997
0.764943
0.309808
0.362479
0.894306
3.12654
1.10417
6.02932
0.0663184
1.52988
0.837361
0.51745
0.491513
0.185814
0.178286
2.07992
0.370542
0.154573
1.2498
2.14302
1.29638
1.12141
0.60912
1.91768
2.50065
1.0082
0.193579
0.524485
0.0514817
2.08691
1.09695
0.150184
0.0353417
0.0436977
3.37493
1.89772
1.02795
1.66319
0.26683
0.309162
0.289848
2.37746
0.900785
0.106655
0.325973
0.165301
0.371735
1.57934
2.58007
0.0716882
1.75932
0.878604
2.30982
0.278419
2.98
0.563073
2.0575
0.164842
1.965
1.2927
4.21151
1.53278
1.04477
0.328351
0.863548
3.30698
2.99728
0.713976
0.496958
0.405237
1.17599
0.613491
1.88272
1.173
0.71357
2.58117
0.834031
0.781355
0.123158
0.981527
1.11956
3.55706
2.45496
0.749597
3.01768
0.213802
2.54742
0.109391
1.48078
0.593135
0.102001
1.27172
0.538228
0.713568
0.482603
0.24933
2.49491
0.268631
0.225414
0.42217
0.470185
4.14283
4.2627
0.274943
1.53153
2.3751
0.202665
0.212684
0.101084
3.30741
1.02268
1.82515
0.830048
0.0139543
0.43496
1.15944
0.588677
1.11753
0.428121
0.596208
0.0766335
4.02638
0.454984
0.881701
5.76052
3.45546
0.715092
6.01582
0.656584
0.313782
0.122259
1.95376
0.084926
0.148597
0.637783
0.816099
0.147735
0.0866025
0.474477
0.0794044
2.16939
0.450792
1.4136
0.313356
0.308999
1.09677
2.25121
1.01615
0.281881
0.0647342
1.49058
0.680397
0.690399
0.19253
1.81172
2.384
0.214067
0.332005
0.633578
1.00939
0.49685
0.717773
0.36603
3.75808
1.21368
0.721182
0.910988
0.347866
0.172423
0.124748
1.12777
0.160056
0.520738
2.28679
2.48554
0.683017
2.21549
1.16623
0.143015
0.658386
0.311081
0.988265
0.923884
0.994881
0.701963
0.0680555
1.78178
1.47933
0.587942
0.751734
1.31278
0.536812
0.811193
0.107456
0.68639
0.179117
1.0337
0.376891
0.781281
1.19126
2.61836
0.269909
0.253144
0.372409
0.470135
1.54828
0.950384
0.278701
0.16544
1.21328
0.786847
0.531653
0.668806
0.497847
1.71907
1.65571
2.14117
1.67427
0.916843
1.52686
0.414037
2.80195
0.273342
1.08862
1.03271
0.929105
0.618558
1.18292
1.55762
0.0791726
1.54659
0.867028
1.03514
0.337497
0.341709
0.154336
0.0602655
0.124166
0.774022
1.6873
2.3882
0.428529
0.106078
2.70542
0.246089
0.247379
0.194513
0.000519761
0.674947
0.0274248
0.541443
3.57496
1.54872
0.845132
0.0392925
0.0666161
2.96694
1.84355
0.0553001
0.0680066
0.74455
0.26692
1.03051
0.359537
0.81637
0.444702
1.05266
0.99671
0.0787444
0.951574
0.574509
0.766628
0.089743
0.0259293
0.597348
1.30389
1.00078
0.109511
1.61666
2.70005
0.126655
2.88891
0.00569726
0.945118
0.238593
0.555229
0.105561
0.692056
0.134172
1.5877
0.352424
0.852369
0.742005
0.497512
1.2651
0.715939
0.722416
1.40946
1.59482
0.36392
1.25919
0.475007
1.05593
0.258204
4.79905
0.2518
1.10937
0.194332
0.803735
1.12619
0.318421
0.10781
0.665809
0.560684
0.310223
2.53079
1.35121
0.0469487
0.41989
0.518798
1.71552
0.943257
0.789433
0.0182403
0.333565
0.365017
0.397416
1.1075
0.166111
0.338127
3.03036
1.48118
1.43503
0.852741
0.465514
1.23449
0.00237417
0.564421
0.898097
0.721015
0.677185
2.45439
0.135963
0.0589467
0.46526
1.70329
0.426595
1.12001
0.525997
0.806954
1.89206
1.06753
0.191241
1.11893
1.27425
0.84599
0.554364
0.86797
1.96223
0.428157
1.29409
2.36948
2.50677
1.04699
1.7102
0.0871235
0.839131
0.374461
1.01662
1.0411
1.18011
1.04049
3.19496
0.0745759
1.6951
3.12479
2.12318
0.908156
0.0152137
1.22683
0.459806
0.182466
0.324718
3.71958
0.24394
1.51926
0.937636
1.54169
1.38467
0.075575
0.0736546
0.352263
0.805244
1.1494
1.36593
2.18597
0.170529
0.131034
0.986064
0.560005
0.0210583
0.605797
0.809354
0.950912
0.0147995
1.67325
0.115676
0.506265
1.80374
2.47131
0.445147
0.385625
0.113439
0.180271
0.629725
1.98507
0.147428
0.504623
0.274177
1.4259
0.0491278
0.0111812
0.42101
0.336933
0.117352
0.113649
0.232098
0.71003
0.0543276
1.69296
1.15019
0.0785431
1.2478
1.20508
2.35899
1.18067
0.0950589
0.812109
2.785
0.742926
0.37232
2.77802
1.66149
0.870374
1.11788
0.389307
0.279678
0.047709
0.584268
4.29268
0.399656
0.578122
1.12793
1.71482
2.08253
1.28476
1.39349
1.32514
0.122657
1.28835
1.04802
1.31731
1.02923
0.666059
2.81819
1.39264
0.245024
0.17583
0.0666979
0.0393951
1.17987
0.515996
0.346286
0.0270754
0.653217
0.74835
2.38489
1.60703
0.534637
0.626616
5.32474
0.598065
1.56971
0.0818088
2.14451
1.07866
1.72365
0.0436035
0.060952
0.176734
0.578413
0.628837
0.377107
0.482147
2.31966
1.29209
0.220678
0.413799
2.14914
1.20153
0.897599
0.0829595
3.11947
1.11904
0.640768
1.45447
1.72472
0.302742
1.16752
0.683415
3.19866
1.45492
2.73488
0.993549
0.393838
1.86821
2.25619
1.12848
0.4781
2.02187
1.78392
0.426603
0.291641
0.370182
0.715813
1.13698
1.44445
0.393162
0.271967
4.34092
3.26556
0.59125
1.2046
0.826461
1.16565
0.64107
0.19694
1.71745
0.951052
3.08658
0.194709
1.97255
0.550864
0.399887
0.663127
2.39159
0.069777
0.853633
1.44836
3.22827
1.72498
2.94058
1.2214
0.295034
0.697715
1.55915
0.196497
0.436979
0.801802
2.93956
0.581185
0.0311336
0.67418
1.21563
0.998287
0.980567
1.93968
1.0138
0.563953
0.980128
0.296542
1.34091
0.0767612
0.193434
0.689001
1.6906
1.0112
2.25327
0.382947
1.09907
3.51948
0.247091
0.629764
2.00971
0.511936
1.88094
0.892121
0.139163
0.94989
0.41379
0.525974
0.0686781
0.839665
0.243948
0.465447
0.334786
3.09124
0.0631322
0.703574
0.183276
0.150197
2.49573
0.507018
0.697787
2.17972
0.331333
1.59993
0.271033
1.27848
0.213815
0.411694
0.157393
1.49704
0.172033
0.934845
0.749287
0.948209
0.514872
1.53232
0.439926
2.01181
0.112995
1.64607
1.13672
2.31368
2.213
1.77463
0.725974
2.6065
2.71989
0.326829
3.882
0.5581
0.111027
2.05286
0.879619
0.224381
1.51851
1.82616
0.808356
2.00863
0.294938
0.235352
1.90317
0.434417
0.856459
0.46236
0.527242
0.743452
0.193142
0.583142
1.68483
1.02861
3.66162
1.34079
0.0347978
1.42134
1.48147
0.571255
2.17254
0.120942
0.509048
0.483398
2.51809
0.0971545
0.621252
3.29147
0.457563
3.19443
1.17563
0.228147
1.56264
0.390245
0.401089
1.51339
1.55494
1.04839
0.179272
0.761825
0.909968
3.22118
0.500443
0.0625665
0.093649
1.23945
0.452299
0.938583
0.490437
0.510881
0.378774
1.19953
0.415293
0.322411
1.33816
5.86035
0.0585967
0.217866
0.189506
4.4095
1.43076
1.38605
0.838369
2.40551
1.12438
1.18747
0.662209
1.07814
0.986725
0.0334025
0.0288134
0.328635
0.875668
0.181298
0.878697
0.154485
0.37876
1.70983
0.0285983
1.74949
1.51826
0.371433
1.04907
0.277286
0.255764
0.687728
0.927954
0.134399
0.287285
1.55269
0.219402
0.221069
0.912558
0.110451
0.0821941
3.38576
1.65576
0.0327851
1.2644
0.363765
0.415679
1.12
2.39408
2.34074
1.87472
0.257781
0.279862
2.1726
2.21419
0.130792
0.268147
0.0853673
1.84774
2.02163
0.125022
0.76064
2.19199
0.888012
0.659206
2.32185
4.04218
1.46137
4.37359
0.00395775
2.51938
1.60546
0.0512972
0.140884
0.43329
1.70923
0.179214
0.175818
0.00035801
1.2002
0.126811
0.604881
0.226056
0.12517
1.8182
1.16657
0.889911
0.119757
2.44837
0.399414
0.948108
0.501481
0.490862
0.210466
2.41802
1.33065
0.432
0.402283
0.651799
2.03884
0.0304097
0.725196
0.169235
0.182831
3.27457
1.98782
0.265446
1.83213
0.471908
2.1384
1.27619
0.102751
0.216399
0.400893
2.60469
0.477529
0.14989
0.654398
0.0714674
0.0618088
1.42543
0.61084
0.497702
0.893441
0.175854
1.99144
0.00550251
0.532766
0.824983
0.659656
0.0915193
1.55225
0.256909
0.527732
0.24232
0.540823
2.47142
0.622564
2.20525
2.66254
1.19231
0.958309
1.36428
0.489426
0.287921
1.72291
1.05206
0.579239
2.35149
2.04441
1.51568
3.22296
0.363723
1.07187
0.95235
0.432036
0.613413
1.14397
0.802599
0.801845
2.68701
0.135109
2.81611
0.568678
0.118737
0.119068
0.624696
3.32258
0.0536701
0.547311
0.738762
0.937291
1.25495
0.455568
1.14419
0.0349206
0.0516708
0.88745
0.038281
0.809435
2.1447
0.125176
0.318837
4.85145
2.90214
0.675085
1.34538
3.26486
0.685872
0.310831
1.53615
3.369
0.0418302
1.67116
2.16374
0.387221
2.37263
0.358542
0.940456
1.41371
0.580837
2.97333
2.10388
0.894999
1.67212
0.533588
2.27385
1.0157
1.55915
0.0979361
0.248242
0.500117
0.174886
2.50207
2.30724
0.655354
2.64771
1.03222
0.192856
1.15868
0.160867
0.39799
0.994278
0.0383884
1.35902
0.508216
1.1787
0.0951137
0.521668
1.3255
0.642648
0.989312
0.544477
1.24464
0.812702
0.215494
1.55487
1.72541
0.0465056
2.00494
0.87784
3.68795
0.0211591
0.284497
1.86192
0.0165522
2.56981
0.45935
0.37143
0.485573
0.245183
1.29472
5.00124
1.68971
0.208458
1.08013
2.1974
0.0250119
0.761613
0.178215
1.22533
0.496848
1.1333
1.02611
0.521862
1.42336
1.81801
0.937673
0.868561
0.00224277
1.40104
0.162632
1.12231
0.458355
2.90338
2.10774
0.0843091
1.00912
0.0117699
0.216287
1.94342
1.24857
0.0157802
0.847241
2.91453
1.05168
2.02171
0.57457
0.299002
0.749492
1.31931
0.746792
1.43664
2.84045
0.239451
0.598384
0.175836
1.03014
0.0363227
0.0729243
0.0607323
0.435766
0.604107
0.156827
0.412185
0.182241
2.85065
5.39188
0.521851
1.29709
0.155682
0.875456
2.59153
0.229511
0.828611
1.30926
0.649911
0.0275696
0.180623
0.149608
1.22058
0.361729
1.59232
1.06074
1.54925
0.748787
2.48491
1.089
0.726011
1.34242
0.467223
2.34089
2.51555
3.52533
0.448437
2.73351
0.720972
0.272092
2.90083
0.457104
0.581694
0.0417431
2.38231
0.272167
0.346171
0.806342
1.23655
1.83661
0.549745
0.326829
0.101409
0.547761
0.71273
0.963849
1.23767
0.821676
0.665071
2.04326
1.87171
0.248644
0.830834
1.41334
0.480692
0.601223
1.05644
0.556192
0.935728
0.00540007
0.149316
0.857929
0.200032
0.831079
2.41907
0.0195498
0.215591
0.589005
3.03937
1.62926
0.217347
0.185672
0.456209
0.38511
0.31817
1.60327
2.95204
0.446006
0.715323
4.17985
0.126772
1.20445
0.795592
1.47475
0.369632
0.599332
1.73209
2.1981
0.927418
0.968961
0.720381
3.52831
0.213748
0.512908
0.298514
0.415178
0.0123481
0.703536
0.349834
0.0862848
2.01774
0.33632
1.24685
0.670405
0.975304
1.06273
0.987322
2.05851
0.0668455
0.267894
0.147439
1.23584
0.533063
0.688045
0.26366
0.0710324
1.48981
0.740051
0.147326
2.47682
0.129571
1.19903
0.0161118
0.0609306
0.607047
0.235466
0.0202951
1.00646
0.113645
0.321374
0.507621
0.152221
1.16282
0.271798
4.37091
0.411791
1.60692
3.20194
1.57228
1.73272
1.09045
0.538479
0.787565
0.0114021
0.353539
0.827503
1.77875
0.451116
0.862664
1.27727
0.526672
0.412921
1.51524
0.0455772
0.278628
0.440307
3.69016
1.44082
0.200076
0.251578
1.4238
0.494966
0.646289
1.38158
0.55687
0.142018
2.17093
1.10406
2.87489
0.263954
0.127161
0.171067
0.704725
0.993846
0.110113
0.28206
0.659645
0.516751
3.79591
1.65717
3.24975
0.144949
2.01122
0.748073
1.2193
0.417555
0.268858
1.6355
0.285605
0.0265591
1.31006
4.20714
0.105355
0.464617
0.867745
1.22258
0.106941
1.16802
0.786375
2.06092
0.325922
0.720461
0.4347
1.2397
1.26007
1.17052
0.306007
0.828121
2.05271
0.581028
1.97761
2.11038
0.335489
1.15199
2.19864
1.43246
3.45695
1.2093
1.705
3.3847
0.115097
0.0495418
0.114274
1.71406
0.770519
0.209061
0.751509
0.744879
0.39588
0.889926
0.738966
0.211902
0.738574
0.19753
2.96485
2.42901
0.525142
0.651632
0.676684
1.42093
1.64958
0.0379599
5.98156
1.51783
4.07641
1.62923
0.811532
0.611677
0.0883415
2.03734
0.963133
0.76004
0.396974
1.57061
0.175409
0.199401
1.58315
0.0779243
5.01621
4.22069
2.12272
2.15087
3.84135
0.706553
1.59658
1.6148
0.0457074
0.361361
0.719213
0.466815
0.674337
0.293093
0.175956
1.87171
2.16015
2.21647
3.78594
0.394856
1.21575
0.323122
0.863903
0.6798
0.267373
0.928232
2.61935
2.35929
2.00514
0.29095
0.342084
0.175039
4.47174
0.2039
0.248159
0.0988589
2.05227
0.736517
0.128394
0.865255
0.0799924
0.382956
1.71573
0.119421
1.14744
0.240902
0.284178
0.651079
0.840568
0.208151
0.80862
0.807409
0.723779
0.12167
1.04851
0.62765
0.805076
1.28714
0.225729
0.580723
1.7544
1.41296
1.87426
2.59837
1.39715
0.114041
3.40071
0.0132746
0.202356
0.375109
0.657232
0.421652
0.0450618
0.381981
0.267396
0.125086
3.55568
1.57579
0.875007
0.678347
0.104075
1.1947
1.21472
0.76105
0.993286
4.04664
2.48834
0.4157
0.236894
1.07973
0.604878
0.726244
0.80466
0.496553
1.3675
0.64272
0.0334203
1.20436
0.427862
0.219222
0.180559
0.325071
0.711811
0.139572
0.549199
2.15111
0.271833
0.286636
1.49538
0.727333
0.653643
1.21201
2.18259
2.87813
2.42917
0.727964
1.49624
1.42452
0.290709
1.65124
0.237108
3.26395
0.571374
2.63387
0.686709
2.34064
0.113194
0.989963
1.45254
0.592407
0.918032
0.167046
0.940672
0.604763
1.27101
0.383354
1.3036
0.465351
0.831908
0.016343
0.410878
1.58557
0.636217
1.64826
3.29322
0.530331
0.559017
0.998435
2.6574
1.80083
1.19604
0.297947
1.14713
0.300204
0.704826
1.21048
2.11516
1.58119
0.954449
1.85329
0.172974
0.622649
0.408024
0.260956
0.153941
0.260228
0.43564
0.429146
1.30203
1.27617
0.092225
0.257035
0.355667
0.84263
0.855465
0.419634
0.135108
0.011603
3.86378
1.30208
5.1241
1.00052
0.634713
0.500224
1.56274
0.401378
0.690033
0.89878
0.328268
1.06463
0.846837
2.83101
0.181568
0.0950726
1.97487
0.206191
0.780417
0.562067
1.59841
0.00559942
0.352782
0.729996
2.48732
0.0889635
0.832829
0.0954113
0.506811
2.94069
0.0026198
0.813737
3.01867
0.57602
0.0026376
0.0152021
0.0523836
2.69788
1.58634
2.53741
0.352232
0.757356
0.00221257
0.151648
0.342133
1.09831
0.457557
0.000356672
0.644915
0.647981
0.0794189
1.58151
0.905204
0.314003
2.65035
0.395638
1.21611
1.32819
0.548694
1.79367
0.0678568
3.11664
4.7714
0.282741
0.0340809
0.54338
1.8854
0.856498
0.452364
0.457412
0.299863
0.38932
0.13246
0.0110089
0.242055
0.846181
1.74382
0.06471
0.276841
1.64492
1.22627
0.243267
2.05383
1.75544
0.0381267
1.3599
2.21443
0.311938
0.178388
0.283008
2.89962
0.772839
7.431
0.36932
0.125141
0.169286
0.385517
1.60917
0.760948
1.63988
0.0349956
1.60563
0.511902
1.24168
0.77965
0.556846
1.99417
0.183644
0.0382079
1.09626
1.85318
0.208124
0.746945
1.86304
0.352293
0.039342
0.420328
1.03816
0.026077
1.97783
1.62702
0.0504268
1.10481
0.49547
0.735444
1.53105
1.50428
1.33446
2.06142
1.69137
2.84329
0.1687
1.34531
1.8725
0.915451
0.275694
0.173463
0.437543
0.443441
2.57772
4.95263
0.739279
2.04411
0.715795
0.72544
0.678191
0.470371
0.832124
0.557433
0.47331
0.234714
0.133459
1.99717
1.66525
0.773225
0.403473
0.351214
0.788593
0.490622
0.390562
1.37736
1.03144
0.153068
3.32596
1.02501
0.954803
0.0498607
2.27328
0.0595017
1.49159
0.0310506
0.111573
1.20537
0.025414
0.1495
3.5528
6.62167
0.0321379
0.247049
0.189245
0.288968
1.05806
0.594643
2.64281
0.636445
1.4311
0.139119
0.696958
0.959706
0.0190104
2.61062
1.04105
0.653497
0.562466
0.226055
0.337544
2.36474
1.37806
0.80638
0.111377
2.51787
0.285918
0.462564
0.487252
0.203572
0.841182
0.595795
0.264932
0.138891
1.77247
0.667164
1.03353
1.42537
0.2371
0.999238
0.947288
5.40348
0.615399
0.155864
1.68679
0.722547
0.0828054
0.477736
0.443731
0.0296213
0.727303
0.774143
0.897921
0.372733
0.771533
0.659306
0.106873
2.05315
0.0304392
0.0304168
0.948949
2.22868
0.0291434
1.92226
0.86971
2.96269
0.22
2.00916
0.797647
0.522223
0.091035
2.64742
1.92314
0.998365
0.01185
0.195199
1.10596
1.24307
0.836277
0.0851556
0.817178
0.210139
1.9498
1.52536
0.437622
2.74845
0.121256
2.00131
0.0569084
0.0424002
0.139295
0.9296
0.236935
0.581973
0.0587235
0.393119
0.8718
0.496376
0.749302
0.857005
0.504472
0.306615
0.615486
1.80941
1.6212
0.195361
1.29904
1.42842
1.55167
0.527429
0.12282
3.08399
0.408385
0.608724
1.00911
0.186424
0.723036
2.80959
1.205
1.00508
3.13573
1.71443
0.39129
0.209507
0.238853
1.19021
0.223913
1.69956
0.285696
0.309769
0.144155
2.26444
0.180531
1.2597
0.0704095
2.04887
0.622916
0.0332143
0.25487
1.12658
0.217388
2.45097
0.370958
1.04027
0.37301
0.437947
0.0733308
0.61615
1.82213
0.553895
2.79081
0.0250561
0.293893
1.8204
0.108458
1.1962
2.58204
0.206102
1.82637
1.30972
1.25943
0.207774
1.5458
1.27349
0.260444
1.35968
0.220715
2.49334
0.425412
0.516853
4.13246
0.790534
0.388228
0.093235
0.168674
0.847802
0.218076
0.265421
0.557776
0.46173
0.158458
0.491486
0.340159
0.121778
0.299809
1.06089
0.850272
3.57417
0.257453
1.96382
2.85799
1.46995
0.552547
0.636333
2.74125
0.136568
1.05956
1.5484
0.274037
0.243541
0.455493
1.27713
0.41286
1.19178
0.281673
1.07356
2.05616
1.83927
0.426536
0.716554
0.240806
0.772983
0.569697
1.39814
0.678216
0.72461
0.351001
0.162601
0.352215
1.05192
0.704085
0.184907
1.05357
0.235343
1.65085
4.63882
1.00968
4.16223
2.10418
0.231924
1.68254
0.00667033
0.00378809
0.313191
2.50212
0.339044
0.0675892
0.403474
0.00993754
0.104939
0.417705
0.502584
0.863372
0.0108458
2.04061
0.679895
0.122654
0.239407
0.977504
1.02935
0.0884372
1.70448
0.241034
0.685036
1.11853
0.789192
0.682559
5.83575
0.182104
0.830032
1.54133
0.379147
0.637624
1.68693
1.3033
0.0224161
0.767917
1.30389
0.521552
1.49686
2.12871
0.297237
0.798274
0.0477029
2.2987
0.283872
1.13479
1.83691
0.163474
0.808719
0.111042
1.20736
1.2918
0.552291
0.0770178
2.44078
0.701281
0.811371
0.0110748
2.27064
0.422694
0.214168
0.163444
0.00726112
3.19327
0.496289
1.11014
1.19837
0.730543
0.441073
0.0603097
0.535488
0.378187
0.126947
1.28713
0.250248
0.856049
1.06265
2.36724
0.859772
1.2027
0.488855
1.01665
1.13173
1.09916
0.65369
2.32952
0.32477
0.628009
1.39657
5.75155
4.56675
0.76343
2.51584
0.634358
3.44208
0.0609785
0.350663
0.817066
0.0178008
0.657705
0.501138
1.37811
0.0708476
1.32001
2.4818
0.885892
0.449088
0.00169078
1.02794
0.0726729
0.532516
1.26833
0.413844
0.422911
2.99751
1.02498
0.0231471
0.0795777
1.09146
0.84283
0.271866
2.60807
0.187426
0.429293
0.23006
0.195663
0.640241
6.51855
0.142702
2.40169
0.1929
0.812839
0.195292
0.0422889
0.563169
0.783111
1.31556
0.576939
0.16631
1.3976
0.224898
1.16547
0.607534
1.82972
0.2982
0.727444
2.07209
0.265504
1.9693
0.987006
0.144367
0.210481
3.09457
0.412018
0.897413
0.0577252
1.03181
0.281432
1.46464
0.555921
0.569166
0.656618
0.744166
0.0526948
1.07776
0.483293
0.473548
1.93458
1.75128
1.40677
0.779005
3.02588
0.00653212
1.18506
1.4113
0.297568
1.55537
0.385503
0.590262
0.504181
0.0865674
3.51309
1.81833
0.84587
0.409299
0.84462
0.334853
1.10122
1.18482
0.173171
0.0453132
3.33824
0.208053
3.87518
0.636538
0.842164
0.207256
0.308242
0.120937
0.730153
2.00265
1.68405
0.234312
1.81911
0.0426122
1.32458
3.00657
1.17309
0.112534
0.295032
1.12987
2.42529
0.43368
0.307784
0.603442
0.155689
0.437609
0.00975982
1.3476
1.31892
0.596074
0.334841
4.11589
0.394421
0.0210714
0.0217362
0.85555
0.828814
0.796394
0.753637
0.172907
0.639261
0.0381522
0.377919
0.726576
0.759797
1.38595
0.423686
3.8811
0.528373
1.57338
0.47912
1.13808
1.59014
3.25458
0.527697
3.33205
1.11055
3.49799
1.83709
0.612847
1.73171
0.539782
0.948954
2.39216
0.00563777
0.0250192
0.452021
2.04685
0.417856
0.356639
1.62466
0.175545
0.56049
0.0841949
0.0079723
2.30405
5.08505
1.22221
0.0203295
2.28706
0.417166
2.00006
0.336032
0.621134
1.05366
1.11751
1.10782
1.47597
0.224857
3.62566
0.367926
0.596722
1.25292
0.406508
2.19754
0.70215
0.777078
0.264935
0.477398
0.496491
0.721616
0.441564
0.0701038
0.810593
2.00837
0.221658
0.414002
1.32194
0.191295
1.66119
0.162386
1.48336
0.261335
2.9981
1.75966
0.578113
3.23575
0.390584
2.71093
0.149251
1.96451
0.265119
0.661407
1.21092
0.303885
5.23202
0.131797
0.143582
0.4137
1.36564
1.61343
2.36117
2.19164
2.03417
0.446015
0.0545277
0.420001
2.12376
0.097949
1.04451
0.456049
0.0129206
1.92283
1.07661
2.19336
0.94468
0.988147
1.03142
0.401753
0.231712
0.938731
3.79144
0.58579
0.406962
0.790266
0.940051
3.63158
0.116044
0.668345
1.32507
0.0870497
0.693946
1.24924
2.02753
1.64911
0.448522
0.928273
3.43425
0.152308
0.956939
0.0533452
0.382068
1.38271
0.804419
1.16963
1.10785
0.698736
1.69907
0.380902
1.0842
1.13624
0.261074
0.158299
3.38946
1.8707
0.97558
0.823656
0.44197
0.321445
0.204122
0.88967
0.362291
1.205
1.20598
1.67393
0.863482
2.76286
0.163357
0.876033
0.475345
0.247423
0.718122
1.06342
1.20194
0.136181
1.29094
0.283466
0.136115
0.0155185
0.832773
0.793624
0.315749
0.45366
1.82883
0.220764
0.00592727
0.357697
1.02961
1.49329
0.319101
0.641491
0.552059
0.144731
3.5658
2.31937
2.10347
2.47614
0.79772
0.674559
0.0374489
0.0330512
0.135985
0.674526
1.64352
1.11168
1.34876
2.00976
0.188289
0.978762
1.62393
0.859238
1.04901
1.43228
1.55527
0.311755
1.29343
0.524623
0.010776
0.584292
3.64804
0.537916
0.146733
0.53689
1.07227
3.52341
1.06094
0.35231
0.95506
1.32266
0.097372
2.40708
0.308631
2.08305
1.06214
0.549888
0.325943
2.10604
0.78058
0.0213243
1.18409
1.55197
0.275114
0.0683343
0.868407
1.23559
0.148963
1.66731
0.352036
1.81487
0.0366052
0.212613
0.632787
6.38679
0.595376
1.82414
0.342075
0.711573
0.351615
0.0781141
2.43247
2.26467
0.11298
4.03029
1.45451
0.889161
1.1021
3.11835
0.816902
1.38146
4.23104
1.09419
0.891117
1.68879
0.183239
1.15786
1.0442
1.34101
0.962388
2.64537
2.62805
0.0180131
1.35054
0.610239
2.18211
0.151591
1.0949
0.5466
0.318852
0.772213
1.21695
0.297313
0.224778
0.275964
0.0864577
0.523088
1.08749
1.20571
1.04978
1.34343
0.41484
0.15507
1.71999
0.524592
0.720294
0.0172734
4.67016
0.973333
0.150233
1.76516
0.488641
3.91286
4.08813
1.03675
0.208389
1.07836
2.63711
2.18942
0.493288
0.743152
0.112138
0.528666
3.06164
0.731022
0.0115478
0.441436
0.382555
1.65255
0.0578889
0.54285
0.222173
1.17966
0.660396
0.0151086
0.240773
0.120798
1.9601
2.9608
0.476724
1.50803
1.20622
0.49886
1.07161
0.933103
0.948163
2.29324
3.83328
0.0824707
1.08952
0.782712
0.741348
1.00166
1.91721
0.969225
0.50161
0.873297
0.32902
0.484445
0.416005
0.209323
0.0868035
0.507871
0.233562
2.16517
0.0251693
0.123193
1.4083
1.66513
1.10469
0.351499
2.69604
0.865904
1.88433
1.771
0.928787
0.774643
0.384708
0.506498
1.27918
0.0145524
0.454378
0.00386039
0.487594
0.667599
0.207404
1.42278
0.270342
0.201792
0.378593
0.0778855
0.789018
1.79358
0.283218
1.00538
2.10539
1.32609
0.0807123
1.26613
2.67805
1.61124
0.0631743
1.06747
2.72784
1.84646
0.990887
1.83552
3.89343
0.422707
0.362407
1.54201
1.8613
1.47639
1.32848
0.948634
1.53735
2.46082
0.614915
1.92079
1.27704
0.911466
0.513857
0.118303
0.0448273
1.06907
0.0205551
0.679159
0.839671
0.747329
1.00969
0.411528
0.0551763
3.16267
0.207729
0.204552
0.215941
1.28379
0.559975
0.687548
0.573855
0.130929
0.866637
3.17942
1.31739
0.630171
0.759432
0.710244
0.0581644
0.436714
1.54448
0.0962388
2.09852
1.4084
0.0646096
1.13955
1.26109
4.99223
1.29524
2.0724
0.65652
0.295599
0.321944
0.629439
1.05762
0.26129
1.22924
0.153615
3.5319
1.30677
2.65966
0.0764906
0.853072
0.155917
1.97789
2.39678
0.233182
1.06721
0.90689
0.672737
0.0619998
0.0772871
0.184014
2.6059
2.03461
2.35103
3.27334
0.362082
0.667727
1.81719
1.15694
0.702384
0.206829
1.54928
1.40053
0.384646
0.399632
0.398789
1.56263
0.3733
4.30889
1.63413
0.242719
0.998048
1.14337
0.576865
0.262056
0.248293
0.427776
1.48384
0.319008
0.485517
0.14895
0.0972622
0.972041
0.826505
2.57871
1.98743
0.620073
2.72288
1.60457
0.746456
1.03302
0.456992
3.7818
0.409894
0.706759
0.85228
0.072032
0.964803
1.02105
0.362379
0.743831
0.662582
0.0233304
0.453671
0.224326
0.387728
0.840081
0.197948
0.998985
0.516928
0.268847
2.64556
0.036373
1.52672
0.423363
1.77468
1.88851
1.76862
1.73712
0.356426
0.367682
2.00485
0.633906
0.299844
0.0642985
0.312515
0.0476838
0.143683
0.0181298
0.224163
0.777874
1.37476
0.949329
0.12655
0.159614
1.21366
2.28945
2.07482
1.46226
0.766
0.559578
0.456687
1.22051
0.16475
1.50778
0.201151
2.30725
0.576788
0.140538
1.47333
0.0623881
0.71642
1.52134
1.22592
0.131537
0.671052
0.912852
0.252948
0.293934
2.23579
1.25498
0.210794
0.563322
0.437483
0.347723
0.186505
4.75023
0.187151
1.36977
0.452094
1.26646
2.09248
1.71751
0.975453
0.0708693
0.313144
0.72718
5.06978
0.547594
0.938288
0.990541
0.472799
0.571659
2.6278
0.242254
3.31136
2.35869
1.20021
0.810185
0.812056
0.858217
0.704491
1.57053
0.212233
5.30125
2.10609
3.8828
0.861371
0.305991
0.00633243
0.718516
0.935584
0.0585375
1.06369
1.43002
0.00202723
2.28527
0.0872708
0.393169
0.330837
1.87162
0.103869
1.84155
0.880485
0.946414
0.323322
0.164977
0.0809572
3.61824
1.74965
0.535927
0.102761
0.11729
0.183171
0.139574
3.41772
0.33392
2.92854
2.25079
0.214158
1.75724
0.770967
0.0743069
0.340581
1.21889
1.7807
0.838989
1.38166
0.456589
2.2712
3.40877
1.99722
0.185457
0.920422
1.47968
1.13934
0.595963
0.0342779
0.248474
2.62541
0.141883
0.215228
1.24344
0.273665
0.924483
0.517176
0.650156
0.362357
1.92594
1.51568
0.92575
0.339108
1.19129
0.378106
0.533863
0.236235
0.181257
0.177297
1.41292
2.22463
0.0617055
2.56909
0.961533
0.512262
1.28261
0.760918
0.465487
3.09655
0.592326
0.0655744
2.08582
0.202473
2.33007
1.327
0.51762
0.407596
0.403615
2.00884
0.756909
0.0730643
0.570236
1.59069
0.978488
0.138223
0.195102
0.00402427
0.466553
0.694129
0.935038
0.120736
0.22778
0.563822
0.212804
0.244531
0.798433
0.191748
0.645669
0.218883
0.848161
3.04319
1.83761
0.715618
0.449359
0.113512
1.9459
0.431861
0.0885648
0.549056
2.2612
0.14339
0.638149
0.642477
0.120166
0.0944718
0.134649
0.986971
0.180845
0.035084
0.0658438
1.41971
1.23125
0.527729
1.05157
0.423757
0.240689
0.107998
1.51047
0.843954
0.446839
0.412377
2.29408
0.314804
0.418792
3.15918
2.0713
1.60822
0.265391
0.512287
0.0256475
0.315114
2.28872
0.749879
3.58053
0.715215
0.0512547
1.63357
1.26509
0.0536276
0.87665
0.00696816
0.0295203
0.159997
0.331775
0.24418
0.77951
0.549373
1.74961
0.123742
1.11014
0.284005
0.967492
0.0783437
1.14843
2.78163
0.754697
1.77285
2.78834
2.20104
1.70656
0.393909
0.0593981
1.34035
0.764464
2.63464
1.06293
0.94766
1.24265
0.476897
0.382166
1.72267
3.63247
1.95423
0.103812
0.574716
1.13362
3.06932
0.219248
2.37745
0.484311
0.608006
0.705815
0.00973089
0.199547
0.245312
1.843
0.456484
2.19563
0.0743852
0.00244556
1.10672
0.117379
0.514116
0.344023
0.62178
0.0712789
0.923721
0.0155952
0.664895
0.992563
1.14653
0.117101
0.442912
0.2638
1.5348
3.18143
3.96812
2.94207
1.35783
0.392964
3.49239
1.2202
2.69338
0.0151473
0.459362
0.0491294
3.2811
0.300532
1.99314
0.687061
0.0692797
0.26568
1.13779
1.38237
1.00132
1.09448
1.98123
0.24816
0.0417102
1.65811
0.163606
1.14947
0.0274895
0.89577
0.0181561
0.690613
2.5373
0.565651
1.0532
1.55878
0.670284
2.01218
5.51817
0.32013
0.577859
1.97077
1.61365
1.28398
3.86964
1.37542
1.28975
0.449179
1.75587
0.755109
1.31763
0.248756
1.45635
0.414562
0.613454
0.574266
1.58776
2.24824
0.189635
2.35335
0.0731649
1.1905
0.0947598
0.212825
1.51882
0.637065
1.23697
0.315873
0.89028
0.194233
1.19774
1.87523
2.50958
0.0977478
1.22499
1.04304
2.06259
0.889542
2.20071
0.517519
0.567106
1.36669
0.486627
1.82226
0.607702
2.48597
0.746026
0.0820874
0.409467
0.770302
0.0915905
1.65293
0.900762
0.0125473
1.99825
0.210001
0.602383
1.95861
0.993584
0.375863
0.335897
0.785198
0.0441693
0.599248
1.87053
0.820734
0.0561377
1.1025
0.032955
1.12874
0.188332
0.0942237
1.32033
0.124644
1.95816
5.8334
0.769387
0.705258
0.0544531
0.671958
2.34472
0.199162
0.0262806
0.27691
0.181884
0.0902536
1.46665
0.178417
0.801262
0.975174
1.96558
3.23155
1.00618
0.0444857
0.00445909
1.54395
0.239391
0.32607
1.31762
0.743476
1.9701
0.257139
0.0610484
1.24864
0.362103
2.47185
0.508171
1.19108
0.611493
0.961529
0.0312638
3.56108
0.480755
1.11356
0.756582
1.43952
1.18135
1.63528
0.876142
0.0601661
2.70748
0.173456
0.765867
0.536255
0.133936
1.296
0.141314
0.0254434
0.0250742
1.46372
0.872764
0.453221
0.489924
0.0920108
0.0858472
0.390892
1.09143
0.348682
0.0862181
0.416593
1.74282
2.27288
0.0585166
1.08276
0.178948
2.98995
0.84361
0.773957
1.85818
2.0574
1.25521
1.27655
0.179705
0.0708884
0.141338
1.89736
2.54037
0.157593
2.86336
0.00636443
0.360595
0.429066
0.15092
0.324633
0.309283
0.994606
1.4019
0.364821
1.38463
0.444115
0.0799858
1.68622
0.0972814
1.17912
0.304253
0.353615
0.0419547
0.219092
1.3659
1.46242
0.455961
0.454985
0.798792
1.12992
1.37782
1.20759
0.0721112
5.06285
1.33169
0.24678
0.144708
1.79257
0.902862
0.493414
0.0672249
1.92719
0.16496
0.251329
0.0834819
0.928231
1.02899
0.58109
0.403325
1.75655
0.475695
0.617275
0.817227
2.24299
0.0929057
0.593586
1.18647
0.989622
0.327422
0.481897
2.08093
0.058237
0.115501
0.536577
0.297012
0.66875
0.422872
0.550164
0.954162
2.02141
4.98833
0.754014
0.309447
1.48035
0.624834
0.348951
1.02291
0.920373
0.828192
0.887315
1.30092
0.760469
0.537834
0.00640342
0.226612
0.361938
0.830908
1.08464
1.18678
1.3585
3.07056
1.47068
0.456335
1.10557
0.414569
0.786342
0.875524
0.0189058
1.29555
0.403503
0.43669
0.127456
1.08698
1.9243
1.28859
0.50839
0.757549
4.40578
0.27283
1.01085
0.121952
0.304321
1.08742
0.549753
1.01606
0.820488
1.16282
1.17063
1.67685
0.29629
0.600285
0.19486
0.0738968
2.87224
0.163784
0.254127
1.19267
0.0799724
0.43984
0.253374
1.81678
0.658455
0.0589126
0.0428383
2.0645
0.0321964
0.00924187
0.546096
0.121754
0.490222
0.132739
0.19659
1.56023
0.284244
0.0935502
0.685624
0.500387
1.16512
2.90769
2.19018
0.198904
0.103548
0.095466
3.03955
0.633445
1.5412
0.577817
1.22146
1.99403
0.0459096
1.14441
0.459736
0.0228298
0.86919
1.07393
1.26085
0.779692
0.53437
0.67611
0.695422
0.390921
0.422995
1.52855
1.04933
1.31732
1.47492
4.80699
1.19007
0.353977
0.0454444
2.11284
1.11179
2.70707
3.22357
0.42483
0.090505
2.01355
1.02051
0.252867
2.16401
3.38508
0.984584
1.58587
1.60536
0.0550815
0.0455936
0.997453
0.586605
0.331533
0.0997173
0.288204
3.03508
2.35474
2.14863
0.356736
2.21167
1.41459
1.81076
0.376534
0.978456
1.25273
3.03234
0.233295
2.40588
0.209039
0.57035
2.72661
0.172593
0.640299
0.476781
0.0557393
5.88366
0.422437
3.13531
0.403368
0.183994
1.63022
2.11645
0.131954
1.30102
3.33675
2.68793
1.13095
0.572676
2.53235
0.211701
0.343059
0.324402
0.993968
1.44036
0.396466
0.754883
0.459807
1.73467
1.01477
1.00701
1.89606
0.372909
0.145961
0.499502
0.656692
0.849898
2.1104
0.798248
0.0928136
1.05039
0.788593
0.566367
0.811775
2.23088
2.41869
1.08265
1.50296
0.750348
1.48353
1.17125
1.62981
0.220972
0.51538
0.669096
0.922625
2.84099
0.596746
0.841455
0.10396
0.543672
0.426079
5.07261
0.800674
0.533284
0.824779
0.318061
0.585831
1.2976
3.11054
0.344874
0.394834
0.0367791
0.638604
0.985304
2.78754
0.275832
0.186134
1.23428
1.62959
0.189749
0.154019
0.316809
1.62887
1.36344
0.496373
2.48619
0.231283
1.5939
0.698996
0.411822
1.32604
2.77383
1.60564
0.116646
0.938906
2.2654
0.130737
1.10512
0.745788
0.97061
1.80626
0.392146
0.316382
0.106693
0.0390464
0.524498
0.694705
0.382686
0.0751126
2.19201
0.106116
1.38242
1.1494
0.39918
1.64254
0.392852
1.42314
1.33075
0.363965
3.31182
0.550147
1.14146
0.117959
2.86302
2.04028
1.81826
4.09698
0.00647373
0.209538
0.697928
1.05473
1.29013
0.541387
0.453328
0.0297844
0.158148
0.124002
0.471924
2.48854
3.60487
0.223924
0.430731
0.339043
0.9023
3.45143
0.504687
0.784849
0.562798
3.54634
0.929334
0.515577
1.11514
0.526852
1.47905
0.244247
0.140053
0.352637
0.536626
0.280144
0.359163
2.97134
2.54085
0.744011
1.20803
0.0734682
0.166276
0.176025
0.165521
0.741675
0.180122
1.73514
0.0710259
1.52096
0.439867
1.03355
0.398029
0.397797
0.23397
0.201596
0.629425
0.272428
0.0341187
0.239283
0.424344
0.740073
0.633897
0.63438
2.61311
0.599547
0.0192415
0.793617
0.403318
3.18399
0.00534986
0.763775
6.51467
1.75094
0.0149286
0.00458555
1.9594
3.36873
0.369202
0.343408
0.469373
1.35382
1.06739
1.25393
1.0175
0.978208
0.785984
0.352765
0.308736
2.0513
0.4856
0.657167
0.524975
1.30122
2.83531
0.142385
2.56374
0.551848
0.240307
0.965167
1.51782
2.22626
5.14402
0.784821
0.744992
1.03578
0.829393
1.39213
0.800907
2.62808
2.14258
2.58616
1.58724
0.875774
0.30651
0.542711
0.0280299
1.26619
0.0926671
0.255354
0.192248
0.228727
0.763576
0.0755679
0.361557
0.478297
0.840858
1.93973
0.162169
0.58454
0.358643
1.36228
0.0717533
0.658456
0.0378883
0.832156
0.532074
1.38454
0.819514
0.338121
0.819729
0.714717
2.45886
0.929859
2.74581
0.0831503
0.993936
1.11942
0.738738
1.02022
0.386385
1.63799
1.35551
0.0947715
0.189989
0.366425
1.28539
0.174936
0.127421
0.441509
0.201881
0.907579
0.845066
1.45869
0.542354
1.0794
0.631502
0.370744
1.98263
0.0302422
2.41201
1.52633
0.636447
0.235822
0.847199
1.92741
0.000664472
1.56537
0.239717
0.733299
0.418327
0.58821
0.5532
0.691392
3.86324
3.36892
1.43659
0.821732
0.0527247
0.601726
0.219894
0.258426
0.091824
2.21596
0.581638
0.106485
0.471266
2.18478
0.924052
0.993546
0.0838801
0.729355
1.75101
0.0512584
0.0501531
1.03114
0.127568
1.81801
0.0330996
0.512173
0.602794
1.41975
0.752629
1.48606
0.256113
2.2351
0.239512
0.663041
0.142238
0.1305
0.0116931
0.180297
3.26177
2.13176
0.221889
0.962381
0.713094
1.33431
1.60255
1.1582
0.0627201
1.80275
0.353189
2.70447
0.126569
1.04888
2.01417
0.249584
1.07394
7.26162
0.661272
2.06467
0.146236
0.0982871
0.776745
0.107218
0.157053
0.885038
0.745945
1.29725
1.32836
0.368597
0.76167
0.00442393
0.132101
0.984574
1.33075
0.049546
0.680846
0.314236
0.360433
0.448125
0.936319
2.28863
2.07213
0.354501
1.04988
1.429
1.04669
1.43654
0.980466
0.40047
0.133638
0.560412
0.182116
1.53745
1.60233
1.15571
0.202727
0.624021
1.49795
3.51701
0.775061
1.78488
1.72921
0.205361
0.241748
2.08856
0.29188
0.585747
0.0737812
2.63971
0.184536
2.55186
0.74817
0.778002
0.677882
0.983033
2.6628
1.63325
0.396449
0.0605083
0.0792598
0.310402
0.342374
0.42153
1.3063
1.63863
0.23147
0.228925
2.58037
0.416349
0.23784
0.0410882
0.867469
0.573321
1.04734
0.899661
0.136411
0.674086
2.65913
0.490278
0.97204
0.95084
1.23997
0.217489
0.706487
0.221604
0.569013
1.11621
1.99638
1.78539
1.63142
0.478306
1.35423
0.256995
0.606911
0.833527
1.93265
0.712642
0.967168
0.106966
0.827828
0.00274967
1.08188
0.253283
0.164936
1.51018
1.83073
0.488257
2.68593
0.287662
1.17723
0.582751
2.00579
2.84417
0.112387
0.146393
0.0605379
2.10764
2.87513
1.46027
1.03539
1.08457
0.561715
2.62828
1.90339
1.47723
0.170136
0.163877
0.485344
1.6417
0.331105
0.943639
3.17665
0.980264
0.383603
1.41557
1.0623
0.868176
4.22492
0.0494027
3.30047
0.624014
0.186961
0.122468
0.509704
0.358789
1.15956
0.403902
0.606172
2.189
1.1349
1.23854
1.59389
1.51827
0.207281
0.26392
1.31887
0.525844
0.27752
0.74809
0.39563
1.85512
0.248854
0.672266
1.22671
0.841496
0.117019
2.14837
0.0850393
0.0245689
0.444218
2.14229
0.204016
1.24095
0.691321
0.175019
0.14228
2.44272
1.15928
1.22333
0.20762
0.607168
0.279689
1.32462
0.457216
0.00179413
0.896535
0.684005
0.21035
0.0212441
0.617269
0.831882
0.970494
0.22008
0.924841
0.578317
0.27665
0.842224
1.04435
0.650922
0.179798
0.546981
0.0427319
3.0821
1.72911
1.23588
2.86869
0.205586
0.969639
2.29014
0.61321
0.524849
3.16997
0.257951
1.68462
0.793538
0.306908
2.10156
0.356624
2.13496
1.03969
2.67475
0.483261
0.660626
0.348487
0.846807
0.0595177
0.255137
3.09743
0.353735
1.46054
0.287994
0.173861
0.134972
0.309153
0.643417
0.322858
0.39536
0.459283
0.890588
0.353315
0.445265
0.156754
2.44136
0.201274
1.06306
1.84117
0.581544
1.37917
2.08052
0.556623
1.38362
0.0711745
0.915778
1.09812
0.834385
0.0168896
0.000205768
2.93798
0.673842
0.418195
0.377643
1.06806
0.70475
0.335778
1.25646
3.24508
1.00533
0.354044
1.25544
0.781316
1.68665
0.931738
0.614956
1.67625
0.356747
0.0247058
0.293854
1.87041
0.622186
0.0671337
0.362791
0.865461
1.77398
1.07418
3.11094
1.04071
1.20153
0.0597695
0.836147
0.944907
0.306138
0.187056
0.507165
0.823757
0.672867
1.65193
0.545789
0.72819
2.10875
0.603984
0.879513
0.321157
2.57532
0.0277265
0.732951
0.0488105
1.34565
3.02578
1.43344
0.354842
1.11554
0.264487
0.00772492
0.904867
0.438938
0.387298
0.441134
0.318341
1.32857
1.0206
0.96942
0.838717
0.18167
1.1216
0.30194
0.0931452
0.347038
1.50592
1.72779
1.41291
0.99804
1.86823
0.937047
0.497555
0.679159
0.00816073
0.125015
0.0101504
0.184383
1.67617
0.170692
0.878443
0.602858
3.64134
1.64245
6.74931
0.130907
2.37395
0.208607
0.466149
1.10618
1.1617
0.713757
1.11489
0.369689
1.45237
1.04267
0.0915781
0.404111
0.526239
1.60453
0.123399
0.617426
0.129598
3.1033
0.793512
1.75951
1.54667
0.218387
3.06267
0.176953
0.584429
0.876963
0.0553272
2.35902
1.60584
1.21841
0.175056
0.722184
0.254827
0.0937175
0.299739
1.02641
3.908
1.70204
0.275429
2.20953
0.326583
1.6873
0.12293
0.507746
0.118538
1.32991
0.0424731
1.17869
1.37344
3.34237
2.03916
0.691856
0.126492
0.198074
0.222994
0.00390261
1.53556
0.155569
0.173477
0.36634
0.269732
1.89151
0.191381
0.60759
1.78068
1.68867
1.10205
1.42075
1.20614
0.111565
0.1445
0.661863
0.257361
0.502448
0.688917
0.321882
0.188895
4.47356
0.897544
0.631049
0.81028
2.93856
0.585481
0.221928
2.27484
0.102594
0.871165
2.92837
0.782861
0.859583
1.13664
1.01607
0.234174
0.291933
0.581037
0.386029
0.893966
1.31114
0.0349006
1.31545
0.480459
0.185064
1.62225
0.0278417
0.0982646
1.02324
3.35849
2.69438
0.0832835
0.943437
0.297502
0.285415
0.850037
0.126963
0.989096
2.47227
1.12764
1.25943
0.412658
1.11349
0.43576
1.7232
0.0262304
0.20579
0.828165
0.314778
3.35113
1.53132
0.0110865
2.76208
0.110499
0.417404
0.287853
1.59131
0.33896
0.694395
0.149317
0.0567471
2.13926
0.332226
0.702772
0.402326
3.96179
1.43441
0.119172
1.11801
0.242439
0.564621
0.0942889
1.13611
0.651175
2.86403
0.653697
0.623667
1.02535
0.239678
1.36704
1.77357
0.450665
0.960023
0.431638
0.032904
2.14904
1.26144
3.63144
0.038889
0.212993
0.362204
1.31847
0.51733
0.0617882
0.720659
2.54078
1.58826
0.513576
0.50827
0.157866
3.7541
0.538145
0.149959
0.18737
1.05854
0.922604
0.608521
0.0355923
0.0654324
0.648319
1.19726
0.976015
0.569729
0.865136
0.561824
0.696028
0.701421
2.49282
0.578304
1.61149
4.0709
0.928518
0.399067
1.24293
0.114487
0.167403
4.4342
2.13356
0.0649495
0.356391
0.0509044
2.92882
2.38378
1.16913
0.19781
0.834809
0.663684
0.201817
2.13019
1.27806
0.451213
0.82422
0.158335
0.618167
2.33837
0.380398
0.440895
1.03173
1.40015
2.45878
0.622112
0.107678
0.0425201
4.66944
1.29739
1.42075
0.0233046
1.05157
1.25882
2.78276
0.445453
0.297738
0.497653
0.00487919
0.387931
0.516069
2.2779
1.0573
0.452273
0.36922
0.111321
0.104747
0.486806
1.05546
0.640339
0.0395397
2.19616
0.193358
1.16894
1.11959
1.40289
1.20309
1.96633
0.373498
1.34461
0.0376233
0.459696
1.63711
0.909171
0.57157
0.502311
0.239355
0.0974186
0.752656
0.962469
0.248993
1.04678
0.406116
0.971756
0.800817
4.74946
2.21581
1.09398
0.472156
0.522356
3.65727
3.03335
2.54927
0.147496
0.707013
0.607311
0.521623
0.420574
0.70565
0.478278
0.303632
0.015373
0.625829
0.0045809
0.616658
0.53742
3.0227
0.0224259
0.957687
0.129427
0.129532
0.943599
0.453578
0.993664
8.52559
1.43075
0.0378253
1.43298
0.394946
0.474825
1.27234
1.70572
0.047091
0.27427
2.1143
0.725952
3.50639
2.79905
0.801177
0.157158
0.92222
1.81154
2.53858
0.030453
1.61564
0.12413
0.609757
0.135123
2.82775
0.0804091
1.25197
0.332656
0.092756
0.831634
1.70504
0.195704
1.78562
0.253369
0.434355
2.91926
0.979134
0.183772
0.0995253
2.01652
0.88707
0.630714
0.59702
1.58942
1.65535
0.165082
0.615576
0.137547
0.294726
0.368948
0.750309
0.656156
0.113284
0.628788
0.136044
1.37614
1.48765
0.319785
0.278531
0.199383
0.0328993
0.0527004
0.871279
0.475323
0.199696
0.170663
2.43702
2.20522
5.23367
0.0897836
0.976104
0.329371
0.735323
0.51619
1.06547
0.209984
1.80073
0.280969
1.04624
1.57883
0.0301699
0.180466
0.132474
0.555864
1.11983
0.415349
2.31688
0.44545
0.451645
2.13692
0.321333
0.25778
1.70462
0.756656
0.818394
0.966599
0.170151
0.0035999
2.47176
0.238022
2.25135
0.747976
0.631783
1.49906
0.0462205
1.15014
2.01777
1.04896
0.128224
2.01371
0.101029
6.13007
0.550507
2.40399
0.666677
0.953357
1.12175
0.661177
1.74193
0.197608
1.0897
0.974366
0.0281116
2.91656
0.6922
0.367821
0.122631
1.9383
0.368124
2.15227
1.87291
0.0159578
0.775006
1.02183
0.275948
0.600625
1.6778
0.12608
1.67869
2.60494
0.520427
0.632004
0.370093
0.523486
1.81745
1.85834
0.610002
0.391868
1.51143
1.35718
0.109019
0.0173054
1.42086
0.138295
0.397712
0.756488
0.605684
2.71414
2.39289
0.00464983
0.148114
0.347187
2.1322
0.113988
2.04196
2.77701
2.67431
0.0561635
0.198943
0.0669093
1.3559
0.473634
0.242181
0.808519
0.18464
0.88689
2.15902
0.806996
1.10433
1.23976
1.31672
0.489164
1.10922
0.123599
0.760098
4.03667
1.27092
1.08906
1.31518
0.055366
4.86627
0.643105
0.598563
0.132478
0.21255
0.249968
4.38775
0.100592
0.446057
0.155861
0.790939
2.02975
1.30513
0.782118
1.15155
2.07899
0.782179
1.28485
0.0306393
0.239297
1.12822
1.07788
2.15417
0.14836
1.50045
0.47092
2.6438
0.376219
0.247874
0.889133
0.940657
1.2021
0.216013
1.76065
0.77558
0.00412778
0.153337
0.288889
0.0423252
3.02356
0.173262
0.135922
1.52293
0.479318
0.14196
0.636844
0.102294
0.837297
1.13332
3.48992
0.850251
1.23472
0.652261
0.16359
1.18346
2.19095
0.934667
3.10324
1.58354
3.87674
1.29887
0.594068
0.453802
0.0259948
1.45988
0.861647
0.234346
3.17867
0.500216
0.681032
0.879121
1.19334
0.315736
0.197478
1.34313
0.777381
0.22483
1.65186
0.15025
0.275122
0.450327
0.582318
3.16133
0.892322
0.587712
0.135551
0.203764
0.124341
2.45862
0.306752
0.370575
0.364864
0.0792104
2.02201
0.289322
0.682495
0.379454
0.117607
0.99499
0.493357
2.28552
2.28632
0.490212
0.309982
3.56129
0.0527828
1.90082
0.0303713
1.75804
1.02498
1.9261
0.00761754
1.97425
1.78028
0.559356
1.77163
0.995584
2.04714
0.45041
0.000585535
1.14704
0.40414
0.0024201
0.516726
1.34152
1.66403
1.17663
0.700771
4.54915
1.40043
0.0379278
0.476233
1.59608
0.386289
1.23962
2.54091
0.546075
1.41219
1.68055
0.000195281
0.594526
0.105629
0.379407
0.61568
0.982581
1.08308
0.0131389
0.533861
0.707038
2.24189
0.915565
0.247396
1.66181
0.829641
0.434913
0.0546379
0.193468
1.14307
1.13678
0.61521
3.20014
3.23547
0.293917
0.369226
0.242306
1.55506
0.0429372
0.0264944
1.31288
0.149612
0.445651
2.00811
0.100847
1.27287
0.0107579
0.888229
1.50671
0.183522
1.87489
1.37009
0.076097
0.394568
3.57126
0.611639
1.71271
2.06274
3.85394
0.174706
1.82698
1.16871
0.493436
0.350923
0.174546
1.03349
0.0665712
1.62591
3.05647
1.50163
0.348004
0.0258765
0.827438
0.399235
0.11549
0.186906
0.913037
0.814219
2.68535
1.05802
0.459464
1.70346
1.77127
2.09546
0.472941
1.7152
0.827263
0.9217
0.883424
0.229106
0.530317
1.52149
1.69627
0.639935
0.0049339
0.579442
0.37091
0.998028
0.521895
4.73407
0.0831728
0.66264
0.614617
0.946173
0.27859
0.0813958
0.722814
0.741416
2.61302
0.068277
0.480356
4.59751
0.513889
0.620366
0.977192
0.79911
0.558921
3.19173
1.29557
1.0027
0.100923
0.574433
0.604986
1.2766
0.140737
3.77103
1.38086
0.247579
0.224071
0.29614
0.539912
0.0922998
0.550257
0.130923
1.311
0.0944197
0.521048
3.76858
2.18804
0.93096
1.16607
1.32162
0.666963
1.48462
1.03674
0.123028
3.87035
0.0724704
0.724752
0.190167
0.371859
0.23757
0.247724
1.09316
0.135192
1.19081
1.15597
0.898687
0.13936
1.27169
0.307666
0.088594
0.358468
0.355833
3.15249
0.239443
0.0828859
2.79117
0.172197
0.81562
0.719943
0.28276
1.49175
0.632168
0.554178
1.2575
0.22716
0.469713
0.518324
4.48203
2.49615
0.181478
1.85097
3.26664
0.728049
2.03446
0.222032
0.0774565
1.92217
0.802839
0.513163
0.0865281
0.532454
1.47633
0.0431645
0.0438961
0.0940324
2.19776
0.353233
0.829553
1.45459
0.32597
1.87981
0.841974
0.166184
1.40274
0.450689
1.25704
2.01989
0.626812
0.18239
0.957939
0.014543
1.86594
1.1257
0.598918
0.0650131
3.42327
0.369037
0.200755
1.29773
0.866558
0.254494
0.292609
0.157857
0.0517101
2.94316
0.679095
1.88021
0.234062
0.68602
0.288418
2.04395
0.492832
1.63372
0.236802
1.63949
0.802794
0.104512
0.600965
0.276482
2.60678
0.99479
0.427619
1.59602
1.44536
0.0969878
1.95735
0.346111
0.282809
1.08423
0.19633
0.000268992
1.64207
0.799104
0.186399
2.84555
1.94746
0.0287623
0.585798
3.21654
0.641506
0.0734442
0.369502
0.244693
1.151
0.138198
0.936045
1.73171
3.47256
0.560523
2.54201
1.01801
2.52683
2.66787
1.6768
1.49844
0.072604
0.472825
0.432271
2.0846
0.197629
0.393526
0.705913
0.721317
2.76281
1.22357
0.510141
2.44333
0.882625
0.247493
0.677377
1.84353
0.81025
0.129626
0.535704
2.51645
0.139912
1.89912
0.437233
1.01716
1.13823
0.236097
2.56886
1.39137
0.203472
4.20351
1.8614
0.339701
3.18457
1.83153
0.149811
0.944184
0.980744
0.10585
2.40082
0.578488
1.12742
1.19249
0.249624
1.3472
0.649345
0.559966
0.787744
0.641059
0.262948
0.415062
0.158347
0.272157
0.493344
1.76219
0.994081
0.539451
0.11258
0.156565
0.67021
0.100617
0.937099
1.82107
0.312581
0.220845
1.02062
1.66325
0.276773
0.423781
0.526264
4.17919
0.0195551
0.122502
0.535192
1.25918
0.163072
2.09084
0.150387
0.561514
1.02578
0.197988
0.748224
0.432887
1.26192
2.19735
0.234789
0.481266
1.20226
0.890453
0.44429
0.315675
0.291027
0.261295
0.59491
0.421354
0.720433
0.00714797
1.64813
0.880908
2.78903
2.47549
0.342537
0.247035
0.725475
0.76039
0.185817
2.03101
2.46138
0.0293307
0.226728
0.87577
0.102951
0.368644
0.0683079
0.742159
2.30806
2.02897
1.23673
0.00426413
0.654652
0.768649
2.63588
0.178501
1.50208
1.36393
0.188829
0.202589
0.0421043
0.431782
0.971027
0.417898
2.5249
0.122262
0.364171
2.52913
1.93056
0.626656
1.54594
0.107874
2.01975
2.40428
0.113245
0.51323
3.64817
1.63618
0.562032
0.264953
0.16959
1.65764
0.786945
0.178243
0.201392
0.542652
0.155707
1.90109
1.68785
0.0266402
2.76235
0.247335
0.908146
2.30515
0.212183
0.00669929
0.142353
1.14151
0.698407
0.358908
0.839502
0.293832
0.506337
0.43306
1.91198
0.304661
0.0213017
2.83604
1.95429
1.16845
0.739678
0.8897
2.87741
1.92769
2.99673
0.209998
0.0171987
0.173961
0.484201
0.571347
0.731704
1.59956
1.20944
0.20364
0.327105
1.08436
0.853946
0.09912
0.385673
0.367611
0.054873
0.646159
0.141793
0.266824
0.142762
2.23992
0.716181
0.177993
2.25839
0.0409413
3.6481
0.552149
2.91212
0.992429
0.273486
0.0584077
1.11477
0.285423
3.77959
0.848672
0.0440861
0.565081
0.912846
0.558576
3.53023
1.23273
0.565951
1.1177
0.324508
0.68822
0.297705
1.15286
1.37865
1.88398
0.52644
1.67066
0.106716
2.44571
0.0390737
0.893164
1.04449
0.482213
0.927887
0.213179
0.476122
3.31059
0.276648
0.358906
1.51671
0.510188
1.1617
1.0112
0.306413
1.66882
0.547628
0.0157383
0.187109
1.1389
0.441516
0.103121
0.309894
0.279302
1.15239
0.802246
2.08288
0.0950089
1.06906
0.215948
0.955084
0.328927
0.472686
0.322978
0.658555
0.520972
1.84107
0.0621374
3.53529
2.18276
0.324574
1.39912
0.453082
1.35467
0.389724
2.59836
0.543164
1.43045
0.0614028
0.287114
1.07898
2.84578
1.84566
1.28145
0.668987
0.237128
2.64199
1.54385
0.661742
1.23011
0.113656
1.43426
1.15167
0.767823
1.99695
1.71826
0.413017
0.0417094
1.048
0.0533278
1.33262
3.05317
2.28535
1.73757
0.115034
1.03192
0.923321
0.199057
0.439763
0.16022
0.327585
0.0401517
0.465288
0.397043
0.726835
1.86394
2.22036
1.63927
0.263808
0.707172
0.0272548
0.202224
0.129379
0.0964931
1.42111
0.0971215
0.389041
0.0944895
0.6474
0.33797
0.294488
0.118107
3.22988
0.00143982
0.196199
1.1021
1.41281
0.0613247
1.89116
0.0311519
0.504827
1.21524
0.655272
2.53088
0.0938271
0.0292647
0.0220504
0.841033
3.41049
0.916023
1.43721
0.227094
0.491855
1.25502
2.36408
0.998473
1.33874
1.0283
0.891826
2.1316
0.217014
0.982365
1.92207
3.4915
0.949726
1.07076
0.223594
0.217944
0.601958
2.70576
0.125879
2.01199
0.10207
2.3896
0.863118
0.26483
0.436247
0.358245
0.00431484
0.673855
1.53701
2.65648
0.400931
2.20339
0.349833
0.769241
1.65019
0.0160581
0.2617
1.50682
0.703016
1.98188
1.13511
0.31363
1.01295
2.3783
1.46502
0.330363
1.36161
0.959385
3.44006
1.15908
0.51625
1.94616
1.44551
0.908654
1.764
0.0752393
0.00388392
0.704474
2.6386
1.54744
0.791394
0.610454
1.58018
0.331272
0.114111
1.73299
0.19253
0.0388996
0.0777221
1.74535
0.396309
1.54006
3.97486
0.280008
0.151757
0.540453
0.0365709
0.489758
0.17774
0.694283
1.67563
1.57137
2.35529
0.12868
1.30868
0.311079
0.927352
0.0182309
0.435653
0.666067
1.23867
1.21944
1.0275
1.16439
0.178817
5.95877
6.07059
0.203293
1.55178
0.30903
0.126642
2.14174
0.944611
3.76031
0.152368
0.373851
2.46229
1.44991
4.8669
0.728037
0.622526
0.452644
0.255381
0.575348
0.470812
0.0388149
0.480849
0.110626
0.117862
0.989715
5.00122
0.332303
0.186206
0.578717
0.241194
0.610073
0.509524
1.50301
0.70291
1.34931
1.98875
0.366167
0.294436
0.0794047
0.735252
0.0977791
0.561686
1.28938
0.712588
0.592915
0.995946
0.865689
0.852056
1.52403
0.0495425
0.310986
0.752672
1.26813
3.11028
1.255
0.0531437
1.25558
0.267592
0.198084
0.366296
0.550639
0.2662
0.457439
2.34122
1.33035
0.653305
1.56957
0.97923
1.28001
1.25154
0.0252636
0.891872
0.173449
1.31115
1.70061
1.54648
0.793663
1.65974
1.0377
1.65779
0.0212669
0.666156
0.246239
0.745819
0.950429
0.0842858
0.841892
0.267545
0.492511
0.197401
0.0964616
0.498642
0.00498545
0.0817317
0.218667
1.24852
0.985613
0.522325
0.0659666
0.59293
0.890621
0.959129
0.720138
2.68069
2.06665
0.0558595
0.574313
0.795251
5.44868
1.25562
0.238271
0.771775
0.217105
1.37233
0.574072
0.744699
0.323531
0.0924634
0.173568
0.137823
2.10491
0.551131
0.335964
2.18076
0.752034
0.976767
0.301098
0.476777
0.152999
0.119307
0.78973
0.847736
1.25233
1.53485
0.476675
2.16807
0.209423
0.2049
0.22871
0.664632
1.2651
0.394161
2.48497
0.0324382
2.95286
0.825228
0.332643
0.369749
0.321007
0.0746358
2.00333
0.449113
0.129619
0.510094
0.568746
0.187951
1.67904
1.81316
1.33478
0.799513
0.254264
1.92196
2.44963
0.486498
0.666404
1.63592
0.941521
0.127252
0.184538
0.615775
0.958248
0.595991
1.17646
2.21261
1.28185
0.742744
1.06437
0.910245
0.546534
3.71305
0.282799
1.2401
0.756709
0.181711
0.144354
0.418819
0.0120558
0.110068
0.0305482
2.15898
3.11731
0.282227
0.530807
1.56743
0.767427
0.325702
0.495985
0.445121
1.05251
0.184813
0.118426
1.13571
3.91878
0.0405618
2.2679
0.529817
0.81705
0.604458
0.166102
1.34632
5.35265
1.21407
0.114617
1.88067
1.40239
1.46238
0.159971
2.25232
0.0248276
0.505897
3.71583
1.35654
1.0304
1.74723
0.221469
1.86904
0.0718017
0.0682816
0.177114
1.62009
2.5749
0.553835
3.12915
0.165677
0.20505
0.732327
0.177516
0.143395
0.547841
2.39251
4.49207
0.311478
2.22575
0.878213
0.528742
1.75091
2.16224
1.28901
0.737661
0.423053
0.072984
1.65823
1.37663
0.380484
0.14046
1.06917
0.552822
2.71821
1.01859
4.28596
0.889319
0.00533669
0.813673
0.844655
3.05319
2.10991
0.374565
0.0409613
2.51957
0.0473169
2.87442
0.30786
0.216303
2.38239
0.0918534
0.760541
1.83795
0.883467
1.3344
0.224539
0.56448
0.679396
1.36163
0.181404
1.69025
0.0730623
0.747404
0.640192
1.15756
0.89659
0.924218
0.302923
3.42095
0.606764
0.392967
0.602946
0.948763
1.90985
0.0783915
0.220504
1.84287
0.490473
0.530005
0.0197844
0.879756
1.47606
0.0865928
0.293661
2.08558
0.725054
0.00639856
0.22466
0.395428
0.168234
0.463061
0.212203
0.677442
0.176546
1.84091
0.5647
1.4615
3.80981
2.36724
0.267709
0.225383
0.935881
1.6212
0.532928
2.6597
0.708902
0.107773
2.32233
0.500338
0.175295
0.296132
1.70885
0.866262
0.193321
0.547896
0.352561
0.87291
0.0610332
0.523158
1.3294
0.181233
0.3505
0.0849476
0.18386
1.61751
0.0889696
0.0879194
2.00181
0.112331
0.298851
0.0159749
0.0798811
0.811193
0.705214
1.2884
0.0533196
2.08473
0.355434
0.0509683
0.838838
0.319426
1.06482
6.84124
1.14959
0.787233
0.424133
0.354194
0.177962
0.835401
0.0934754
0.717906
2.78915
0.547834
1.60067
0.247727
0.533013
1.37694
1.73283
0.373385
1.2978
0.306732
0.476027
0.59197
0.0610652
0.0501349
1.04634
0.823406
0.588003
0.182063
0.518057
0.81094
0.991361
1.40057
3.79467
1.07033
0.554912
1.0939
0.000291264
0.284181
0.685607
0.0729352
0.0306364
0.3666
0.14151
1.98502
1.98694
0.0890898
0.857234
3.85368
0.706261
1.0262
1.32663
0.579818
0.2421
2.04588
0.515497
0.70286
0.130379
0.360029
1.61264
0.366243
0.842716
0.0257379
0.461217
2.54448
0.889822
0.952825
0.312008
0.402901
1.72424
2.56719
0.413214
0.247558
1.35641
0.608027
1.77459
0.110421
0.0415353
0.0173724
1.40106
1.91687
0.867177
0.258167
0.231137
5.17097
0.115164
1.67122
1.18019
0.281562
4.3484
0.602626
0.84148
2.33603
0.0863748
0.296075
0.0800063
1.70428
1.91671
2.98125
1.04595
0.0605455
1.64107
3.28405
0.608797
0.535919
0.179078
0.323687
1.18725
2.80119
2.29694
1.64913
0.566892
2.30206
0.648732
0.214056
0.900905
0.00155742
1.53858
2.64212
2.01043
0.570289
2.57727
0.271295
4.39127
0.293988
2.13618
2.26189
0.723597
0.64337
0.880266
0.256045
0.261117
2.54751
0.690976
2.7162
1.33272
2.10646
1.2369
0.560422
0.562804
0.56964
0.389219
0.608117
0.279631
1.14847
1.63251
0.747548
1.23836
1.74339
1.06211
2.12845
1.46174
0.073364
0.147448
0.0216995
0.0832126
0.239353
1.58121
1.33851
1.26394
1.87984
0.965921
1.3663
0.102405
0.730886
0.117148
0.467609
1.06483
0.418182
0.559846
0.372683
0.991458
1.64344
0.579763
0.292962
0.782161
0.0592202
0.0299889
2.82875
1.0596
1.25743
0.679665
1.52947
0.329304
0.984696
0.722925
2.73491
0.0993453
0.383818
2.40706
1.91541
0.106995
1.05841
0.466964
0.295856
0.170435
0.606957
0.729068
2.37005
1.68721
2.18634
2.51329
0.184201
0.81773
0.0731466
0.215545
0.241554
1.64451
1.77398
1.14068
1.1662
0.553349
0.567734
0.721383
0.281103
0.0186595
0.412446
0.0495734
1.25634
0.498776
0.237565
0.091375
0.810982
2.3201
0.104432
0.556679
0.140528
1.28846
0.436196
0.156867
0.605712
0.801748
2.7672
0.000552081
2.44084
2.26974
0.611503
0.764986
1.76083
1.9468
1.68818
0.0529391
0.416334
0.279094
2.22929
1.66913
5.273
0.913277
0.153481
0.712804
1.406
1.50829
0.371944
0.896594
0.23374
2.58832
0.725907
0.11466
6.14582
0.376895
0.486072
1.31746
0.7503
0.948596
0.488415
0.157563
1.06524
0.526621
0.943918
0.289537
0.174016
2.26127
0.339327
0.540541
0.749087
0.807949
1.77889
0.219131
0.097066
0.650858
0.305003
0.485767
0.452033
0.324595
1.47932
2.02589
1.96298
0.977993
2.16742
0.0887447
1.80489
0.965078
0.391967
3.91619
0.932795
2.37853
2.22222
1.10252
2.89918
0.85825
0.806599
0.570455
0.330395
0.455627
1.82912
1.40505
1.01485
1.3215
0.699211
0.528003
1.29355
0.450779
0.586934
0.06856
0.275168
0.43874
1.2657
0.584005
1.26709
0.680364
0.31212
3.3413
0.755782
1.16848
0.138456
0.0876308
0.926753
0.390304
0.360349
1.10121
1.28245
0.173112
0.560065
0.849745
0.0402815
1.00204
0.990798
3.51228
0.656189
0.668851
0.498609
1.27425
0.899983
0.204978
1.79045
0.362219
0.170061
0.890204
1.33946
3.25031
0.627641
1.53753
0.138757
2.34474
2.23308
0.36117
0.0441522
0.158139
0.543223
0.958539
0.280041
1.33188
4.16763
1.26649
0.0146516
0.325754
0.173037
0.660964
0.031991
1.02136
2.41475
3.00835
3.09948
2.34164
2.07827
1.0665
0.718011
2.43181
1.88268
1.51108
1.10006
0.447853
0.515932
0.781258
0.832488
0.255073
0.145218
0.769182
0.248709
0.642892
0.848504
0.464698
1.87941
0.541279
0.169494
0.0750974
0.0116461
1.05446
1.14738
0.594415
1.17025
0.291705
0.518449
0.637919
0.474251
0.938092
1.53446
0.479055
1.13118
1.33239
0.130255
0.702656
1.00622
0.186476
0.563242
3.1398
0.548129
0.0389541
1.66328
0.744769
2.07836
1.42242
2.63225
0.030729
0.98555
0.563325
0.194583
1.21773
0.110745
0.320889
1.37497
2.81188
3.18231
3.35277
0.947209
0.10813
0.457653
0.105533
1.24739
0.804201
0.627473
2.08168
0.189878
0.13861
0.487951
2.89832
2.04497
0.0460847
0.387735
2.07587
0.238533
0.549516
3.09563
0.148217
0.706978
4.78384
0.71143
1.02573
0.353906
0.117852
1.59994
1.80609
1.18728
0.24567
1.39297
1.95464
1.9539
1.50718
3.1757
0.494426
3.06707
0.236656
0.569867
0.179583
0.113058
0.287432
2.14082
1.81811
0.127197
1.0341
0.862106
0.394037
0.267777
0.811003
0.41023
0.151036
0.472117
1.52821
0.00779064
1.62529
0.887666
0.108384
0.0224829
0.497333
0.736367
0.183292
1.53976
1.24165
0.940158
0.216291
0.424871
1.37821
0.016124
0.0740208
1.14381
2.44304
1.14348
0.88873
0.183048
0.353897
0.149487
1.30947
0.0169675
1.17345
1.19017
1.4738
0.78832
0.724111
1.00493
0.357354
0.793107
0.0482249
0.165589
0.0417933
0.727492
0.300559
1.07148
2.33641
0.250568
0.318673
2.31307
0.473256
1.36123
0.905819
0.743309
2.63617
0.973897
2.33163
0.29112
0.408381
0.716647
2.37247
1.52485
0.0531967
1.17999
0.998747
0.124868
4.00465
6.38864
2.85956
0.641262
0.127042
2.76076
0.14396
0.0624946
0.0284206
4.23373
0.778711
0.0962088
0.211897
1.22808
0.050689
1.29222
3.01597
0.301573
1.53783
1.21123
0.980047
0.528867
1.02629
2.74685
2.63737
1.77428
0.419051
3.16059
0.0967114
0.698377
1.81066
3.5309
2.36699
1.47063
0.985355
0.411207
2.08674
4.43474
0.622
4.35696
0.0392086
0.0242158
0.330821
1.73109
1.17013
1.68453
0.901901
0.478559
0.107821
1.63909
0.297657
0.583967
0.900594
0.00790794
2.09355
3.70471
0.339711
0.46635
0.655415
0.980314
0.421206
1.20519
1.17029
0.47812
0.00280002
2.15347
1.47927
0.168637
1.26978
0.340209
1.81989
0.828227
5.66319
1.72772
0.303366
1.05789
0.0156046
2.11045
0.368592
1.51251
0.267824
0.0165141
0.0907043
3.33972
3.5301
2.32286
0.454178
0.394228
0.671947
1.15683
0.988425
0.996911
2.3787
0.36882
3.02602
0.339719
0.91745
0.131742
2.88918
1.10665
1.78439
0.123037
4.75039
0.574586
1.60592
1.0232
0.543624
0.375613
0.978908
0.26706
1.37795
1.28518
0.393052
0.229166
2.35805
0.0591593
0.322173
0.644333
2.31616
0.587875
2.15155
1.90205
2.15607
0.47833
0.528333
0.559115
0.586314
0.0855799
0.254182
0.463132
0.372093
1.85702
0.0250006
0.706202
2.02007
0.049011
0.335075
0.0588287
2.385
2.64084
0.724477
1.88963
0.579387
0.139147
3.438
0.406531
1.24776
2.37428
1.09091
0.0179917
0.927744
0.349353
1.09283
5.47989
1.03157
0.415016
0.282138
0.596112
1.36301
1.14358
0.124538
0.626812
1.45201
0.449159
0.503898
0.633417
1.08241
0.115039
0.15689
4.75098
1.53587
1.69613
1.40895
0.441028
0.228476
0.259227
0.130571
0.0140817
0.0690386
0.71465
1.39508
0.501819
0.618769
0.821935
2.11256
0.0809752
0.252569
0.481296
0.140172
0.168329
2.1995
0.0891938
3.08169
0.892067
2.80765
0.232502
0.0687665
0.428193
0.960314
1.61751
1.54381
0.691393
0.40596
0.971002
1.73161
0.673289
4.30327
1.24647
0.797856
0.737702
1.07006
1.13409
0.00754174
0.437861
0.137181
0.072549
2.14606
2.82264
0.988463
3.30081
4.28413
1.31215
0.0866637
0.482271
1.41129
0.191871
0.0912725
0.406954
4.05503
0.408328
0.877687
1.14916
0.140985
0.418609
0.0201987
1.53963
1.47758
2.39887
0.216902
1.93169
2.94368
1.86868
0.305449
0.961893
1.24988
0.679908
4.64229
0.568523
0.280377
1.03824
0.590555
0.146534
0.146614
1.0972
0.537597
0.249723
5.45337
0.398316
1.98652
0.544196
1.55675
0.137679
0.399323
0.357406
0.462571
0.400516
0.0815368
0.442244
0.244632
0.563481
0.795124
0.876096
1.50875
1.39471
0.0986187
0.113943
0.698472
1.97747
0.653471
2.2054
0.0940875
0.0810296
2.11235
0.514126
1.76524
0.816924
0.889426
1.34094
2.29478
1.58413
3.71987
1.21928
1.48342
1.35723
0.937282
0.733183
1.06281
0.575086
1.32078
0.142881
0.150218
1.06223
0.562358
0.726476
1.60214
2.09067
0.712367
0.29418
0.617844
0.252297
1.04918
0.451073
2.26652
1.7154
2.33886
0.500454
0.077779
1.67194
1.04678
3.09987
2.89348
0.556596
1.3074
2.52309
2.10531
0.623287
5.51647
0.827768
1.33674
1.17784
0.0535877
0.146165
0.71632
4.38942
1.38615
3.22635
0.317243
1.81323
0.136505
1.82604
1.61651
3.22393
0.00833217
1.32093
1.31009
0.367661
0.83459
0.510942
1.65885
0.275725
1.29939
0.982498
0.807818
0.209516
0.585823
0.354011
1.55549
3.13358
0.638401
1.4239
0.818781
1.82593
0.567627
0.563743
1.35569
0.0728703
0.378024
2.03137
2.21232
0.465688
0.372692
0.277349
0.115891
0.992536
0.937707
0.377649
2.6494
0.289087
0.527977
1.28022
0.467915
0.828901
1.56533
0.80782
4.04863
1.14412
1.41607
1.11529
0.0894155
0.725929
1.44988
0.00340704
1.50436
1.49517
1.28075
0.322141
2.88683
0.906374
1.22462
1.43345
0.484003
0.698868
0.0402974
3.36471
0.170857
0.177977
0.506319
0.792902
0.263504
0.407483
0.0391563
2.01701
0.376382
1.61043
0.508003
0.458469
0.511331
0.207672
1.7113
1.07372
0.632921
0.638821
0.613107
2.63253
0.281915
1.44084
3.38572
0.931267
0.0196173
0.761252
1.09635
0.926207
1.73502
1.25363
0.177215
1.30864
0.340349
1.27868
1.72561
2.29648
0.42929
0.208414
1.6295
0.862902
0.701206
0.840294
0.623186
1.39684
0.189422
0.280598
0.439535
2.60773
0.0577817
1.33822
1.86423
1.54017
0.561324
0.524347
1.5957
1.97131
0.834403
1.35696
4.59749
1.04712
0.987178
0.182682
0.0371347
0.180084
0.470713
0.214472
1.18422
3.79961
4.27166
0.997509
1.01565
1.204
0.888798
0.321887
0.0308883
0.163389
0.405179
1.34442
0.97748
0.810909
1.36934
0.71232
0.799315
0.0420494
1.50648
0.543911
0.598632
0.148597
0.92843
5.92672
2.64715
0.273223
0.292376
2.58588
0.786751
0.0853267
0.42023
0.417371
0.373319
1.91696
0.362899
0.213507
0.00732443
2.12281
1.36274
0.234648
0.051366
2.49222
0.292887
0.743696
0.285446
0.646908
1.06137
0.121876
2.36541
1.12887
0.0350954
0.150631
0.534326
1.17429
0.136998
0.504698
0.104104
0.840745
0.901411
0.237945
0.690724
0.406198
0.309433
0.922851
1.82524
0.901559
1.78543
2.30259
0.00784336
0.112935
1.42582
0.755551
0.187939
2.79831
0.712108
0.825798
2.81351
6.08127
0.971008
0.00727003
0.0878622
0.230196
0.676444
1.88029
1.24554
1.41592
0.625997
0.197848
2.25956
0.525122
0.0636215
1.17138
0.552125
0.302746
0.0358189
0.757906
2.88165
0.0131041
1.71356
0.428908
0.88555
0.0844233
0.585009
0.17262
0.766693
1.25225
2.76357
0.882454
0.101795
0.546487
1.55303
2.42751
4.44442
0.510157
0.218957
1.79655
1.72607
1.29587
0.639347
2.82293
0.547926
1.56451
0.466295
1.43019
1.30316
1.28407
0.900454
2.23353
1.18558
0.971696
0.0393874
0.0379368
2.34943
0.5573
0.41682
0.823204
0.867369
2.22403
2.22426
0.34659
0.340169
1.34484
0.279184
0.12409
2.33892
1.2887
0.103343
0.294757
0.249909
1.02416
0.775121
0.271741
2.50897
1.06267
0.0251151
2.20046
0.288414
1.2549
1.36487
0.520525
1.23886
1.60165
0.0283565
3.93181
1.70047
1.34046
1.53362
0.574074
1.8976
0.320588
1.19777
0.0524962
0.976079
0.550536
1.34671
2.47109
2.3381
0.669501
0.150046
1.40191
0.843814
0.036218
0.543152
0.927524
1.22393
0.60183
0.63565
3.07527
0.218749
0.848199
0.751681
0.142225
0.856202
0.18349
1.5379
0.904633
0.708448
0.6088
0.288912
0.35844
1.70439
0.326497
0.348635
0.148779
6.61622
0.34528
0.658809
0.218358
0.0149403
1.20278
0.351524
1.94935
0.746172
0.117458
2.08807
3.10874
0.996173
1.26611
4.21251
0.960629
0.605037
1.41939
0.18673
0.7302
0.704201
0.20772
2.32317
1.96602
0.268861
0.888708
0.051251
3.44138
1.23948
1.96481
0.0778725
0.689913
0.265906
0.635688
4.3257
0.197664
0.151473
1.01842
0.826943
0.162309
0.211205
0.278538
0.169208
0.501934
0.0233695
0.906952
0.264027
1.28261
0.345645
0.277831
0.912218
0.0807025
0.323748
3.01858
0.1581
1.36981
0.261491
0.307346
0.394498
2.65389
0.419318
2.25788
2.61249
0.0249847
0.0872765
0.567679
0.00619094
0.363851
1.34866
0.146688
2.09894
0.239984
0.210062
1.77705
0.319572
0.545033
0.174445
0.401114
0.734584
1.24287
0.587069
0.615248
0.758826
1.31368
0.523676
0.21917
0.669648
2.57147
1.23062
0.1275
0.484181
1.01305
3.25316
0.0304244
0.617341
0.453575
0.151125
0.142863
0.757091
0.310943
0.313752
0.834628
0.000738034
0.428365
0.487625
0.647093
0.134108
0.748335
0.270671
1.25325
1.42796
0.0684572
0.844601
1.93861
0.150419
1.55839
0.926501
0.756418
0.850501
1.35664
0.0300989
0.741989
0.40552
1.1275
0.101306
3.97428
0.578712
0.286549
0.945522
0.244541
1.94438
0.220416
0.467674
0.789825
0.404784
0.0655885
0.255299
0.701142
0.540622
0.233688
1.88183
0.700338
0.119712
1.49601
0.113849
0.0258753
0.314442
0.880684
0.611126
1.96013
1.01512
0.660037
4.28566
1.02422
0.0566537
1.86734
0.540292
0.366765
0.50984
0.422693
4.26844
0.394435
1.28874
6.1774
1.86371
0.436906
1.13799
0.415126
1.2531
1.67821
0.538879
0.442565
3.51815
1.54716
0.408214
1.74671
0.691049
0.555136
0.285133
1.40875
0.515649
0.0337314
2.07875
2.15243
0.246764
0.394415
0.664189
0.138016
0.919404
1.00307
0.63292
0.992571
0.866958
0.660196
0.750157
1.70667
0.404145
0.050978
3.27551
1.10584
0.0327832
0.0720765
0.735213
0.0672239
0.623506
0.387999
1.7183
1.23146
1.64309
1.15727
0.284926
0.185357
2.75645
1.21286
0.274274
2.80773
1.4734
1.94866
0.251475
0.842925
0.229613
0.419185
0.479938
0.345097
3.38229
0.836345
0.903859
1.16817
1.67248
0.373192
2.07043
2.00479
1.48971
0.260042
1.05044
1.69217
0.0730052
1.74202
0.407705
3.2309
1.23234
0.68044
0.261668
0.707117
0.0910927
0.482005
1.21783
3.73968
1.49169
0.706947
0.602551
0.0415067
0.796262
1.28565
1.14733
0.167518
0.338946
2.02331
0.772444
0.348971
1.68568
4.00596
0.653989
1.04726
1.77391
0.511799
0.615993
0.0897126
2.59648
0.263292
0.591725
1.28461
2.09022
0.0798655
0.604313
0.666841
0.160779
1.30545
3.08522
5.45567
0.314706
2.84706
0.219463
2.47098
0.927867
0.873903
0.146771
0.962698
0.60076
1.33332
1.11798
2.31665
0.527714
0.392573
1.4483
0.00607193
2.22267
0.0445851
0.461363
0.40743
0.860667
2.39586
1.06306
0.390541
1.34135
0.304671
0.808775
1.34126
1.10498
0.0280457
0.767706
0.352326
0.165397
0.632221
2.10558
1.0092
2.23805
0.377847
0.389796
0.144064
0.234125
0.373562
0.714578
0.56397
3.02347
5.0662
0.132015
0.383329
0.907167
0.695345
0.539053
0.508992
0.717344
1.79772
0.234102
2.12154
0.976452
0.137073
0.221983
0.397361
1.19357
2.22376
0.585088
0.460017
0.301969
0.112439
0.232192
0.194581
0.496217
0.571824
0.564869
0.216855
0.119823
0.41379
0.381651
1.14842
0.856704
1.24117
1.60041
0.314925
0.36091
2.03524
2.63813
0.33209
0.209795
1.31978
0.98716
2.74164
0.338361
0.266615
0.360655
2.6258
0.339204
0.188472
0.165006
0.0583717
0.894741
0.695915
0.496195
0.536989
0.58304
0.857835
0.291865
1.9075
0.455104
0.0742084
1.37291
1.22003
0.619059
1.07035
0.301775
0.745541
0.691755
0.22725
0.0147554
0.425315
0.874499
0.193829
2.40474
0.112769
1.73508
0.590572
1.73211
1.01489
0.307346
0.0786013
0.108715
0.0035744
1.0471
1.12271
1.08199
0.495653
1.13146
2.74478
0.45103
1.39955
0.781297
0.301909
0.778512
0.375058
1.88385
0.849196
0.77605
0.199632
1.8525
0.059474
2.12127
2.26051
0.263039
1.03007
0.585807
1.43827
3.16315
0.416592
0.128595
0.60424
0.274545
0.693565
0.976243
0.450626
2.64358
0.931415
0.127714
0.629925
2.94651
0.22218
0.697711
1.24167
0.224673
0.259644
0.360792
1.42097
1.64226
0.838519
0.683936
4.66428
1.80852
0.453809
3.18209
0.18178
1.58259
0.774887
0.934565
1.29024
1.27468
0.221432
2.22165
0.484671
2.24172
0.85297
0.35541
1.53998
0.757799
1.06389
2.41741
0.502967
0.294306
2.42362
0.166069
1.53337
0.472663
0.0309981
0.412602
0.789287
1.4879
1.046
0.0355869
0.453953
0.1394
1.04102
2.00618
1.23446
0.128139
0.19855
0.072635
4.57577
0.709344
0.873021
1.10744
0.243647
0.710209
0.52635
1.56631
1.14518
2.41041
1.693
1.22487
0.313437
1.20668
0.378635
0.370224
2.20973
3.05182
1.20221
0.837871
0.502691
1.85675
2.96241
0.32586
0.154549
0.629151
0.834848
0.189733
0.190345
1.6952
1.31919
1.53111
0.647016
0.739783
0.694773
2.29272
2.64488
1.44562
0.0701709
0.100666
1.40071
1.40192
1.67016
0.726252
0.486074
0.572718
1.04898
0.586963
2.79872
2.54712
0.866901
0.71292
0.440842
1.66865
1.11468
1.09366
0.149956
0.288134
1.65471
0.00234992
0.669611
0.404303
0.127377
1.1155
1.59237
0.910345
0.174334
0.861607
1.41019
1.56327
1.32646
0.289309
1.62381
6.42211
0.020311
1.70801
5.64146
0.971291
2.39866
1.10581
0.672609
0.743241
1.36558
0.409001
0.0742214
4.02562
1.39838
0.0108416
0.616953
1.39028
0.367427
0.58094
0.583024
0.794967
2.15146
0.016287
0.0495211
0.515598
0.354846
0.634143
2.26118
0.643017
0.110581
0.672965
1.67343
3.6552
0.272539
0.00844269
3.45665
0.503309
0.0651447
0.0983885
2.66387
0.319916
0.695798
4.62685
0.202046
1.32069
0.247372
0.70271
0.916888
2.89097
1.59318
1.48579
1.08121
2.04525
0.0133502
0.758826
1.00355
0.0367255
0.117808
2.2089
2.0542
0.0291691
3.9055
1.80049
0.356639
1.15566
0.334347
0.182588
0.400347
1.89595
1.33607
0.471476
0.20241
1.97182
3.89982
0.489574
2.23659
1.80205
0.314843
1.06517
0.363149
4.0068
1.22677
0.781081
4.28404
1.81594
1.3046
0.158122
0.103047
5.22002
1.40519
0.0602378
0.774932
1.70298
0.0797582
0.154108
2.92135
0.249693
0.56114
0.166273
1.2898
0.0126325
0.438709
0.635087
2.67799
2.87605
1.66082
1.1172
1.11236
0.75834
0.068078
0.198459
0.236652
0.34663
0.497688
0.538663
0.286248
0.261336
0.261184
0.630338
5.56498
0.757267
0.587351
0.0225457
1.35303
0.578714
0.0462322
0.895848
0.684005
0.358949
1.12044
0.0142019
1.4314
1.8287
1.35422
0.843753
0.460594
1.71208
2.15176
0.822838
0.114139
0.470772
0.256043
1.83763
0.302417
0.390067
1.1911
2.2366
0.585913
1.18371
0.517885
2.99928
1.507
0.496733
0.141491
0.16569
0.953621
0.0678719
1.20043
0.950757
2.672
3.10529
1.90989
1.2559
0.300426
0.239034
0.206743
0.282738
0.648394
3.87211
0.225744
1.33366
2.51901
1.73618
0.0406299
0.254828
2.19145
2.31647
1.91121
1.66266
0.35626
2.00755
0.685785
1.4088
1.20977
2.75529
1.4847
0.234094
0.776941
0.0429151
0.607998
0.318583
2.55524
0.398269
0.859295
0.213075
0.509469
2.95514
3.46868
1.51867
1.71171
0.786389
1.65976
0.4035
0.105417
0.891912
0.491284
0.636549
3.74207
0.279284
1.27141
1.15314
0.29307
0.00939172
1.3386
0.368942
1.44537
1.03472
0.197738
3.59952
1.37308
1.36058
4.46377
0.0946741
0.793243
0.994944
0.0190772
1.27736
1.43751
1.65526
0.418729
1.18854
2.00121
0.888277
1.68739
0.638331
0.251009
1.40615
0.469575
2.80677
0.89841
0.882641
0.441569
2.01223
1.70173
0.173683
2.79088
0.795217
1.0892
0.000112093
0.604432
0.608062
0.819637
1.16703
0.0937967
0.374057
0.339333
0.232058
0.741866
0.950372
0.326079
0.754346
4.03762
0.642784
1.7793
0.414096
0.682835
2.19086
2.16237
1.00409
1.10761
1.77946
0.6851
0.605331
2.66231
0.732362
0.421995
1.48065
0.0399436
2.08991
1.49971
1.4313
0.0166209
1.11819
0.354834
2.43093
1.35674
0.976825
0.349754
1.39714
0.0630874
0.253759
0.0655559
1.86205
2.24969
0.664269
0.0553771
0.305908
0.668038
0.934456
0.376057
0.515191
0.828679
1.37518
0.535715
0.822332
3.14762
0.53656
0.218124
2.17357
0.97559
1.58998
0.182425
0.947693
0.241927
4.7772
1.7522
0.899923
0.52359
0.36992
2.74044
1.04804
0.720555
0.338251
0.178149
0.748632
1.52072
0.0991025
2.09161
0.0395393
0.0713907
1.22125
0.108332
0.659471
1.31537
0.219543
0.107892
0.417279
2.1847
0.80573
0.367307
1.54314
0.496293
0.291335
0.939078
0.224456
0.729233
0.0454236
1.35468
2.91603
0.72763
1.9506
0.923563
0.584652
1.6063
0.835316
0.20969
0.569635
2.06204
3.6613
0.0687575
0.513906
0.730276
0.144994
0.119838
1.14434
1.24239
0.0530601
0.177729
0.126711
0.0203412
0.908253
0.160722
0.199871
0.90844
1.09241
1.03265
0.806632
0.353063
0.247131
0.253702
0.448012
0.199449
0.0122302
1.65462
0.595696
1.786
1.7719
1.94268
0.825837
0.24325
0.944913
1.39727
2.15971
0.833334
0.976358
0.71821
0.0958122
0.0913833
2.82072
1.05635
2.34254
1.40412
0.141934
0.0894148
2.1598
0.581663
1.05352
1.05436
2.09709
0.220253
1.25022
0.743628
1.67522
0.110981
0.307746
0.785157
0.68252
0.380715
0.154727
0.544603
0.111778
0.556541
0.00497917
2.18847
0.563687
2.62606
1.01518
3.44862
1.37692
0.494904
0.903872
0.601282
1.73619
0.196985
1.37767
0.15194
0.00627634
0.561439
0.610862
2.99933
1.3576
0.0904038
0.180149
0.11443
0.728298
1.27012
1.60619
2.45114
1.56485
0.474592
0.658538
0.00584611
0.753196
2.32726
0.831293
0.265564
2.26479
2.66755
0.551447
4.29776
0.0444142
1.22271
0.147981
0.537222
0.209702
5.27794
2.68218
0.163878
1.048
1.17393
0.0721036
2.50079
1.05447
0.905525
1.86787
0.581407
1.91787
0.725244
2.0846
0.0489961
2.77597
0.0309713
1.10276
1.8725
1.02772
0.680991
0.222969
2.01872
0.563032
0.242913
0.121172
0.510398
2.32533
4.85182
0.37786
0.343702
0.211024
1.50319
1.5672
0.390104
0.124692
0.293094
0.0338312
0.149219
4.18347
0.283033
0.566292
0.559016
0.770161
0.917172
1.08537
0.330873
0.0656353
0.655287
0.968798
0.525497
1.157
1.02289
0.93715
0.245368
1.36355
0.76224
2.35293
0.0044174
1.23312
0.12123
1.12852
0.531881
0.257514
0.846182
0.901355
0.209268
0.985648
0.341252
3.19873
0.84365
0.407141
0.174933
0.422249
0.693702
0.0609727
0.602387
0.718738
0.950271
0.101253
0.308415
2.71276
0.554298
0.550835
3.34253
1.41119
0.95993
0.295818
0.974194
0.364835
0.422981
5.67792
0.871504
1.20768
0.187078
2.05676
1.71647
0.133542
3.20858
0.755701
0.36685
1.30625
1.33106
0.247549
0.441245
1.05498
0.424895
0.469445
2.28191
1.16354
0.565932
0.183681
0.25758
1.47157
1.72139
0.280126
0.397866
0.812729
0.481287
0.132898
0.192635
0.611676
1.04276
2.26207
0.00353411
1.99811
0.289634
0.628116
1.02165
2.03232
0.324066
0.0457844
0.387889
0.503783
2.8561
0.200514
1.00844
0.808573
0.35188
1.92662
0.344278
0.739335
0.737562
0.16333
0.392756
0.0809425
0.773414
0.312714
0.429384
1.34928
0.535809
0.176121
2.19117
0.738971
2.32398
0.409401
0.288468
1.06444
1.05529
0.426775
0.540086
0.00976552
0.450437
0.671485
3.53652
1.5023
0.727908
0.312423
0.0465384
0.565204
0.438729
0.678299
2.40897
0.0410416
0.409525
0.398017
0.32972
0.130337
0.305492
0.626189
0.476422
2.61978
0.400103
0.993804
0.915587
0.153447
0.097024
0.00794579
0.400646
0.765793
0.629947
1.23994
1.39483
0.289282
0.840902
0.0296283
0.921121
1.38144
0.0727736
2.23814
2.84668
0.61899
2.09828
0.466138
0.819962
0.0087277
0.796629
0.2201
0.0657122
0.42457
0.0474613
1.49815
2.85658
2.15736
0.107854
2.55454
0.718354
3.47703
0.855544
0.0878349
3.54029
1.86505
0.603651
0.109354
1.31947
0.613398
0.38985
2.67451
0.376651
0.25725
1.52325
0.0881547
0.980297
1.66271
2.29246
0.495539
0.491346
0.588621
2.10552
0.517511
0.230632
0.782968
1.74831
0.284618
1.01259
4.47151
0.276341
0.132557
0.698167
0.307674
0.930689
1.18925
2.52553
1.06732
0.445196
0.804841
0.792614
0.126901
0.644441
0.387294
3.31089
1.90764
1.24329
0.118146
0.836245
0.500503
0.119228
0.271069
2.46082
0.828271
0.198396
1.66345
3.22492
0.439227
1.87487
0.184952
0.676689
2.10539
0.666309
0.613662
0.72201
0.847902
0.0164365
0.183214
2.97238
0.832254
0.0393263
0.390811
0.56522
0.980883
0.0419624
0.606738
0.141126
0.45049
0.138889
0.690152
0.255683
0.23127
0.675709
1.01157
0.308064
0.185487
1.71822
1.19823
0.340369
0.0952757
3.81099
0.249668
1.5718
0.36059
0.0258923
0.953996
0.0418071
0.602914
0.0383612
0.011981
0.849353
0.573793
0.398014
0.373713
3.05441
0.468317
0.423267
0.67978
0.0509709
1.11219
2.08008
0.541381
0.586647
0.252821
0.829287
1.84267
0.973303
0.692489
0.384696
0.106074
1.16824
1.958
2.66683
0.998116
0.447385
0.1828
0.274153
3.18148
1.17672
0.36129
0.318185
1.13738
0.648841
0.095279
1.22298
0.0732349
0.988731
1.17881
0.82163
1.54513
0.669702
0.984422
1.32507
0.631741
0.566029
2.04584
0.406776
0.498387
2.15344
0.705364
0.307866
0.314652
1.95968
0.0292425
0.465056
0.411399
0.356148
1.47488
3.46565
0.983351
1.85749
0.263057
1.69608
0.0691105
1.0873
2.72722
1.25739
0.629739
2.1229
0.862121
1.04497
1.09976
0.929262
0.650599
1.86007
1.7923
0.417379
0.0697879
1.92295
0.134806
0.765013
0.880679
0.705918
0.324423
0.213993
0.00770775
2.80101
0.169342
0.219463
0.281335
0.357814
0.694046
0.481221
0.0101878
0.749899
1.53527
0.34355
0.775068
0.190521
3.67966
0.401075
0.30325
1.19361
1.37553
1.41312
0.0359482
0.127932
1.7497
0.539859
1.81301
0.576949
0.593951
1.29538
1.40819
0.956724
1.36117
0.122406
0.412414
0.164541
3.30222
1.56712
0.198063
2.17375
0.0741874
0.737415
0.104879
0.585482
0.199526
0.284497
0.179359
0.15084
0.904985
0.550134
0.898105
1.06716
1.30637
0.310462
0.728084
1.21574
1.68155
1.3659
0.671337
0.767403
1.96347
0.844125
0.320609
0.985353
1.22913
0.292814
0.123456
0.249326
2.13061
0.102797
0.599885
1.48775
0.194815
1.2756
1.34088
0.426409
0.131827
0.540585
0.253733
1.10975
0.540577
0.496078
0.275113
0.639693
1.26802
0.175041
0.108837
0.575375
0.748648
0.857942
0.466337
0.276155
1.37016
1.0239
1.22918
0.0443428
0.968266
0.585759
1.31471
1.42104
0.637344
5.33144
0.278508
1.47967
0.989471
1.12492
0.113024
0.661999
0.776952
1.09688
1.21483
0.409868
1.63356
0.806677
1.27074
0.975924
0.049883
1.93244
0.193156
0.450538
1.38677
0.279016
0.221312
0.619085
0.540874
1.17174
0.57681
0.134343
0.651334
0.839958
2.58755
0.487769
2.75866
0.32159
0.304249
0.402132
1.26399
0.514447
0.820152
0.54955
1.25969
0.764308
0.721356
0.737789
0.246034
3.03877
0.264382
0.0469278
0.943524
1.68663
0.300147
0.271599
0.505028
1.08437
2.68236
1.2975
0.534917
0.84908
0.980078
0.591063
0.0917319
0.276029
0.184115
0.271449
0.403625
0.162122
0.162948
3.00476
0.938382
0.52254
2.64215
0.069307
0.431133
1.03581
1.61275
0.678594
1.1125
0.386473
0.409107
0.634531
1.18206
0.179997
1.06396
0.0870989
3.34909
0.533625
0.294344
1.05433
0.0643859
0.476806
0.918512
1.27728
0.610904
0.380521
0.452891
0.456371
1.52363
0.2521
0.0947496
0.116736
0.944263
2.79094
2.27715
1.69329
0.45768
1.70875
0.210417
0.272443
1.70529
0.49914
0.552061
0.155274
0.398486
0.310105
1.46622
1.38227
0.476776
0.545944
0.924665
0.0450972
0.347938
1.55593
1.28895
2.46097
0.402111
0.274783
2.01205
0.0464965
1.22355
2.53109
0.940208
1.28766
0.407343
0.399402
0.585858
2.06666
0.673986
2.32242
4.12913
0.0933095
1.12148
0.789554
0.0362143
3.29447
0.15898
0.294948
0.150267
0.700773
0.23745
0.227953
1.45604
1.08981
1.27583
0.974037
1.10515
0.958058
1.89464
0.269545
1.70725
3.49691
0.0521867
0.482052
0.857757
0.12467
1.30872
0.545533
0.435928
1.21327
0.84247
0.362587
0.360064
0.109693
3.45949
1.50395
3.73923
5.06231
1.34325
0.768779
0.167303
1.05209
0.33749
1.29279
0.0676875
0.986363
3.45131
0.948299
0.175676
1.18086
0.421381
0.397048
1.69847
0.438875
0.763887
1.69288
0.497925
0.747997
0.00930958
0.078143
1.64653
1.0054
1.10254
0.285587
0.181925
0.267596
0.141094
0.023072
0.310783
0.507213
0.746196
0.27924
0.629777
0.179348
1.1119
1.71705
0.0981044
0.62091
0.308301
0.48521
0.180204
0.239054
0.305961
0.216727
2.20423
2.76313
2.21701
0.369267
0.483201
0.134586
0.601502
1.49487
0.0337393
0.959472
2.38847
1.31417
0.754221
0.304471
2.44639
1.62239
2.404
1.40394
0.147205
1.07623
0.117404
0.43138
0.0453928
0.237456
0.0349547
1.67798
0.347029
1.03714
0.710955
1.02985
0.271491
2.03139
1.60106
2.00098
0.141701
0.109767
0.47694
0.849329
0.0957479
0.367796
0.0325292
0.130766
0.0758771
0.215421
0.293952
0.705885
1.0099
0.238399
0.638651
1.51437
0.350332
0.899114
0.355571
0.760143
0.601284
0.117822
0.789862
1.55295
0.345617
0.886267
3.22243
0.389501
0.311694
0.302746
1.07859
0.69103
1.64803
0.409407
0.684223
0.0814978
0.335099
0.754925
0.467034
0.216847
3.39953
2.34038
0.0345468
0.367387
0.079953
0.277951
0.685006
0.594824
0.239127
1.291
2.68722
1.41731
0.583669
0.52805
0.244012
3.29759
0.55427
0.693323
1.36153
0.231019
0.0551754
0.753786
2.19277
0.108114
0.328279
0.257253
0.111187
0.00590471
0.183064
0.261321
0.0618692
1.04789
0.759835
0.0498812
0.296336
0.336171
4.49299
0.580135
1.28602
0.706888
0.669323
2.36242
1.55804
0.753275
0.882369
0.599074
0.889717
0.0268171
0.512999
0.895672
0.706011
2.1451
0.603119
0.326226
0.610169
0.567876
0.00370283
1.36217
0.00982349
4.18798
4.36211
0.0682608
0.627339
0.544665
1.30419
0.77677
1.71366
0.459876
0.285088
2.29981
0.156885
0.499298
0.731609
0.545999
0.554551
0.822094
0.477803
0.487162
1.42574
0.0820647
0.434861
0.027162
1.29624
2.02306
0.0748896
0.910714
0.653087
0.266553
1.68367
1.26657
1.62482
0.806865
0.392874
0.902517
0.416808
0.0576197
0.178157
0.751482
2.18359
0.909207
1.01708
0.906096
2.01047
0.795758
0.540973
0.239978
1.40697
0.806412
0.752529
0.13363
0.780043
0.858261
3.69105
0.186453
0.84084
0.182998
4.8208
2.74197
0.123076
0.968989
0.252395
0.551523
0.564789
0.39333
0.215598
0.483946
2.18225
0.45529
0.661645
0.989606
0.893974
1.20528
0.310412
0.0504058
1.58512
0.14233
0.574022
0.0730071
0.408919
0.000396175
0.958669
2.02022
0.228031
2.57759
2.55058
0.043896
0.203907
0.125565
0.977851
1.64579
1.56941
0.460507
1.27733
0.964205
2.98604
1.12047
0.0262915
0.239806
2.38062
0.235122
0.752573
1.94082
1.13542
0.592658
0.948925
0.397543
0.165592
0.141008
2.29975
1.45943
0.425149
0.00824064
0.168609
0.2442
1.50283
1.27228
0.612459
4.68039
0.611628
0.690909
1.20704
0.41646
1.36589
0.106661
0.0958275
0.0460022
0.634625
2.96393
0.770822
0.445665
0.0214392
0.581439
0.264663
0.326418
0.114465
1.46756
0.234825
0.489986
1.6055
2.03818
1.03087
0.194217
0.302281
0.159793
0.0187225
2.17528
2.70159
1.02885
0.46199
0.823484
0.216422
2.48222
0.511312
1.0729
2.17667
0.458821
1.29737
0.497647
0.370843
0.231154
0.652989
3.42544
3.04436
5.60043
0.345064
0.459289
0.87918
1.07932
3.15288
1.35646
0.48522
2.49388
3.3453
0.40346
0.243432
0.392979
0.299989
4.48529
0.558265
4.88334
0.146086
0.899378
1.43407
0.623666
0.914626
0.096705
4.36772
0.99989
3.17588
1.27103
0.404079
0.64093
0.316507
0.707298
2.18447
0.142855
0.887297
0.0802286
0.0473716
1.85218
0.0759734
0.651988
0.379827
0.505459
0.0811883
0.618109
0.0788004
1.12991
0.366712
2.40367
0.133649
2.10047
0.433308
0.729003
0.180828
1.06175
0.306643
0.274655
0.198744
0.160647
0.493251
0.416942
0.659209
0.742062
0.723321
0.381737
2.33856
1.69431
0.459866
0.953358
0.0950632
0.245546
1.10457
0.914629
0.797095
1.16178
0.0805477
3.58465
0.210864
0.673435
0.801775
1.47104
0.870488
0.0516064
0.536648
2.02231
0.867776
0.979242
3.53101
1.90992
1.54203
1.35968
0.273027
0.185694
0.734276
0.209029
0.500577
0.26846
0.628665
0.291912
0.202934
2.81255
0.433707
0.0795677
3.31233
1.21805
0.219835
0.750612
0.52674
0.521503
1.89712
0.153649
0.365809
0.643245
0.229228
0.495696
0.634314
0.00113472
0.385095
0.959066
0.820496
0.810273
0.612419
0.677023
1.17634
0.740787
2.90471
0.200671
3.09171
0.373452
0.000907254
0.860613
0.87704
3.34528
1.70844
0.10083
0.141054
0.0106973
3.23009
0.736207
1.91227
0.427227
0.574429
0.072124
0.17118
0.417041
4.24123
0.0412083
0.922479
0.03397
0.294146
1.3103
2.56691
0.539308
1.04111
0.348747
0.295969
0.498647
0.130572
0.605591
0.315074
0.942808
0.748793
1.13667
0.853968
0.627364
0.106185
0.106542
1.50725
1.22386
0.473438
0.0310837
0.00253289
0.351569
0.312484
1.40022
1.17867
0.391128
1.5779
0.20063
0.36233
3.97132
1.12845
2.94351
2.58069
0.413737
0.489865
0.431481
0.141407
0.183864
0.910478
0.0714838
0.668603
0.102856
0.465881
0.208614
1.74365
1.24011
1.01446
0.924869
0.0552241
1.01375
2.25078
0.656983
0.315973
0.69725
0.14825
1.32776
0.95392
1.69105
0.286075
0.633688
0.202106
0.124721
0.923923
0.567795
0.598051
0.344789
0.515146
0.758641
0.87241
1.76168
0.946127
0.917794
1.41214
0.950784
3.00186
0.917444
1.02905
1.56439
1.93109
0.11905
0.501311
0.411157
1.42762
0.0588477
0.485724
1.41697
0.800352
1.0492
0.274076
0.0413782
0.175569
0.112806
2.82221
0.768902
0.764129
0.115712
0.909715
0.482296
0.758936
1.05967
0.380183
0.894238
1.65328
0.0595435
0.0430837
2.67615
0.942054
0.810507
1.19093
1.10831
0.310733
0.247607
2.31819
0.487484
1.31558
1.57994
0.508677
0.167947
1.06785
0.339786
0.46614
0.0296756
0.776695
0.850777
0.918616
2.69045
1.04891
0.691569
4.64138
1.43027
0.646309
1.03334
2.1172
0.0234188
0.149596
0.399865
1.72209
2.32088
0.8163
0.304175
0.698852
2.81204
0.735747
0.611171
0.432668
0.114415
0.942742
0.0795131
0.240001
1.60779
2.05829
1.13006
0.845829
0.201975
0.193917
6.11076
0.00123595
0.876549
0.602754
1.89201
0.264348
0.441581
2.00206
0.951716
0.051666
0.94638
3.20991
0.168122
1.07616
1.15675
1.87491
0.076849
1.11457
0.341717
0.492364
2.67494
1.80568
0.93424
0.897279
0.752084
0.920012
0.675543
0.233917
0.207088
1.55289
0.547219
1.56661
0.204182
0.772493
0.811069
1.96487
0.736673
0.671651
0.617783
1.03378
1.71849
0.280885
1.59892
0.397194
0.954174
1.11063
0.0700953
0.575189
0.234839
2.35012
1.14773
1.22344
1.28465
0.0399584
0.143596
0.580506
0.364607
1.35515
0.441893
0.332366
1.08436
0.515949
2.50653
1.42334
0.331943
0.189737
0.112164
1.32925
1.0787
0.231104
0.142619
1.52955
0.766841
2.67312
0.632306
0.674471
0.163398
1.99939
1.98074
0.401633
0.978226
1.39958
0.286641
0.289109
0.0750713
0.158268
1.57085
0.649029
1.52411
0.304432
0.606798
0.0339104
0.84699
0.985098
0.547515
0.507156
0.111526
1.18281
0.368637
2.04871
0.142288
3.18041
0.603279
0.360061
1.64097
0.0496657
2.4378
0.844343
0.107851
0.461262
0.508882
1.46215
0.0306381
0.148373
2.16575
0.858269
0.392815
0.482808
0.869354
0.509183
1.02539
1.55036
0.400529
0.135756
0.208124
0.353047
0.173622
1.77783
0.108004
0.26956
2.13164
0.530943
1.35954
0.564451
0.927668
0.970066
0.126632
0.576229
0.267803
0.587131
1.47649
0.783896
0.10498
0.701738
0.0659921
0.968522
0.833415
1.50199
1.0811
0.21007
1.46962
2.36994
0.445745
6.88072
0.771781
0.0634621
1.54677
0.0583408
0.405614
0.544831
3.59858
0.0646594
0.264712
1.295
1.27049
0.771207
1.58391
0.256648
3.19004
0.324946
0.265657
1.71935
0.0100762
3.36836
0.148232
0.160585
0.920006
0.574075
0.454138
0.241202
0.897276
0.0284039
0.954448
0.175368
0.0967829
0.220089
0.133227
3.3354
2.04369
2.36802
0.219506
1.45436
2.69587
0.906724
1.24087
1.27681
0.639914
1.09114
0.0112595
1.08547
0.312869
0.746918
1.32984
0.714882
0.39778
0.373686
0.20399
0.862007
0.254098
0.33874
0.215999
0.190487
0.269447
1.72305
0.519234
0.0579219
3.11786
0.476925
0.0739094
0.0901413
0.532414
0.163624
1.27187
0.334673
0.990621
1.25974
0.0734638
0.928451
1.00312
0.0551446
0.949407
1.81805
1.64051
0.47351
0.506486
2.22936
0.753926
0.118818
0.276718
0.544682
1.78354
2.1552
0.278165
0.647326
0.44531
0.0262429
1.88747
0.377685
1.23696
1.68772
1.1886
4.5486
0.142001
1.27852
1.81364
0.421668
1.20549
0.37079
0.160011
0.0968409
0.441198
0.381892
1.42661
1.06804
0.510036
1.26211
3.27438
0.853308
2.01922
0.495642
0.820708
0.932893
0.516143
0.296702
0.145343
0.0358242
0.220904
0.408523
1.58034
0.509924
1.81176
0.150227
0.017344
0.567075
1.5352
2.14354
0.338384
4.16611
4.69278
0.0840299
1.36347
0.0588104
2.35585
0.0859355
1.12522
3.39214
0.107457
0.899259
3.92131
0.288126
1.29164
0.211764
1.02833
5.53083
2.37077
1.69114
1.59781
0.43079
0.0523823
0.0200992
0.338719
0.289788
0.0202552
2.95225
0.0883339
3.01409
0.652569
0.389326
0.0336716
0.220235
0.519921
0.959109
1.2947
0.990923
0.696279
1.46915
1.37577
1.77338
0.279009
1.1717
4.61481
1.40637
1.72224
3.8649
0.409131
0.0701771
0.444237
0.190745
0.035604
3.11326
1.03341
2.26404
3.31938
1.8542
0.0217823
2.30302
0.300082
0.137883
0.0216443
0.979639
0.315963
1.52422
0.545071
1.25843
0.402114
1.32803
0.61132
0.70967
0.622293
0.122175
0.482553
1.67412
0.175142
0.367771
2.73936
2.74247
0.00567048
1.15919
0.0312704
1.28912
1.71227
1.6624
