1.49149
1.15727
1.76283
0.73706
0.227035
0.741564
1.85606
0.629194
0.52388
0.358581
0.320595
1.82904
0.154087
2.17183
2.77352
0.671562
0.937392
0.265238
1.90959
0.676285
0.478835
0.45585
0.899841
0.884941
1.28815
0.80629
1.19649
1.21702
0.96248
2.38843
1.10805
0.409741
1.19008
2.64916
0.637285
0.886087
0.498886
2.35169
0.51445
0.352936
0.913838
1.65234
1.67881
1.3091
0.0741176
0.422963
0.678559
0.850226
0.422172
0.136155
0.733614
0.626712
0.130677
1.79396
2.07045
1.38929
0.542416
1.81773
1.22982
0.494126
0.230249
0.0532773
0.275967
2.44323
0.611194
0.826136
0.562637
0.599615
0.143329
0.0619665
0.326836
0.422271
0.786605
0.215313
1.22657
0.708182
1.64937
0.366095
1.55263
0.823674
1.94137
0.174151
1.22679
0.961771
0.288484
0.114372
0.200315
0.559711
1.26834
0.31914
1.92382
0.186124
1.38437
1.26299
1.03154
0.748949
1.37324
0.39097
0.428886
0.0753946
0.147321
0.267269
1.15354
0.175354
0.745778
0.346498
1.12189
2.11117
0.585071
1.13512
2.19525
0.447727
1.25336
1.12049
0.933362
0.288697
3.83667
1.00969
0.493006
0.773051
0.0632373
0.511108
0.583436
1.33193
0.877766
1.89948
0.437218
0.553219
0.778303
0.965921
0.232188
0.790745
1.30912
0.437142
3.27123
1.10402
0.0265344
0.78022
1.15133
1.73044
2.82489
2.57062
2.73968
1.40295
1.67937
0.380772
1.30199
0.236273
0.334415
0.473685
0.85311
0.743283
2.24417
0.117835
0.173593
0.341453
0.823614
0.62236
0.814374
1.39165
0.172586
1.21177
1.22565
0.357565
0.600286
0.0550429
0.739935
0.465798
1.00754
0.931915
0.406065
0.591762
0.377291
1.09029
0.707503
0.743453
0.0580581
0.731567
0.328458
1.31825
1.52012
1.3585
1.55489
1.19293
0.244462
1.004
1.76901
0.756555
1.66771
1.25688
0.268015
0.426012
1.2089
1.886
1.2985
1.16865
0.331783
0.615835
0.634121
2.61719
0.402317
1.32679
1.04274
0.559947
0.597346
0.794185
0.811472
1.26134
0.266504
0.706144
0.513317
0.314241
0.191871
0.487548
0.250963
0.840796
0.868616
2.89844
0.997978
0.716346
0.643519
1.19241
1.03048
0.114773
0.617769
0.572365
0.146299
1.24321
0.434048
2.0226
0.93077
3.97327
0.754302
1.06337
2.00957
0.0147158
2.16872
2.58868
0.434897
1.52018
0.518195
0.658682
0.100202
1.24821
1.59127
0.416868
0.432331
0.302506
0.491213
0.219022
1.16798
1.10496
0.353189
1.04677
0.677283
1.96859
0.263427
1.29862
1.7837
0.229541
1.40717
0.488983
0.774135
0.720591
0.750973
0.664347
0.427527
0.724773
0.412784
1.57119
0.613388
0.73781
2.06421
0.18569
0.444949
0.983976
0.442961
0.241448
0.0630464
0.36751
0.0465227
1.87804
1.63202
1.14241
0.486609
1.02814
0.678192
1.6952
0.604978
0.784332
0.78396
0.636232
1.64702
0.621406
0.297227
1.09148
0.587846
1.58586
4.12608
0.705481
2.822
0.454727
1.35756
0.461074
0.170658
0.752093
0.275942
0.271525
0.478342
1.57958
1.69392
0.567937
1.28277
0.549238
0.0940137
1.42035
0.619752
0.5656
0.235935
0.244226
0.127263
3.01176
0.184768
1.5032
3.41034
1.27763
1.1455
1.50802
2.93911
1.45759
0.624893
0.727534
2.30126
1.68361
1.72519
1.12427
0.0567497
0.654918
1.88827
1.1858
0.766978
0.464453
0.729236
0.418497
2.73303
1.55918
0.609511
0.485331
1.59276
0.782944
0.461289
1.50979
1.31738
1.02702
1.06932
0.397572
0.67416
1.98554
1.50291
0.277068
2.11435
2.64673
0.492222
2.62113
1.32468
1.29097
1.65402
1.24007
3.41203
0.423672
0.353472
0.185255
0.229573
0.571066
0.809758
1.40853
1.27534
1.79212
2.27624
0.911803
0.365447
2.15728
1.41172
0.668042
0.713751
0.287406
1.21069
0.241313
0.740573
0.205801
0.324021
0.692846
1.34452
0.385761
0.678787
0.578706
2.34423
0.184794
0.0774353
0.878764
0.961203
0.860321
0.684103
1.01735
0.921444
0.438904
0.2902
1.02301
1.71719
1.67188
1.23346
0.576267
0.884222
2.34183
1.01105
1.01233
0.778348
0.679441
0.0205767
0.517902
2.16185
0.357805
1.40724
1.42871
1.27314
1.03589
1.42974
0.140623
0.171956
0.50881
0.527875
3.09697
0.024971
0.352225
2.04022
1.03311
1.50077
0.435787
0.721305
1.00626
0.625188
0.396512
0.928227
1.72001
1.0461
0.882276
0.459255
0.191497
2.64305
1.19399
0.663041
0.107139
0.829896
1.35519
0.640517
0.512984
0.837356
0.377336
2.05925
1.45047
0.299254
2.05187
1.27679
1.03623
1.70467
0.148436
2.21798
0.422163
0.777984
0.719624
0.735256
1.01291
0.638234
0.104568
1.45489
0.267369
0.955529
0.170061
0.983383
0.481904
0.441563
0.976398
1.474
0.633962
1.02625
0.946748
1.24329
1.85054
0.378697
1.07301
2.54831
0.39523
1.28212
1.12922
2.45567
1.0212
0.327839
1.32673
0.126155
1.92764
0.151546
0.873008
0.611182
0.0706896
0.721158
0.591326
1.11434
0.30669
2.10125
1.58371
0.553234
1.733
0.438043
0.245619
0.65276
0.363448
1.08608
0.41145
0.77789
0.387773
0.955825
0.714078
1.07496
0.972797
0.916197
1.28453
0.537402
1.08984
0.387521
2.33174
0.766147
1.37904
0.494034
0.117203
2.70559
1.35487
2.20545
2.74908
1.2127
0.291816
0.631948
1.61863
0.674475
0.151894
0.472575
1.61068
1.65269
0.552669
1.02241
2.06999
0.917613
1.49916
0.34941
0.632097
0.975225
0.474459
0.833051
1.39306
0.317909
0.778869
1.07088
0.935915
0.61131
1.72546
0.625878
1.34038
0.61397
2.1542
1.50077
3.3194
0.724921
1.1526
0.322002
0.910902
1.03762
0.508726
0.288624
1.72223
1.87726
1.04072
1.3674
2.44793
0.705867
0.488008
0.896055
1.04961
2.97027
0.44672
1.15612
1.0428
0.581516
0.311485
1.03975
1.07579
0.95452
0.782219
0.833298
0.976324
0.840057
1.12585
0.832161
0.152664
0.912198
2.81505
1.19922
1.34201
1.13706
1.08476
0.759976
0.392704
0.662004
0.939553
0.66182
0.956469
0.892276
1.18031
0.714884
0.935278
1.11898
0.692259
1.24677
0.94488
0.863011
0.596336
1.07052
4.39992
0.0987992
0.0638354
0.725727
0.802253
0.657352
0.168036
0.684154
0.581955
0.561518
0.887478
2.49163
0.848803
2.28095
0.688863
0.36897
1.16551
0.771342
0.977734
0.251732
0.677511
1.34446
1.23465
0.835352
1.71748
1.30452
1.05352
1.35985
1.42064
1.00285
0.444958
0.439764
0.670625
1.65304
0.350964
0.96779
1.27101
1.3424
1.15904
0.913922
2.44729
0.585546
0.49716
1.3428
0.542015
1.82528
0.550923
1.31764
0.716429
0.284435
0.851969
1.08893
0.246061
0.417123
1.32485
0.560623
1.5546
3.41095
0.42359
0.248283
0.561746
0.118152
1.94568
0.488425
1.37888
1.68691
0.223567
2.08471
1.21784
0.11714
0.449699
1.43822
0.357888
0.113668
0.132663
1.87087
0.925308
1.04561
0.590506
0.45661
0.708704
0.588219
0.524177
0.735907
0.772506
0.424984
3.47073
1.75269
0.318411
0.828521
1.20858
0.168856
0.289828
0.848289
1.02988
0.430852
1.64612
1.00126
0.986881
0.326625
0.696452
1.24717
0.640786
0.416843
1.52189
0.629714
0.0104634
0.469284
2.09204
1.16935
2.46566
1.67779
0.334249
0.4451
1.53212
0.152252
0.10903
0.748295
0.461211
0.440874
0.939053
0.0955156
1.26108
1.39181
2.75068
0.260051
0.945826
0.980124
0.422822
2.40743
0.692088
0.362418
0.545173
0.315458
0.972118
1.09471
1.32571
1.11085
0.913409
0.780063
0.667794
0.283655
1.01429
1.76957
0.998294
1.45675
1.10537
1.44757
1.77941
0.389497
0.436093
0.925053
0.41674
0.762759
1.26808
0.516335
1.11869
1.46575
0.257996
0.703263
0.365861
0.511129
0.778237
0.701991
3.21187
2.30344
1.75374
1.60709
0.228816
1.31319
1.27072
0.245412
0.372817
1.51044
1.8145
1.17305
1.8385
1.28695
0.684849
0.460921
1.71972
1.32481
2.31916
0.204855
0.617843
1.21057
0.794354
0.792231
0.958847
0.308265
1.02127
0.449376
0.819899
0.48413
1.32264
0.526286
2.91619
0.593258
0.0425422
1.29288
0.78086
0.860342
0.680204
3.25717
1.21417
0.231813
0.611155
0.396374
2.26509
0.40707
0.0363856
0.271796
0.680276
0.092666
0.841426
1.74469
1.18216
0.521174
1.42123
1.23013
0.792917
0.751702
0.352684
1.89818
0.6915
2.12135
0.967672
2.33797
0.664473
1.45692
2.20613
1.37289
1.33672
2.43825
2.23755
2.37567
0.427665
0.536708
0.571814
1.63653
1.64243
1.59196
0.516802
0.477398
1.31216
1.28261
0.807278
0.745099
0.353709
0.721495
1.57795
0.660134
2.73843
0.744761
0.552075
2.58852
0.524659
0.256158
0.386543
0.880154
0.889515
0.240844
1.18787
0.37182
2.0079
1.06855
0.76959
0.288262
0.196107
1.17983
1.45697
0.8945
1.80043
1.68478
0.850944
1.96759
0.00167599
1.52754
3.43946
0.414066
0.886617
0.293814
1.3046
1.22679
1.57387
0.227993
1.85827
0.678245
2.01883
1.27299
1.09864
2.0434
0.687955
0.894985
0.275462
0.475424
0.870459
1.70768
0.168921
0.265041
0.498367
1.04971
0.600929
0.841152
0.972268
0.19887
0.783061
2.4448
0.0817459
0.79016
1.43194
1.30769
0.548221
1.173
2.7977
1.04316
1.10981
0.494116
1.92259
0.523976
0.745073
1.42209
0.163138
0.747685
1.12484
2.52924
0.704816
1.2416
1.68439
3.11251
0.248005
1.35031
1.76903
0.827193
0.909591
1.54218
1.125
0.346611
0.101881
1.38168
1.60861
1.63585
0.249848
0.51821
0.661697
0.731248
0.273865
1.52392
0.837834
1.59919
0.682575
0.566307
0.526135
0.629372
0.220315
0.0199896
0.344105
1.03586
0.381909
0.659166
1.88612
0.0570977
1.67028
1.03136
2.55178
2.6624
0.276239
1.39323
0.174116
0.164279
1.38268
1.00257
1.22679
0.360851
0.372696
0.470874
1.41289
1.24101
1.2145
1.27437
0.0937537
0.393122
1.20985
2.66217
0.965452
0.756733
3.89185
0.714418
0.293181
1.70387
0.0461641
0.707471
0.321484
0.517398
1.86599
1.08117
1.52216
1.89397
0.397159
0.860505
0.678139
2.0804
0.0477556
1.1984
3.19778
0.710617
1.09919
0.962021
0.251209
0.410722
1.08966
0.256961
1.70289
1.10895
1.79565
0.960812
0.450899
2.0248
0.516363
1.29629
0.607073
1.58585
1.74742
0.963697
1.41845
1.25402
1.58185
0.619274
0.884107
0.668053
1.6674
0.409696
0.986911
3.3803
1.14996
0.790437
1.4231
0.657802
0.349257
0.949281
0.323634
1.6036
0.141326
2.23197
0.427406
1.27071
0.282704
1.50608
1.6559
1.56984
1.70704
1.24427
1.5659
0.747739
0.106372
0.982612
0.772703
0.795835
0.296662
0.785341
1.16065
0.660636
1.27465
0.255761
0.376632
0.473706
0.416822
0.713788
0.0744442
3.37697
0.46163
0.642744
0.227976
0.927395
0.434641
0.678182
2.42206
0.612097
1.56906
0.788589
0.268148
1.04884
0.835965
1.54741
0.842365
0.360131
0.0505451
1.25479
0.323431
0.629776
1.09178
0.198669
0.458378
0.284214
0.244055
0.833476
0.721006
0.348525
1.47379
0.49314
1.44936
1.24329
0.065202
0.232611
2.27393
0.833066
2.03378
1.07222
2.23849
0.543421
3.04693
0.260734
0.49861
1.66851
0.69296
0.154509
2.77484
0.582864
0.48538
0.809519
0.803682
1.38501
1.63179
1.01079
2.70209
0.557362
0.631115
0.889338
0.64851
0.545415
1.21556
1.32783
0.399338
0.889468
0.210714
0.521292
0.526168
1.28768
0.784902
0.742955
0.464106
0.279152
2.44009
2.23956
0.922306
0.6296
1.38304
0.522176
1.03064
0.273612
1.45485
0.768705
0.155779
2.94175
1.3756
0.19546
0.4912
0.854474
2.10341
1.15294
1.76734
0.781548
0.816014
1.49283
1.62279
2.67163
0.698405
1.55863
0.784241
2.66259
0.305633
0.796686
0.864159
0.772586
0.531301
0.158644
0.942041
0.395042
1.20184
0.851131
1.72035
1.15788
1.73882
1.4899
2.15751
1.27409
0.652032
0.566808
0.264611
0.782986
0.55433
1.25058
0.547394
1.60825
0.50111
1.77599
0.293774
0.208167
0.708121
0.694271
0.615538
0.814208
0.705742
2.60386
1.53554
0.780309
0.232587
2.65183
0.578821
2.78022
0.606419
1.92115
2.31242
2.37098
2.29915
1.46552
0.952195
2.10115
0.270117
0.299412
1.34781
0.896547
0.171276
0.259115
0.574299
1.14296
0.72292
0.548223
0.889496
0.704941
0.852392
2.15931
0.0599929
0.110233
0.295034
0.57824
0.873448
4.08241
0.268704
0.429502
0.727564
0.782997
0.657539
0.410381
0.701515
0.984697
0.354757
0.552464
0.537621
0.546912
2.4807
1.69248
0.460942
3.03937
0.482231
0.392587
1.10412
0.256935
2.04295
0.43057
0.552288
0.931831
2.3653
0.636965
1.00311
0.974847
0.285078
0.362922
0.95752
0.337079
0.0917197
0.492315
0.254633
2.83607
2.37128
1.10216
1.03089
1.32975
1.38225
1.91846
0.291686
0.316099
1.29502
0.741111
0.898397
0.445035
2.26521
1.29699
0.0623527
1.26038
0.259292
3.18923
0.915291
0.788579
0.927353
0.932154
0.671869
1.12352
0.826955
1.44688
0.711372
1.01764
1.3263
0.159565
0.110208
1.13631
2.5351
1.03361
1.65041
0.424838
0.0886054
0.359575
0.685179
0.315406
0.374329
0.125603
0.279234
0.943218
0.265199
1.26295
0.566909
1.88727
0.251108
0.686445
2.31686
0.963543
0.486915
0.558491
0.0870679
1.18152
2.28792
1.09729
0.428584
0.298927
1.31848
0.538057
0.463377
0.597972
0.178676
1.44653
0.280193
0.562445
0.924005
0.661036
1.19367
1.01609
0.803729
0.293696
0.997259
0.760924
2.51124
0.503273
0.728018
0.495095
0.840538
2.47964
0.946502
0.38603
1.04611
0.568018
1.81635
0.58996
0.804957
1.40555
2.57921
1.03806
0.595262
0.684677
1.42209
0.923043
1.41585
1.08397
0.179739
0.335148
0.683917
1.44292
1.73145
1.7689
1.93799
0.261283
0.649429
0.720575
0.171814
0.345234
0.936112
1.30339
0.29105
1.14609
0.435283
0.100917
0.28143
1.83816
2.75695
1.14266
1.2928
1.76776
0.989637
3.1539
1.00145
0.809939
1.11097
1.61843
0.311815
1.60071
0.265439
1.39487
1.09364
0.910286
1.02327
0.663008
1.77233
0.423486
0.418595
1.37406
1.1281
1.71819
1.25274
0.0849703
3.87435
0.394408
0.639035
1.20141
1.8148
0.558923
1.49605
1.82721
2.30918
0.663421
0.847703
1.26363
1.38218
0.769921
2.39797
0.282511
0.565028
1.5355
1.03596
2.14088
0.969317
2.39834
1.68464
1.01539
2.59863
0.186801
0.275538
2.75418
2.32374
1.18428
0.485548
0.457359
1.4538
1.18262
0.377485
0.449495
0.598681
0.444632
1.92947
0.506345
1.8843
2.88466
1.00303
0.988489
0.445351
1.20257
0.4657
2.23614
1.37902
1.10377
0.450668
0.509841
1.47685
1.48092
2.59546
0.287023
1.03847
0.169774
2.39634
0.359526
0.61368
0.224921
0.622528
1.57944
1.04858
0.684415
0.27899
1.19538
1.61159
1.28252
1.85785
0.623243
0.645371
2.49402
0.545745
1.14143
0.315076
1.71765
1.28955
1.06278
0.191129
0.114511
0.298117
0.322556
0.302615
0.951894
1.18415
0.609452
0.789785
0.129634
1.25422
0.402008
1.56333
1.67176
1.24114
2.76456
0.265213
1.47713
1.86023
0.0775746
2.19668
1.1226
0.655339
1.79446
1.90099
0.794373
1.41111
1.15215
0.755872
0.295925
0.879522
0.276011
0.298619
0.389637
1.24325
0.916321
0.305377
0.64979
1.28444
0.55458
0.994231
1.83735
1.87815
1.44636
0.566732
0.991632
0.293374
0.524328
0.722593
0.372076
1.68271
1.99435
0.92603
1.64441
0.730024
0.762099
0.96719
1.13834
0.86419
1.38986
0.38025
0.903703
0.366853
1.58766
0.701344
2.27621
0.424997
1.47552
2.09084
0.249707
0.471245
0.917533
0.113568
0.326437
3.68493
1.6273
0.413371
1.52237
0.703315
0.383345
1.29719
1.14749
2.2287
0.477709
0.460692
0.646155
1.36191
1.23121
0.344274
1.15119
2.53962
0.648458
0.669449
1.09599
0.1921
0.252659
0.924777
0.638006
0.834364
0.866975
0.347666
1.07218
0.569538
1.67461
0.506292
1.18173
0.701882
0.344047
0.29448
0.881882
0.232602
1.62037
1.25694
1.83901
1.3793
1.35529
0.776772
0.591448
1.84738
1.97687
2.21021
3.73181
2.37804
2.15274
1.65866
0.148491
1.22619
0.341646
1.17095
0.589369
0.488146
0.847792
1.31529
0.378665
0.810326
0.178824
0.247793
0.189429
0.647008
0.25249
0.717971
1.65609
0.5932
0.76088
0.702476
1.47057
1.53424
1.29106
1.5108
0.302136
0.889017
0.399772
1.43492
1.47872
0.531321
0.499678
0.523544
0.418203
0.684474
2.3647
0.758364
1.40615
1.53611
0.614916
1.32521
1.34933
0.730756
1.59671
0.668401
0.56588
0.429358
1.30998
0.578721
0.697496
0.373382
0.340926
0.326353
0.709102
1.06222
2.30575
0.844852
0.322899
0.924558
1.41274
1.04021
1.02816
0.957332
0.979015
3.06572
0.212685
1.33967
0.250537
1.01318
0.390339
0.136002
0.633869
1.82364
0.9055
0.414933
0.358406
0.768495
0.177402
1.83807
0.317158
0.262503
1.8567
1.16486
2.14204
0.781628
0.863744
0.940601
1.85599
0.748371
1.21125
1.06587
0.273277
1.31397
0.559219
0.59042
0.977996
1.03418
0.138406
0.363814
0.475454
2.13538
2.58547
0.594899
1.27787
0.453209
0.448554
1.92022
1.58052
0.80253
2.47199
0.606443
0.766932
0.449448
0.256409
1.90575
1.09338
0.501203
0.507024
0.685255
0.615738
1.55669
0.382121
0.249588
1.11538
1.05726
0.93607
1.26618
0.385065
1.23534
0.603198
1.05858
0.697233
0.762587
1.15087
3.36552
0.886746
0.352362
1.87783
0.938054
0.109021
0.72413
1.19797
0.87655
1.12024
1.05584
0.73697
1.41533
0.861814
0.1382
0.0925796
0.352281
1.20693
1.01384
1.73996
1.62034
0.705001
0.588571
1.72388
1.40116
1.05204
0.744246
2.8802
1.0196
1.66432
1.61442
0.36541
0.232652
0.664789
0.637266
0.608396
2.37727
0.659286
0.853366
2.47074
0.274932
1.35419
1.4324
1.10106
1.08762
0.438301
0.139396
0.53735
0.729467
1.17643
2.3632
0.962513
0.705672
0.866623
0.0982618
2.67407
0.628889
0.846944
0.344746
0.330682
1.4524
0.273795
0.506393
0.799978
1.11018
0.93321
0.763436
1.32208
0.12367
1.52401
0.0699536
1.00906
1.41113
0.711445
1.27646
0.252057
1.59772
1.65524
1.35414
0.213046
0.644456
0.643068
2.76548
1.23737
0.776343
2.80725
1.21769
0.277735
0.996432
0.638339
0.191021
0.362013
1.78395
0.692957
1.47428
0.756577
1.09251
0.291875
1.30681
0.506995
0.628709
1.19273
0.513998
0.767132
0.0969466
3.75728
2.01472
0.871443
1.64682
1.25062
1.34346
0.696138
1.06005
1.08773
0.976263
1.04838
1.36675
1.51056
0.832644
0.602389
0.272795
0.371221
0.935133
0.716235
1.24491
0.667215
0.258651
2.56854
2.04368
1.532
0.237178
0.705235
2.05418
0.760638
0.902431
2.16983
0.367921
0.23631
1.09267
1.19739
0.813395
0.576986
1.41233
0.875523
0.647108
2.19294
1.11468
0.766456
0.807902
0.433912
0.337517
0.84842
0.991713
0.687375
0.795368
0.397547
0.126984
2.36057
0.223778
0.738551
0.23655
1.29561
0.0911521
0.257166
0.256993
0.578365
0.885768
0.612118
0.934507
0.465208
1.84739
0.410926
1.18349
1.14363
0.317436
0.989787
0.980335
0.639131
0.434256
0.454123
2.71557
0.367771
0.205321
0.07112
1.97193
1.55914
0.437384
1.14824
0.322334
1.16764
1.13357
0.41447
0.58954
1.72617
2.19521
0.503465
0.798222
0.794681
0.637041
1.1377
0.867676
0.720212
0.960046
1.38097
0.868833
1.13207
0.624286
0.400455
1.29396
0.966234
0.598727
1.52679
3.29598
0.908334
1.00318
0.804019
0.626821
0.241424
0.510738
0.301772
0.677312
0.526066
0.868327
0.440213
0.304053
0.490921
0.48651
0.544518
0.819884
2.03944
0.231345
0.814401
1.26354
2.5444
2.27937
0.558197
0.426923
0.739358
1.04196
0.968082
4.46919
1.61595
0.453373
0.554948
1.3297
0.110074
0.582264
0.474524
0.197188
0.787618
0.36187
0.245915
0.206518
0.736778
1.20966
0.166511
0.651133
0.833386
1.25401
0.599961
2.16755
1.72782
1.91338
0.283496
0.808396
0.339195
2.28295
0.197135
0.985425
0.196541
1.52296
0.560176
0.841037
1.42628
1.74064
1.61039
1.10037
5.77899
1.12581
1.62088
1.20881
1.21315
0.473958
0.0383801
0.558534
0.319956
0.663469
0.282583
0.413086
1.05502
2.4765
0.573561
0.290419
0.707762
0.954795
0.33528
0.906024
1.12476
0.316905
0.432634
2.96002
0.825722
1.4984
0.896799
0.434935
0.662113
0.735961
0.50949
0.605587
1.30154
1.37713
0.330222
2.045
1.24402
1.28599
0.901646
1.21211
1.26898
1.65913
0.738691
2.48702
0.583524
0.629514
0.586412
1.88031
3.06237
0.447535
0.276003
1.83718
2.75014
0.181478
0.637335
0.385883
0.840201
0.333468
0.998653
1.19955
2.17779
0.600676
0.267928
0.978397
0.269621
0.601674
0.984317
1.68013
0.786073
2.53756
1.29093
1.68159
1.57654
0.368203
0.702023
1.03303
1.45376
1.16421
0.848553
0.444935
0.752005
0.426465
0.267367
2.01018
1.49969
1.7248
1.14747
0.319579
1.09822
1.62209
1.04461
0.45855
0.228491
0.214327
1.20693
1.55123
1.21549
0.357373
0.902541
0.068648
2.07436
1.10819
0.0991636
0.59917
0.581694
0.174836
1.10439
0.345146
1.62029
1.15212
0.206833
0.674058
0.58801
0.348984
3.41278
1.01447
0.794329
1.10741
0.814268
1.22492
0.0126469
0.97171
1.40831
0.683734
0.21662
0.819834
2.05367
0.448655
1.0877
0.803133
0.819258
0.891255
0.418489
0.546014
0.0958816
0.738526
0.494211
0.421123
0.0612781
0.320969
0.221732
0.953463
2.14711
0.876984
1.01065
2.6069
1.35821
4.2243
0.746248
0.793186
0.269232
0.243379
1.21585
0.143211
0.767956
1.37247
1.07513
1.21295
1.25994
1.41873
0.705733
0.124671
0.482145
0.345892
1.13091
1.57453
0.415359
2.61358
2.93784
2.07677
1.19957
0.468058
0.194155
0.739007
0.410229
0.165492
0.503441
0.824863
1.35015
1.5924
0.440656
0.614004
0.762675
0.517088
2.14203
2.26377
4.55496
0.822532
1.31519
1.46144
1.63707
2.3501
0.503074
1.6144
0.24539
0.578754
0.195412
1.20671
1.00014
0.721471
0.344424
0.345842
1.74756
0.678641
0.470077
0.51436
1.43114
1.26708
0.651224
1.82835
1.09095
0.935771
1.302
0.346263
2.44608
2.05747
0.685451
0.140094
0.555239
1.68135
0.506641
1.8595
1.34874
0.371984
0.400692
0.900655
0.364802
1.18637
1.51784
0.856579
0.784178
0.0968719
0.410347
0.405469
0.232129
0.611727
1.12057
3.71401
0.186572
0.635282
0.114891
0.960871
0.773924
0.813088
2.07823
0.222819
2.08622
0.944257
1.33805
0.228935
0.599282
0.990364
0.446193
2.59713
0.872635
1.4542
0.661063
0.549712
0.417722
0.479675
0.316672
0.685557
0.581636
1.55294
1.16758
1.12847
0.99964
1.18661
0.628194
0.718991
1.41002
0.334735
1.08817
0.905205
1.09996
1.14924
1.5455
1.14969
1.24555
0.843511
1.24587
0.593761
0.247075
1.00372
1.25559
0.839337
1.67622
1.78064
0.62714
2.34576
0.909169
1.69248
2.11582
0.910012
1.73068
1.60475
1.71136
1.40833
1.46052
0.169088
0.720615
1.25778
0.261885
2.02934
0.845553
0.816168
0.750499
1.03283
1.02941
0.261077
0.634885
0.550568
0.605677
0.905314
0.767998
0.483176
1.20666
0.24023
0.358324
2.20508
1.30404
0.73884
1.00774
1.78708
0.610536
2.24489
0.648167
0.749198
0.610167
0.48773
0.826556
0.61084
3.37436
0.580716
1.79591
1.75191
0.613256
0.454127
1.49025
1.42764
1.85998
0.910927
1.15662
0.90108
1.13557
0.198475
2.06645
0.320392
2.50539
0.0711468
1.12063
1.25156
0.638781
0.370148
0.667333
1.21991
0.476638
0.373814
0.956453
0.933908
0.369253
0.785042
0.370094
1.93444
0.609429
0.259526
2.7073
0.412497
0.0489558
0.38714
0.584848
0.810372
0.338059
1.41613
3.98499
1.00705
0.350385
0.358546
1.60772
1.60016
0.534243
2.1194
1.79738
0.270661
0.655652
1.86096
0.436937
0.783688
0.691515
0.863935
2.11277
2.244
0.0337161
0.459003
2.83168
0.391446
2.27483
0.494318
1.03369
0.364511
0.269662
1.27131
0.663546
1.91202
1.5827
1.05257
1.49299
0.917204
0.583555
0.472205
2.70056
1.33754
1.54786
1.08497
0.255911
1.32504
0.657539
1.38405
0.798209
0.513753
1.1658
0.881364
1.68116
1.01856
0.600533
2.97907
0.908849
0.873749
0.260772
1.11265
0.942497
1.68352
1.1502
0.728436
0.593465
0.399965
2.24655
0.240353
0.348569
0.807203
1.05743
0.545535
0.765165
1.61255
1.39605
2.51111
1.49112
1.80127
0.237759
1.72911
0.468708
0.900694
0.729175
1.05563
0.385113
2.97228
0.804312
0.209213
0.634754
1.10658
0.35782
1.90509
1.61074
0.456177
0.673984
1.08218
0.996579
0.227872
2.34125
1.32614
1.56046
1.51059
0.328027
0.48702
0.55734
1.25816
2.44429
1.36566
0.30415
0.274226
0.305552
0.558207
0.851904
0.539657
2.48161
1.53787
2.41915
0.862697
1.06925
0.234999
1.84154
0.360979
0.797626
1.28135
0.340622
0.932146
0.2174
2.12253
2.04869
1.96541
1.29981
1.27784
1.55263
2.1237
1.05258
1.14492
0.443629
0.8639
1.14003
1.58331
0.885092
0.492959
1.51726
1.91752
1.44424
0.896593
1.87261
0.301493
1.48129
0.338804
0.0671287
0.41675
0.316015
0.461547
0.870969
0.458008
1.14336
0.697617
1.42201
1.30471
1.01955
0.533522
0.649268
0.64594
1.71203
1.11388
0.479234
0.550386
1.08478
1.1974
0.255277
0.186382
1.05517
0.866063
1.6083
1.97309
1.31682
0.816629
1.27676
1.26945
1.08455
0.8703
1.31327
2.65368
1.05013
0.806618
0.165207
3.04141
1.1988
0.502752
1.14854
0.223758
0.494291
1.54541
0.506318
1.68485
1.82942
0.291065
1.05659
1.47554
1.71088
0.961546
1.12062
1.42306
0.711161
1.45578
0.200199
0.330739
0.29874
0.661457
2.88188
0.767394
0.630663
1.80002
1.41889
0.366345
0.954209
1.16097
0.45317
0.390472
0.393167
0.51517
0.455267
0.943312
1.26025
1.14022
0.998144
0.683341
0.888143
0.871384
1.07441
1.52806
1.29976
0.418961
0.668353
0.99861
0.95228
0.129501
1.57046
0.694677
1.38564
2.0323
1.12991
0.828232
0.392926
2.37805
1.00784
2.43601
0.634097
1.14016
1.49079
1.08358
0.140972
1.87882
0.502622
1.5418
0.824869
2.55737
0.286269
0.746023
1.23048
2.18126
0.700875
1.41972
1.5825
0.522014
1.98104
1.62682
1.8768
1.30032
2.75951
0.401285
1.24434
0.393951
1.42999
1.75788
2.22563
0.482984
0.211842
0.483005
0.992741
1.27281
1.39609
0.147267
0.791801
0.812005
1.93951
1.72628
0.894234
1.48218
1.58166
1.66755
0.836751
0.548577
0.804107
1.15503
0.743054
3.82655
0.594169
0.831115
0.895075
0.0527967
0.338333
1.67195
0.784436
0.571409
2.72468
0.2942
0.897929
0.560964
1.37506
1.2501
0.301856
1.83688
2.08643
1.02857
0.525307
0.635496
0.680749
1.47488
1.7017
0.687311
0.178023
0.777262
0.641133
0.968497
0.956308
0.575034
1.37959
0.73781
1.33592
1.25824
1.34894
1.96932
2.01603
1.17134
0.226923
0.879457
1.05357
0.280873
1.1605
0.297876
2.13806
0.12339
4.5138
0.689222
0.97355
2.52411
1.40533
2.23475
0.553836
1.38965
0.438045
0.989917
0.747502
3.2329
0.355162
0.959811
0.77018
0.430772
0.32595
1.8613
2.46205
2.33143
0.906097
0.504789
1.00027
1.37127
0.567881
0.401767
0.754126
0.0525623
1.54174
0.911088
0.908184
2.44142
3.10113
0.517579
0.51361
0.380988
0.934529
3.55773
2.15362
1.35995
2.24184
1.25754
0.140282
0.865506
0.857153
1.94366
0.107776
2.34288
1.16508
1.53378
0.67526
1.45593
1.43679
1.20659
0.616538
0.585674
1.45154
2.20146
0.0638729
0.781902
0.881475
2.13405
1.87522
0.53735
0.176019
1.33003
2.28604
2.43731
1.10403
1.0211
1.38672
3.22311
0.643108
2.28953
0.360731
0.537821
0.840708
0.370366
0.770755
1.15582
0.608805
0.902141
0.359514
1.30946
0.555517
0.856748
1.03364
2.61381
0.457797
0.30584
2.27901
0.400897
1.10939
2.18467
1.97253
0.405616
0.384831
0.225104
0.378442
0.544212
1.04985
1.13186
1.53963
1.16425
0.746526
1.43957
0.748365
0.691848
2.11303
1.73064
2.09919
0.97521
2.07227
0.248835
1.31922
1.67066
1.73399
0.376534
0.911204
0.738044
0.263821
2.52721
1.12585
1.86282
0.374381
0.119128
1.22989
1.76567
0.487857
1.17906
1.51088
0.720503
1.83914
1.11252
1.09446
0.958318
1.75865
1.21175
0.539563
1.55922
4.86625
0.86908
0.558714
1.05032
2.1928
1.91989
1.0717
0.141331
0.731625
0.876411
0.0222463
0.713673
0.405767
1.79629
1.23024
0.723725
1.95364
0.959618
1.37585
0.962286
1.49657
0.227171
1.68876
0.0617988
0.6896
1.78193
1.23066
0.795527
0.430145
0.591512
0.687488
0.158814
1.95964
1.08135
0.39255
0.645079
0.612065
0.878596
0.0799052
1.21096
0.439123
0.0554206
0.541174
0.992259
1.22022
0.627502
1.81211
1.45934
1.37832
0.792886
1.40323
1.37471
0.833715
0.985895
1.73196
2.50863
1.27218
0.322707
0.633589
1.05315
0.585399
0.591192
0.909953
0.388743
1.80665
0.452819
0.403806
1.15051
1.91278
0.407923
0.152336
0.105688
1.10825
0.459441
0.380116
0.332516
1.92333
0.774609
1.73307
0.494645
1.03749
1.16784
0.440741
1.84895
1.08287
2.07929
0.863368
0.17698
0.112604
1.74542
2.44642
3.44451
0.262317
0.261553
0.511368
0.608591
1.50947
1.06189
0.457781
0.291563
0.103331
0.704064
1.7342
1.60946
0.667243
0.648057
0.649687
2.07151
0.613969
0.779205
0.950225
0.630428
2.83974
0.491536
0.811903
3.71865
0.615918
0.804163
0.419586
1.14517
0.680337
1.18019
0.293468
0.990222
0.720044
1.06836
0.325023
0.657641
0.692676
1.2894
0.555585
0.690476
0.702401
1.3086
1.18818
1.35188
1.44463
0.734189
0.73529
0.50969
0.626481
1.58972
0.88703
1.5018
1.43218
0.9137
0.435926
0.733395
0.406253
0.230127
0.726908
0.404997
0.29908
3.20068
0.279843
0.632258
0.521135
0.32003
0.975044
0.366462
0.544333
1.77534
1.24558
2.37886
2.14692
0.697644
1.74235
2.05138
2.43819
0.933037
0.693039
2.25641
1.30819
0.117911
0.715052
1.93454
0.236357
0.492813
1.54066
1.71597
1.04716
1.23296
0.544329
1.01308
1.17013
2.24209
0.521099
0.219499
0.644887
0.269171
0.534405
0.622964
0.8943
0.595399
0.724267
0.726618
0.684776
0.501905
2.94499
3.04531
1.10633
0.4327
0.370202
2.04652
1.22533
0.205314
1.95402
0.254269
0.377497
0.489316
0.556549
0.154911
0.886696
0.12573
1.92477
1.23335
0.753848
0.778654
1.04065
2.30002
1.22854
2.0312
0.908822
0.555613
1.624
2.4767
1.07787
2.75262
1.04176
0.16189
2.02812
1.17105
0.729685
0.651272
0.792896
0.119454
1.11851
0.50822
1.22536
0.263992
0.612085
1.30939
1.00317
0.560693
0.568342
0.875914
0.821409
0.960943
1.09589
2.26759
0.327236
0.526184
1.72913
0.0584207
1.82715
0.439863
0.623605
0.882608
0.23589
1.72816
0.200774
1.57536
3.60211
1.11699
0.909688
1.54399
0.780315
0.94654
2.61707
0.476817
2.65177
0.302069
1.54811
0.888527
0.867084
1.81961
0.939987
1.53245
0.735769
0.856769
1.45355
0.506216
0.545564
0.746334
0.215985
1.1418
0.89583
2.54616
0.34597
0.247789
1.46207
0.827896
0.454498
2.46531
1.40002
0.247461
0.843894
0.721347
1.1097
2.50321
0.375752
1.29422
0.545064
0.418157
0.617931
1.24985
1.45211
0.716457
0.617559
1.47915
0.99924
0.844331
0.37713
1.46433
2.45685
0.158031
2.75486
0.9105
0.631516
2.3992
0.328216
0.83734
0.502661
0.358254
1.18807
0.562459
0.568186
0.404793
0.476578
2.11929
0.995947
0.626715
1.02793
0.688257
0.284187
1.90277
0.484166
0.721919
0.674518
0.394747
0.924659
0.679915
1.26253
0.158183
0.654429
0.699306
2.74722
0.379881
0.389321
0.685623
0.98762
1.67418
0.182804
0.148633
1.52376
0.585483
1.7635
1.00133
0.613551
1.96372
0.58795
2.64132
3.33635
0.303407
1.2785
0.515502
0.402677
1.40997
1.01098
0.266323
0.742373
1.69068
1.07075
2.47735
0.0633053
0.446037
0.593554
1.62361
0.230398
0.683521
0.450429
0.429535
0.812494
0.647715
0.629169
1.65488
0.093192
0.792053
1.62144
1.26654
1.77153
0.737205
0.620764
0.366506
2.09863
0.623376
0.618169
0.848902
0.403014
1.85412
1.04708
0.500786
1.05428
0.267585
0.855231
0.506244
0.796182
3.73067
1.07752
0.481553
0.422244
0.823073
0.894452
1.02764
1.03323
0.825653
1.11891
0.624383
1.4037
0.721393
0.556053
0.654372
0.681152
0.0804344
0.389799
0.638401
1.27916
1.75957
0.547351
0.314414
0.671667
0.231828
1.56724
0.787645
2.96128
1.48373
0.558683
1.45151
2.13392
0.427772
1.05382
1.27182
0.476078
0.469108
2.54984
2.18104
1.17276
1.57535
0.45654
5.52341
0.435939
1.21278
0.722555
0.30345
0.764683
0.676821
0.272771
1.52338
0.595125
0.191743
2.06157
1.05624
0.951996
0.612205
1.15048
1.22456
1.01552
0.815784
0.413664
0.298245
0.117417
1.76774
1.86567
0.491691
0.454457
0.63342
0.795212
1.24954
1.60536
0.323867
0.405166
1.02487
1.50177
1.05144
1.19252
0.298878
0.53927
0.474815
0.77421
1.0373
0.500987
0.61516
0.611041
0.846655
0.824296
1.21779
0.143002
0.808497
0.936745
0.356014
1.00239
0.645106
0.778536
0.614969
0.951332
0.474532
2.12782
0.156784
4.22223
0.98789
1.04073
0.492988
1.14966
2.20639
1.16524
0.485804
0.285157
0.531895
1.65307
1.04327
1.3185
0.779594
1.36811
1.0167
0.737487
0.373289
2.78723
0.381105
0.622824
0.722153
0.706158
0.545765
1.23439
0.935039
1.87269
1.52194
0.102764
0.0902138
0.665127
0.818187
0.627984
0.342164
1.04847
0.987603
1.36877
1.95881
0.276725
1.22819
1.29827
0.276003
1.17428
1.72882
1.10315
1.5985
0.652072
1.44857
0.682491
0.323126
0.651411
0.108402
0.705498
1.5471
1.11796
0.695389
0.487377
1.17219
0.60124
0.713262
0.351748
1.03844
1.01184
0.614398
1.10359
0.887867
0.327192
4.65096
2.4452
1.09001
0.326398
1.54797
0.663603
0.207112
1.48353
0.388731
0.258318
0.61557
1.50763
1.1897
1.69054
1.19807
0.509866
2.75193
1.32244
0.0891518
2.26532
0.156803
0.804036
0.0726484
0.510848
2.91142
5.1032
1.48877
1.7415
1.32263
0.91332
0.287028
1.05717
0.808594
1.15894
0.160212
0.695235
0.313806
0.974087
1.89376
2.2654
0.487439
0.183902
1.44263
0.863765
0.875813
0.593564
0.839311
0.350463
2.55477
1.00459
0.908
1.01588
1.19569
0.803427
1.58696
0.52879
0.763201
0.633313
0.675389
0.491949
0.461206
0.585727
1.19862
0.87714
1.37105
0.565412
2.26513
2.6896
1.11341
1.02605
0.965673
0.449984
0.413601
0.424919
1.78851
1.77994
0.350086
0.0866326
1.88559
0.553165
0.172488
1.06436
0.289304
0.305546
0.42772
0.584847
1.76658
0.639417
0.617421
0.905402
0.590359
0.428808
0.827717
0.323293
1.29508
0.902665
0.883173
0.773317
1.28794
0.793985
0.458435
1.0071
0.370656
1.80969
0.741827
1.18099
1.9536
1.33605
0.457397
0.854313
1.06864
1.10167
1.38049
1.00616
1.53632
0.625867
1.62926
0.479565
0.536846
0.389381
1.35707
0.539556
0.848327
0.200985
2.46722
0.88057
0.897382
0.661182
0.226885
2.57909
0.578625
1.68481
0.755969
2.24598
0.894814
2.70869
1.20832
0.690463
2.14563
2.60327
0.129191
1.5007
0.323856
0.0374846
3.26626
0.610239
1.36807
2.61218
2.48821
1.22794
0.629613
0.549086
1.54733
0.277901
1.44825
1.12404
1.14796
1.32919
0.411301
1.5918
0.332796
1.76861
0.456113
0.705271
0.438375
0.492355
0.956251
0.535872
0.734938
0.451299
0.740701
0.909375
0.547802
1.84005
1.20984
0.569334
0.202578
1.5982
1.59882
0.956423
1.31833
2.41231
1.90667
0.392704
0.472132
3.2543
2.88178
2.07454
0.709301
0.81066
0.368546
0.389314
0.397219
0.618822
1.70567
0.0782743
0.327525
1.60978
0.822884
0.666801
0.209609
1.49163
1.50148
0.603442
1.26482
0.455934
0.290434
1.04906
0.604086
0.660532
0.696487
0.0345802
0.402981
0.889682
1.42281
0.443204
0.993734
0.487511
1.56364
0.998296
1.40239
1.09669
0.685
1.78641
0.834474
0.515735
2.14486
0.0863884
0.18732
0.992
0.357319
0.384077
1.09476
1.64047
0.996246
0.130575
0.252511
0.452946
0.531655
2.01519
0.423347
0.867777
0.338035
0.506861
0.554928
0.989704
3.19862
0.850166
1.24642
0.790753
0.793897
1.05665
0.98518
1.35019
0.18443
0.83177
0.745098
2.55329
1.5267
1.78095
0.915865
1.13541
2.51609
1.07156
2.02366
1.54482
0.532436
0.216298
0.447848
0.522112
1.27048
0.876834
0.295803
0.673357
1.56244
0.818565
0.497431
0.183787
1.74358
0.552977
0.545179
0.708316
0.563653
0.773299
0.624527
0.543135
1.21377
1.0599
0.677168
0.876536
1.42232
0.949228
0.768034
1.39698
0.520542
0.0404117
0.426347
0.628874
2.01779
1.04159
0.354041
0.793147
1.93946
0.764969
0.907554
0.641117
0.440678
0.227589
1.75985
0.0900249
0.59693
0.805931
0.331073
1.60415
0.0286825
0.641127
0.202358
0.187017
2.155
1.10941
1.73804
1.22788
0.301013
1.19533
0.520467
0.987503
0.859785
1.61921
0.488214
0.429972
1.62194
0.28416
1.18032
0.961658
0.906466
2.99507
0.450458
1.00046
3.11713
0.260965
0.498063
1.60079
0.706164
0.0657358
1.95095
0.746988
0.731208
2.26345
0.574471
1.01358
2.58156
2.45825
0.720745
0.565916
2.07134
0.802535
1.15685
0.266562
0.427921
0.682796
1.95771
0.421566
0.159265
0.176462
2.12184
0.0573621
2.22767
1.00862
1.99756
1.07884
1.20569
0.24761
1.30288
1.02807
0.695115
0.804152
0.72832
0.992196
0.324029
0.166604
0.850506
0.936789
1.06693
3.44245
1.00089
0.263301
0.378904
1.42646
0.275992
1.60516
1.64409
1.61508
0.862656
1.21297
1.24968
1.90614
2.54075
1.34667
0.363357
0.879034
0.797111
0.248631
0.192513
2.62991
0.154736
1.52845
0.415297
1.29179
0.296436
0.563206
1.5274
2.19178
1.18129
1.38772
2.79771
0.251436
3.30138
0.720647
2.19
0.915064
1.01382
0.4562
2.48345
0.418952
1.72854
1.00926
2.16209
2.31123
0.59164
1.79953
0.779097
1.1456
0.12822
0.685116
1.13755
0.793171
0.646254
0.40596
0.613907
0.559453
0.832587
0.947526
0.186543
1.60017
0.736663
0.583927
0.150372
0.564939
1.12548
0.717825
0.822626
1.50846
0.423116
1.38057
0.795605
1.12939
0.506727
0.260453
0.680045
2.24682
0.0926458
1.1278
0.956104
0.154709
0.801637
0.505695
0.53655
0.359357
1.33809
1.57129
2.17159
0.519705
0.560916
1.1735
0.103364
1.82747
1.34753
1.54123
0.306428
0.797193
1.37532
0.901364
2.21637
1.03812
1.24093
0.384393
1.37156
0.325219
1.64731
0.343321
0.408523
1.68725
1.18195
0.481052
0.412315
0.104929
0.741371
0.883523
1.00943
1.30633
0.0510738
1.82977
0.117791
1.87494
0.671414
2.17275
0.687045
0.849054
0.89274
0.232531
0.632315
1.13402
0.763814
0.576153
0.526135
0.265829
0.742609
1.77054
2.42605
1.68188
0.140024
1.39279
0.546392
0.692859
1.18355
0.259297
1.36535
0.451122
1.43491
0.823203
0.615162
2.06649
0.559529
1.35877
0.743657
0.705079
0.687416
3.08005
0.691953
0.0554596
0.551998
0.693612
2.06441
0.495011
1.33699
1.67689
1.84376
0.312425
0.296178
0.266841
1.4124
0.78717
1.0878
1.29164
0.606496
0.29567
0.71203
1.84669
0.341912
0.130048
0.622848
1.94476
0.354908
0.711524
2.34644
0.288366
0.879457
1.10727
0.751887
0.710459
0.264529
0.388341
0.156974
0.448056
1.25193
1.12307
0.615606
1.40581
0.165626
0.668131
1.39156
0.285371
0.49645
0.372551
1.85609
0.82096
1.45837
1.00653
0.784876
0.110566
2.03931
0.764706
0.986572
0.128477
0.917926
1.92244
3.95253
1.04624
0.508839
1.06723
2.46171
0.417317
0.478578
0.789162
0.25458
0.454045
1.03211
0.0024466
1.53991
0.400302
0.464732
1.92489
0.379269
0.323105
1.33572
1.15517
1.52428
0.293471
0.989676
1.18917
0.91389
0.0264019
1.64435
1.54884
4.36364
0.455056
1.59101
0.937791
0.687897
0.448088
3.21734
1.28582
1.11095
1.07236
1.00762
0.704212
0.25574
0.966732
0.991588
0.348136
0.152075
0.755272
2.01916
0.680428
0.171887
0.644479
0.987743
2.23707
2.05925
1.51913
2.11343
1.52166
2.19205
0.424556
1.91615
0.607589
0.755583
0.925415
1.5435
1.77163
0.49692
0.836536
2.6218
1.40635
1.67963
0.445718
0.501397
0.606048
0.585658
0.758648
0.916084
0.971068
1.04149
0.9873
1.12893
0.149114
0.777667
1.30392
1.01339
0.67169
1.20846
0.421192
1.5891
0.844165
0.387756
0.797246
2.74473
0.83419
0.51197
1.40971
0.703673
1.70063
0.598471
0.163661
0.973392
0.167423
0.896521
0.92748
1.0621
0.873751
0.686205
0.762933
2.33644
1.54086
1.259
0.399554
1.4046
0.0577132
0.973029
0.455167
1.23457
1.68665
1.83828
1.24021
1.11472
1.40084
1.87518
2.11692
0.930319
0.752865
0.0394965
0.437099
0.559329
1.06923
0.724825
0.481904
2.14833
1.54217
1.13228
0.543168
1.37163
0.181397
0.676118
0.909881
0.47764
1.39056
0.43193
3.39325
0.64745
1.21351
1.52573
0.502376
2.3897
0.287086
2.65218
0.105319
1.14562
1.26577
2.31916
0.693159
2.35909
0.460105
0.372932
0.953128
0.622752
0.452131
1.53243
1.50413
0.29025
0.868434
1.22263
0.408357
0.375085
0.715504
0.982577
0.804661
1.33478
0.837418
0.244934
0.452383
1.98116
0.523608
0.465279
0.486779
1.61631
1.21525
2.84373
0.786449
0.930149
1.40515
1.27968
1.83243
0.758267
0.285504
0.523044
0.776935
0.714643
0.483925
0.659059
1.23562
0.253986
0.540141
1.1843
0.723547
1.56685
0.165305
1.02013
0.620581
0.875986
1.18034
0.783689
0.603354
0.920422
2.48986
1.20669
2.30979
0.371322
0.497139
0.863121
0.721503
0.1863
0.11345
3.57698
0.190383
2.9168
0.560926
1.29303
1.2109
0.66262
1.90197
0.0947808
1.26471
0.355669
1.21556
1.35469
1.99851
0.128168
0.493396
0.289129
1.00147
0.679795
0.438971
1.13137
0.810504
0.033964
0.565494
1.1724
1.51462
1.73647
1.97424
0.187164
1.50461
0.16877
1.1028
2.36604
2.46137
0.491327
0.91488
0.80322
1.17844
0.825093
0.402902
0.405977
0.401303
0.0809911
1.29307
2.02014
0.282668
1.23037
0.81749
0.10944
0.241006
0.471314
0.539267
3.78174
0.598233
2.05518
2.3292
2.05723
0.899556
0.498886
1.02478
0.935917
0.517814
1.24565
0.942014
3.26185
0.52796
0.639699
1.17085
1.43639
0.0724078
1.10814
1.99393
0.408934
0.572434
0.23756
0.701341
0.265468
0.444542
1.89329
1.88265
1.57857
0.442474
2.07504
1.03179
0.824162
2.30736
1.06533
1.73555
1.00056
0.0705547
0.760897
2.00941
1.81382
0.596178
1.79523
0.477288
1.94339
0.793885
1.15888
2.11135
0.528982
1.50093
1.25148
0.642799
1.16734
0.596119
0.724119
1.87063
2.2116
0.731384
0.378286
0.546381
0.567128
0.565077
1.20333
2.70337
1.90188
1.11198
0.554449
2.92124
0.576856
1.2842
1.38242
0.593662
2.41604
2.285
1.25119
0.792045
1.59742
0.872124
2.13898
1.04183
1.15084
1.76393
0.632655
0.660383
1.23104
1.5553
0.23933
0.796849
0.682084
0.414834
1.50411
0.532565
0.718103
1.18472
0.396127
1.39646
0.132006
1.01724
0.142843
1.19363
0.458735
0.421679
0.828864
1.08829
0.545824
1.33533
0.767056
1.29915
0.642073
3.21965
1.30198
0.391082
1.56951
0.271137
1.27871
0.795703
0.425184
0.581051
0.60359
0.627694
0.785027
1.62121
1.89027
0.796606
1.80479
1.27251
1.68986
0.315291
1.90622
2.68404
0.798956
1.77059
0.202363
0.536087
0.589039
1.59042
0.388288
2.49591
0.36022
0.238408
0.582885
0.551391
0.872344
1.12883
0.585515
2.03927
1.39546
0.790624
0.12331
0.322141
0.421259
0.54729
0.452871
0.606439
0.63983
0.482014
0.880262
1.27679
1.39374
0.884368
0.358021
0.168677
0.650769
1.50026
0.625267
0.720627
1.06541
0.321042
0.754033
0.821453
0.492296
1.7806
1.90722
1.02486
1.80161
0.361439
0.746968
1.34244
0.667412
0.349373
0.142764
1.11816
0.596234
0.531377
1.16857
0.284142
0.62784
2.04629
0.404837
0.533164
1.27751
1.52013
0.344208
1.02821
1.22337
0.996819
0.637417
0.258193
1.71393
0.616975
0.727732
0.943976
0.471597
1.44888
2.14731
0.772763
1.59032
1.84285
0.747336
1.2961
0.504705
0.199145
0.442779
0.630656
0.590876
1.885
1.61193
0.597918
1.07034
0.418189
0.3336
0.710667
0.709811
0.916805
0.330839
1.9277
1.28953
0.428637
0.746778
2.89904
0.295054
0.0616693
1.3355
0.657881
1.60476
0.831457
0.912578
2.89908
0.81698
0.254567
0.48068
0.677152
1.83069
1.23236
0.158146
0.350567
0.804061
0.215382
0.128598
1.41918
1.17842
0.722349
1.02865
0.0772008
0.502936
0.945722
1.41822
0.381111
1.71213
0.227912
1.08588
0.392968
0.254193
0.259263
0.661677
1.57099
1.94506
0.108354
1.04746
0.995976
0.767703
0.268208
0.786806
0.0760292
1.42745
0.184397
0.329245
0.0434043
1.19374
0.750029
0.605096
0.883707
0.462891
1.61667
0.871061
1.76863
0.38156
1.8683
1.85779
0.758436
0.699546
0.919985
0.503357
0.781449
0.351548
0.78508
0.802039
0.470703
1.42346
0.555387
2.35714
0.238844
0.156915
0.464682
0.500322
2.69664
0.841505
0.278426
0.468838
1.41473
1.21637
0.132167
0.266047
0.841559
0.666091
0.755335
0.354736
1.01187
2.78902
0.450932
1.34743
0.28964
1.83653
0.413792
0.486796
0.57596
0.694532
1.38576
0.462822
1.02908
1.56133
2.29808
0.569275
1.20433
1.32422
0.761138
1.23085
0.713277
0.171854
1.03549
0.324062
2.21889
0.804889
1.35944
3.04407
0.639811
1.87659
0.905917
1.16765
2.16106
0.771218
0.62379
1.50782
0.683616
0.487297
1.16513
0.409445
1.06602
0.181282
0.276204
0.322425
1.33846
1.17398
0.502068
1.43824
0.436734
0.682419
0.433729
0.844197
0.430754
0.610812
0.555738
0.258094
0.49395
0.79387
0.541406
0.549184
1.34305
0.622759
1.55334
0.736152
1.42265
0.37969
1.40577
1.42621
1.39961
1.84167
0.721804
1.45554
3.78356
1.4205
1.42487
1.14662
1.8469
2.54955
0.503758
2.6374
0.874277
0.629164
2.17213
1.4025
1.57689
2.23323
0.660863
0.108873
2.21038
1.02804
0.823598
0.124265
0.916187
0.820672
1.28834
1.25638
0.767564
0.232736
1.16402
0.523394
0.871845
0.267739
1.83952
0.195077
0.381214
0.918068
2.37427
0.221351
1.1426
1.31491
1.58853
1.15222
1.03787
2.27744
0.355923
0.984988
0.841169
1.50692
0.336772
1.9007
1.36824
0.854111
1.15932
1.53293
1.1011
1.01957
0.969924
2.78027
0.177805
0.978579
1.12332
0.593975
0.52103
0.674668
1.37311
0.866752
0.680803
1.52245
1.19404
0.505944
1.49876
1.02361
0.24615
0.540352
1.63257
1.44764
0.819775
0.468502
0.930512
1.20954
1.11367
0.970624
2.49811
0.880065
2.1455
0.702293
0.161193
0.617456
0.726383
0.57044
0.385027
0.440712
0.971399
0.284483
0.536803
1.38914
0.348242
0.731248
1.93605
0.832399
1.42115
3.53529
1.09294
0.767296
0.325203
0.276271
0.254157
0.403304
1.99763
0.407253
1.24685
0.70478
3.29659
0.309072
0.723884
0.162364
0.350819
0.71703
0.948612
0.425704
1.47121
1.16742
1.43897
0.100822
2.04372
0.957702
1.30762
0.433808
0.848928
0.564883
1.33979
1.48823
3.28372
0.912704
0.861087
1.13094
0.590114
1.83659
1.51465
0.684009
0.0630226
0.715082
0.400379
0.5427
0.421254
1.31451
0.31345
0.756808
1.20341
0.604453
1.23758
0.774535
1.29626
1.18354
0.76418
0.253904
1.01108
0.758883
1.76428
0.922609
0.571495
1.97418
0.817868
1.39063
0.90127
0.539663
1.14698
0.863796
1.3878
0.927926
3.10646
0.859155
0.629565
2.45013
1.94621
0.911391
1.34167
1.00972
1.27695
2.9421
0.154597
0.451463
0.809833
0.537916
0.951356
0.849686
0.814572
0.091176
0.566615
1.54206
2.28498
1.90402
1.979
0.414715
2.37395
0.657024
1.69766
0.810503
1.4722
0.221634
0.219954
0.246669
0.939745
0.30466
0.16872
1.2188
0.881646
0.682419
2.39002
1.70951
0.435912
0.552953
0.555176
0.575523
1.16647
1.1669
0.962654
1.5613
0.0626455
0.888592
1.63047
0.265303
0.296905
0.391458
0.58806
0.263575
3.08538
1.47015
0.515501
0.612042
0.527265
0.443031
0.438818
1.12622
0.295651
1.54627
2.28317
0.307361
1.67201
0.702449
0.229888
2.57271
1.22709
0.790902
1.66508
0.185253
0.837726
0.577088
1.18523
0.287682
0.623951
1.83699
1.9918
0.270868
2.91845
0.714917
0.621606
2.09221
1.07868
0.136514
0.581774
0.101562
1.12148
0.46272
0.77689
0.604871
0.235635
0.630373
1.97744
0.842868
1.25237
0.802575
1.51526
0.633615
0.850029
0.212728
1.61673
1.61588
2.2941
0.761555
2.52355
0.754756
0.983871
1.32477
1.21219
0.508226
0.259949
0.619282
0.984845
0.0767945
0.245823
0.830226
1.18325
0.854284
1.2104
0.656731
0.836495
0.343232
0.258733
1.4824
0.267905
0.833857
1.60956
1.25844
1.08159
0.692384
0.691848
0.268975
0.983451
0.99896
0.41549
1.61264
1.52523
0.807778
0.282458
2.7307
1.43147
0.426428
0.239767
1.12679
3.18675
1.89594
0.651005
1.08596
0.259616
1.88569
0.907797
0.436315
0.41225
1.09328
1.09227
0.290264
2.15104
0.96765
1.20332
0.533128
0.875176
0.963916
0.541206
2.87923
0.537517
3.05441
1.51921
1.05465
0.882268
0.717847
1.25012
0.826996
0.700727
0.321514
0.520011
2.1386
0.758024
1.03337
0.839722
0.639764
1.54403
0.657075
2.35597
0.588282
0.978324
0.200634
0.915986
0.809266
1.42144
1.93713
1.20869
1.30068
0.953753
1.16388
1.17362
0.685102
1.26186
1.90858
0.675044
1.33735
0.324512
1.92389
0.434109
1.64319
0.413364
2.19145
0.460742
3.0113
1.61248
0.416052
0.677549
0.684754
0.413915
1.42942
0.511446
1.34409
0.471657
2.23916
1.01169
1.2168
0.80421
0.834847
1.08193
1.63108
1.05754
1.49182
0.600623
0.705383
0.581799
1.45761
0.40695
0.4665
0.85189
0.466833
0.872166
0.464559
1.27028
0.360024
1.84842
0.613038
0.456468
1.43549
0.387258
1.08037
0.872867
0.328603
0.173837
0.198053
1.27827
0.592858
0.404577
0.46708
0.85725
0.311244
0.521049
0.570349
1.57007
0.265763
0.702199
0.377718
0.215327
1.68366
1.10349
0.78908
0.469183
0.33336
0.670484
2.24075
0.570553
1.96138
1.09861
0.911691
0.603694
2.45242
2.44968
0.471816
0.749631
0.0947695
0.5926
0.772019
1.23043
0.613093
1.25482
1.84078
3.93948
0.62684
2.56257
1.21165
1.32408
0.847309
0.280818
1.08512
1.70296
0.911362
0.347554
0.0869627
0.312672
0.303068
0.73505
0.687088
0.542268
0.456448
0.207414
0.250998
1.20933
1.27955
0.366189
0.191556
2.0921
0.864491
1.03704
0.347153
0.750123
0.870282
0.487687
0.692007
1.39049
1.23252
1.32001
1.14597
0.425393
1.65899
1.01017
1.72767
0.545288
0.812427
1.29392
0.279734
1.23909
0.710885
0.729509
0.334324
0.814804
1.08057
1.23861
0.356086
1.29107
1.57675
0.453989
1.83481
0.143506
0.955771
1.54922
0.965577
2.15011
0.430996
0.298171
0.427038
0.662486
1.09368
1.0152
0.584389
0.29192
0.74803
1.61398
0.436037
0.753476
1.49664
0.915018
1.04797
0.242773
0.795549
1.02889
0.220662
4.6727
0.110678
0.968267
1.81478
0.162118
0.833958
0.942767
1.565
0.943642
0.67089
0.345057
0.225414
0.566289
4.55105
1.36205
1.06094
0.136055
1.33826
2.21792
1.56147
1.16108
0.431928
0.289573
1.71663
0.578724
1.16494
1.60307
0.877038
1.34087
2.34263
0.428962
1.51567
0.456083
1.15035
1.52344
0.186515
0.126353
0.796902
0.846556
1.31688
0.678689
1.31725
1.69999
1.12189
0.976109
1.08124
0.71216
0.266087
1.18758
2.51108
0.957578
0.397148
1.0253
1.17717
0.370213
1.16839
0.346429
0.275754
0.35623
0.754697
0.551971
0.526322
1.37138
0.828918
0.623168
0.640135
0.4209
0.662186
2.904
1.47995
0.102981
1.42819
1.35291
0.625075
0.15839
2.07519
1.37704
0.601551
0.666082
0.221215
0.913264
0.280383
2.57382
0.140144
1.5383
1.33972
0.227768
0.884025
2.74731
0.871653
0.339251
3.0556
0.676701
0.25715
1.10285
1.46207
1.47157
2.07281
0.948999
1.28221
0.347058
1.19593
1.82467
1.09885
1.14737
0.835035
0.789894
0.772147
0.892588
1.42504
0.503738
2.31736
0.726753
0.232965
0.215217
0.891766
0.346147
0.436089
0.203624
0.79298
2.01281
0.710843
0.287042
0.535427
0.870007
1.45458
0.244918
0.355129
2.48809
1.40874
0.520117
0.644137
1.53424
0.0923151
0.706967
0.5383
1.28183
0.186498
1.04629
2.57186
0.98334
3.21358
1.01868
0.239708
2.68983
0.920877
0.439592
0.387925
1.07762
3.87252
0.873446
0.735959
2.78608
0.509642
1.11422
0.919632
0.207031
1.53654
0.754497
1.03814
0.268118
0.503206
0.674245
1.66703
1.28845
0.339446
1.63641
0.213409
1.05803
0.643003
1.24663
1.33261
0.761812
1.30728
0.486784
0.888445
1.01658
0.747236
0.246577
0.848539
1.114
1.15199
0.544414
0.204614
0.83475
1.27432
1.97655
4.05507
0.242142
1.02125
2.37673
0.432823
1.43584
2.14354
0.261693
0.576597
1.59375
0.489487
0.354645
0.627205
1.10806
0.694204
1.10463
1.19186
0.901618
1.40606
0.247294
0.77394
1.93361
0.392089
1.07356
0.216627
0.29027
0.357267
0.830772
2.67994
0.358852
0.443723
0.639306
0.3593
1.56546
0.357602
1.08066
0.725257
1.15055
0.300888
0.317019
1.45497
1.27415
1.1231
1.74106
1.17841
0.511096
0.395276
1.58516
0.984489
0.46511
0.969036
2.11476
0.470664
2.26285
1.91282
1.62857
0.87475
0.491245
0.5289
1.33485
2.10579
1.01837
1.55772
0.487966
1.14035
0.254769
1.29305
2.31842
0.620788
0.344496
0.049129
1.26001
0.469471
0.546874
0.399466
0.495578
0.339843
0.709962
1.1499
0.435177
1.04389
2.19407
0.640159
0.460449
1.2697
1.60602
0.541496
2.53011
0.434621
1.63514
0.119555
1.43613
1.2873
1.17015
2.6902
0.652283
0.698624
2.20727
0.846993
3.03127
0.281388
1.73507
0.58948
1.40703
0.134932
2.72093
0.58354
0.625696
0.85724
3.34282
0.376327
0.467282
1.13429
0.898122
1.39204
0.166689
0.914624
1.05704
0.404766
0.95822
0.190123
1.50625
1.21298
1.62709
0.569831
0.664385
0.642894
2.2868
2.35289
0.0788494
1.5709
1.26208
3.74417
2.75686
0.843417
1.92191
0.723201
0.190349
0.811164
0.948147
0.351281
0.150895
2.11401
2.30895
1.1637
2.40444
0.586011
0.657394
2.47912
0.944562
0.916773
0.253318
1.97789
0.965968
1.20663
1.2405
1.19774
0.713306
1.6037
1.27528
0.883136
0.564523
0.233239
0.817782
0.0984825
1.21052
0.240458
0.347548
1.22453
0.291129
1.54338
0.234787
0.986174
0.975957
1.44953
0.7014
0.811579
2.12456
0.714432
0.480714
0.519531
0.995703
0.118944
0.539282
0.446386
1.81381
1.89733
0.704758
0.781544
0.636993
0.132397
1.83083
1.59136
0.796673
0.992397
0.139658
1.10704
0.961224
2.36464
1.10661
0.985305
0.842548
0.879208
0.684139
0.839459
0.522019
0.630903
0.715541
1.24488
1.14802
0.581471
1.6796
0.811867
1.37288
0.229793
1.82
0.310912
0.933582
0.361773
1.16063
0.298068
0.177748
0.984976
0.988791
0.839332
1.05695
0.935348
1.07105
1.70135
0.633694
1.82444
1.38286
0.748148
0.633491
0.755645
1.11456
0.703328
0.339419
0.573926
0.626008
0.273997
0.367867
4.8564
0.523761
0.986964
1.7763
1.24085
1.39606
1.00977
0.50019
0.907014
0.842145
1.17993
0.617974
1.46293
1.00741
1.32366
0.649156
1.20963
0.338453
0.856613
1.17783
0.393487
0.280187
0.721025
0.966996
1.12546
0.0373494
1.25321
0.175762
0.757791
1.82282
0.375153
2.01718
1.02304
0.109799
1.15116
0.500318
1.48126
1.23686
0.458224
0.815019
1.26998
0.751406
1.93433
0.413201
0.302041
0.298066
1.43387
1.01722
0.739336
0.248758
0.607453
0.579507
2.8106
0.22761
0.494827
1.32831
1.10327
1.55071
0.711079
0.0928055
2.28411
1.24928
0.909914
1.42505
0.155826
1.28184
0.202687
0.958158
0.751639
1.3235
0.416902
0.347133
1.9752
1.08163
1.36375
1.79789
0.569715
0.831828
0.83761
5.91712
1.51202
3.46878
1.65683
1.39256
0.0992831
0.771234
1.12416
1.59244
0.767692
1.87128
1.0334
1.33708
0.27664
1.21863
1.81634
1.13275
0.729285
0.934509
1.35304
0.452665
0.948767
1.62302
1.42468
2.20129
0.583704
0.469404
0.715156
0.955528
0.527626
1.0999
0.71413
0.259661
2.19292
1.32435
0.523857
0.475642
1.80532
0.382936
0.745858
0.399206
2.08986
1.5023
1.02114
1.0036
0.481318
0.925388
1.1351
0.899282
0.53636
0.46006
0.834727
0.850561
1.60202
0.974973
0.755889
0.168968
0.44973
1.40324
0.647449
1.75357
0.674875
0.196744
1.75758
0.493763
0.0522891
0.503267
0.67148
0.321361
0.569787
0.496143
0.479564
0.550893
0.179312
0.69079
0.878246
0.964955
1.80693
1.78356
0.635583
1.53719
2.33373
2.01447
0.503566
0.693797
1.45103
1.6382
1.06584
1.16305
0.582403
1.36551
0.423661
1.46782
2.72377
0.645986
0.465347
3.34072
0.411841
0.305182
1.26301
0.407507
0.851216
0.660248
0.590118
1.16776
0.529818
0.227046
0.38573
0.588281
0.721046
0.936997
0.358546
0.781032
0.440843
0.810441
1.3024
2.0218
1.0268
0.765603
0.545245
0.648766
0.456715
1.19212
0.939674
0.0314011
1.32831
0.305667
1.06224
0.861526
0.457606
2.09491
1.64049
0.535509
2.04601
1.40664
0.623734
0.641659
2.41824
1.7492
2.11246
0.995248
3.05607
0.231441
0.450467
0.786558
0.611914
0.67191
0.933992
0.564688
0.593034
0.63955
0.0875463
0.539845
0.319451
1.72378
0.42409
1.51623
0.106197
1.52072
0.33834
1.44142
1.16865
0.752611
0.678134
0.784555
0.453347
1.88991
2.28926
0.947908
0.413191
1.39025
1.45555
0.651869
1.25138
0.452061
0.274713
0.892073
0.971892
0.352553
0.875083
0.813288
0.128738
0.885418
0.468726
0.317373
0.972869
1.27257
0.0259148
0.779846
1.13344
0.423112
0.496814
0.127393
1.62462
2.34032
1.29738
0.650066
1.07002
1.92995
1.34779
0.929787
1.05934
1.20482
0.506115
1.11182
0.514014
2.16689
1.05214
1.09489
0.746221
1.22568
0.367101
0.668154
1.38405
1.13652
1.10722
0.353474
0.727728
0.269948
0.433074
1.23103
1.16846
1.27476
1.32968
0.937083
2.00027
0.693885
0.30296
1.02739
1.41591
0.829061
0.649646
0.915124
2.59164
0.872298
1.2831
2.76494
0.222778
0.487203
0.799636
0.222692
0.539762
1.63247
2.11533
0.75394
2.32407
0.410526
0.656549
1.15115
0.376297
0.612792
0.359729
0.588027
0.940722
0.839285
0.38617
0.271875
1.07327
0.383218
0.570474
0.548938
2.58012
1.24679
0.778143
0.908419
0.22201
1.31196
0.714263
0.77135
1.17697
1.13985
2.0352
0.290357
3.7067
1.54426
0.411697
2.78618
1.39422
3.36989
1.08415
0.631952
1.04992
0.715524
0.975925
0.428132
0.593299
0.937359
0.968962
1.65964
1.25129
0.895738
1.01711
0.562389
0.549069
1.94574
0.11277
1.12075
0.968135
0.198822
0.587145
1.4919
1.75751
0.377145
0.279828
0.505484
0.793562
0.992548
0.231451
0.459058
0.788598
0.632339
1.46928
2.78825
0.463926
1.43126
1.79549
0.903234
1.58317
0.256028
0.70561
0.916373
0.619407
0.95708
1.23349
2.21693
0.77748
0.270196
0.611201
1.22703
0.603578
0.379884
0.934848
1.84091
0.95767
1.28272
0.178171
0.94954
1.68275
1.46333
0.239697
1.48654
0.853708
0.754105
1.68782
1.84271
0.852135
0.417847
0.919988
0.355822
0.276315
1.16447
0.831707
0.515416
0.471392
0.615542
0.147032
0.424972
0.448536
0.944213
0.709049
0.194921
1.56613
1.76996
0.775583
1.71258
1.30104
0.541026
0.357711
1.43828
0.575003
0.670042
1.93638
0.612732
1.2059
0.655434
0.579185
0.387438
0.300518
0.338075
1.05294
0.978293
1.19534
2.54988
0.38459
2.73729
0.324308
1.97901
2.31261
4.45036
0.69493
0.806443
1.10827
0.650408
1.10978
0.622779
0.284441
1.98954
0.494255
2.10344
0.271085
1.31834
2.54745
2.24914
3.12121
0.300988
0.365056
0.212362
1.048
1.37958
0.677134
1.67359
0.952849
0.359341
2.44116
0.235152
2.98426
0.494622
0.756028
0.179964
0.386203
2.49003
0.0686168
0.57498
0.797789
4.76564
0.368499
3.23561
1.04182
1.00834
0.781661
0.545913
2.60257
0.908792
0.606487
0.532152
0.520973
0.356113
0.34048
1.74921
1.46824
0.878109
0.632675
1.40214
0.659557
0.486525
1.24908
0.161567
0.481772
0.588922
0.612959
0.735857
0.860643
0.49048
0.523242
0.691186
0.0651132
0.415205
0.572685
1.83835
1.18723
0.525766
1.77987
0.865068
1.40396
0.281485
1.42031
0.306292
0.312575
2.30077
0.684354
0.760628
0.322989
0.389379
0.599427
0.837886
0.184276
0.845174
3.29938
2.06437
0.310589
0.00396292
1.3562
1.00443
0.929844
0.27842
0.40038
0.453527
0.150705
0.557637
0.542292
1.14668
2.09277
0.583296
1.07367
0.471714
2.10602
0.0882336
0.271217
0.304958
0.391003
0.356383
0.949883
1.72288
0.735602
1.76861
1.4164
0.74277
3.38048
0.469582
0.813425
0.707571
1.20668
1.53602
1.10864
1.23286
0.839376
2.10814
0.0285521
1.02238
0.285323
1.09354
1.79851
0.688421
2.51878
0.546577
1.12936
0.547007
1.58832
1.70671
0.849047
2.91014
1.53739
1.05645
0.765898
1.57319
0.577049
2.22297
0.708162
1.20502
0.841182
0.74691
0.209293
0.297852
0.529885
0.0371422
1.66689
2.63457
1.44
0.749404
0.185274
0.315885
0.263635
4.52401
0.479469
1.28246
0.420951
1.3882
0.675186
0.613587
0.912329
1.57065
1.15166
1.5187
0.462511
0.963176
0.955964
0.766271
0.656769
0.487741
0.893482
0.102108
2.28734
1.35746
0.698783
0.145132
0.631026
0.900785
0.959273
0.436769
1.13078
0.29738
0.192158
0.126635
0.867307
2.06395
1.13486
0.305861
0.329627
1.69971
0.634619
0.907598
0.653853
1.56282
0.61109
1.32754
0.307629
0.752893
0.298853
1.23077
0.465423
0.360839
0.858131
1.33204
0.39354
0.210961
0.682088
1.08239
2.5876
2.0663
1.06109
0.733014
0.308365
1.74654
0.380476
1.09534
0.491917
0.813006
0.112246
1.67094
0.997491
1.04997
0.367974
0.743349
0.759842
1.00846
1.62709
1.30221
1.41504
0.732698
0.472599
0.604303
0.245433
0.646016
0.363111
0.256415
0.722217
1.08382
0.853138
1.15537
0.764703
0.621614
0.153261
0.65672
1.27107
0.493357
0.340269
0.0679669
0.42193
0.378447
0.361831
0.504068
1.04713
0.726634
0.304187
1.8432
1.01227
0.329345
0.490155
1.94045
1.1974
0.263509
1.19087
0.24701
0.345918
0.501248
0.0829523
0.355102
0.702763
0.715784
1.06953
0.143668
0.778162
0.235375
1.00658
0.704636
0.965951
0.22445
0.504398
0.500295
0.853725
0.838232
0.60906
1.33125
0.944555
0.722765
1.23529
0.603976
1.57691
2.89421
0.302674
2.31519
0.615492
0.429412
0.591787
1.00704
1.87518
0.911379
0.255475
1.63187
0.409373
0.417009
0.303303
1.79712
2.06736
0.261394
1.27211
1.93103
1.32549
0.588298
1.15633
0.726242
0.624005
0.877393
3.09946
2.48729
0.421979
0.636901
0.997572
1.73668
0.580634
0.993894
2.09924
1.51976
2.94541
1.77505
0.298566
1.26509
1.44708
1.07143
0.584864
1.03068
2.30152
0.892365
1.12047
2.8611
0.361848
1.00368
0.126867
0.665629
0.942452
0.532602
0.809759
0.750696
1.72167
1.27809
2.98417
1.64399
1.80659
0.276816
0.735819
0.869373
0.175039
0.202616
0.371831
0.66378
0.586515
0.312853
0.675182
0.992387
1.25812
0.552088
2.12849
0.302203
1.00712
2.26062
0.206369
1.9537
0.547971
2.87646
1.73863
0.532794
0.279285
0.699704
1.26944
0.584054
0.867741
0.896814
1.14397
2.3546
0.449355
0.630165
0.611479
1.35715
0.274012
0.557907
0.236526
0.372701
1.24022
1.53885
3.20148
0.349078
0.712865
0.289199
0.983993
0.555096
0.192378
0.332439
0.807728
0.495159
1.8038
0.38738
1.48679
2.05315
0.709388
1.64724
0.503767
2.33287
1.71637
0.553836
0.247448
0.918685
1.17021
1.97417
1.20812
2.68677
0.650485
0.38021
3.55972
0.31986
1.39544
1.88319
0.402354
2.19287
1.39511
0.229951
0.242406
2.1369
0.89044
0.955567
0.518124
1.01574
0.962361
0.866941
0.807219
0.784304
0.609477
0.543137
0.657746
0.287427
1.00568
0.0897177
0.413843
0.785409
1.09835
0.818947
0.822757
0.371184
0.70215
1.53105
1.13552
0.887278
0.263865
1.67327
0.642496
0.0934805
0.895225
0.151006
0.764711
1.2133
0.52522
0.95703
1.08005
0.740593
1.91242
0.738727
1.49029
0.915126
0.133384
0.263987
0.701385
2.54887
0.560329
0.539551
0.223807
1.08351
0.652566
0.753394
0.898194
0.683165
0.15883
0.815966
3.29627
0.349661
0.115286
0.870562
0.585072
0.359529
1.57266
0.116635
0.741472
0.287105
1.09396
1.1977
0.401667
1.24118
1.11537
1.15458
0.144758
1.07499
0.912494
0.908632
0.544394
1.24405
0.407163
1.18616
1.6295
0.779713
2.18784
1.72531
1.22572
0.735402
0.61026
1.02828
0.372699
1.10379
1.4163
0.322578
1.15559
1.99256
0.534305
0.410505
0.672479
0.0758517
0.901591
1.56052
1.10228
1.40247
0.213353
1.12938
1.8454
0.997125
0.99116
0.510124
0.199849
2.03454
0.843304
0.802378
1.09872
1.21802
1.97529
0.416527
0.451589
0.735847
0.470849
0.100468
1.09355
3.04505
1.38848
2.67043
0.865274
1.10662
1.39453
0.954074
1.38841
1.10911
1.24819
1.58597
1.64823
0.561478
0.793714
0.248203
1.60079
0.576633
1.0146
0.336831
0.612411
2.02447
0.287596
0.440771
0.865459
0.285891
0.262401
1.39488
0.468876
1.24983
0.933918
1.12872
1.14116
1.23144
1.95189
2.28031
0.456198
0.352364
0.43248
1.98258
2.84223
0.90029
1.4809
0.248929
0.151835
2.60577
0.148299
2.80525
0.853909
0.0992631
0.727983
1.32982
0.385498
0.422656
0.282551
1.05701
0.485962
0.444289
0.234039
0.37311
0.305388
0.353229
2.15569
0.706127
0.0311791
1.07701
1.1157
0.264193
0.969263
1.39143
2.12421
1.70443
0.56684
0.228531
3.73275
0.237719
2.54961
0.249566
0.822692
0.405983
0.824115
0.501484
0.995756
0.226717
0.0972645
1.4327
0.982876
0.858109
1.01786
2.01597
0.583399
1.39968
2.12587
1.24867
0.58583
0.13991
0.447423
0.517418
0.763899
0.690983
0.584628
2.09121
0.59168
0.493066
0.496594
0.385167
0.684723
0.295419
1.61333
0.116947
0.856596
0.939287
0.618774
0.339072
1.04902
1.29804
0.55705
2.35884
1.51175
0.768337
0.260921
1.86138
0.480797
0.813887
1.80921
1.75352
0.603149
0.0937504
1.99791
0.392213
1.21012
0.952267
0.429077
1.14594
0.208553
0.464891
0.340708
1.07119
1.28858
2.36809
0.38813
1.24499
0.567966
0.455118
0.469713
1.20296
0.862691
0.112584
0.704523
0.0814738
1.19304
0.406445
4.00235
0.182714
0.24281
0.346791
1.0879
1.05259
2.19291
1.87353
1.04044
1.16796
0.152592
0.325368
0.324364
0.486502
0.581331
0.196361
1.72374
0.659995
0.777655
0.142735
0.36375
0.254419
0.402768
0.837064
0.495374
0.399828
0.391949
1.48567
0.166893
1.04483
0.796548
0.190192
0.220676
1.19688
0.11575
0.284241
1.45279
0.563128
0.788886
1.45742
0.677691
0.668546
1.33933
0.63606
0.740352
0.254097
0.34097
0.419674
1.47307
0.578589
1.74897
0.548441
0.135904
0.514546
0.822908
0.651116
1.97007
1.37726
0.321467
0.835653
2.21919
0.877838
0.419015
0.785393
1.61872
1.33528
1.151
1.56286
0.798521
0.523455
0.479692
0.71496
0.233785
0.325674
1.47478
1.98646
0.341156
1.15242
0.46301
2.92024
0.16711
0.298607
0.0619502
0.48482
2.13399
0.053354
1.07845
0.948094
1.32441
2.51345
1.86079
1.71598
1.00324
1.14571
2.03368
1.70255
0.26836
0.857698
1.18157
1.50391
0.232702
0.787912
1.48834
0.607192
0.813967
1.04477
1.17593
0.326678
1.51461
1.50764
1.69339
1.10609
0.241276
0.639746
0.451078
0.953659
0.618685
0.368431
0.704161
0.80578
0.501406
1.04451
1.24701
1.42964
2.0338
4.18682
1.27325
1.17813
0.212635
0.20735
1.50132
0.61587
0.638657
0.311387
0.499018
0.188077
0.88402
1.40665
0.811736
0.586058
0.932667
0.437331
0.840368
0.943564
1.05981
1.60369
1.47408
1.56959
0.29684
1.08903
0.717444
0.382435
1.19407
1.06702
1.55643
0.896638
0.548871
1.51615
0.683937
1.59032
1.08659
0.28336
0.447713
0.228522
0.250472
1.4623
0.632519
0.566964
0.302619
0.864264
3.48776
1.58696
0.840997
0.721027
0.924029
1.82097
2.98018
1.83636
2.23403
1.34303
0.477284
1.54869
1.02398
0.691372
0.929025
1.12491
0.691771
3.42899
0.105368
1.46378
0.755816
0.48087
1.09863
0.696932
2.48486
0.638569
0.751325
0.142533
1.83417
0.711123
0.405413
0.493884
0.738402
0.884766
0.705947
1.11169
1.52013
0.190918
0.414071
0.632614
2.04417
2.13578
0.368737
1.76757
1.90225
0.8333
0.837748
0.346837
0.988402
0.218004
0.313124
1.23306
1.05649
0.528443
1.07295
1.2266
1.43903
0.258675
0.19589
0.483576
2.24219
1.56722
2.02193
2.00886
1.69826
1.08668
0.268181
0.190014
1.01396
1.18124
1.01837
1.14781
0.625454
1.03859
0.0890643
1.3195
0.274438
0.319051
0.762671
3.00772
0.461106
0.500157
0.246668
0.560808
0.950791
0.636549
0.662861
0.214918
0.487496
0.666503
0.129246
1.21753
2.39706
0.536254
0.301665
1.60284
2.01096
0.524634
0.960448
0.575428
1.44624
1.28282
1.23517
0.35954
0.386062
0.922267
0.582676
0.204323
0.155614
1.27004
1.36657
0.465688
0.0791902
0.700887
0.947295
0.458411
1.58251
0.349027
0.215442
0.582488
0.690578
0.484411
0.691686
0.811521
1.76934
0.620999
1.08012
0.765834
0.620147
0.87086
1.91887
1.5247
2.77458
0.583528
1.21866
1.02192
0.635384
0.975429
1.86839
0.612294
0.368418
0.958955
1.0594
0.520175
0.579025
1.02919
0.902733
0.179718
0.439631
0.585957
1.16785
1.21468
0.916065
0.720729
1.21347
0.683075
1.57763
0.554922
1.61782
0.446564
0.0417789
0.911787
2.07118
0.136931
0.6795
0.0193394
0.626952
0.251518
0.733663
0.211568
0.176859
0.456916
1.78713
1.04441
0.485124
0.434369
2.90526
0.115059
0.335435
0.120638
0.801888
2.55306
0.54009
1.47286
2.10731
0.524418
0.810658
1.90168
2.42542
1.50254
1.63028
0.762602
0.455243
0.340414
0.634081
0.959797
0.449237
0.471861
1.04062
1.38666
1.58738
0.985464
0.690798
1.61334
1.15838
2.97419
1.51734
2.895
1.9912
0.326896
1.43886
0.375317
0.598407
0.756424
1.21722
1.6378
0.406214
0.955584
2.35541
0.676595
0.749396
0.355372
0.95574
2.09602
0.683783
1.25884
1.09658
2.24909
0.748983
0.475209
2.93036
0.686144
3.30289
0.59987
0.783899
1.48393
0.489657
2.02707
1.83407
1.02348
0.517177
1.46627
1.06736
1.34483
0.491556
0.244481
1.71205
1.11479
0.325636
0.856882
0.348209
0.259106
0.2378
0.103907
0.0496603
0.50136
0.72876
2.58911
1.54688
2.21023
2.61759
0.533776
1.43526
0.701069
0.879682
1.09527
0.590231
0.585541
1.33729
0.925343
0.792138
3.41009
2.40449
2.17325
3.71541
0.535704
1.21596
0.865289
2.88499
0.776883
0.609185
0.588102
1.86128
0.830617
1.0969
0.406054
0.563222
0.881755
0.275801
0.558627
1.45692
1.38397
2.31707
0.950584
0.756969
0.214459
1.72008
0.332823
0.163338
1.53773
0.280331
0.297039
1.5429
1.61893
2.71875
0.636664
1.48604
2.93842
1.97116
0.696892
0.397168
1.1993
1.74272
0.10854
0.948094
0.10837
0.619074
0.363239
4.76671
1.14754
0.533598
0.592177
0.528709
1.34612
1.60259
0.42576
0.748637
1.13223
1.08665
0.342183
0.85056
1.43018
0.362842
0.9356
2.66328
1.04991
0.539008
1.66087
3.34974
2.36277
1.06265
0.653155
0.742952
0.685253
0.116128
1.8947
1.28392
3.29303
1.47796
2.29695
1.47484
1.17393
2.32066
0.546973
0.329051
0.787507
0.583756
0.401434
0.464332
3.23577
0.318035
1.39718
0.21064
0.284879
0.485811
0.644812
1.16459
1.36908
1.08469
0.181354
0.282634
2.77951
2.1477
1.00425
0.912646
0.23556
0.513192
1.84317
0.481431
0.437472
0.889103
0.121332
1.1405
0.266738
0.556743
2.71028
0.71185
0.464502
1.22048
0.238317
1.66556
1.23442
0.644636
0.563251
0.138401
0.468815
0.454271
0.829433
0.940299
1.42987
2.32782
2.0302
1.53912
0.422748
0.225351
0.149022
0.436274
2.21265
0.650769
1.85103
1.02741
1.45231
1.18015
2.10133
1.18028
2.57414
0.255644
0.233541
0.534347
0.746486
1.03073
1.7472
0.505916
1.80372
1.08363
0.550423
2.12654
0.462284
0.359722
0.837652
1.82027
0.725528
0.731365
0.773738
0.583284
1.16623
0.120783
0.720029
0.24634
0.925507
1.25396
0.668677
0.240812
0.678473
2.16037
3.11687
0.427699
0.623157
0.676831
1.85992
0.606708
1.14097
2.51062
0.156309
0.275835
0.837244
0.819575
1.3489
0.541394
0.422543
0.213997
2.07152
0.587051
0.826683
0.922972
1.247
2.36715
0.315765
0.344538
1.78444
1.4627
0.908588
0.562867
1.11875
1.32761
0.230561
0.705563
0.154662
1.95459
0.587918
0.934591
0.642677
0.416188
0.424006
0.627697
1.30005
0.241996
1.18553
0.364908
1.29735
1.07166
0.422202
0.944559
0.289284
0.745876
0.0904733
0.107043
0.776229
0.632619
1.12434
1.07777
0.808432
0.75954
1.58452
0.653383
0.723902
0.316275
1.1542
0.811201
0.754805
0.473881
1.30737
1.48933
1.9252
1.52021
2.28067
0.419637
0.62122
1.36918
3.05039
0.533455
1.36542
0.773864
0.303481
0.397441
2.30929
0.214185
1.71806
1.50346
0.779603
0.353171
0.183221
0.196193
0.668101
1.46221
1.49854
0.887251
0.675763
1.63883
2.01089
1.94592
0.43575
1.26143
1.27295
0.694728
0.808479
0.566325
0.363704
0.427059
0.799837
1.35549
1.65474
0.900515
2.86349
0.678864
1.0708
0.87059
0.299753
0.557386
0.805139
0.482639
1.43467
0.171024
0.295647
3.05321
1.48747
0.486085
2.32569
0.17169
0.430239
1.12921
0.632291
2.26051
1.45804
0.295217
0.329513
0.254725
2.04502
1.50972
2.23909
0.386256
0.720274
1.15908
0.108304
0.424475
1.00155
0.276569
1.43713
0.297103
0.450534
0.306914
1.7144
0.595677
0.56717
0.781158
0.333822
0.502733
1.34042
1.60467
2.40437
0.678338
1.63221
0.463276
0.480821
1.65843
0.498159
1.5257
1.50755
0.419873
0.667419
0.512854
0.492897
1.00452
2.19485
0.939523
1.07211
0.171465
1.43437
0.961043
1.03071
0.551615
1.44541
0.39825
1.08328
0.961884
0.83511
0.720261
1.27456
0.253925
1.94815
0.813205
0.429257
2.17662
0.346928
1.88428
1.6906
0.631431
0.26078
0.498482
0.0690678
0.653901
1.79028
0.338062
0.767282
0.785711
1.48713
0.469338
2.30725
1.12193
0.404791
0.554917
1.51197
0.89226
1.67414
0.224562
1.27594
0.44297
0.674398
0.643591
1.25587
0.972881
0.637111
0.708051
1.63163
0.993495
0.480597
1.07228
0.684652
0.481924
0.9309
0.479741
0.832964
1.54458
0.834993
0.832031
0.515933
0.146901
0.535013
1.31183
0.875005
0.73611
3.25641
0.274655
0.48148
1.13101
1.28716
0.309861
2.68204
0.182276
0.667131
0.113077
0.18579
0.385092
0.261814
1.69444
0.748592
1.0176
4.38798
1.0339
0.351291
1.10366
1.16428
1.77555
0.143613
3.70023
0.594709
0.577777
0.594019
0.318397
0.394404
0.284574
0.316344
0.620052
0.19156
0.329321
0.279629
1.63848
0.996473
0.254453
1.03233
0.834529
0.426818
1.33088
1.14713
0.698944
0.145634
1.83486
0.0335836
0.964418
3.04434
0.159182
1.46043
0.334625
0.399354
0.53896
0.334589
0.285694
0.43267
0.904054
0.38025
0.946398
0.909612
0.242286
2.32716
1.43063
2.67936
0.765671
0.994101
0.899178
1.43955
0.47902
0.702656
0.639479
0.901652
0.629216
0.133236
0.228024
0.334941
0.532017
1.20948
0.689655
1.60582
0.31094
0.860186
2.64631
0.912446
1.74672
0.836988
0.704762
0.0930716
0.548028
1.47555
0.364163
0.599065
0.787627
1.87084
0.520969
3.02031
0.719102
1.73768
0.754062
0.391845
0.693646
2.27279
0.581452
0.418763
0.577664
0.418848
1.3608
0.213535
0.49809
0.141154
1.11364
0.67668
0.20897
0.107454
1.0931
0.120211
0.790464
2.17745
1.65096
0.296728
0.322326
0.42444
0.52575
0.973145
2.36197
1.38804
0.34157
0.72728
0.997964
0.377694
0.133116
0.320363
1.48588
1.16505
0.484459
0.122566
1.12771
0.0487088
0.759968
0.458668
0.516874
1.27828
2.7675
0.0245693
1.78781
1.75985
0.737361
0.454249
1.34965
1.58111
1.30751
1.26917
1.34248
0.22896
0.188266
1.66554
0.653269
1.01884
0.603564
0.855422
0.940552
1.78977
1.08021
0.476083
0.630319
0.597669
0.389408
0.580178
1.0614
1.02301
1.51389
1.13302
0.824866
0.894901
1.82918
1.63019
0.778683
1.2628
0.471918
0.569262
1.17997
0.292487
0.545177
1.15005
1.56442
0.349078
1.21716
0.112886
1.11959
0.765622
1.16073
1.51231
2.25632
0.568865
0.923517
0.925627
0.171802
1.12152
0.553573
1.59874
0.251087
2.55569
0.692845
1.3665
1.1849
0.811005
0.603264
1.51309
0.668965
1.84276
0.505989
0.532496
1.03627
0.421705
2.99121
1.05401
0.54386
0.56557
0.326814
1.46798
0.682802
0.837362
1.15563
1.29582
0.990649
1.24287
0.335407
1.20354
0.590942
0.775199
0.486166
1.09026
0.927569
0.203566
1.63062
1.33191
0.756812
0.284196
1.67145
0.237262
1.25457
0.514363
0.789687
0.734293
0.341585
1.61224
1.75406
0.734349
1.08975
0.927808
0.639213
0.725939
1.31295
0.319397
2.11005
0.859442
0.624279
0.276023
0.440859
1.31935
0.188819
0.589195
1.23516
0.536082
0.595376
0.531631
1.80307
0.337836
0.773866
0.191839
1.07979
0.175898
1.66025
0.56622
0.130951
0.849354
0.746163
0.905378
1.00862
0.969264
1.07718
1.56591
0.80962
1.73251
0.758266
0.993367
0.308918
0.933605
0.328597
0.765361
1.06989
1.46311
1.31668
1.10224
0.853041
0.473019
1.24796
0.119679
1.1646
0.349405
0.426746
0.549058
1.12666
0.276195
0.705403
1.36331
1.04278
1.44909
2.30113
0.752986
0.132467
2.02243
1.89509
1.17283
0.847842
1.35078
0.061008
0.357098
0.606758
0.329631
0.386176
0.506183
0.739195
1.14515
0.229453
0.848986
0.580672
0.699155
0.514563
0.922451
0.573831
1.21672
0.197745
1.77586
0.473783
0.523028
1.38338
0.312174
0.796364
1.70848
0.637336
0.634579
1.03479
1.4855
1.29346
0.752044
0.552673
1.8767
0.393712
2.10517
0.582442
0.826466
2.21243
0.648094
0.780517
0.551167
1.42563
0.484952
2.65584
1.8983
0.546931
2.41809
1.15633
1.27345
1.44806
0.448836
0.948359
0.666887
0.354371
0.733681
0.888239
0.880802
1.1511
0.428396
0.495708
0.909158
0.490231
1.69859
3.00625
0.29443
0.100153
0.356348
1.11129
1.76199
2.79385
0.482077
0.876692
0.215709
1.63988
0.42545
1.5695
0.42137
0.72807
1.78674
0.791587
0.718125
0.984278
0.326665
3.65986
1.29406
1.64657
0.926717
1.20436
0.174281
1.6643
0.606595
0.649814
1.28615
0.419166
1.1637
2.6892
2.0917
0.68981
1.42833
0.860228
1.73623
0.438582
0.232571
0.929262
0.436712
1.73775
0.447273
0.598134
0.380627
0.362408
0.620685
0.340095
1.9895
0.682245
0.48305
1.21564
1.50731
0.60812
0.243994
0.234459
1.57523
0.811599
0.740455
0.137579
1.58202
0.162089
0.663696
2.14353
1.29704
2.36447
0.219333
2.36687
1.33022
1.80074
0.643372
1.26921
0.625142
0.855693
2.0687
0.584789
2.14447
0.906073
0.630164
0.421953
1.4802
1.43056
0.624925
1.22791
0.228806
0.141002
0.197277
0.754792
0.281522
0.232289
0.238957
0.648884
0.881247
2.43821
0.947598
1.30256
0.566566
1.2605
0.0359815
0.577385
1.09986
0.822546
0.342946
0.697284
0.588485
1.15993
2.34843
1.48172
0.836186
2.89322
0.744157
0.632052
3.00791
2.12342
0.96818
1.04458
0.222701
0.470873
0.839357
1.16611
0.347192
0.339079
2.14208
3.22337
0.340913
0.844167
0.654572
0.248125
0.125883
0.337936
1.51056
1.05075
0.2481
0.32056
1.31813
0.444521
0.587019
1.69637
1.14656
1.98689
1.11824
0.723705
0.428157
0.329681
0.603486
1.68248
0.278258
1.50508
0.866065
0.276369
0.663229
0.619503
1.61948
0.35894
1.08424
0.231342
0.719516
0.546655
0.898846
1.17042
0.587534
0.447245
0.397542
0.605849
1.17822
0.29239
0.79103
1.15536
0.532642
0.228506
0.246162
1.93735
0.863542
0.521006
0.0999836
1.22708
1.01131
1.7332
0.674892
1.55536
0.20872
1.1018
0.255732
1.30123
2.10568
0.479482
1.17318
0.544062
1.13148
1.67127
0.965042
1.26174
2.43493
1.08127
1.29698
1.22959
4.08417
1.39645
3.31528
0.465204
0.250892
1.30708
0.806338
0.945046
2.74997
0.506644
0.243618
0.515633
0.615585
0.38815
1.29259
1.50293
0.759103
0.694063
0.761417
0.437175
1.73015
1.37838
0.839757
0.664799
0.565355
0.432534
1.34938
0.27421
0.529441
0.704772
1.606
1.2231
0.758626
0.552688
2.76959
0.296269
1.11708
0.476402
0.828197
0.801961
1.63784
0.895446
1.13419
0.88673
0.616232
0.632134
1.47477
0.866254
2.00063
3.26882
1.10355
0.519317
0.854215
0.831201
1.55415
1.76118
0.841894
0.652704
1.56318
0.891253
1.39731
4.10783
0.288427
0.278172
3.0523
0.458953
1.23842
0.551122
0.438341
0.465069
0.316449
0.870696
1.05675
1.38203
1.49221
0.469838
0.424058
0.386302
0.458218
0.542671
0.101347
0.273037
1.23876
0.30848
2.35505
0.756403
0.994976
1.23641
0.799736
3.74972
0.624392
0.28075
0.971726
0.209838
2.92504
0.785422
0.77937
1.28096
0.0250648
1.65941
0.277335
2.35003
2.55254
1.60802
1.53431
0.334738
0.682642
1.70309
1.13425
1.95519
2.23776
0.566023
0.658346
0.456838
2.38857
2.29636
1.16683
0.911839
2.58107
0.685933
0.825077
0.936925
0.858352
0.394326
1.44598
0.0430675
0.555941
0.550407
1.00857
0.230981
0.700719
0.586635
0.330776
1.66566
0.640458
0.785207
1.02114
1.50846
0.778377
0.134013
2.33214
2.11464
0.295523
0.524167
0.195874
1.20479
1.43702
2.42759
0.814332
0.461615
0.834459
0.344835
0.986659
0.35801
1.84194
2.17943
0.558124
0.600237
0.61486
1.04341
2.20238
1.36726
0.457485
0.406212
1.91247
1.93989
0.537801
0.437319
0.50708
0.433548
1.67464
4.5808
0.627907
0.129204
1.45802
0.75741
0.896593
2.07835
0.766473
0.931942
0.765482
0.0600085
0.962606
0.36667
0.830109
0.0717338
1.63622
1.91274
3.06132
0.406918
1.37737
1.90385
1.92401
1.05775
0.116297
1.6194
1.27683
0.558828
0.773858
0.930865
0.789957
0.615676
1.1009
0.559712
0.874657
0.661324
0.249843
0.5894
1.12196
0.096967
0.8854
3.34875
0.501784
0.507877
0.64818
0.469795
1.07938
0.834947
1.07116
0.656442
0.234341
1.48624
1.18003
0.49357
0.844793
0.484411
2.53111
1.0702
0.194258
2.11782
0.198217
2.12878
0.852007
1.53548
1.40106
0.298599
0.855263
2.74478
3.31804
0.535871
0.537459
1.62937
1.06226
0.340983
0.834737
0.624792
1.53243
0.579468
0.314301
1.4794
0.320009
0.81224
0.0937204
0.283673
0.548748
0.564928
1.64538
0.448142
1.94304
0.466399
0.14217
0.796771
0.0884596
1.81169
0.423452
2.67152
0.332697
0.834542
1.02546
0.0802534
1.08036
0.880635
1.28989
0.521562
0.419719
0.645398
1.77258
1.13543
1.46803
0.360668
1.2165
1.33887
3.05817
0.927806
0.561742
0.778981
1.25416
1.28982
1.38511
0.613824
1.32299
1.45441
0.717559
1.05676
3.51044
0.285997
1.63537
0.237246
0.580716
4.77869
0.55098
0.326447
0.534212
2.1322
1.26535
0.698757
1.6902
0.717644
1.50671
2.54714
1.93166
0.516607
1.08826
0.0236911
0.148521
1.34039
0.100997
1.5125
1.41817
0.558549
1.10256
0.510203
1.68485
0.910616
1.23441
1.0042
0.771053
0.155583
2.43451
1.76843
0.232691
0.694185
0.764636
0.992047
0.268829
0.437255
2.16017
2.50444
1.19816
1.33104
0.174752
0.843513
0.181963
0.126893
1.21529
0.310705
0.595575
0.927594
0.601353
0.373061
2.79053
1.45311
0.869908
0.566714
1.91741
0.25153
0.699768
0.744215
0.756436
0.77758
0.293271
0.272383
0.417131
0.411582
0.3934
1.13759
0.53649
1.46317
0.440233
1.72294
0.660893
0.655383
1.40351
0.652051
0.629704
0.053044
1.325
1.1365
0.299176
1.06737
0.597553
0.628709
0.380933
0.637774
1.0938
0.524797
0.464122
0.542398
0.240515
0.695155
0.509534
0.361135
1.03429
2.44532
1.18407
0.64686
0.992609
0.918586
0.24518
1.1232
1.31367
1.45822
0.141298
0.525263
0.490585
0.287329
0.262971
3.14103
2.16539
0.500824
0.729782
0.707414
1.16894
0.663671
0.676779
0.363609
0.957791
0.874268
1.75879
0.455127
1.58522
0.701099
2.58775
0.66774
0.273736
0.40641
0.274332
0.866712
0.894698
0.937405
2.28914
0.371761
2.11899
0.895031
0.840323
0.493206
1.08358
2.23057
0.795624
3.38901
2.02861
0.448102
1.03001
0.139224
0.332464
1.18532
0.53643
0.890975
1.20324
1.28275
1.35926
1.42864
0.969056
0.600157
1.86326
0.142925
1.55537
1.0427
0.178336
3.17756
1.21749
0.685721
0.767732
0.117163
0.642379
0.761071
0.73893
1.47286
1.19941
0.591834
1.21382
1.13429
1.31494
1.20019
0.574325
0.383308
0.556771
1.12226
0.832008
2.31476
1.162
0.206497
2.24841
0.840696
1.30766
0.196066
0.977868
2.36763
0.0792876
0.853754
0.857012
0.755553
0.931901
0.337381
2.34291
0.244041
0.304606
2.92854
1.64781
1.68724
0.351166
1.15079
1.25824
2.12858
2.84817
0.643947
0.123474
0.79023
0.539569
0.435962
0.35259
0.552008
0.596814
0.648007
1.36848
1.598
0.383069
0.787775
1.3017
0.760224
0.928844
0.0819045
0.0973491
0.159551
0.426687
0.14319
4.00665
0.553779
0.145994
0.754917
0.807226
0.594461
0.588898
0.34646
1.07482
1.11093
0.161716
0.538281
0.324995
0.0896703
0.863373
0.887346
1.51576
0.456516
1.13514
0.884398
1.45673
1.19178
0.897629
1.07045
0.268082
1.04989
0.265812
0.503415
1.46737
0.0551431
1.04249
1.56288
2.10266
0.932593
0.319393
0.451826
1.25599
1.03375
0.407037
0.0663811
1.17459
1.04748
0.312778
3.33794
1.5529
0.774383
0.351903
0.415279
0.958865
3.33983
0.898829
0.923124
0.086023
2.02146
0.234039
0.822628
1.78848
0.206059
0.437189
1.83074
2.03742
0.239429
0.195389
0.275799
1.07539
0.779134
0.202999
0.993053
2.72182
0.35526
0.904098
4.03485
0.665398
0.284757
1.0618
0.102913
0.686656
5.25979
1.50841
0.264531
1.98792
2.72307
0.546581
0.189922
1.92487
0.803979
0.688726
0.806553
1.02361
0.137019
0.717669
0.150363
0.692399
1.75631
0.883142
1.72023
0.835518
2.70859
1.74847
0.42612
2.83387
1.63992
0.108894
1.2605
0.474419
3.02514
1.0543
0.434747
2.00368
0.37445
1.97742
1.31282
0.277533
1.29509
1.81132
2.48783
0.619755
0.980347
0.835947
1.66371
0.567517
0.613572
1.10891
1.58067
0.157755
0.221318
0.740111
0.982648
0.421842
0.578384
1.7704
1.49644
0.465274
0.430336
0.310728
1.72115
1.44064
1.36852
1.00436
0.890417
1.72125
0.705734
0.482542
0.86887
0.039285
0.723204
1.04145
0.821121
2.4774
0.319816
1.33218
1.72829
0.464448
0.580674
0.678731
1.13636
1.3011
1.36471
0.538388
0.957703
0.120639
0.734162
0.292872
1.22162
1.25153
0.534182
0.22026
0.087906
0.555987
1.92333
0.230107
1.60943
0.997779
1.80596
0.808082
1.67037
0.625033
0.84737
0.120544
1.29571
1.51017
1.11694
1.62429
0.510823
0.300328
1.28272
0.94721
1.39522
0.267086
0.615036
2.32591
1.157
0.548355
1.40467
1.42835
1.28017
1.1035
0.970617
1.40915
2.70763
0.903715
0.0875197
1.15838
0.925764
1.5908
0.262697
1.16577
1.09757
0.229889
1.99685
0.490202
0.728573
1.5019
0.632066
0.945135
0.528293
1.21491
0.256757
1.81947
0.00944489
1.58848
0.595147
1.88958
0.675699
0.118692
1.06935
0.795797
0.433033
0.820149
3.88687
0.657347
1.25072
3.11411
0.912997
0.320098
0.596144
1.25033
0.19585
0.822561
0.258862
0.523173
1.20678
2.58061
0.305631
1.33911
2.72414
0.621384
0.48211
2.50574
2.39136
2.48629
1.17723
0.688176
0.236235
1.74871
0.665053
0.673833
0.442792
1.79089
0.52159
0.238751
1.03972
1.96488
0.686749
1.5585
1.18142
0.675985
0.926823
2.8228
0.213308
1.06368
0.926666
0.403319
0.469549
0.664117
1.58554
0.527438
0.649573
0.817366
1.32702
1.59142
1.99257
2.04125
0.419522
0.710509
0.91537
0.480837
3.60259
0.936233
0.917025
1.06701
0.611094
0.385008
0.899267
0.98767
0.505269
1.29407
0.378659
0.517347
0.415962
0.699824
0.262955
1.90907
1.49153
0.190842
0.640321
2.05849
1.17032
2.29728
0.875607
1.04154
0.517822
0.561593
0.486458
2.56531
1.24087
0.0610778
1.39884
0.589531
0.848569
0.313842
3.10806
0.21503
0.403305
1.95782
1.02906
0.664584
0.0723432
0.314759
0.535005
1.56882
0.723215
0.245123
0.52323
0.291294
0.612912
1.28766
0.448312
0.672052
0.404812
0.838841
1.36445
0.224684
0.304842
0.782591
0.608853
0.885452
0.255961
0.19915
1.27292
1.74395
0.526336
0.250365
0.689164
0.531706
0.620644
0.679118
0.848886
1.76489
0.805886
1.10914
0.636227
1.47466
0.299554
1.04861
1.38004
1.51514
1.38588
1.42348
1.43861
0.935359
1.41449
0.586319
1.63799
0.607236
0.139685
0.14827
1.38511
0.571454
0.36838
0.919692
0.987161
1.0932
0.69432
0.521942
1.26168
0.239072
0.259335
2.00757
0.62551
0.60099
0.269379
0.660938
0.744865
0.543235
0.58459
0.445985
0.447538
1.30626
1.16063
2.0019
1.96984
0.503234
0.494017
0.328049
0.255427
1.00153
0.920696
0.44989
0.307789
0.523212
0.858184
1.16088
2.05608
1.00702
1.33312
0.515631
0.781904
2.15343
0.915653
0.490284
0.929969
1.48378
0.278038
1.66429
0.45178
1.79687
0.333558
0.700422
1.57509
2.79087
1.71336
1.14558
1.64391
0.835035
0.554016
1.3879
0.480946
0.861481
1.47235
0.395494
1.16421
0.422479
0.963942
0.95583
3.06105
1.37924
0.485497
1.24341
0.514878
0.101639
1.68198
0.362684
1.63534
1.09587
0.819881
1.21032
2.13066
1.36222
0.155904
0.243032
0.554738
0.579085
0.406681
1.01255
2.45114
1.93437
1.94289
0.128381
1.36765
0.302992
0.165687
0.778687
1.88487
1.33736
0.56107
0.595152
0.370147
0.634077
1.78602
1.31577
0.423415
1.14503
0.983895
0.897659
1.24407
0.356387
1.10263
0.933488
0.303042
1.16612
0.598081
0.471376
0.868759
0.389393
2.77086
0.166763
0.997032
1.57002
3.47531
1.15522
0.658701
1.26638
0.467056
2.77485
0.670561
0.418993
0.877893
2.22641
0.956522
1.17854
0.900376
0.618988
2.43859
0.173952
0.138826
0.515829
1.99037
1.104
0.0742613
2.79431
0.229595
3.05724
0.271221
1.08133
1.19647
0.130196
0.636512
0.454902
0.750342
0.690908
0.124094
0.30204
0.271963
1.77545
0.101419
1.05723
1.65381
0.635071
0.47606
0.50036
0.236953
0.386823
0.497254
1.20308
0.559077
1.48676
0.0754745
0.638676
0.546507
0.97852
2.04343
0.848948
1.89888
2.55545
0.844929
0.343221
0.526836
1.49345
1.18934
0.671342
1.38456
0.350481
1.23121
0.778043
1.56472
1.84189
0.35514
0.68226
1.886
0.301712
1.42784
1.33368
0.321951
0.180105
1.1875
0.560891
0.245975
1.96616
0.458828
0.720388
0.490383
0.994922
0.250956
0.550924
1.03446
0.184132
0.423496
0.816133
0.486434
0.579327
0.935232
0.41643
0.391228
1.83215
1.0175
0.47064
1.39225
1.36517
1.55001
1.31441
0.728298
1.26814
0.0698815
0.772472
1.98504
0.530455
1.48059
3.86157
0.622161
1.16769
0.940008
0.749334
0.317156
0.460691
0.838864
1.57051
1.42304
0.956124
0.668269
0.732778
0.482678
2.09829
1.14453
0.281566
1.25372
0.677735
1.73371
1.43438
1.92934
1.78393
3.91322
2.61083
0.311828
0.375045
1.09944
0.605547
0.923017
2.56129
1.71302
0.706201
0.735728
1.4059
0.326003
0.920425
0.960648
0.931835
1.33207
0.952126
0.17352
0.175321
0.750637
1.08998
1.53997
0.748486
1.86469
2.05204
0.160484
0.355636
1.30743
0.64186
0.177896
0.921345
2.25696
0.121838
0.970155
0.54404
0.436252
1.5166
0.535469
0.332948
0.508591
0.329205
2.62049
0.756
0.950243
0.331906
0.605951
0.143999
0.53529
0.622723
0.242929
1.51402
0.775024
0.770773
1.44776
1.74478
0.872063
1.07502
0.466317
0.0226627
1.1085
2.31408
2.17093
0.123591
0.760549
0.877598
0.335753
1.58243
0.34109
0.628386
0.367211
1.07772
2.95099
2.55723
0.347504
1.18737
0.698886
0.456625
0.62055
0.921155
0.500052
0.290439
0.827891
0.827124
0.368202
0.834955
1.20148
1.33556
2.54153
2.416
1.80006
2.33422
0.238156
0.778997
1.22343
0.174537
0.403241
0.79615
1.26489
0.109951
1.7291
1.32862
0.256362
1.14931
0.749629
0.688884
0.651307
0.953761
1.2906
0.872283
1.66006
0.194763
0.265713
1.45887
0.951962
0.934583
1.91522
1.89125
1.23733
0.620123
0.877919
1.34363
0.144772
0.0843734
0.93153
0.505524
0.69748
1.69705
2.9512
1.40639
0.720271
0.310363
1.02626
0.309911
1.18842
1.29797
1.56042
1.68023
0.823552
0.790399
1.32341
1.20317
1.76208
0.417621
1.22918
0.519271
0.315346
0.605676
0.364997
0.137914
0.85519
0.10198
0.381995
1.41895
1.26864
2.59656
0.91674
0.114898
1.09631
0.653725
0.946503
0.802111
0.809884
0.340712
0.716322
0.744433
3.0249
0.565994
1.29921
1.01425
2.21361
2.34483
1.51709
1.3277
0.180707
2.12778
1.48542
0.246121
0.268072
1.13998
0.714222
0.813697
0.304272
0.427441
0.594035
0.104937
0.78986
0.517839
0.382147
0.896756
1.00147
1.27766
0.927057
1.89341
0.445125
0.397432
2.06121
1.77304
0.405443
1.0533
0.184587
0.520035
2.83603
0.475827
0.458833
0.961303
2.3391
0.554099
1.01866
2.221
1.507
0.55409
1.3072
0.232738
0.227984
0.32808
0.475988
2.54299
0.84424
1.07502
2.5912
1.56326
1.64727
0.421716
1.07193
0.620225
0.354782
0.370979
0.0513481
0.637053
0.334067
0.556167
1.79226
1.03406
0.362853
0.963002
0.130444
1.80658
0.212321
0.687803
0.971505
0.107277
1.31948
0.393276
0.704701
0.978732
1.37113
0.65507
1.90931
2.31959
1.35189
0.975367
0.711151
2.56412
0.471661
1.76989
0.813457
0.738919
1.28148
0.549309
0.12683
0.446184
1.41227
0.56407
0.743775
0.834742
0.787245
1.63421
0.48973
1.09379
1.41567
0.392525
0.79136
1.3702
1.06776
1.07978
0.676139
0.195407
0.648311
1.52612
0.336768
0.739111
0.890861
0.125714
0.459508
0.0656161
0.389886
0.143506
1.34861
0.535443
0.581916
1.96558
0.375748
1.59034
0.175985
1.35906
1.99609
3.16574
0.511696
0.588489
0.888793
2.90535
0.464058
0.738963
2.11449
0.511311
0.587241
1.14126
0.800332
1.04197
1.54817
1.37677
0.794014
0.213572
1.42606
1.73759
0.430461
1.01084
0.214232
0.792189
0.822539
0.545995
0.754352
1.40162
0.479439
0.185469
1.66657
0.756179
0.789446
0.756603
1.02673
0.0431274
0.620411
2.42041
0.941605
0.92676
0.390587
0.698624
1.83138
1.0888
0.402157
0.312456
0.900484
1.71887
0.763577
0.599893
1.75399
2.03532
2.68779
0.395651
0.626397
0.805642
1.47717
1.08432
0.334368
0.518959
1.56178
1.12852
0.433816
1.2263
1.74047
0.916392
0.880767
1.0395
0.288822
0.580756
1.96127
0.193027
1.14503
0.592985
1.50326
0.327661
0.678664
0.743232
0.641392
0.705445
1.46615
1.96003
0.445977
1.70826
1.16941
0.659024
1.34323
1.26203
0.311756
0.495365
2.19155
1.08049
0.21374
0.279323
1.1979
0.932026
3.38565
1.30639
0.531716
0.28971
1.07567
0.40513
0.295288
0.107103
0.826495
0.680169
0.571034
1.89496
0.372728
0.477624
2.61699
0.625633
0.882899
0.482223
0.227931
1.36745
1.78404
0.708082
0.359737
0.452168
2.99656
1.3713
0.196729
1.86164
0.993492
1.67271
0.701093
0.575047
0.41214
0.489451
0.96706
2.91992
0.681403
1.56064
0.316842
0.0487437
0.428983
1.51976
1.31588
1.14576
1.14171
0.836168
1.80159
2.6282
1.03804
0.851313
2.16538
0.994202
0.91324
0.468571
1.0499
0.452817
0.693774
0.910175
1.1661
1.81345
0.876122
0.528989
0.459767
0.79653
1.63127
2.00432
0.648355
0.553559
1.56161
0.782703
0.598187
0.620092
1.79006
0.883926
1.8043
1.65201
1.61329
1.49919
0.442072
0.125028
0.455748
0.447866
1.41968
1.22586
0.595248
0.677664
0.98088
0.114674
0.426292
3.91833
0.782205
0.245791
0.471837
1.63619
0.824351
1.32202
0.933947
0.42899
1.95845
0.966494
1.5629
1.22506
0.735989
1.63677
0.82633
1.61169
0.207241
1.4735
1.92675
0.185754
1.52043
0.567971
1.21231
1.89601
2.19194
2.58379
1.27039
0.171092
0.771101
1.13216
0.531845
0.474296
1.19076
0.225284
0.431652
0.877089
0.941201
0.94758
0.279522
1.73356
0.478861
2.06605
1.11928
0.229692
1.03468
0.926832
0.585714
1.45406
0.794802
1.36603
0.553362
