1.16394
1.03276
0.891913
1.64293
0.762022
1.4103
1.40839
0.677271
0.7437
0.667773
0.828949
0.799303
1.10522
0.770044
1.22885
0.941376
1.53559
0.991907
1.02324
0.366729
0.561459
1.32889
2.09673
0.648442
0.764932
0.652101
1.65861
0.549341
1.66464
0.857205
1.03501
0.808193
0.951637
1.17879
0.80499
0.967268
0.901809
0.526344
0.84137
0.889661
0.720095
0.927847
0.774548
0.984741
0.831828
0.610797
0.597234
1.16429
0.660511
0.373134
0.70225
1.04424
0.866371
0.918655
0.915524
1.45825
1.20828
1.01802
0.513891
0.881263
0.673223
0.891045
1.21281
1.32783
1.12352
0.640925
1.25883
1.13889
0.796897
1.00452
1.37554
1.27131
1.21433
0.951825
0.848706
0.652946
0.847608
1.06858
1.28784
1.23253
0.635135
1.123
1.15594
0.887957
0.768065
0.577895
0.745962
0.553273
0.790629
1.55436
0.786799
0.606526
1.31812
0.843815
1.02737
1.13952
1.25889
1.22906
0.854378
1.28003
0.96875
1.29278
0.6009
0.578123
0.761339
0.728702
1.43395
1.2792
1.52847
0.708393
1.0097
1.11209
0.448881
1.02686
1.35675
0.938518
0.562889
0.892243
0.886392
1.44425
0.86356
0.956614
1.10138
1.03708
0.819341
0.651258
1.68901
0.780408
1.14835
1.01984
0.515928
0.831667
0.620638
1.30821
0.9531
1.4824
0.688914
1.87582
0.64701
1.11988
0.875726
1.37446
1.31783
0.9935
0.736498
1.22899
0.692524
0.852909
0.832173
0.930523
1.17338
1.047
1.24692
0.85282
0.999355
0.946295
0.485328
1.30833
0.894584
0.919807
0.932647
0.883545
1.18952
0.556312
1.30174
1.13975
0.84672
1.13263
0.860075
0.990056
0.854837
1.41335
1.71334
1.1297
0.861262
0.885771
1.0081
1.19673
1.29438
0.983679
1.0444
0.754653
1.7585
0.823569
0.940975
1.07094
1.2178
0.69259
0.769916
1.16141
0.925278
0.730786
0.659302
0.946782
0.709014
1.24678
0.853028
0.56716
1.38998
0.814801
0.978961
0.784538
0.685899
1.50677
0.669904
1.12042
0.621538
1.04489
0.317105
0.459365
1.75305
0.565843
1.44042
0.964566
0.547803
1.25703
1.61465
1.2564
1.29989
0.584498
1.18218
1.24368
1.2957
0.906366
2.14984
1.13406
0.95409
0.922929
0.88671
0.783836
0.78242
1.96079
1.1848
0.62207
0.794522
0.820976
0.749091
1.2566
1.35888
1.44459
0.731118
0.706456
0.533867
1.2811
1.11799
1.10962
1.24575
0.921792
1.32013
0.948264
0.679943
0.69647
0.686769
1.07514
0.907064
0.810133
1.30242
0.73791
0.945303
1.1901
0.801226
1.0286
0.950622
0.760878
0.926576
1.17481
1.18752
0.817504
1.06334
0.622719
1.02328
0.617291
1.16391
0.659648
1.06695
1.40399
0.639702
0.780414
1.21587
1.23131
0.562114
1.09811
0.583816
1.05818
0.680987
0.88608
1.5511
1.03417
0.686503
1.54633
0.713588
0.844665
1.57044
0.70412
0.974588
0.558421
0.646163
0.944771
0.828865
0.900849
2.06123
1.09635
1.15157
0.852461
0.775316
1.00678
1.50669
0.68218
0.939491
0.94654
0.552957
0.933465
1.38595
1.34575
0.563946
0.638951
1.41424
1.44073
1.2629
1.07185
1.38095
0.734702
1.09284
0.825202
0.792202
1.55704
0.891627
0.903802
1.25229
1.03298
1.50373
1.28077
0.893999
0.430021
0.684985
1.16165
1.29822
1.26486
1.3252
0.691669
0.697549
0.79763
0.771378
1.03904
1.32673
0.916377
1.18912
0.683849
1.14183
1.17046
1.98181
1.52089
0.723273
0.7719
0.738828
1.47184
1.14677
0.675643
1.17043
0.523651
1.0107
0.951308
0.976317
0.856717
0.703691
1.08316
0.958496
0.694483
0.893791
0.737269
0.926488
1.61601
0.962825
0.509455
1.39191
1.15742
0.773703
0.882067
1.44563
1.02333
1.01135
0.475534
0.588229
0.720343
1.13545
0.633929
0.694211
0.942128
1.20386
1.4254
0.484892
1.28609
1.21306
0.725547
0.942947
0.730531
0.664133
0.633506
1.36924
1.26675
1.46404
0.912078
0.993849
0.655199
0.9225
0.731536
0.855059
1.13004
0.539615
1.01958
0.816232
1.39406
1.2494
0.679016
0.792493
1.28569
0.618673
0.536938
1.10144
1.00397
1.54897
1.59122
0.987947
1.06484
0.614012
0.594424
1.22806
0.827429
1.0926
0.826684
0.925163
0.742697
1.49275
1.33559
0.737621
1.1992
0.473856
1.1311
1.49577
0.506388
1.2152
1.6478
1.11796
1.04849
1.3319
1.07252
0.862421
1.2333
0.795678
0.924776
0.95312
0.999423
1.12007
0.899731
1.39471
1.44182
0.705742
1.01698
1.65446
1.13257
1.5933
1.26799
1.3402
1.25347
1.30047
1.20049
1.18617
1.14515
1.27796
0.62101
0.830712
0.690989
1.0548
1.81366
0.644897
2.20205
1.0581
0.793887
1.77957
0.537579
1.44353
1.45914
1.13554
0.906994
1.30644
0.711679
0.947415
1.30504
0.662568
1.30168
1.27633
0.820045
1.501
1.01899
0.979106
1.36931
0.898377
0.569112
0.965624
0.685268
0.726456
1.00471
1.00195
0.817894
0.517522
0.715546
0.799981
0.703979
1.06139
1.38057
0.801251
1.73264
0.78554
0.884693
1.59984
1.37601
1.06106
1.24751
0.67609
1.36595
1.30028
1.0699
1.14429
1.04345
1.36387
1.5264
1.033
0.742724
1.15614
1.07103
1.02421
0.866196
0.596388
0.96647
0.963108
0.723283
0.556942
0.996094
1.06606
0.520337
1.09188
1.1788
0.761604
1.18341
1.3454
1.30926
0.682112
1.05356
1.0114
0.642404
0.632698
0.686788
0.982944
0.802413
1.30954
0.935168
0.949441
0.905323
0.935632
1.01379
1.30908
1.00608
0.844938
1.4674
1.07376
1.37127
1.32045
0.717849
1.37768
0.7276
1.19321
1.37735
1.21508
0.669703
0.724755
0.783282
1.15426
1.14027
0.935986
0.836869
0.705123
1.50641
0.880082
1.33699
0.733527
0.817484
0.649491
1.2142
1.5808
1.0488
0.912074
0.823302
0.837774
0.754235
0.853326
0.871117
0.536869
0.854183
0.622428
1.52059
1.35371
0.878447
0.61733
1.03126
0.692036
0.742613
1.06468
0.975777
1.11212
2.00801
1.52775
1.11494
0.985174
0.936016
1.06324
0.737228
1.45886
0.710515
0.936762
0.691502
0.663279
0.901983
0.586925
0.621561
0.990453
0.954019
1.09997
0.8747
0.845848
0.570113
1.13895
0.951735
0.763366
0.769057
1.00873
0.774617
1.08703
0.861045
0.438648
0.530965
1.53512
1.35147
1.0914
0.943901
0.755957
1.09017
1.40772
1.1949
1.09044
0.808116
0.998472
1.01129
1.08065
1.02702
1.20918
0.92816
0.836055
0.861234
0.451232
1.00468
0.95715
1.0909
0.970556
1.06805
0.853318
1.18484
1.18989
1.75367
0.744709
0.921801
0.909856
0.646617
1.57991
0.830821
1.24256
0.6152
1.16653
0.999734
0.934062
0.725115
0.9379
1.46586
0.795569
1.20579
0.857799
1.0016
1.38356
1.30768
1.22002
1.22937
0.725556
1.09466
0.579887
1.35259
1.06593
1.3994
1.37887
0.729299
1.36256
0.882721
1.05912
1.39701
0.534743
1.09187
1.15859
1.38829
1.46042
1.36094
1.17457
1.34483
1.32092
0.886785
1.16501
0.740897
1.06996
0.984177
1.24038
0.855747
0.594133
1.3381
0.892699
0.839278
0.813554
1.02134
0.895069
2.11851
0.714674
1.20613
1.19469
1.0127
0.633829
0.687213
1.02823
0.900707
1.41695
0.822832
1.62704
1.06294
0.826485
1.14198
0.599944
1.21967
0.6313
0.97265
1.56058
0.735553
1.23813
1.02131
0.798116
0.721382
1.49201
0.887173
0.991417
0.550015
1.13681
0.440938
1.35277
1.31292
1.07418
0.712616
1.06088
0.893895
0.78625
1.10932
0.823189
1.34897
0.714198
0.975971
1.18471
0.948405
1.2294
0.779337
0.802567
0.948043
1.50887
0.830965
0.626099
0.831798
0.609054
0.544012
1.37361
0.922228
1.06183
1.22834
0.7157
0.794318
0.901999
1.00205
1.00698
0.999967
1.18313
0.907338
0.674876
1.09895
0.458857
1.01654
0.834401
0.531943
1.26682
0.76397
0.848677
0.90027
1.27435
1.10216
1.47126
1.44766
0.705826
0.874935
0.915148
0.947737
0.524551
1.73215
0.89227
0.837304
0.913727
1.33114
0.995723
0.514943
0.985259
0.590712
1.58575
1.17312
0.797676
0.970592
1.00811
0.747678
1.37375
1.05134
1.24111
0.878941
1.01691
0.982595
0.734629
0.852833
1.40509
0.799441
0.651871
0.520901
1.05582
1.08093
0.833347
0.980752
0.929478
1.12555
0.803621
1.08703
0.777622
1.35132
1.05247
0.579836
0.771497
0.98945
0.59786
1.45083
1.01912
0.761904
0.730642
1.51032
0.682663
1.30755
1.88612
0.81028
0.824068
1.1775
0.805689
1.31107
0.769396
0.861363
1.05656
0.998183
1.07116
0.963725
1.4652
0.751293
0.837579
0.856861
1.68592
0.817333
0.56782
0.529076
0.68083
0.884844
1.1387
1.12323
0.638245
0.795109
0.866064
0.527948
1.86099
0.97762
0.978419
0.685811
0.880212
1.30445
1.03405
0.87181
1.40282
0.771806
1.19142
0.432297
1.39611
0.980617
1.08693
1.00591
0.658442
0.953136
1.24163
0.960996
0.726124
0.865107
0.810157
0.919163
0.994597
0.631657
1.11406
1.45235
1.35583
1.31858
1.70734
1.05672
1.02357
0.6264
0.856721
1.95111
0.776491
0.72729
0.862673
0.815836
1.5496
1.34972
1.12386
1.42994
0.897581
0.975469
1.161
1.06628
1.4191
1.15255
0.732719
1.07127
1.3376
1.44041
0.803198
0.784251
0.90517
0.537646
1.39118
1.60363
0.661099
1.45469
0.672453
0.899929
0.892332
1.27797
1.11033
1.12863
1.0759
1.27927
1.55977
1.05342
1.18848
0.809686
0.760735
1.86262
1.12702
0.397379
1.03777
0.811545
0.666411
0.612958
0.867111
0.540092
0.618167
0.999518
0.954494
1.29443
0.918759
0.675118
0.907673
0.576446
0.545792
0.896423
0.865251
1.20046
0.851054
0.404424
1.1547
1.53795
1.0109
1.54722
1.4714
0.741122
1.23568
0.788893
0.961332
0.364887
0.784228
0.989123
1.58833
0.767506
1.1218
0.698841
1.10748
1.39054
0.687043
0.73135
0.975568
1.51863
1.19549
0.951691
1.04116
0.923249
1.8556
0.826466
0.635825
1.05462
1.20448
1.20359
1.23691
1.27252
0.78468
0.925419
1.75926
1.325
0.703852
1.31696
0.907226
0.866016
1.13617
1.19453
1.14358
1.62455
1.6655
0.973371
1.24701
0.680105
0.550941
1.03923
0.784266
0.744739
0.861718
0.839069
0.610841
1.31219
0.466645
0.948237
0.61498
0.865161
0.95547
1.31014
1.45776
1.06879
0.79235
0.687743
0.51522
1.04549
1.219
1.2817
0.731297
0.850306
0.837634
0.812784
0.820857
1.68296
1.03247
1.06454
1.36116
1.37648
1.18485
1.05674
1.28592
1.5434
0.628841
0.946973
1.77524
0.794816
0.82867
0.933431
1.26925
0.75286
0.639282
1.41016
1.67858
0.664825
0.778868
0.758369
1.56633
0.99068
0.99515
1.12959
1.52878
1.15542
0.71145
0.627456
0.889697
1.09456
0.856873
0.782193
0.823952
0.907246
1.30516
0.624722
1.2638
0.839282
0.804604
0.74087
1.1997
1.15466
1.36989
1.04651
0.598324
1.0271
0.786168
0.501908
1.31489
1.16678
0.933041
0.933481
0.660607
1.52452
0.864796
0.597725
1.21476
0.591292
0.736562
0.576561
0.740585
1.73393
0.742412
1.42943
0.766554
0.737402
1.80576
1.41747
1.17275
0.945565
1.26165
0.828997
1.18967
1.10835
2.02114
0.991534
0.719498
0.903299
1.29885
1.26487
0.835958
1.6594
1.08977
0.822921
1.147
1.74383
0.768892
1.54814
0.903137
1.23218
0.956918
1.18088
1.06071
0.881594
1.00961
0.899911
1.44048
0.695603
0.956465
1.66425
1.13068
0.761434
1.73143
0.901942
1.22905
0.953545
0.938713
0.766981
0.626164
1.36666
1.28575
0.982613
1.72917
0.848077
0.977396
0.754481
1.84172
0.97522
1.17723
1.03973
0.999349
1.00804
1.26242
0.668703
0.456404
1.15995
1.08605
0.902521
1.1593
0.827423
1.15109
1.38559
1.00765
0.960878
1.12477
1.22786
1.05285
1.31379
1.40569
0.636219
1.05022
0.400631
0.998147
1.79383
0.987773
0.763186
0.945756
0.645348
1.28004
1.23399
1.35076
1.87504
0.424593
1.16113
1.28846
1.39062
1.01782
1.60741
1.18022
1.49067
1.66453
1.09592
0.828935
1.04069
0.776004
1.26476
1.26612
0.989289
1.16347
0.654827
0.685736
1.35152
0.878148
0.870029
1.29603
1.28572
1.31925
0.938281
0.687279
1.34161
0.750758
0.788256
1.34106
1.5215
0.969943
1.50218
0.727913
1.30623
0.918214
0.703693
1.42199
0.633547
0.99206
0.934516
0.714519
0.626473
1.40649
0.68095
1.13975
0.949784
1.17733
1.23126
0.866536
1.15985
1.29171
0.766102
1.19286
0.653936
1.21944
1.00142
1.10889
0.789519
0.903031
0.968165
0.937541
1.00058
1.7336
0.777094
0.314755
0.593083
1.73306
0.961319
1.17939
0.950391
0.776731
0.285695
1.27922
1.05797
0.766467
0.706272
0.767271
0.808064
0.681605
0.929707
0.569083
0.708178
0.596728
1.57153
1.02442
0.790141
1.38793
0.726276
0.727922
0.769785
1.27073
0.619944
0.874947
0.937991
0.963022
0.886883
0.793973
0.671952
1.11339
1.05011
0.789291
1.43733
1.18188
0.76604
1.12043
1.06204
1.03023
0.986034
0.782999
0.627354
0.958462
1.29287
0.641392
1.29241
1.24867
1.25089
0.927616
1.18456
1.40597
1.58773
1.16754
0.724064
0.991818
1.17261
1.23226
1.37978
0.912217
0.808253
0.62233
0.543535
0.357675
1.59062
0.543008
0.751267
1.41767
1.01478
0.853583
1.21437
0.979244
0.765479
0.757037
1.0108
0.726283
0.652789
0.937196
0.924371
0.324933
0.503751
1.32798
1.52095
0.943317
1.15675
1.4183
0.985889
1.27503
1.5553
0.843924
1.12804
0.992039
0.860419
0.937816
1.06515
1.14837
0.663436
1.19233
0.778077
1.55286
1.41172
0.718518
2.05196
1.61736
0.955886
0.553553
1.0155
0.880261
0.923394
1.36348
0.852315
1.68162
0.56432
0.672998
0.930473
0.547021
0.919674
0.698467
0.920439
1.28848
0.648656
0.45841
0.930883
1.72428
0.687417
0.866824
0.788679
0.432078
1.26285
1.03219
0.27799
1.16963
0.673041
1.31996
0.856572
0.517088
1.38506
1.80027
1.42705
1.08423
1.43719
0.948939
0.795013
0.556163
1.17686
0.553954
1.38263
0.743299
0.805687
0.953027
1.38881
0.644349
1.44516
1.01585
0.935767
0.819592
1.18657
0.543046
1.43026
0.571355
0.887459
1.24645
0.759715
0.397849
1.02417
1.2838
0.953948
0.961462
0.912992
1.08448
1.12387
1.51814
1.16037
1.17392
1.20724
0.964793
0.995822
0.682489
0.80747
1.16642
0.947379
1.3286
0.7132
0.652116
0.921543
0.89609
0.483128
0.603482
1.36336
0.485603
1.1072
1.34147
0.597953
1.73399
1.38001
1.35209
0.625465
0.886674
0.777505
1.23287
1.32163
0.936537
0.624235
0.673956
0.890442
1.21001
1.06192
0.808414
1.66671
0.856155
1.72202
1.10201
0.813279
0.92406
1.03656
1.17627
0.860282
1.0303
0.673987
0.991594
1.26685
0.803942
0.833585
0.906412
0.947193
0.59102
1.00029
0.676191
0.948651
1.64807
1.16733
1.82443
1.23728
0.79682
1.33063
0.946029
1.1222
1.12845
0.877506
0.772921
0.722966
0.92412
0.63552
0.879596
1.23126
0.71276
0.708633
1.0163
1.11188
1.02191
0.712314
0.742509
1.8358
0.884123
1.13968
1.54495
0.85452
1.00003
1.07019
0.972972
1.19952
1.09777
0.75913
1.05676
1.19805
0.943705
0.642695
0.725831
1.29567
0.702488
0.943355
1.14433
1.32942
0.953299
1.05554
0.61909
0.451867
0.848022
1.06183
0.479147
1.06664
1.10249
0.999461
1.05141
0.72285
0.672658
1.01167
1.41151
1.12481
1.49663
1.41504
0.981543
1.00727
1.31372
0.999005
1.37787
1.11159
0.733386
1.23188
0.919805
0.943382
0.872747
0.61032
0.76089
1.08937
0.714917
1.07377
0.564781
1.16157
0.720993
1.48811
0.664755
0.863685
0.920512
0.476854
0.635918
1.18381
0.55985
0.886822
0.714114
1.30272
1.30889
1.4211
1.00961
1.00499
0.951362
1.24349
0.285324
1.13464
0.68996
0.781464
0.883226
0.862938
0.753457
0.874873
1.92126
1.32165
0.714602
0.941197
0.81045
0.454014
1.67568
0.950422
1.09139
0.889069
1.32407
0.951443
1.16809
1.21121
1.17339
1.34867
1.01897
2.26641
0.934581
0.781564
1.19174
1.27689
0.718652
1.06289
0.469051
0.657977
1.34855
1.29073
1.15686
1.16197
1.04359
0.827855
0.852576
1.11224
1.17575
0.645388
0.815322
0.537579
0.761174
1.05149
1.31304
0.931211
0.771196
1.03514
1.16835
0.86818
0.822533
0.938234
0.671296
0.456709
0.826478
1.43146
0.718518
0.868057
1.93506
1.14443
0.81328
0.777024
0.473169
1.06506
0.941516
0.992565
1.44032
1.12712
1.64265
2.00445
0.632213
1.67273
0.929376
1.3143
1.12513
1.13272
0.806648
0.727382
1.09625
0.789761
0.839208
1.25977
1.01599
1.63024
0.841994
1.37288
0.992894
1.00711
1.17405
1.10184
1.2782
1.23495
0.722781
1.0839
0.842825
1.04717
1.16964
0.841049
1.37387
0.633668
1.06865
0.682926
1.09905
0.77845
1.26844
1.25729
1.10494
1.09944
0.781251
0.883532
1.07268
0.863705
0.769574
0.892146
0.639072
1.29182
0.980194
0.832536
0.759453
0.59954
0.891106
0.796456
0.926816
1.38825
0.965724
1.21911
1.01716
0.51606
0.931828
0.733078
1.55107
1.30495
0.320425
1.12163
1.47229
0.655489
1.34872
0.984686
0.865594
1.13335
0.64693
1.63748
0.921428
1.10281
0.906965
0.776557
1.24435
0.757855
1.36425
1.12419
0.79438
1.8793
0.855551
0.622268
0.698791
0.817068
0.938592
0.700864
0.920886
2.01107
0.774961
1.02228
1.18692
0.727952
0.714681
1.51626
1.1709
0.932355
1.60536
0.975713
0.866095
0.915399
0.559978
1.22647
0.707925
1.86051
1.11151
1.79545
0.688504
0.989755
0.928405
1.52715
0.827738
1.30439
0.946809
1.3884
0.922313
0.811968
1.99971
0.519524
0.87735
0.998799
1.54503
0.805501
1.01649
1.11764
0.752101
1.15847
1.32612
1.04216
0.684127
1.09923
0.36348
1.27849
0.580363
0.709915
1.46044
1.05363
1.15393
1.36409
1.24526
1.77608
1.46999
0.637813
0.611259
0.955779
0.767115
0.97976
1.11541
1.24338
1.25396
0.621447
0.948644
0.85657
0.475458
1.13899
0.927217
1.33178
0.536723
0.666357
1.09211
0.764568
0.972485
1.11957
0.57331
0.693223
0.638832
0.96766
1.46165
1.23386
1.66436
0.993855
0.684074
1.09183
1.1647
0.894648
0.993534
0.637376
1.10402
0.785821
1.19318
0.925745
0.882855
1.03402
0.977445
0.878396
0.882739
0.878641
1.13446
0.942642
0.752703
0.607859
0.881176
1.35158
0.933058
0.781289
0.779058
0.809194
0.797471
1.09887
1.00758
1.19319
1.35739
0.868375
0.847807
0.62814
0.752206
0.897177
1.29914
0.942935
0.443391
1.01007
1.61359
1.26043
1.27706
1.18769
1.08792
0.717955
0.908754
1.53964
1.76887
0.615583
1.14212
0.922548
1.08319
1.20115
0.653561
1.10905
1.36459
0.965721
0.725465
0.508421
0.400904
0.360161
0.921679
0.945556
1.14612
1.31478
0.939611
0.935243
0.829796
1.00337
1.21381
1.50109
0.998686
1.58362
0.779292
0.717514
1.55667
0.822883
0.570071
0.749331
2.0716
0.90211
0.947929
0.432518
1.53149
1.23774
1.29303
0.967858
1.22288
1.09984
0.606477
1.02734
0.800877
0.991977
1.17399
1.33014
0.615404
1.16219
1.89225
0.857782
1.4224
0.975859
1.08186
1.65688
1.07832
0.902144
1.36862
1.06517
1.49788
0.741197
1.10971
1.16927
1.10384
0.979681
0.794063
1.13233
0.9092
0.62177
1.04982
1.22993
0.87436
0.817667
1.08431
1.85621
0.671852
0.942607
0.873091
1.18258
1.45445
1.66613
0.594892
1.15264
1.64637
0.58981
0.80082
1.70875
0.992701
1.10882
1.19759
0.954706
0.524162
1.05665
1.07405
1.13699
1.07553
1.1636
0.735393
0.549462
0.662388
0.803572
1.57622
1.39123
1.79146
1.11228
1.1518
0.805734
0.777916
1.0374
1.41873
0.863898
0.754012
0.856283
0.909092
1.19805
0.879066
0.803058
0.878951
1.50258
0.865491
1.22845
0.661828
1.81454
0.936745
1.36573
0.588627
0.74114
1.07974
1.33193
0.86025
0.836797
0.904948
0.622449
0.92875
1.07136
0.99636
0.790992
0.777879
1.55119
1.97282
1.21745
0.92433
1.02304
1.16376
0.89373
1.08431
1.17792
1.04903
1.31318
0.984261
1.4246
0.316038
0.848578
0.86528
1.10003
0.932021
0.712115
1.7279
0.737258
0.804228
0.675868
1.49411
1.15439
1.19441
1.25145
0.73611
0.817216
0.941511
0.964864
0.976256
0.59971
1.34409
1.27206
0.924816
0.931836
0.764162
1.08774
0.714759
0.971429
0.733197
1.12982
0.986543
0.641497
0.770205
1.13976
0.707056
0.754648
0.527562
0.943424
0.654143
1.10103
1.34243
1.15666
0.629833
0.619204
1.15705
1.46185
1.18865
1.55491
0.71405
0.966133
1.09894
0.751778
0.698828
0.787449
0.883191
1.20799
1.2642
0.80554
1.3897
1.22366
1.28367
0.88484
0.799615
0.724841
1.78086
1.3058
2.13393
1.05349
1.37353
1.07002
1.08269
1.03921
0.519637
1.19669
0.948644
0.592914
0.759028
0.970461
1.23222
1.22055
0.503435
0.595483
0.934689
1.14457
1.08041
1.15192
1.23359
1.2283
0.734127
1.05697
0.92531
1.02355
1.11505
0.828024
1.49565
1.42812
1.42422
1.56093
1.25738
1.76495
0.651852
1.16364
1.16404
0.518168
1.44621
0.978684
1.37481
0.545064
0.887481
0.481758
1.19249
0.675683
0.886816
1.39479
0.664401
0.743606
0.911158
0.78634
1.55686
1.9826
0.909835
1.75959
0.351234
0.991366
0.430715
0.967935
0.847196
0.706252
1.20845
0.626121
0.546247
0.693035
1.30908
1.04635
0.664507
0.983434
0.516582
1.06523
0.714069
0.771516
1.28942
1.06594
0.776772
0.516737
0.699569
0.647082
0.757074
0.641882
1.1688
0.926856
0.854124
0.81823
1.18938
0.655251
0.78084
1.21155
1.55947
0.869701
0.786421
0.848718
0.693624
0.623329
1.63968
1.4735
0.891813
1.17397
0.906826
1.12525
0.548016
1.02471
1.64326
1.78652
1.27554
1.02205
0.844445
0.958306
1.2586
1.07526
0.802178
0.758388
1.6214
0.87002
0.673712
1.02588
0.860166
1.04257
0.941283
1.06078
1.05866
0.779516
1.10585
1.01154
1.03936
0.955326
0.635481
1.09075
1.72157
0.684769
1.64373
1.29044
0.595926
1.3154
0.875062
1.24473
0.829255
0.72003
0.474807
1.81173
1.15997
0.847742
1.25753
1.23831
0.777915
0.699412
1.32133
0.628509
0.651126
1.2603
0.589215
1.20153
0.566017
1.3176
1.01899
1.01402
1.47512
1.14608
0.840736
1.11863
1.38455
0.45467
1.49268
1.11354
0.760207
1.31803
1.09158
0.765027
0.719909
0.913031
0.496285
0.51493
0.620845
0.841399
1.95099
1.03592
0.804009
1.28513
0.766884
0.327401
0.760602
1.11969
1.11875
1.26941
1.29654
0.750234
1.42863
1.10392
0.942936
0.564485
1.21718
1.00977
0.651888
1.12275
0.712959
1.68957
0.814825
0.974452
0.800162
0.998378
0.795069
1.318
1.50557
1.09957
1.83559
1.37437
0.541105
1.15132
0.894847
0.628171
0.603116
0.756538
1.46031
0.841485
1.15014
1.19694
0.649312
0.766141
1.03874
1.39207
0.553468
0.903069
1.43158
0.868106
1.12187
1.01989
1.14739
0.868546
0.948111
0.632369
1.51461
0.643815
0.904096
0.861399
0.814955
1.22506
0.425699
1.5925
1.20298
1.17797
1.36991
1.23277
0.923466
1.24448
1.07161
1.69082
1.19121
1.4237
1.00416
0.811719
1.14306
1.53524
1.90464
0.790205
1.16423
1.03199
0.981663
0.805204
0.927412
0.810601
0.520446
0.764078
1.64085
1.93349
1.08394
0.810369
1.05011
1.21189
1.06367
0.975667
0.473774
1.15959
0.75259
1.38261
0.665691
0.576671
1.09719
0.722569
1.36729
1.0561
0.889489
0.965177
1.18619
0.969437
0.491128
0.782185
1.10198
1.01743
0.696865
1.23168
1.32636
0.901149
1.13498
0.972447
1.02381
0.965602
1.12046
0.672997
0.798928
0.404731
1.42327
1.01839
0.950246
1.26701
0.853296
0.768479
1.09017
0.636496
0.845434
1.04846
1.11336
1.22701
0.953516
1.75062
0.941339
0.594795
1.03093
1.57183
0.693734
0.834669
0.641992
1.30382
1.054
0.79828
0.726116
1.10869
1.18278
0.543666
1.67087
0.895075
0.415917
1.02536
1.33987
0.704977
0.860103
0.771322
1.31801
0.943521
1.15683
1.02165
1.74464
1.10425
0.592116
1.22288
1.86578
1.25294
0.78345
1.03114
1.22506
0.686803
0.767553
0.980176
0.930124
0.563512
1.52823
1.47584
1.49796
0.918522
1.17026
2.11511
1.24511
0.968599
0.705206
1.01379
1.21894
0.416585
0.416568
0.922293
1.40188
0.668384
1.10719
0.572471
0.944408
0.848464
0.635885
0.861483
0.674676
1.06682
0.720935
1.28897
0.833209
0.8072
1.01492
1.30492
0.794091
1.00965
0.937056
1.04097
0.472031
1.13951
0.832151
1.14136
0.810851
1.22564
0.523778
1.01048
1.51862
2.04889
1.17634
0.928966
0.789993
1.37731
1.25792
0.898818
1.90171
1.10114
0.510494
0.865882
1.30771
0.949039
0.851353
1.18617
0.307845
0.556007
1.55137
1.35455
1.24982
1.54781
1.251
0.659554
1.49425
0.795522
0.62884
0.720224
1.11614
0.502859
1.1305
1.19481
0.83801
0.71271
0.835702
1.13269
1.48449
1.25685
0.851586
0.47941
0.615244
0.819691
1.69478
0.959467
1.11933
1.53872
0.552695
0.963844
0.821868
1.4083
0.638462
0.653371
1.17067
0.631682
1.36762
1.08667
0.662048
1.04219
0.659457
1.32266
1.15535
0.878477
0.821745
1.51631
0.805172
0.627147
1.00304
1.11257
1.07305
0.948808
1.87574
0.840603
0.813581
1.12721
0.801833
0.882224
1.22898
0.607445
1.13663
1.05118
1.78932
1.18355
1.0106
0.537137
1.02993
1.0597
0.630278
1.15621
0.917236
1.28864
0.91933
0.894682
0.669043
0.726298
0.804511
1.50465
1.52632
0.948606
1.03822
1.06082
1.42082
0.490587
0.929893
1.23691
1.4508
0.891691
1.39808
1.10138
1.76499
0.825326
1.39165
1.21476
1.56746
1.0093
1.10623
0.959767
1.42688
0.94475
1.33826
1.05802
0.969044
1.09223
0.767805
1.19258
1.36651
0.492855
0.992369
0.955338
1.49211
1.25105
1.40702
0.925636
0.866028
1.33533
1.06332
1.19816
1.69472
1.3216
0.778566
0.686443
1.39765
1.27288
1.53669
0.921796
1.30468
0.729578
1.52777
1.64277
0.549203
0.774953
1.06599
0.595934
0.606067
1.56925
1.48038
1.28353
0.758777
0.964844
0.815933
1.20866
1.50065
0.757124
0.797289
1.12445
0.800003
1.2062
1.35583
0.449149
1.02325
0.601173
0.889381
1.03149
1.39291
1.5917
0.836603
1.10997
1.05521
1.00785
0.598686
1.24906
1.22822
1.54146
1.00581
1.07103
0.972458
0.702995
0.817804
1.11006
1.09775
0.796773
1.17821
1.44387
1.07314
1.45612
1.341
1.74604
0.867537
1.10131
1.93111
0.701887
0.520966
0.845948
1.24168
1.04554
0.829289
1.28822
0.50497
1.15355
0.622128
0.808921
0.961907
1.2306
0.844795
0.728084
1.2478
0.470355
1.41359
0.901563
1.13233
0.598012
0.965717
0.465979
1.05752
0.878956
1.09842
1.2969
0.625821
1.30612
1.7644
0.641215
0.908652
1.1916
0.79063
1.22296
1.38114
0.665049
0.315694
0.865914
0.733392
1.42574
1.35665
0.888185
0.769539
1.1401
0.853624
0.965559
0.874
0.65704
0.585593
1.097
0.899411
1.23175
0.407335
0.748894
0.897479
1.43545
1.58151
1.85593
1.48788
1.61521
0.583838
1.30529
1.1035
1.09532
0.554663
1.12974
0.84973
1.06701
0.880976
0.662166
0.929433
1.67517
1.43541
1.51792
1.02161
0.958025
1.33009
1.40034
1.17843
1.76118
1.10215
0.817667
1.15377
1.20979
1.00599
0.814409
1.20866
1.5649
0.881093
0.884572
0.76607
1.1633
1.06448
1.14882
0.945807
0.724419
1.01922
2.13096
0.538142
1.83361
0.819929
1.13755
0.866662
0.775322
1.33574
0.844246
1.0475
0.506762
0.677686
1.4895
1.30713
0.445626
0.55995
0.691179
0.683681
1.47875
1.37142
1.55157
1.58144
0.679735
0.484256
0.688349
0.633371
1.654
1.19372
0.959457
1.11025
0.630961
1.82991
0.594208
1.34521
1.12062
1.59469
1.70556
0.920787
0.919093
0.86076
1.16508
0.828272
1.1127
0.593908
0.806449
1.4539
1.0158
0.698331
1.35543
1.96638
0.879722
0.922202
0.843152
0.705979
0.893715
0.85895
0.48657
0.922479
0.654547
0.850462
0.663171
0.793614
1.12749
1.25221
0.802342
0.892473
0.75337
1.10509
0.94592
0.730703
1.25168
0.953327
0.872324
0.65472
1.21648
1.00973
1.63611
0.918885
1.45815
1.11456
1.70452
1.11357
1.86657
1.41088
1.17911
1.4366
1.04267
1.04309
1.44952
1.15917
1.37905
1.28684
0.91192
1.20184
0.683697
1.12594
0.925352
1.20587
0.883477
1.01027
0.702057
1.19304
0.940704
0.863979
0.768596
0.768967
0.858978
0.885014
0.73572
0.883689
0.986681
0.785858
0.879213
1.02826
0.854548
0.503829
0.93597
1.37825
1.28736
0.846155
0.577396
1.29569
0.82688
1.26947
1.20683
0.730409
0.88184
0.675636
0.737645
0.69785
0.488209
0.724765
1.07089
0.890602
0.852412
1.36842
1.41963
0.718864
1.10356
0.626157
0.675447
1.50127
0.982198
0.999399
0.500288
0.430087
1.37603
0.926898
1.70913
1.09079
0.77893
1.38801
0.550282
1.27602
1.14422
1.82626
1.10345
1.08675
0.906987
1.2865
0.963291
0.759326
1.78444
1.07908
1.31145
0.600149
0.968286
0.940734
0.791917
0.671133
1.31521
1.17861
0.872363
0.883619
0.653202
0.760774
1.42717
0.947021
0.884454
1.2502
0.84569
0.727618
1.4007
1.50619
0.840384
1.10258
1.19141
1.03154
1.19088
0.973102
0.976116
1.20385
0.701922
1.06304
0.93285
0.794375
0.987107
0.802421
0.988216
2.02404
1.45313
0.718064
0.800226
0.944053
0.924468
0.808814
1.05044
0.919544
0.877831
0.945605
1.5054
0.693166
0.883977
1.05984
0.97587
1.33932
1.23652
0.814417
0.903272
1.25209
0.716792
1.13506
0.378302
0.949742
1.07854
1.64847
1.37945
1.47348
0.621833
1.21305
1.14523
1.20539
1.01388
0.838382
1.48318
0.45955
1.71422
1.05701
0.830866
1.62307
1.16494
1.11509
1.33046
1.34676
0.706962
1.03629
1.25206
0.829584
1.12927
0.836855
0.87171
1.17299
0.80985
1.0659
1.26775
1.08576
0.796127
0.453363
0.954091
0.65755
0.808628
1.11728
1.30368
0.718247
1.59748
0.883545
0.658525
0.880266
0.768087
1.151
1.29466
0.8429
1.22421
1.63736
0.896273
1.05073
0.98632
0.584153
1.17491
0.792972
0.892558
1.08421
1.20864
1.25416
1.59601
0.964158
0.701668
0.810992
1.44177
1.13872
1.12203
1.12572
1.27085
1.17109
0.94054
0.848673
0.859523
1.06127
0.683871
0.788526
0.833469
1.45318
0.779601
0.794925
1.13231
0.965235
0.724239
1.21946
1.3211
1.1464
0.908879
0.740239
0.938338
1.59439
0.846781
0.813781
1.0375
0.865916
1.45872
0.943505
1.20142
1.50945
1.35198
1.36007
1.17319
1.33149
0.697992
0.928017
0.766494
0.583443
1.38947
1.40568
1.19949
1.3593
1.51124
0.757828
1.41543
0.949777
1.38369
0.673378
1.30921
1.7686
0.807223
1.98602
0.599929
0.951945
1.00986
1.62822
1.30124
0.917435
0.721205
0.791853
0.842522
1.16966
0.845888
0.854449
1.0133
1.29719
1.62224
1.08167
1.42753
1.31079
1.05825
0.872576
1.10105
0.799589
1.11851
0.721511
0.854041
0.625634
0.86849
1.60504
0.838791
1.09368
0.667739
0.660621
0.9828
1.23844
0.650121
1.00463
1.04211
1.05006
1.76098
0.910888
1.17831
0.862222
1.12642
1.02966
1.02556
1.1072
1.07161
0.84192
0.941727
1.71233
1.13735
0.968681
0.787155
0.519395
0.482249
0.771675
1.0728
1.05578
0.738351
1.305
0.935955
1.2737
0.993441
1.11227
0.974306
1.04173
0.694343
0.945243
1.01781
1.35392
0.82282
0.629031
0.689215
0.916931
0.722236
0.369472
0.574528
0.758427
0.653563
0.976897
1.19583
1.64612
0.838938
1.31313
1.36124
0.875217
1.62854
1.25462
0.381944
1.05724
0.526893
0.951993
1.41793
0.905395
0.568944
0.547907
0.575806
1.03211
0.627889
1.93207
1.12153
1.3064
0.833503
1.10718
0.670267
1.04352
1.2478
0.904031
2.09328
0.89099
1.68855
1.11734
1.38321
0.929855
1.20801
1.14929
0.607541
0.895757
0.644398
1.07007
0.904313
1.60326
1.51475
1.88594
1.15403
0.875345
1.43236
0.457921
0.441471
0.571197
0.5991
1.02513
1.24898
1.71924
0.766497
1.24917
1.53229
1.5059
1.04582
0.893496
0.72275
0.971503
0.513012
0.866447
1.14195
1.38149
0.737224
1.17181
0.96795
0.86552
1.20165
1.00973
0.324358
1.28623
1.52942
1.54521
0.394247
0.820869
1.13428
0.696787
0.581363
1.20123
1.10276
1.29294
0.853424
1.17086
1.11153
0.773879
0.966003
0.885657
0.600879
0.788718
0.506073
1.32323
0.963661
0.613432
1.01735
1.26993
1.04047
1.08956
1.34354
1.10008
1.16143
0.420295
0.591131
0.999158
0.718938
1.0349
0.911375
1.81162
0.656263
1.34453
0.93255
1.67705
0.771159
0.887593
0.924662
1.10377
0.736426
1.15022
1.24001
0.583757
0.657342
0.840192
0.625138
1.25159
1.02669
1.44453
0.715408
0.763781
1.17128
0.78298
1.04389
0.605007
1.64181
1.48369
0.589227
0.719925
1.93236
0.80611
0.983495
0.797317
1.33252
0.850468
1.15232
1.21303
1.53826
1.29348
0.487482
1.59077
0.420538
0.669868
0.917665
1.00148
0.796874
1.29264
1.14517
1.28485
0.848882
0.63914
1.27414
0.9937
1.07887
0.951279
1.42094
0.85725
1.24958
1.20645
1.32645
0.692447
1.06235
1.43384
1.26831
0.432365
0.727195
1.11645
0.725049
1.58745
1.08586
0.785893
0.802012
1.25365
1.40279
0.805287
1.62065
1.03772
1.2782
0.49838
0.727052
1.00099
0.599551
1.43912
0.797485
0.752037
1.2533
0.950258
0.943419
1.12946
0.884755
1.43778
0.84912
0.51209
0.760471
1.3846
1.11741
0.995372
0.74107
1.11921
0.803713
0.647726
1.07009
0.96314
1.23382
0.644881
0.992842
1.74394
0.700538
0.612182
0.589047
0.687399
0.95099
0.510277
1.41113
1.15176
1.11268
0.751123
0.730075
0.819569
0.972165
1.51229
0.968682
1.05794
0.688952
0.865579
1.01373
1.06293
0.70225
1.2236
0.891691
1.11089
1.52474
1.14092
0.482607
1.16577
1.42311
0.734482
0.964618
1.02487
1.0741
0.745053
0.688448
1.0331
0.640614
0.934119
1.09526
0.594938
1.30282
0.957437
1.1962
0.506518
0.86203
1.376
0.530514
1.58045
0.925846
1.42193
1.12533
0.637767
0.612217
1.00678
0.782181
0.779504
0.739484
0.843228
0.722349
1.0601
1.24163
0.982561
0.980546
0.494363
0.599499
0.912262
0.735949
1.02744
0.904291
1.27193
1.02535
1.55861
1.45142
1.28686
0.926896
0.641759
0.630969
1.10574
0.909383
1.37746
0.917816
0.707131
0.842237
1.50428
1.65441
0.925105
1.07859
1.11578
1.48722
0.599545
0.948405
0.798314
0.931136
0.954485
1.08708
0.782905
0.678383
1.18686
0.40917
1.14206
1.10006
1.13771
0.96238
1.38751
1.16194
0.845643
0.425363
1.56188
1.24326
0.991525
1.05037
1.02961
0.562479
1.19964
1.16837
0.763605
0.786181
1.92258
1.19442
0.745172
1.15242
1.90258
1.21017
0.812685
0.968753
0.750421
1.24046
1.07948
1.30125
1.28402
0.846674
1.38811
0.662358
1.23726
0.781038
0.984138
0.916154
1.77374
1.14335
1.24578
1.05459
0.670309
1.18779
0.922058
0.525644
0.761012
0.724745
0.856761
1.73872
1.29173
0.642804
1.58976
1.5373
0.896146
0.824165
1.78552
1.1707
0.822265
0.765797
1.0049
0.574985
1.01664
1.67865
0.347755
1.15845
1.06785
1.17581
1.37136
1.18132
1.30474
0.795741
1.39026
1.00866
1.19387
0.97349
1.29406
1.41935
0.860954
1.4504
1.09766
0.888653
0.921123
1.06579
0.980804
0.917418
0.922739
0.953003
1.04719
1.40305
0.677933
1.03875
0.659727
0.389588
1.02303
0.949815
0.783702
1.01872
1.42696
1.45323
1.52457
0.917663
1.47397
0.626136
0.919312
1.09202
0.566104
1.2237
1.38154
1.14766
0.706718
1.16478
1.01712
1.69732
0.747426
0.564456
1.12437
0.576593
0.993377
0.418212
0.621501
1.18936
0.896774
0.609712
1.21673
0.800829
1.19536
0.83619
1.24961
0.779938
0.682303
1.16168
1.13163
0.668453
1.79336
0.715421
0.843664
0.639555
1.67607
1.47865
1.38281
0.906451
1.15564
1.02087
0.716472
1.36648
0.504108
0.634485
1.08351
0.704765
0.876678
0.741197
0.968939
0.821576
0.551786
0.708248
0.823794
0.502467
0.852259
1.29698
0.993112
0.544664
0.840606
1.14986
1.94381
0.827327
0.940486
1.4768
1.30997
1.02912
1.40341
0.668771
0.678817
1.49004
1.15246
1.40513
0.890068
0.729972
0.73953
1.04498
1.25097
0.773748
1.31822
0.815589
0.960783
1.20157
0.397721
0.868978
0.514904
0.812719
0.6509
1.1629
1.69699
0.868688
1.09437
0.646635
1.07331
0.638724
0.519463
1.17224
0.772199
0.840225
0.606627
0.684148
1.00766
0.534061
0.706443
0.749295
0.993564
0.861882
0.721391
1.12055
0.716286
1.00904
1.04511
0.79974
0.735715
0.850477
0.898225
1.54202
1.29529
1.19761
0.98671
1.03317
1.34895
0.58402
0.910015
0.509242
0.830619
0.491737
1.76881
0.582147
1.12167
0.984004
0.924259
0.861699
1.3614
1.41007
1.25036
1.03281
1.46772
0.865682
0.849227
0.853261
0.83954
0.714362
0.904012
1.14169
0.690767
0.809853
1.57011
0.557142
0.629306
0.677642
1.1821
1.06384
1.04421
0.959735
0.484501
1.06008
1.23919
1.71631
0.635071
1.22698
1.27731
1.09909
1.07521
0.947549
1.07011
1.22211
0.815255
0.625249
1.22738
1.11235
1.29794
1.13094
2.05463
1.46253
0.923725
0.919014
1.42524
1.16255
1.09031
0.898834
0.807068
1.26272
1.48161
0.811228
1.03168
1.14333
0.763392
0.67837
1.2992
1.3562
0.882674
0.811327
0.500128
0.937109
1.11132
0.896405
0.572787
1.05792
1.18178
1.94388
1.13753
0.747992
0.617617
0.744277
0.965802
0.279968
1.10967
1.2438
0.689371
0.534632
0.930141
0.387675
1.21614
0.443634
0.53124
0.943915
1.27708
1.07441
0.978062
0.765431
0.674525
1.25995
1.06247
0.95767
1.04508
0.870058
1.12354
1.85762
0.732465
0.823648
1.03333
0.898305
0.802367
2.47772
0.746258
1.13302
1.04221
0.691344
0.696117
1.33215
1.36181
1.31137
1.46808
0.838499
0.829971
1.16908
1.19259
1.72879
0.58141
1.07707
0.932548
1.59035
0.692485
1.43877
1.38641
0.65261
0.86313
0.719704
0.709655
0.886778
0.918243
0.932511
1.29298
1.09413
1.21211
0.452465
1.12673
0.653649
1.14998
0.987841
1.98949
1.12494
0.979616
1.16125
1.17108
0.610949
0.632222
0.853356
1.23098
0.91599
0.826775
0.483664
0.344583
0.918927
1.22762
0.737547
0.896383
1.1112
1.17496
1.15126
1.18394
0.9949
0.794791
1.60773
1.2958
0.796581
2.34565
0.935113
1.57412
0.477419
1.13843
0.920502
0.864302
1.21909
0.617269
1.42522
0.89441
1.34754
0.942941
0.81175
1.42279
0.942386
1.16995
1.13029
1.25624
0.749013
1.18434
1.14143
0.638294
0.707354
1.50447
0.971881
0.930117
0.791399
0.954698
0.391071
0.79121
0.677486
1.08273
1.32903
0.770978
0.691251
0.719161
1.3625
1.12068
0.76094
0.668802
1.47948
0.904708
1.12748
0.921985
1.45354
0.476171
1.25275
1.7917
0.996895
0.926348
1.00859
0.714804
0.913499
0.996719
1.61438
0.853623
0.876546
0.956865
0.525541
1.21565
1.1327
1.15368
0.551124
1.88812
1.55952
1.48446
0.839007
0.706392
0.881735
1.008
0.65026
1.26436
1.20517
0.889699
0.681822
0.404684
0.981858
0.768661
1.00905
1.26538
0.879932
0.932875
1.20247
1.30043
0.737728
0.798249
1.01807
0.828684
1.39464
1.13609
1.09528
0.981898
1.02371
1.22056
0.695902
0.968804
1.21811
0.637403
1.33045
1.3402
1.21288
0.754787
0.718175
0.699301
0.658704
1.41723
0.572035
2.1994
1.26912
1.29624
1.0643
1.08129
0.49657
0.729117
1.01556
0.600534
1.01386
0.427812
0.662189
1.1467
1.10906
0.932639
1.10628
0.987468
0.989864
0.628202
1.09883
1.14974
0.733246
1.16558
1.24719
0.789456
0.765529
1.45748
0.925657
0.935478
0.983737
0.963628
1.70451
0.884245
0.894637
1.2325
0.765645
0.634114
1.25258
1.09682
0.814369
0.579919
0.740895
0.359927
1.08322
0.693061
0.913146
0.674617
1.38645
0.667213
1.05683
1.0295
0.525961
0.94825
0.553044
1.19148
1.22088
0.870203
0.993311
1.22105
0.782756
0.454274
0.789574
0.622343
0.801226
0.454706
1.25476
0.495998
0.937861
1.21656
0.784417
0.714593
0.582795
0.97657
0.311392
0.738511
0.764405
0.675267
1.24337
1.29943
1.08997
1.03443
0.786091
0.744072
0.634209
1.45301
0.548423
0.651275
1.6756
0.945774
0.739764
0.686008
1.04101
1.06438
0.890884
1.06143
0.823948
0.728218
1.31101
0.896459
0.661176
1.12647
0.893644
0.558107
0.627757
1.85077
0.625791
0.728452
1.30602
1.82741
0.95225
0.897293
0.366845
1.59744
0.461568
1.43
0.990196
1.20926
1.4846
1.39726
0.82
1.03857
0.72861
0.361025
1.15902
0.888599
1.60978
0.326455
0.940705
0.919881
0.809566
0.985018
0.755007
0.791182
0.68548
1.03946
0.940969
1.8905
1.50039
0.832027
0.92319
1.45608
1.12087
1.35502
1.31243
1.18764
1.77787
1.25996
0.79336
1.15252
1.00964
1.20518
1.43481
0.726004
0.956915
1.44385
0.781286
0.567959
0.710112
1.04412
0.99061
0.941678
0.864075
0.686128
1.0063
0.945506
1.01316
0.632266
0.79973
1.372
0.856242
1.19175
1.11797
1.15696
1.19608
0.82628
0.719529
0.92702
1.1482
0.907617
1.14545
0.865183
1.42971
0.633603
0.865528
1.74901
0.90156
1.00664
1.11656
0.314654
1.08949
0.668069
0.60289
0.976066
0.843535
0.762675
0.377938
1.18174
1.12307
0.625788
1.00723
0.992091
0.968826
0.609369
0.888825
1.12526
0.776333
0.804555
1.13183
0.853563
0.888032
0.786046
0.687521
1.03403
1.70898
1.23973
0.891446
1.01744
0.987113
1.09356
0.786565
0.545647
0.722915
0.787831
0.647091
0.651749
1.01343
1.60862
1.15115
0.833912
1.00151
1.42433
1.34794
0.525942
1.30157
1.01407
1.06788
0.853288
1.2349
0.858867
1.45023
0.724837
0.963911
0.769044
1.01529
0.999073
0.998918
1.13475
1.39256
1.65375
1.03367
1.34832
1.47212
0.906061
0.62569
1.20532
0.650884
1.39684
1.32893
1.09377
1.45451
0.828891
0.946205
0.81522
0.695719
0.71141
1.21681
0.701282
1.0903
1.35375
1.11851
0.579162
1.62495
1.89488
0.509984
0.916332
0.919134
0.887603
1.03334
1.00454
0.588774
0.731722
1.12449
1.4198
1.01027
1.0374
1.32301
1.22016
1.02958
1.44845
1.15974
0.641206
0.991546
0.706762
0.523488
1.20999
0.900177
0.763178
0.759608
0.914721
0.811027
0.749508
0.799101
1.13711
1.33683
0.508936
0.899953
1.21446
0.97835
0.660046
0.731712
1.90706
1.16083
1.43112
1.04171
0.628526
0.785917
1.5302
0.79763
0.57269
1.322
0.568597
1.31119
1.12084
1.40497
0.835156
0.651764
0.955577
0.529426
1.0012
1.26838
0.593004
1.27979
1.02283
1.68338
0.891372
0.809223
1.26676
0.685338
0.845687
1.02458
0.998845
0.946755
0.928156
1.10997
0.854142
1.09969
0.927233
0.940898
0.983113
1.34522
1.34833
0.949213
0.91327
1.45991
0.998207
0.972481
0.724088
0.702143
1.56383
0.807358
1.18266
1.36012
1.5479
1.53563
1.33331
1.56729
0.767864
1.2689
0.482921
1.74352
1.14444
0.794324
0.752329
0.773616
0.937328
1.2441
1.12864
0.88589
1.13345
0.752576
1.19196
1.03534
0.976584
0.985016
0.646827
0.813456
1.3538
0.869865
0.781415
1.2925
0.788415
1.2315
1.14864
1.93385
1.49222
1.03815
0.686572
0.851326
0.716198
0.841551
0.831768
0.772516
1.15627
0.594493
1.03947
1.21875
1.32385
0.610206
0.911857
0.636536
1.0165
0.948755
1.02847
0.955335
0.891644
1.47877
0.975278
1.38585
1.14759
1.12869
0.492407
1.06516
0.672775
0.409325
0.826606
0.594733
0.810985
0.76784
0.757727
0.989566
0.500883
0.582689
1.05586
1.19235
1.18725
1.01049
0.873374
0.923647
0.635513
0.679966
0.779691
1.19056
0.920897
0.846282
1.26056
1.16625
1.11657
1.98477
0.908627
1.14023
0.700857
1.87078
1.23936
1.01677
0.625601
1.69498
0.602075
0.5372
1.18501
1.92648
1.07089
0.920205
0.552754
0.898191
0.799696
0.731395
0.984077
1.09275
0.379745
1.26564
0.675851
0.852652
0.949927
0.73742
1.48681
1.13542
1.41866
0.598476
1.12886
1.38274
1.56477
1.01781
0.944546
1.32077
1.04245
1.22623
0.730299
1.16305
1.09659
0.713616
0.606189
1.17936
1.58111
1.11853
0.968499
0.912652
1.05218
0.500767
1.2561
0.570682
0.27903
0.713103
0.820848
0.934732
0.897225
0.491819
1.59234
1.12356
1.14954
0.770581
1.28682
0.538542
0.84377
1.28694
0.939964
1.21537
0.942183
0.550054
0.885398
0.351039
1.22738
0.983324
1.18344
1.0122
1.04768
0.599929
0.757176
0.911054
0.929029
0.779166
0.518688
0.647733
1.42428
1.47646
0.867537
1.24014
0.532416
1.24214
0.694228
1.46972
1.09802
1.5333
0.953829
0.53141
1.31061
1.14287
0.55739
1.05793
1.36934
1.20785
0.898137
1.57329
1.19429
1.16481
1.06964
0.676022
0.537096
0.864691
1.37591
0.907938
0.797859
0.726759
0.762057
0.386432
0.82697
0.899925
0.815949
0.895282
1.06964
1.67041
0.75877
1.00764
1.13523
1.01056
1.3276
0.855247
0.928296
1.1711
1.2749
0.842865
0.752289
1.11489
0.631741
0.731987
1.14844
1.27481
0.894548
1.37559
0.730644
0.507793
0.946501
1.23741
1.27486
0.939897
0.759593
1.48605
0.867778
1.61539
1.02439
0.572948
1.09734
0.886943
0.59618
0.706912
0.719923
1.05793
0.714589
1.16413
1.1652
1.11076
0.826128
0.480463
1.08806
0.567311
0.879744
1.40197
0.604792
1.44821
0.939581
1.9486
0.730892
0.826838
0.844105
0.999403
0.734921
0.722359
1.0044
1.04007
1.41961
1.24288
1.15471
0.683603
0.483317
0.941251
1.16432
0.999259
0.904901
1.58554
1.0669
0.968739
1.41284
0.527818
1.46696
1.50628
1.0278
0.729637
0.572949
0.747372
1.18158
1.24046
0.887387
1.01122
1.12562
1.3984
0.774814
1.04212
0.987876
0.822689
0.69233
1.14587
1.144
1.36218
1.27539
0.823261
0.862134
0.84584
1.4319
1.49522
0.93738
0.963853
0.857481
1.03455
0.661791
0.644724
1.63353
1.28347
1.0613
1.50072
0.74022
1.36501
1.24165
0.710568
1.77767
0.845254
1.43975
1.22226
1.13259
1.46685
0.698728
1.12035
1.7514
1.0524
0.615672
0.869387
1.16478
0.51552
1.54178
0.873315
0.715012
0.384321
0.668021
1.10717
0.811986
0.670201
0.899697
1.23779
1.09508
1.65205
1.07026
0.552185
0.672405
1.97614
0.726714
0.909807
0.424898
0.992139
0.933876
1.15743
1.09959
0.7655
1.14046
0.940167
0.610716
0.98572
0.900756
1.19713
0.438031
1.13699
0.568918
0.965512
0.737633
1.20182
0.98817
0.764032
0.725215
1.63641
1.01179
0.839618
1.14123
0.656689
1.07313
0.542029
1.03944
0.693295
1.31806
1.1042
0.896559
0.703551
1.10585
0.946006
0.401625
0.858509
1.37526
0.883138
0.485051
0.852924
0.99997
0.954356
0.831154
1.12065
1.1352
1.36521
1.11902
0.65835
0.706784
0.974199
0.76963
0.776224
0.938617
1.03496
0.782568
2.16583
0.513488
1.0933
1.06998
0.969359
1.09779
1.2186
0.893237
0.761426
1.10805
0.934537
0.555135
1.65339
0.9635
1.53104
0.968783
0.979825
1.30155
1.07985
0.586287
0.537991
0.807021
1.40375
0.916502
0.648362
0.677632
1.34207
0.637229
1.36425
0.793497
1.14684
1.08601
0.811581
0.893408
0.786835
1.06048
1.25026
0.752443
1.61932
1.40279
1.1963
1.25618
0.737584
1.22632
1.72504
0.986866
0.914793
1.21995
1.24786
0.814829
1.3326
0.906047
0.663037
0.92027
0.610783
0.985043
1.7271
0.964188
0.818629
0.727456
1.02681
1.12492
0.574897
0.838367
0.927984
0.364499
1.19775
1.64441
0.846897
1.08503
1.24523
0.721523
1.04045
2.02304
0.790505
0.931687
1.10677
1.08828
0.933555
0.531596
1.06466
0.959106
1.27454
1.24294
1.03691
0.704058
1.46393
1.24701
0.503249
0.975022
0.881464
0.717935
0.701084
0.732334
0.776136
0.683056
1.17578
0.764852
0.827626
1.55896
0.792123
0.816627
0.78276
0.440213
1.21249
1.07524
1.00726
1.71708
0.929218
2.02236
1.06896
1.16891
1.3309
1.06319
1.30842
1.33512
1.09628
0.935943
1.47523
1.02182
1.09027
1.72844
1.60691
0.482219
0.54466
1.09555
1.00172
0.748324
0.846335
0.586733
1.55769
0.65555
0.91939
1.5917
1.11803
0.826436
0.941722
0.975779
1.47882
0.94124
1.06724
0.772187
1.43025
1.41511
1.62599
0.666645
1.00393
1.05484
0.823839
1.08681
1.50759
1.35523
1.09465
1.81522
0.425686
1.1607
0.571599
1.54893
1.58628
1.29057
0.692021
1.08352
0.836554
0.886528
0.576406
0.913183
0.364376
1.07174
1.1585
1.10638
1.81498
1.08374
0.67103
0.655635
0.753847
0.479836
0.91407
0.687186
0.965024
1.0441
0.549985
0.732404
0.778983
0.846214
0.632678
1.04428
1.43646
1.47372
1.43541
0.951502
1.05658
1.26562
1.02477
1.28375
1.17911
0.768275
0.962705
1.04707
1.09897
0.939293
0.887007
0.442973
0.66333
1.17477
1.01082
1.4626
1.34998
0.976648
0.971367
1.14699
0.9449
1.01328
0.981224
0.414469
1.07924
1.36312
1.18456
1.14952
0.897533
0.608884
1.03981
0.954941
1.1333
0.933263
0.898008
0.864671
0.657537
0.588486
0.655787
0.896466
1.01164
0.669807
0.967756
1.17771
1.73461
0.720323
1.12566
1.05282
1.02768
0.894465
1.11086
0.709846
0.598687
1.00231
1.28914
0.879205
1.3146
0.814751
1.26366
0.920697
1.21947
0.888036
1.14389
0.959962
0.72683
1.40288
1.53643
0.891827
1.37156
1.19741
0.701743
0.769647
0.689944
1.02833
1.06933
0.797314
1.08324
1.68693
0.96464
0.731022
1.09199
1.14563
0.687487
1.08411
0.83688
0.682239
0.480401
0.327182
0.901484
1.1961
0.816724
1.4627
0.483571
1.23514
0.892136
0.920359
0.712257
1.19451
0.621386
1.03756
0.523967
0.984106
1.10826
0.748463
0.841613
0.807887
1.04629
0.917428
0.962013
0.595077
1.55209
1.01592
1.08928
0.649544
0.655303
0.753285
1.372
1.01793
1.13007
1.03239
0.849613
0.58362
1.03493
0.910736
0.953634
0.71894
0.969644
0.803253
0.798072
1.07473
1.26553
1.10437
0.967317
0.830205
0.960995
0.711804
0.621928
1.01778
0.572389
0.913332
0.874985
1.16144
1.0317
1.0533
0.597707
0.936841
1.152
0.860774
1.27208
0.69372
1.1676
1.14304
0.981247
0.988407
1.06785
0.623196
1.13033
0.666752
1.21623
0.692386
0.670517
0.701497
1.08926
0.701167
1.01495
0.854334
1.05535
0.97837
1.32985
0.793647
0.648485
1.07775
0.767645
0.722957
1.21902
0.58639
0.855477
0.68542
1.38021
0.533647
1.12964
1.3603
1.24427
1.1337
1.11293
0.690236
1.08028
1.56672
0.758097
0.594051
0.488577
1.5358
1.11238
1.3422
1.47316
0.906626
1.10172
0.57733
0.906701
0.993261
1.27269
1.01289
1.06101
1.14519
1.21515
1.19442
1.33196
0.679836
1.08049
1.17675
1.54117
0.963017
1.50683
0.980469
1.42545
1.30126
0.85613
0.870888
1.03142
0.808626
1.05187
0.799908
0.564358
0.88692
1.44879
0.526475
1.26935
0.554922
0.868733
1.44867
0.688539
1.2219
1.18653
1.02566
0.780557
1.51342
1.0322
1.2895
0.775269
1.31322
0.889239
0.860247
0.851007
0.528527
1.20446
0.543916
1.07711
0.768846
0.930056
1.12534
0.827372
0.829529
1.03138
1.04036
0.901596
1.18605
0.815884
0.939773
1.05306
1.02588
0.906922
0.626896
0.654761
1.12886
0.842784
1.28091
1.0056
0.716266
0.599832
0.563259
1.52299
1.10028
0.60739
0.648541
0.668468
0.632702
1.41036
0.950758
2.15958
0.864594
1.53877
0.813204
1.16618
0.70954
0.890421
1.30053
1.10619
0.984247
1.22693
0.679109
0.900534
1.18635
0.831639
0.954451
1.41052
0.799798
0.839884
0.693409
0.444019
0.340531
0.816
1.02141
0.867317
1.34898
1.45388
0.752022
0.787248
0.57042
1.35026
0.848492
1.04071
0.549931
0.820038
0.85507
2.3807
0.905574
1.15828
0.847052
1.19208
0.477151
0.837362
0.733242
0.650169
0.958221
0.762599
0.655316
0.912436
0.88938
0.957366
1.13259
0.752437
0.666068
1.0717
1.13393
1.44654
1.17456
1.20509
0.912192
0.566846
1.32802
0.66505
1.11102
1.24023
0.908219
0.739576
0.907826
0.73924
0.798349
1.59182
0.948192
0.387154
0.613191
0.589629
1.05597
0.781808
0.638791
1.03134
1.18553
0.801678
1.03358
1.1092
1.03172
1.29327
1.03332
0.91235
1.15288
1.75634
0.786832
0.641394
1.0033
0.549199
0.352065
1.18567
1.02969
1.10546
1.11692
1.38676
0.942498
0.824056
1.09422
0.855716
0.65242
0.850545
0.803894
0.97173
0.710133
1.00394
0.605835
1.18902
1.46203
0.763376
0.382751
0.576938
0.985736
0.944667
0.856149
0.709954
1.16588
1.02284
0.720069
0.857315
0.776775
1.06954
0.522472
1.66503
0.856294
1.08653
0.851146
0.838134
1.02144
1.17616
1.31041
0.898957
0.976174
0.891958
1.07489
1.05837
1.18124
0.774327
0.799243
1.29459
0.894984
0.99493
0.911243
1.02546
1.09207
1.48612
1.13466
1.03421
0.929408
0.568376
0.972672
1.0915
0.849176
0.798697
1.11485
0.736917
0.846092
1.00693
0.806974
0.757063
0.987534
1.14977
0.785635
0.935286
0.857479
1.49267
1.49893
1.68653
1.59405
0.522762
0.684864
0.843601
1.07938
1.04825
0.877759
1.10209
1.0828
1.4756
0.66527
0.41865
1.11575
0.953546
0.792925
1.07617
0.825057
0.588014
0.957743
1.1377
0.887258
0.606137
1.16643
1.52374
0.576795
1.52176
1.10394
0.763393
1.26131
0.582549
0.8196
1.64176
0.458749
1.43387
0.88647
1.07515
0.573277
0.663119
0.692994
1.05923
1.14383
1.02454
0.613119
0.766386
1.41734
1.04788
1.15787
0.74248
0.93958
1.27097
1.46915
1.28364
0.96342
1.53547
0.607592
0.646089
0.66808
1.32755
0.826949
0.802379
0.892178
1.20538
0.697459
0.660594
0.561677
0.968461
0.868923
1.49518
1.04857
1.62121
0.645667
1.17841
1.35529
1.05343
1.15353
1.2614
1.78306
1.5394
0.348211
0.625396
0.814692
0.926041
0.559465
1.09104
2.06867
0.763649
1.11563
1.9018
0.72269
0.809431
0.851219
1.21111
0.735259
0.962488
0.918042
1.61238
1.56708
1.08867
0.676991
1.42032
0.85313
0.623204
1.41766
0.540814
0.789405
0.62588
1.0725
1.17276
0.894976
0.915776
0.976201
1.33273
0.626849
0.919205
1.19595
1.26773
0.642999
0.851681
1.27319
0.519109
1.35742
0.91255
0.725827
1.31844
0.919366
0.781679
1.06056
1.34569
1.1772
1.04512
1.04769
1.32061
0.75902
0.715867
1.24261
1.17787
0.824124
0.887559
0.838637
1.43003
0.367011
0.858305
1.03159
1.07541
0.809044
1.18453
0.955297
0.958198
0.645552
0.743878
1.27219
1.43098
0.820431
0.807974
0.861593
1.15949
0.484819
1.01373
1.02376
0.602159
0.972809
0.69283
0.841733
1.13343
0.883318
0.577342
0.996831
1.00495
1.02972
0.721428
0.844773
0.657179
1.46654
1.54091
1.30538
1.16345
0.975988
0.869393
1.01329
1.1212
1.19086
0.84007
0.838646
1.53674
1.21257
1.33741
1.53357
1.05435
1.44318
0.812869
0.85834
0.891924
1.2635
1.48507
0.983662
1.59968
1.00629
1.40616
1.39909
1.39854
1.60923
0.648334
0.890415
0.532589
0.802214
0.873405
1.44392
0.888049
0.732739
0.751472
0.849893
0.946712
0.882443
0.594982
0.966743
1.36066
0.870416
1.16904
0.801822
0.688241
0.917628
1.13748
0.807965
1.04564
1.19941
1.3777
1.68836
0.672279
0.959091
0.86163
0.840816
1.7079
1.1998
0.686503
0.704495
0.780676
1.32422
1.42524
0.998991
1.08703
0.864955
1.96086
1.01773
1.40256
0.781688
1.60267
0.702907
0.935156
1.49516
0.978983
1.03819
1.0925
1.72035
1.11434
1.20416
0.707262
0.981436
0.745412
1.17939
0.367809
0.676174
0.701581
1.01896
1.17649
0.885839
1.131
0.98373
0.506747
1.02197
1.20181
1.08304
1.00873
0.81834
1.05844
0.816765
0.727747
1.0369
1.22017
0.995179
1.21232
1.12181
0.458691
1.34691
1.53811
0.93583
0.943654
0.96004
0.967143
1.82691
0.695711
1.16664
0.912635
0.832644
0.900185
0.91229
1.21647
1.13348
0.908411
1.111
0.699635
0.587789
1.33951
0.913646
0.784191
1.41402
1.44008
0.727265
1.28663
0.773102
0.928675
1.03192
0.610363
1.04193
1.20223
1.136
0.98506
1.66352
0.738372
0.407539
0.466691
1.11055
0.931658
0.530475
0.980227
1.07038
0.669378
1.35054
0.711447
0.610725
0.747091
1.11218
0.871249
0.532953
1.44181
1.64805
1.00636
0.891181
1.43171
1.06516
1.63246
1.22529
1.01066
1.01542
0.890955
0.709487
1.00026
0.790708
0.911825
1.18161
0.824245
0.864996
1.37435
0.81959
0.644488
1.41435
1.18719
1.06641
0.792143
1.35166
0.863092
0.675941
1.08862
0.827853
1.22573
0.766013
1.06466
0.743322
0.809052
0.534748
0.803946
0.69541
0.732366
1.34477
0.552277
0.802319
0.714694
0.623129
1.08929
1.49132
0.589534
0.633694
1.14933
1.14273
0.51804
0.515297
1.4456
0.829726
0.883968
0.723643
1.32579
1.64799
0.674336
1.01971
1.0092
0.85344
0.767996
0.709333
0.690769
0.78724
1.02613
0.951561
1.09401
1.34164
0.720072
0.66062
1.29014
1.21458
0.868848
1.66729
1.90805
1.03417
1.21581
0.889237
1.12015
1.00969
0.975784
0.649445
1.33476
1.06565
1.31478
1.35691
0.594409
0.857133
0.851826
0.646984
0.633108
0.979662
0.86994
0.606794
0.746544
0.951168
0.989417
1.50893
1.30914
0.782489
0.411487
1.12082
0.940342
0.519548
0.992202
1.18106
1.02172
0.573565
1.07646
0.976762
1.82252
1.11091
0.625683
0.967142
0.742675
0.963777
0.577835
0.980878
1.278
1.20534
1.43346
0.6123
0.858253
1.52728
1.01308
1.25607
1.80765
0.821392
1.3808
1.41888
1.05012
0.725186
0.6209
0.713436
1.00032
0.882763
0.958561
0.622196
0.890339
0.794444
1.33149
0.48637
0.729321
1.10442
0.605552
1.00716
0.92443
1.99171
1.14862
1.50682
1.2165
0.634848
0.899941
1.23189
1.52677
1.53438
0.972948
1.52123
1.03497
1.13045
0.478468
0.986553
0.536209
0.977001
1.16937
0.741198
1.4118
1.19589
0.885011
1.43188
0.940004
0.831203
0.98367
1.5358
0.915835
0.722109
1.04005
0.775745
0.552026
1.05214
1.27915
1.03877
0.805997
0.957215
1.23392
0.486751
1.24495
1.50444
0.759956
1.34941
1.27889
0.766172
1.20022
0.968865
0.73592
0.919751
1.20356
1.17427
1.17536
0.574608
0.486532
1.63435
1.02178
1.3113
1.09512
0.70216
0.841445
1.36387
2.15331
1.19264
0.57193
1.34956
1.03908
0.534934
0.861865
1.29386
0.692425
1.47418
1.5586
0.903143
1.92179
0.63132
1.60336
1.15325
1.3259
0.751058
1.22975
0.968812
0.853187
0.995903
0.748827
0.713445
1.61663
1.07658
0.710356
0.980145
0.913936
0.90438
1.36677
0.737484
1.22333
0.807628
1.67674
1.00945
0.667165
0.331679
0.897414
1.08396
0.730692
0.776409
1.2097
0.87299
1.03092
1.63505
0.895026
0.721193
1.36248
1.19856
0.593966
1.33466
0.500401
0.667336
0.773767
1.4189
1.03371
0.699179
0.858742
1.38115
1.75301
1.05792
0.879892
0.456925
0.932786
0.580362
0.557387
1.59736
1.13535
1.34314
0.916454
0.930504
1.17393
1.11891
1.22445
1.13288
0.913483
1.20553
1.11745
0.647543
1.35624
1.25246
1.05734
0.896129
0.777677
0.901741
1.40781
0.726932
0.555119
1.35924
0.828012
1.03951
1.55621
0.948386
0.947333
0.749396
0.6691
1.29196
1.21004
0.958415
0.715551
0.839589
0.634486
0.880754
0.454213
1.05575
1.18709
0.591267
0.748943
1.30216
1.07147
0.936471
1.09274
0.833075
1.00439
1.08606
0.619588
0.675661
1.11941
1.20632
0.415267
0.992181
0.736511
1.27913
1.46932
0.830679
1.04789
1.06698
1.08646
0.930872
0.872861
1.64458
1.11667
1.06385
0.73101
1.05081
0.692822
0.922191
0.549396
0.620812
1.16092
1.21201
0.70389
1.014
1.73977
0.914815
0.712699
0.88974
1.02149
0.695241
0.705073
0.96964
2.19579
1.47342
0.578399
0.727981
1.05084
0.891225
0.830484
0.930189
0.643147
0.964396
0.596898
0.884022
1.41815
0.830607
0.88397
0.935999
0.687628
1.29882
0.820713
0.791708
0.935688
0.664853
0.763715
0.694576
1.43316
1.3276
0.607237
0.747733
0.937672
0.759157
1.1014
1.25827
1.24616
0.778332
1.15207
0.879361
0.811321
0.734445
0.830009
1.2135
0.989401
1.45591
0.863521
1.38933
0.446364
1.12259
1.32103
0.749123
0.90576
0.948819
1.49322
0.832585
1.25503
0.662398
0.814649
1.18925
1.26711
0.60838
0.912988
0.80191
1.13515
0.904822
1.12454
1.42394
1.17821
0.665394
0.837383
1.00401
0.66871
0.890489
0.79769
1.81287
0.663196
1.10227
0.830762
1.07862
1.28829
0.882489
1.70201
1.15742
1.39815
0.744611
1.07969
1.12733
1.20146
0.789852
0.880777
0.468463
1.16194
0.919273
1.12369
0.90459
0.31101
0.996947
1.33285
0.989026
1.21434
0.555137
0.482445
0.666982
1.51512
0.943568
1.38094
1.03636
1.25686
1.23869
1.09446
0.775884
0.963476
0.764087
1.5696
1.06199
1.59662
1.22065
1.10971
0.878956
1.59997
0.78568
0.882806
1.24812
1.11961
0.79381
0.971358
1.27191
1.34926
0.658523
1.06559
0.869573
0.854836
0.699806
0.94742
1.03474
1.734
1.17846
1.56245
1.20557
0.911235
1.14121
0.575059
0.697556
0.983355
0.712515
0.798744
1.58746
1.12771
0.886184
1.80528
1.63031
1.07525
0.836234
1.11628
0.513841
0.916146
1.39527
0.639157
0.65995
0.805773
0.915781
0.906699
0.770082
1.00711
1.27233
1.17413
0.948217
0.735759
0.980835
1.35859
1.2359
1.28458
0.842586
0.744622
0.719625
1.19801
1.04907
1.20804
0.995943
0.819841
1.88361
0.687472
0.845465
0.860914
0.901855
0.867932
0.805321
1.06205
1.10925
0.638378
1.1418
1.61641
0.905403
1.15676
0.455917
1.2886
1.08655
0.848204
1.93809
1.12043
0.499923
0.801825
1.1379
0.9161
0.839218
0.839162
0.71966
1.01181
1.20491
0.963524
0.662793
0.999743
1.14942
1.15068
1.45469
0.713201
1.02151
0.677016
1.28513
0.653762
1.03002
0.629855
1.07769
0.51819
1.23135
0.625405
1.26661
1.19161
1.07457
1.03118
0.924834
1.11662
0.693019
0.925172
0.943175
1.08731
0.644396
1.25644
1.5784
0.860965
0.824318
1.11037
0.918176
0.97739
0.726409
2.00681
0.583152
0.507754
0.908515
0.680786
1.09721
0.364927
0.735804
0.855363
0.6512
1.47641
0.806637
1.25049
0.709093
1.25187
1.15273
1.02462
1.03196
0.912902
0.977549
0.578166
0.727727
0.554735
0.866769
0.797598
0.625761
0.726143
1.12427
0.750681
0.642946
0.824254
0.849764
1.76917
0.547
1.12683
1.09906
0.806969
1.28297
1.60395
0.409144
1.00097
1.52127
1.0005
0.500415
1.3914
0.868558
1.41632
0.517882
0.825111
0.854509
0.949184
0.501327
0.842058
0.845007
0.648561
1.99068
1.17992
0.92718
1.00632
1.32148
0.927915
1.11069
0.792911
1.3116
1.59263
0.779596
1.30699
1.69262
1.48496
1.05847
0.786189
1.41117
0.733777
0.966438
1.12852
1.30376
1.52045
1.00832
0.936154
0.760102
0.667529
0.805379
0.853442
0.771971
0.607388
1.42753
0.797774
1.77882
0.720922
1.12649
0.577639
0.753312
1.16696
0.689578
0.992261
1.12857
0.975257
1.36132
0.891915
0.940453
0.969981
0.922993
1.34389
1.02271
1.15994
0.834879
1.20296
1.02113
1.03119
1.34603
1.62817
0.672335
0.628302
1.03031
0.630073
0.728548
1.37531
1.04902
1.30885
1.02308
1.00531
0.928049
1.09106
1.22325
0.72504
2.03965
0.71583
1.05567
0.807579
1.06097
0.639279
0.55557
1.69518
0.584385
1.17153
0.886571
1.06645
1.01996
0.825513
0.808289
1.0776
1.40757
1.06524
0.596505
0.722619
0.841269
1.05594
0.601926
0.741036
0.704074
0.756609
1.56027
1.02575
0.626621
0.8389
0.722304
0.937774
0.467447
0.797987
1.39529
1.29767
1.9715
0.763725
0.990724
0.545707
0.778189
0.822344
0.948026
1.21784
1.05993
0.491529
1.11456
0.717755
0.99744
0.762786
1.08943
0.640629
0.496495
1.21071
0.891235
1.15151
1.80775
0.523277
0.924475
1.57463
0.855106
1.23491
0.837514
0.730337
1.37043
0.429753
1.14808
0.737263
0.867336
0.891964
0.934497
0.638908
1.50195
1.02332
1.2915
1.58675
1.17625
1.12509
1.14312
1.29564
0.981856
1.49746
1.15659
1.10712
0.838721
1.11446
0.939193
1.02884
1.12438
0.989424
0.658781
0.84503
0.812918
0.677511
0.645626
0.994305
1.4392
1.0452
0.881014
1.08143
1.97297
0.911934
1.04628
1.11028
0.905419
0.466532
1.06305
0.858392
0.741483
2.6085
1.25563
0.597583
1.22478
1.16196
1.33072
0.660075
1.1527
0.998027
1.05121
0.931827
0.900846
1.26625
0.671105
1.31705
1.22224
0.592177
0.693537
1.01275
1.15635
1.35326
1.75761
0.834275
0.662061
0.877495
1.436
1.39368
0.809022
1.02026
1.88743
0.867563
0.78663
1.09879
1.04887
1.22176
0.992079
1.05641
1.36815
0.500225
1.03929
0.939756
0.812257
0.479805
0.912351
1.55641
1.0077
0.793221
0.599308
0.831201
0.810199
1.32314
1.8949
1.12793
0.306167
0.979758
0.667909
1.04728
0.526101
1.10055
0.752489
1.08819
1.11089
1.25186
1.58002
1.10066
1.08301
1.71302
1.52734
0.783003
1.17554
1.63813
1.21483
1.04054
0.947664
1.3362
0.666087
0.647107
0.659589
0.796446
0.664918
0.609199
0.538141
0.863761
1.07655
0.726634
0.800101
1.2836
1.43171
0.472428
0.567008
0.847
0.757765
1.36345
0.541478
0.945595
1.25936
1.23221
0.66437
1.14962
0.407062
1.38558
0.768106
0.482489
0.93697
0.698568
1.0244
0.9441
0.829711
0.874674
1.02056
1.54163
1.48502
1.37457
0.765103
1.20605
0.493568
0.386644
0.853907
0.693984
1.59591
0.901033
0.812847
0.869183
0.569538
0.770436
1.00292
1.12858
0.931388
1.36229
0.897705
0.546734
0.94185
0.648822
0.750041
1.15244
0.898377
1.15573
1.10676
0.6697
0.937874
0.515225
1.0075
0.68129
0.875573
1.22099
1.59873
1.17489
1.15152
0.754232
1.03749
0.85845
0.819539
0.938194
1.20811
1.17701
1.25541
0.912719
1.007
0.944505
0.888934
0.958205
1.25653
0.729347
1.0483
1.31143
1.67042
1.28379
1.225
0.514675
1.74977
0.646518
1.32795
1.54974
0.785733
0.766263
1.388
1.84963
0.893949
1.01744
0.843107
0.838708
1.49046
0.8736
1.05637
0.989975
1.8602
1.27363
0.585224
1.341
1.09044
0.695965
1.4733
1.10952
1.51183
0.861352
0.642613
0.705996
0.557216
0.73205
1.57967
0.717719
1.48745
1.05414
0.991308
0.770389
0.86749
1.19663
1.09215
0.889521
0.877218
2.11533
0.868913
0.564714
1.15916
0.61779
1.00954
0.83752
1.20363
1.16825
0.880407
1.03823
1.17299
0.734971
1.06498
0.835957
0.985905
0.760681
1.06082
0.859812
1.84907
1.13111
1.0205
0.642871
1.07202
0.90344
0.824854
1.72775
1.24181
1.10401
0.729215
0.909243
1.02411
1.19078
0.803326
0.923588
1.2466
1.09401
1.08869
0.904556
0.792158
0.618016
0.766352
0.860456
0.820771
0.962319
0.643567
1.0832
0.56174
0.549149
1.0221
1.02113
1.04575
1.22213
1.47583
1.13202
1.0478
1.07911
0.891958
1.49805
0.807219
1.09203
1.53501
1.4007
1.24366
0.908514
0.947992
0.890743
1.07044
1.29589
1.15965
1.04737
1.32705
0.325325
0.80782
0.869604
0.863419
0.831211
0.763229
0.540942
0.822072
0.77802
1.13288
0.571657
0.536801
0.616456
0.965572
1.20145
0.885895
1.02025
0.740459
0.813588
1.00117
1.37121
0.962956
0.670054
0.938128
0.958665
0.987238
1.4707
0.676839
0.77888
0.832209
0.90802
1.07239
1.07636
0.88715
1.04685
0.420316
0.814763
1.03078
1.49078
1.23156
1.29263
1.22784
1.04896
1.00436
0.920569
1.13423
1.09824
0.788171
1.53929
0.618889
0.97659
1.56131
0.739304
0.682405
0.790954
0.761373
1.78015
0.97087
1.5311
0.741236
0.772484
1.3585
0.441178
0.998823
1.09975
0.919018
0.676581
0.939879
0.60747
0.658893
0.887472
0.70356
1.05535
1.51186
0.947181
0.818898
0.705777
0.727158
1.30656
0.626936
0.98196
0.675708
1.04787
0.982496
1.49279
0.894319
0.785327
1.29534
0.65272
1.21755
0.887808
0.762651
0.535756
0.519895
0.536224
0.834583
1.28019
1.74407
0.76548
0.732302
1.04622
0.948765
0.983231
0.868832
0.747796
1.70963
0.763514
1.77065
0.878385
0.85534
0.724054
1.24389
0.700694
1.01272
1.57334
0.884722
1.25064
1.09319
1.29557
1.25816
0.53483
1.76361
0.80102
1.0162
2.24243
1.9549
0.571633
1.42846
0.680021
0.86639
0.634442
1.07267
0.656297
1.12499
1.1259
1.00918
0.972887
0.6955
1.17376
1.34642
0.953045
0.982841
0.761903
0.656767
0.953225
1.86003
1.48716
0.309153
0.8943
0.968906
1.4378
1.25669
1.22752
0.855519
0.598764
0.803656
1.29419
0.407709
0.813302
1.27779
1.64185
0.962475
0.884475
1.20122
0.782542
1.4231
0.846052
0.738873
0.884892
0.769387
1.33693
0.771726
0.601177
0.856828
0.827635
1.18945
1.00459
0.741648
1.24735
1.16834
1.18763
0.856974
0.766483
1.6061
0.939737
1.17852
1.02088
0.777192
1.1775
0.697858
0.952464
1.01422
1.31052
0.885506
0.647328
1.22597
0.661423
0.83053
0.957321
0.59785
1.45271
0.65732
0.897855
1.01488
1.09592
0.716599
0.741386
0.626335
0.659215
1.21944
0.446692
0.984661
1.26045
0.85239
0.717345
1.46296
0.845659
1.02182
1.01872
0.523257
0.967122
1.80612
0.935614
0.520492
1.07903
0.857587
1.28859
0.981865
0.943495
0.898444
0.701677
0.370737
0.934676
0.596949
1.19287
1.04332
1.02708
0.905565
0.998898
1.38864
1.21624
0.614272
1.34263
0.607138
0.706144
1.0991
1.77549
1.81161
1.30404
1.14217
1.07668
0.789091
1.15999
1.51485
1.4762
1.12734
0.95035
1.34903
0.559286
0.971951
0.788786
0.728603
1.14579
0.693525
0.801138
0.704164
0.908172
0.496627
1.23156
1.08182
1.35365
0.836685
0.49773
1.01105
0.684314
0.978717
0.713803
0.711641
0.829514
0.66656
0.95847
1.20112
0.702866
0.851183
1.06305
0.711009
1.03267
0.734466
0.609171
1.1582
0.903846
1.17117
1.36509
0.834563
1.14855
1.03795
0.779732
1.27323
1.58974
0.930909
1.09087
0.994171
0.890472
1.23574
0.728059
1.02677
1.46209
1.27758
0.455528
1.25729
0.694681
0.83651
1.52617
0.925916
0.848443
0.697655
0.579002
0.918681
0.909351
0.665089
0.814924
1.29252
0.742102
1.32665
0.74163
0.760907
1.22672
0.909063
0.897573
0.818187
0.665616
0.692303
0.866265
1.54915
1.19024
0.726743
1.31012
0.68338
0.633503
0.810539
1.21306
0.725863
0.842668
0.368562
1.31274
0.651386
1.19965
1.13292
1.32069
1.14702
1.03609
1.73854
0.771031
0.928025
0.682348
0.946712
0.366379
1.10893
0.897529
1.21415
1.0626
1.36559
1.27064
1.21958
0.877095
1.0043
0.534036
0.531173
0.968047
0.956838
1.14082
1.15061
1.45878
0.661385
0.875522
0.740682
1.28465
1.37046
0.985693
0.587632
0.883203
1.02483
1.24005
0.746236
1.94322
0.823461
1.04077
0.732422
1.18115
1.1675
0.844689
0.718205
0.685564
0.93105
0.828539
0.830207
0.559083
1.3015
1.16294
0.720876
1.48124
1.21079
1.62099
0.723711
0.547924
0.663163
1.21827
1.26688
0.985776
1.03732
1.45882
0.724494
0.723594
1.03206
0.826796
1.09619
1.31608
0.845704
0.973709
0.78667
1.06949
0.984651
0.646467
1.00771
1.20565
0.67799
1.12152
1.17055
1.4861
1.58806
1.03489
0.69965
0.957989
0.52907
1.21334
0.993406
0.992949
0.934058
1.18572
0.875355
1.57724
1.55567
0.669997
1.02419
0.568198
1.27055
1.56593
0.730281
0.990083
0.90165
0.946915
1.32887
1.2365
1.02094
0.920951
0.484252
0.835107
1.04368
1.59086
1.32333
0.684486
1.368
1.67446
1.15826
0.679593
0.674995
1.46386
1.14235
0.813088
0.807849
0.797475
1.27407
0.958425
1.16709
0.915447
0.945152
0.876175
0.968629
0.824247
0.606426
1.38529
1.03856
1.07254
0.700872
0.83714
0.368212
1.27147
1.23894
0.676931
0.874674
0.984777
1.35935
1.10494
0.80739
0.587728
0.827591
1.18008
1.2455
1.07087
0.952091
0.649622
1.41969
1.17643
1.01447
0.628379
0.623014
1.45618
0.970639
1.39186
1.46089
1.14582
0.928998
1.58645
1.08152
0.801251
1.10043
0.926218
0.762
0.546715
1.07943
0.96032
1.11232
1.73201
1.17357
0.944259
0.841253
0.556905
0.663597
0.631002
1.48917
1.35255
1.04265
1.63646
1.02312
0.8679
0.952993
0.729227
1.61452
1.20948
0.862473
1.13865
0.991377
1.15323
1.27205
0.925671
0.589833
2.20362
0.856608
0.54889
0.910094
1.05294
0.623011
1.32668
0.915515
1.10487
0.992557
1.00871
0.819198
0.795726
1.59295
0.866605
0.778009
0.560641
1.24039
1.39538
1.19534
0.636762
0.388874
0.873082
0.386021
1.06695
0.751729
0.563564
0.51274
0.85702
1.16815
0.885253
1.56068
0.974938
1.36668
0.754216
0.883432
2.01617
0.833215
0.631964
1.65194
0.862186
0.964791
1.81973
1.19627
0.843998
1.00245
0.91215
1.23159
0.470706
0.840625
0.996728
1.05201
0.781783
1.18327
0.570034
1.11281
1.33374
1.53057
0.678025
1.24224
1.37473
0.551
0.638732
0.711791
0.884385
0.498638
0.59971
1.90664
1.29929
1.60251
0.834433
0.948014
1.43908
1.14446
1.21529
1.06337
0.600635
1.0354
1.04833
0.998542
0.637431
0.456094
1.17045
0.562986
0.99138
0.742773
1.06804
0.670358
0.825631
0.710376
1.53979
1.14269
0.944716
1.08543
0.740523
0.790253
0.586943
1.19227
1.3366
0.96972
1.10215
0.831094
0.848514
0.646368
0.676937
0.965365
0.642785
0.829582
0.647946
0.620999
0.778942
0.882122
0.670602
0.48185
1.01268
0.597587
1.66403
1.13048
1.11548
0.814252
0.859125
0.790746
1.28365
0.854571
0.657846
0.560426
1.11079
0.891263
1.00674
0.557168
0.928685
1.04491
1.47192
1.02418
1.23302
0.631349
0.707555
1.1616
1.75879
0.912282
1.27027
0.870407
0.517816
0.898074
1.19175
0.500972
1.13287
1.61398
0.907805
0.883469
1.01399
0.684266
0.673097
0.897113
0.848827
0.680852
0.781271
1.00133
1.05678
1.13328
0.697754
0.498759
0.332772
0.913853
1.04714
1.20697
1.28717
0.923184
0.860042
0.795638
1.4184
1.3408
1.42126
1.09722
1.04433
1.57159
1.97451
0.859163
1.20756
1.34902
1.10349
0.998642
0.878576
0.746767
1.08335
0.74246
1.13663
0.731998
0.885857
0.663232
0.629584
0.698804
1.15727
1.50115
0.877419
1.30919
0.677006
0.702165
1.53998
1.50834
0.454535
0.805883
1.55655
0.876965
1.93006
0.9291
0.700979
0.987755
1.00613
0.849411
1.00024
1.36659
1.13692
1.10354
0.72455
1.47884
0.636151
0.726447
0.843712
0.965827
1.20574
0.662202
1.11048
1.02085
1.33592
1.82251
1.01107
1.0458
1.04089
0.736619
1.41561
0.755549
0.881878
1.08822
0.8047
1.44459
1.05436
0.841098
0.956039
1.08043
1.14376
0.575385
1.15787
0.958219
1.20428
1.35075
1.22462
1.55975
1.00381
0.945956
1.26682
0.883283
1.33189
0.922162
0.852982
0.675586
1.0025
0.551395
1.00673
0.579768
0.681761
0.98135
0.49195
0.883316
0.930807
1.49799
0.734538
1.07575
0.957842
0.953325
0.9284
1.12006
0.774968
1.68125
0.771755
1.07995
1.07116
1.03921
1.71348
0.752647
0.855847
1.43999
0.472151
1.17881
0.520774
0.927909
1.33081
0.716605
1.19908
0.465436
0.892888
1.53419
0.92545
0.852936
0.739533
0.783928
0.438253
1.02641
0.55696
0.702303
0.842583
0.962219
0.485413
0.871649
0.988451
1.19946
0.738778
0.907048
0.820038
1.42836
0.985644
0.66422
0.790682
1.2684
0.665748
1.08372
0.98853
1.40932
1.45359
0.972154
0.857234
0.704448
0.831537
1.2605
1.11111
1.34362
0.868005
0.980553
0.922391
1.71099
0.967558
1.05154
0.555865
1.13636
1.18118
1.22817
0.994344
1.10852
0.521948
0.553625
1.58018
0.940014
0.965085
1.10739
0.373577
0.969041
0.712935
1.01217
0.779375
0.985124
0.590098
0.984368
0.769609
1.27389
1.19738
0.614292
1.19023
1.28766
0.678615
0.551592
1.11471
1.23878
1.36928
0.983328
0.859812
1.4028
0.971067
1.23985
1.15597
0.697025
0.96131
0.791699
1.24748
1.05191
0.746011
1.08387
0.890978
0.907778
0.96168
1.57509
1.57866
0.701987
0.883793
1.52951
0.791986
0.769939
1.82301
0.544322
1.24666
0.704224
0.344629
0.832718
1.32707
1.41112
1.1482
0.51494
0.579647
0.582419
0.903353
1.04917
0.948253
1.0539
1.07594
1.17553
1.14231
1.24951
1.1431
1.95626
1.21953
0.915546
0.767901
0.619944
1.03926
1.11894
0.443563
1.30074
0.944999
0.691499
0.940635
1.11876
2.07084
1.03765
0.998417
0.866631
1.39365
0.775992
0.481818
0.763966
0.640556
1.2077
0.612244
1.28447
1.55058
1.27634
1.1061
0.917494
1.45835
0.951521
0.76728
0.77981
0.678595
0.73167
1.08869
0.874595
0.430722
0.819528
0.690659
1.16748
0.806418
1.10843
1.41569
1.13707
0.979863
1.04183
1.31372
1.22569
1.18323
1.49856
0.877604
0.324104
1.06187
1.10178
1.22129
0.747071
1.55127
1.27447
0.759333
1.02745
1.53191
0.63105
1.26211
1.38421
0.715561
1.44646
1.43874
0.811018
0.634284
1.12299
1.01515
1.14195
1.34522
0.858467
0.99439
1.4051
1.77174
1.41071
1.25847
1.23799
0.707679
1.69127
1.49983
1.01746
1.08629
0.679681
1.57393
2.15388
0.738574
1.37552
0.55969
1.36175
0.827818
0.741948
1.21599
1.17123
0.68921
0.758848
0.614307
0.829727
0.791706
0.907333
0.825365
0.471327
1.1184
1.32659
0.768735
0.363769
1.54002
1.011
1.21384
0.773519
1.33014
0.75434
1.04482
1.08749
0.834268
0.635506
0.845509
0.930485
1.41093
0.926767
0.857466
0.981805
1.13681
0.575467
1.27673
1.24451
0.934802
0.59937
0.740065
0.820918
0.898885
0.583366
0.826069
1.46202
1.16952
0.800435
1.01577
0.471617
0.846861
1.24331
0.662938
0.639967
1.17332
1.07861
0.636276
1.15115
1.09435
0.616024
1.17059
1.49003
1.43799
1.35997
1.10779
0.690654
0.831032
0.862052
1.5106
1.49485
1.26822
0.7704
0.760669
1.12487
1.25078
0.403412
1.24808
1.78875
0.406045
0.84541
1.20288
1.35745
0.565564
1.40193
1.25335
1.05273
0.740148
2.23288
1.23652
1.05299
0.937287
0.90747
1.07408
1.19192
1.06571
1.10762
0.832186
1.30733
0.486407
0.598599
1.05521
1.353
1.28729
1.54913
0.622121
1.40182
0.816382
1.48404
1.38597
0.632657
1.02135
1.46728
0.955242
1.25905
0.693737
0.917072
1.14347
0.770393
0.585042
0.950785
0.521939
0.858086
0.918559
0.778019
0.728809
0.869827
0.940302
1.00157
0.548765
1.35401
0.510732
0.613051
0.788219
1.18927
0.815755
0.806943
1.04811
0.824259
1.45961
1.01757
0.945972
0.886532
1.53374
0.881945
1.16924
0.805068
0.951075
0.54251
1.52948
0.364987
0.575754
1.1175
0.796187
0.930944
1.70766
1.16921
1.07958
1.02894
1.36371
1.22888
1.06019
0.885943
1.56166
0.846047
1.5413
0.581893
1.09781
0.837955
0.945712
0.720545
1.21751
1.03634
0.705026
0.693856
0.936601
0.837808
1.07623
0.823459
0.590496
1.19612
0.919636
1.1688
0.637363
0.694705
0.497424
0.636388
0.771843
0.725369
1.07344
1.50119
1.26131
0.793298
0.92712
0.72243
1.49188
0.832508
1.25611
1.20226
1.20209
0.729002
0.862309
0.512102
1.44788
0.683281
1.02964
0.662691
0.928606
0.692709
0.950826
1.15504
1.12736
0.871397
1.87841
0.950467
0.94549
1.09973
1.48223
0.939024
0.914738
0.821327
0.948954
1.04086
0.506994
0.918317
0.832312
1.4593
0.983418
1.3048
1.3305
1.30067
0.800429
0.926805
1.14391
0.696156
0.669988
1.07194
0.585247
1.0756
1.02516
1.34924
1.06034
0.723187
1.06995
0.517406
1.03324
1.20095
1.61916
1.41662
1.03847
0.548049
0.737097
0.461805
1.25926
1.7971
0.643788
0.871022
0.98635
0.726672
1.39933
0.821847
1.34185
1.31028
1.15723
0.679574
1.03222
1.53794
1.09217
0.805385
0.942651
0.723103
1.22551
0.979612
0.947008
1.32655
0.583309
1.38962
0.974169
0.899998
0.98915
1.19476
1.01578
0.742774
1.77662
0.851363
0.685513
0.701113
0.473974
0.959922
0.851333
0.782951
1.24222
0.954984
1.26418
1.29925
0.836152
1.0319
1.15248
0.607135
0.821943
0.797841
0.872288
0.723324
1.03349
0.854284
0.611145
0.754787
0.715942
0.943884
0.828682
1.26712
0.712044
1.51931
0.832538
1.05396
0.9206
0.556631
0.786916
0.655067
0.566067
1.07519
0.953533
0.725801
1.71596
0.996207
0.663424
1.18353
1.56548
1.06637
0.59457
1.13501
1.51267
1.05419
0.809853
0.985848
0.857497
0.465471
1.25908
0.681884
1.12593
1.34311
1.50234
1.57283
0.955009
0.666823
1.39745
1.36501
1.16617
1.35345
0.764582
0.76753
0.872169
1.47799
1.01035
0.870424
0.75043
0.739189
1.00801
0.888579
1.58167
0.754436
1.36174
1.46699
0.809485
0.878255
0.718362
1.18602
0.521374
0.969967
1.04204
0.888307
1.0253
0.271176
1.203
1.12851
1.36473
1.56639
1.18462
1.20859
0.604873
1.31394
1.18417
0.592155
1.08149
1.01461
0.808435
1.15651
0.828588
1.43273
1.05216
1.51017
1.00832
0.767578
1.31401
1.49659
1.08442
1.57723
0.922915
1.54507
1.00017
0.743473
1.00196
1.13928
0.872574
1.13072
1.53984
0.810534
1.30159
0.826137
0.828851
0.91512
1.25531
0.476782
0.956249
1.1199
1.3349
1.3657
1.91166
1.19106
0.857974
0.716306
1.1964
0.767448
0.659035
0.568859
1.16496
0.97754
0.775128
0.796997
1.08219
0.614765
1.31679
0.886246
1.14421
0.537011
0.897084
1.14031
0.680081
0.975747
1.3795
0.685539
1.22317
1.13604
0.85737
0.86568
0.757948
0.65362
0.832321
0.858661
0.90596
1.11362
1.05726
1.85587
0.469707
1.41566
0.853979
0.60527
1.54125
0.568517
1.48808
1.1982
0.980571
1.45601
0.667917
0.740405
0.58267
1.53636
1.09071
1.15624
1.01223
0.599505
0.694955
0.779804
1.34258
1.29126
1.05792
0.623638
0.908697
0.786009
0.523239
1.11664
1.66018
0.806312
1.03286
0.419446
1.05507
1.10953
1.33586
1.07633
0.979049
1.64706
0.783219
1.55975
0.934626
0.814431
1.25336
0.773155
0.734431
1.11283
1.66336
0.63712
0.959431
0.906747
0.69224
1.4326
0.75897
0.94885
1.14972
1.0864
0.852326
0.666404
0.629385
1.24871
0.961448
0.598603
0.778531
0.507776
0.445988
1.14503
1.39752
0.946573
1.04357
0.894202
1.8135
0.670978
0.500216
0.729875
0.789653
0.659069
0.553113
1.53622
1.03304
0.769466
1.20107
1.34566
0.914388
0.812738
0.753037
1.38469
0.628521
0.899345
0.633983
0.904186
0.623617
0.676228
0.77571
0.488485
1.73164
1.10569
0.780124
0.718508
0.575344
0.991676
1.10751
1.06992
0.358917
0.744378
0.936527
0.967185
0.611866
0.734981
1.01844
1.51427
1.00988
0.972147
0.493984
1.12662
0.745733
1.35881
1.50468
0.597182
1.14722
0.41376
0.960063
0.6258
1.04451
0.774671
0.508938
1.06554
1.17783
1.30783
0.603205
1.18903
0.555289
0.490399
0.609894
0.651817
0.847702
0.775822
0.979278
0.959003
0.664821
0.52631
1.11228
1.7104
0.855583
1.01152
1.31564
0.439734
1.34812
1.18743
0.688241
1.04176
1.10492
0.489019
1.01915
0.883968
0.452891
1.08624
1.63293
0.564014
0.698355
0.7197
0.986375
0.735472
0.668475
1.00972
1.25197
0.877468
0.82849
0.717809
1.06812
0.806453
0.770426
1.47393
0.818795
0.93836
1.24792
2.20631
0.968927
0.779683
1.41842
0.486973
0.952207
0.965921
1.27669
0.656906
1.30308
1.87883
1.43778
0.535313
0.743855
1.20067
1.01015
0.752583
0.576155
0.534633
0.917449
1.2229
0.859026
0.838763
1.13465
1.84511
0.596434
0.785118
1.12027
0.751048
0.908723
1.5632
1.7324
0.895234
0.504945
2.16259
0.750431
1.71115
1.13831
0.567654
0.747735
1.00029
1.01847
0.795466
0.966037
0.441995
0.839566
0.948485
1.46097
1.21175
0.828467
0.64395
1.23515
0.530215
0.798077
1.03112
0.634753
0.983813
0.920633
1.14249
0.883805
0.620575
0.649181
0.904495
1.21723
1.2696
1.11259
1.20136
0.875566
1.40797
1.47019
0.588549
0.573749
0.613758
1.35812
0.774193
1.38617
0.730659
1.00184
1.04558
1.58583
0.981488
1.1561
0.569701
1.13999
0.590086
1.00092
0.608522
1.49619
1.12172
0.704941
0.858237
0.648619
1.52587
1.17106
1.04288
1.07771
0.460991
1.1961
1.13725
0.677146
0.716616
1.06118
0.849818
1.23007
0.86062
1.29287
1.58245
1.32415
0.72072
1.26175
0.911103
1.43296
1.21592
1.47325
1.031
0.945428
0.421346
1.14483
0.686319
0.966856
0.626865
1.62933
0.877787
1.35078
0.784848
0.986769
0.705932
0.724654
0.947544
1.08283
1.02147
0.961393
0.918814
1.08598
0.878846
1.32381
1.36212
1.43259
0.898595
0.468057
0.989861
1.03009
1.16528
1.47105
1.63029
1.01323
0.991039
0.588844
0.859295
0.632064
0.769108
0.687717
0.575433
1.51554
0.74661
0.980887
0.473092
1.1031
0.788798
1.08769
0.856163
1.22154
1.15733
0.880687
1.23953
1.19729
1.0207
1.06438
1.05805
1.44535
0.490014
1.09542
0.45011
0.866914
1.42851
0.829878
0.787235
1.0289
1.71604
1.01228
1.07212
1.2665
1.05994
1.34138
0.84093
0.843356
1.07406
1.43903
1.15635
0.573939
1.83441
0.830971
1.01436
1.54419
0.677221
0.740788
0.796064
0.639647
0.970703
1.15715
0.482323
1.12136
0.772366
1.21787
1.38033
0.636276
0.879013
1.5623
1.07707
1.62265
0.683646
0.938456
0.731962
1.25591
1.21424
1.067
1.18151
0.907467
0.742717
0.691615
0.602701
0.547683
1.03224
1.58523
0.824654
1.57782
1.93591
0.642388
1.64476
0.886672
1.32077
0.864133
1.21772
0.791144
0.746378
1.56164
0.348241
1.3895
0.946964
1.02643
0.933485
1.20146
0.812895
0.936293
0.64198
0.958591
1.06
1.01439
1.20319
0.819618
0.815432
1.32247
1.13601
1.71343
1.14332
1.20694
0.780269
0.882759
0.872901
1.01792
0.780125
1.15172
0.978303
1.1126
1.05972
0.968397
0.851976
1.17962
0.985698
0.84544
1.41193
0.86886
1.0769
0.832337
0.525356
1.07502
1.07304
0.590506
1.78247
1.35145
1.09458
0.701344
1.4626
1.04028
1.03471
0.630229
0.827523
0.681303
0.996869
1.32751
1.09073
0.665326
0.465712
0.589151
0.616652
1.01736
1.23729
1.3228
1.09668
0.686412
1.03406
0.908383
1.29547
0.801783
0.978809
1.34501
1.82476
0.898104
1.10715
1.30145
1.03239
0.81471
0.993739
0.953208
0.821832
1.47543
0.473793
1.56406
1.00372
0.683673
0.952292
1.08596
0.769768
1.43507
0.758666
1.02059
0.697472
1.28642
0.758054
0.67947
0.917887
1.04467
0.667399
1.12971
0.691592
0.991343
1.07724
1.46966
1.04919
1.29193
1.01844
0.831827
0.612022
1.03468
1.24347
0.56235
1.26285
0.945143
0.431152
1.05461
1.29897
0.969169
0.918535
0.868875
1.31152
0.572501
0.95362
0.735029
0.745276
1.16704
0.525523
0.754031
0.855247
1.49666
0.580123
0.863993
0.822506
1.4767
1.01066
1.36371
1.24776
0.60131
1.06994
1.57217
0.935598
0.646122
0.624005
0.752232
0.659736
0.718285
1.57793
0.687918
1.19089
0.696312
1.19205
0.967313
1.08656
1.06726
1.27762
1.01979
1.49571
1.19775
0.927091
0.898419
1.05309
0.920719
0.670086
0.946416
0.693507
0.60251
0.932965
1.23842
0.864727
0.870144
0.890949
0.794113
0.868537
0.907311
0.960566
0.912547
0.908526
0.827896
1.51507
1.1658
0.871253
0.972835
1.20656
1.18853
0.838918
1.24962
0.714877
1.30709
1.06351
1.41891
1.60165
0.671151
0.755011
0.870655
0.982587
0.998162
1.05918
0.636006
1.95242
0.882339
0.804334
1.00659
1.34909
0.702594
0.489648
0.290268
1.53545
0.571107
1.06845
0.904959
1.03456
1.8308
1.0781
0.679829
1.0102
0.582688
1.00688
1.21546
1.09882
1.12807
0.406242
1.06175
0.687566
0.839659
1.08258
0.566375
0.716001
0.814004
0.71458
1.3507
0.772473
1.05835
0.980146
0.833478
0.828369
0.546425
1.53896
1.00644
0.758884
0.775685
1.06649
1.66173
1.84037
1.18115
0.735596
1.30419
0.438836
1.7445
1.27139
0.715205
0.757108
1.13838
0.61269
0.987427
1.20737
0.909958
1.05722
1.04023
1.32651
0.764685
0.691227
1.48187
0.714006
1.28588
0.87877
1.33638
1.48369
0.856849
1.12719
1.11194
0.929845
0.56064
0.865749
1.54115
1.51528
0.896402
1.31936
0.968542
1.32427
0.605977
1.14732
0.898787
0.932864
1.01677
0.964912
0.97199
1.40734
0.851585
0.921643
0.844129
1.17035
0.630289
1.19198
1.49768
0.88998
1.22522
0.852135
1.75894
1.16002
0.86167
1.05914
0.949297
0.745089
0.901439
0.845499
1.46046
0.268314
1.27988
1.30015
1.13969
1.34853
2.09927
1.16983
0.703211
0.931771
0.706569
1.23507
1.4349
0.452972
0.829811
0.70571
1.2378
0.929786
0.842726
0.868495
0.645701
0.778667
1.19603
0.587152
1.18008
1.32492
1.16961
1.55678
0.887321
1.03716
1.14395
0.958206
1.07417
1.46385
1.80468
0.690934
1.31326
0.636532
1.02874
0.459481
0.630598
0.800254
0.914137
0.972075
0.915799
0.687135
1.79996
1.40482
1.04034
1.08762
0.690769
0.611632
0.594153
0.796045
1.21254
0.986591
0.579487
1.19505
1.40525
1.13895
0.994779
1.08262
0.516942
0.391918
1.45822
1.05045
0.960978
0.602286
0.861724
1.54821
1.03914
1.4011
0.957586
0.876352
1.17491
1.14773
1.31443
0.903646
0.735158
0.954946
0.975989
0.977855
0.670268
1.27743
1.64462
1.18701
0.954306
1.05702
0.716272
1.36865
0.707938
0.801499
1.29418
0.947511
1.10692
0.998082
1.82338
0.649368
1.36043
1.00497
1.57585
0.981199
1.05104
0.660663
1.62538
0.459367
0.923244
0.681371
1.36719
1.17594
1.38556
0.479688
0.453691
1.16627
0.75327
0.456866
1.2748
2.25116
1.15574
1.03514
1.26502
0.763817
1.06015
0.790659
0.704284
1.24333
0.754172
1.23608
1.02149
0.979199
0.954046
0.398136
0.615229
1.57453
0.776684
0.844749
0.785218
0.959584
1.31964
1.20208
0.916061
1.49158
0.668816
0.927079
1.12572
0.923082
1.19332
1.37645
1.04887
1.06781
0.803717
0.903775
0.885914
0.92683
1.13464
0.772086
0.466125
0.555389
1.19714
0.571596
1.3081
0.900158
0.715983
0.859072
1.50303
0.937887
1.09036
1.18444
0.646679
0.959303
0.698847
1.06748
0.610741
0.730233
0.723703
1.07497
1.12423
1.19894
0.916691
0.615959
1.18344
0.739222
1.29317
1.06214
0.759152
1.28623
0.842896
0.631465
1.67938
0.812283
0.931541
1.05166
0.743241
1.2297
0.459314
0.914969
0.720686
1.48231
1.69693
0.747969
0.898712
1.20919
0.816882
0.893335
1.19731
0.539434
1.01498
0.631243
1.07491
1.18304
0.848236
0.856763
1.07374
0.904617
1.20043
0.799888
1.25997
0.958962
0.850144
0.637457
0.800793
1.12761
1.72463
0.771682
0.895657
0.417131
0.933466
1.10522
0.693886
1.39153
0.523654
0.921149
1.34743
0.99717
1.71457
1.12556
0.752066
0.510697
0.634144
0.890547
0.786378
1.06815
1.03701
1.87234
1.3148
1.01348
0.603135
1.10921
1.02088
0.699421
0.970726
0.543995
0.486022
0.422807
0.697168
1.41374
0.546753
1.06526
0.504681
1.69656
0.808157
1.25045
1.34086
0.705365
1.36311
0.842362
1.23918
0.763364
1.05206
0.660168
0.936225
1.23922
1.02939
0.783357
1.07623
1.33192
1.03455
0.340475
0.735226
0.668399
0.982698
0.890597
1.23225
1.0266
0.783889
0.899523
1.11322
0.650572
0.910083
1.06452
0.788528
0.835787
1.1885
0.480674
0.645045
0.537144
0.974173
0.887289
0.968827
1.16447
0.558213
1.84001
0.645627
1.07266
1.32478
1.57431
1.32457
0.79961
0.941642
0.736383
1.48767
0.630633
0.57428
0.75632
1.10465
1.59441
0.695023
0.536145
0.986563
0.978656
0.811904
0.862991
0.575364
1.11757
1.67556
0.499435
2.03094
0.781155
0.859359
0.85737
1.04143
1.2168
0.793988
1.0098
0.805745
1.84413
1.67274
1.28191
0.641527
1.43699
1.06752
1.2965
1.52844
1.69488
0.876116
0.663866
0.791046
1.52516
1.15101
1.02124
1.77162
1.08676
0.83216
0.567976
1.49557
0.715499
1.23606
1.0784
1.56005
0.938105
0.537654
0.898578
1.45955
1.0492
0.724294
1.75764
0.833908
1.02785
1.35747
0.928927
0.838814
0.852975
0.990231
0.987219
1.21061
1.1289
0.927096
0.773223
1.61666
0.610241
0.936002
1.29853
0.631966
0.858776
1.02686
0.757408
0.716707
1.14416
0.763399
0.910529
0.901177
0.772903
1.25546
0.753275
1.28549
1.42165
1.10247
0.783757
0.702873
0.970887
1.39047
1.73842
0.702692
1.41927
0.54363
1.06892
0.786094
1.64251
1.55439
1.23055
1.41924
1.10677
0.802161
1.25802
1.25916
1.09713
0.71816
0.948366
0.84065
0.767495
0.969992
1.15456
0.656309
0.743722
1.19304
0.975801
1.14837
0.618642
0.952467
1.11216
0.826678
0.67616
1.16936
0.982395
1.30727
1.41294
0.54739
0.722352
0.526588
1.3141
0.968182
1.46433
0.421743
0.930256
1.47141
0.987223
0.647367
0.863171
1.19586
1.31438
0.614841
0.595708
1.1083
0.595305
1.45721
0.463377
0.837118
0.816953
1.54707
0.722588
1.26928
1.17967
1.1478
0.746419
1.19373
0.88525
0.898825
0.706646
0.721743
0.712953
1.09029
0.776523
0.646863
0.987257
1.14393
0.865284
1.28964
0.909823
1.40583
1.4845
1.18833
1.76317
1.60597
0.774777
0.939909
1.06908
0.530696
0.725167
0.857353
1.21573
0.896892
0.937853
1.10184
1.22293
1.01562
1.33441
0.583564
1.15111
1.16985
1.98242
0.957616
1.35694
0.713225
1.69147
1.06019
1.14589
1.21319
0.7336
1.34451
1.15272
0.538288
1.14841
1.01566
1.22002
0.712586
0.563126
0.719127
0.382194
0.984287
1.08809
0.809318
0.7897
1.1845
0.744873
1.0129
0.878175
1.00992
0.516749
1.02728
0.652513
1.35566
0.84049
0.803282
0.677191
1.00736
1.02714
0.660434
1.44277
0.990358
0.88733
1.5662
1.02105
0.710245
1.15298
1.02975
1.4772
1.11943
0.670186
1.02282
1.07123
0.934573
0.953794
1.5993
0.766921
1.4609
1.14327
1.16928
1.19804
1.06104
1.11944
0.756205
1.12779
0.995444
0.773761
1.11329
0.800596
0.470322
1.47491
1.27204
0.682186
1.33353
1.13328
1.19943
1.50163
1.54577
0.896109
0.782649
0.830498
1.0632
0.941382
1.6958
1.44971
0.330284
1.15812
0.800919
1.16945
1.01815
1.35827
1.15693
1.1467
0.907027
0.932067
1.06936
1.06031
1.1251
1.44324
0.939456
1.11041
0.447205
1.77785
1.40614
1.6367
1.01933
0.670984
0.817747
1.43688
1.44132
1.09015
1.21372
0.813445
0.646457
0.716679
1.65794
0.66841
0.938512
1.09224
0.712916
0.698092
0.991278
1.71291
1.58954
1.00953
0.691179
0.604126
1.02362
1.26953
0.97306
0.704185
1.57925
0.77702
1.46218
0.928347
1.62114
1.15819
0.937171
1.16586
0.988
0.985029
0.501746
1.07263
1.10098
1.50639
0.795755
0.885327
0.981028
0.853758
0.967812
1.08273
0.895531
0.682869
0.729451
1.10313
0.706578
1.13281
0.875814
0.793944
0.923721
0.779
1.28537
1.2464
0.93887
1.3486
1.10514
1.39207
1.66745
1.43173
1.36261
0.611259
0.971982
1.12486
0.995255
0.532009
0.660439
1.45183
0.800813
1.13578
1.05088
1.12721
0.988549
1.55326
1.08547
0.656802
1.81639
1.30253
0.936179
0.808291
0.671883
0.732068
1.26615
0.706956
1.08965
0.856109
1.41473
0.928339
0.957431
0.992637
1.00077
0.910703
0.9984
1.10141
1.34463
0.791564
0.927821
0.791081
1.1698
0.825467
0.900342
0.849607
1.15685
0.552863
1.05086
0.981427
1.89637
1.2704
1.57458
0.948491
1.46423
0.547593
0.826264
0.584153
1.37069
0.550361
1.02614
0.991777
0.455818
0.590853
0.853657
0.91455
0.674134
1.07556
1.15784
1.5065
0.579334
1.5317
0.696977
0.381348
1.23209
1.35418
1.08995
0.95869
1.22726
0.811367
1.13687
1.4721
1.28164
1.73668
1.22198
1.23833
1.04115
0.854142
1.14525
0.832766
1.22033
1.14232
1.009
1.20008
0.725201
1.01408
0.966242
1.0494
0.772471
0.635817
1.19309
0.601299
1.01625
1.25659
1.05847
0.918296
0.909196
1.96823
0.825993
0.824346
1.25969
1.09214
0.905264
0.514093
0.982082
1.18232
0.561347
0.905718
0.804848
1.45005
1.18889
0.534012
1.13707
0.660221
0.900554
0.82101
0.942071
1.25187
0.810202
0.589521
0.79892
1.22052
1.47091
0.981915
1.42795
0.547712
0.641825
1.00202
0.625615
0.987332
1.03834
1.21367
0.730227
0.883895
1.49386
1.38766
0.951798
0.851746
0.799155
0.666295
0.946315
1.00337
0.810975
0.413123
0.861593
0.957206
0.779973
0.983486
0.927075
0.584805
0.696945
0.686134
0.899684
0.917601
1.17457
1.29924
1.01202
0.693937
0.688637
1.28142
1.01569
0.928575
1.19086
1.09999
0.801721
1.10742
0.835646
0.940728
1.54461
1.37879
0.831918
0.744862
1.23902
1.30209
1.04316
0.780262
0.603862
1.49788
1.04077
1.07437
1.3203
0.900906
0.669949
0.722379
0.525711
1.39875
1.45976
