-2.46556
-1.6919
0.879663
-0.586466
-0.0720204
0.229586
0.750964
-3.61046
0.533577
3.26821
-0.427169
1.77341
1.17868
-15.0368
-1.7114
0.231585
-0.831339
0.145072
-18.3795
0.267429
-4.85625
1.02968
-1.11185
-1.4392
-0.0212834
1.03874
-0.0656342
-0.0180357
-0.951594
-1.06981
-0.0888362
0.273289
0.384379
0.258325
-3.70316
-1.82907
4.60022
1.02579
0.00583648
-13.0824
0.66141
-0.435163
0.517285
-1.25747
0.627503
-3.13746
-2.50363
0.635223
0.247631
1.81906
-5.97772
-0.147108
1.1043
10.6744
-1.16262
59.0548
3.8374
5.23106
1.50463
-17.7219
-2.23713
-5.89589
0.793048
-2.7297
21.8997
-0.328321
-0.866372
-0.991459
0.12043
-0.815735
-0.0580919
-54.08
-1.25047
-17.8047
-2.66526
0.153629
-0.944826
-2.11688
3.15375
-2.1983
-1.0676
1.71174
0.992303
0.467162
-1.36536
-1.83127
0.612506
-4.88935
-0.325226
-0.604799
23.494
-0.536617
-0.200915
-11.0624
1.89972
0.0833308
0.243479
2.0204
0.734577
1.93336
-0.827565
4.94903
6.5506
4.1776
2.57099
-0.773569
1.22378
-28.5513
1.69365
2.1452
0.930884
-2.04493
-0.936503
2.06919
0.151309
-3.51982
0.283398
0.409171
0.748795
5.74641
-0.543081
1.06519
-8.03437
0.370025
-1.26333
-0.0116683
1.79888
41.3913
-5.56754
-4.00862
-3.57105
4.18966
1.31508
-2.80827
-0.52412
1.55464
-0.185747
4.95672
3.70788
-6.42362
-4.00311
-0.88416
3.1577
0.620936
1.6236
0.494313
-1.4973
-0.946416
-5.23457
-2.27474
-24.5472
-0.402402
-1.93977
14.1873
1.62001
1.09236
57.3549
2.82695
-0.170611
0.835689
0.319398
-1.0098
1.05362
-0.160394
-0.013166
2.71031
-0.474407
-1.99134
1.3205
-0.817528
1.46203
0.20723
0.718445
0.330677
0.953908
0.495582
-4890.76
0.535592
-0.744143
0.545425
0.411605
0.436534
-2.76623
1.48322
-0.297239
5.70693
0.79712
2.25747
2.63234
-1.47791
10.3819
-0.985815
-0.583467
2.08908
1.36099
6.35742
0.389196
-1.96718
0.122192
-0.780662
0.126821
-0.412175
0.561641
-1.75594
-1.54556
-37.1212
-0.236836
-8.70862
-1.29978
-9.72735
-0.606942
-1.32357
0.0397384
-0.0965043
0.0638833
0.336335
-5.9621
0.219323
3.20603
-9.20637
-0.762898
0.304892
-1.1586
-1.68844
-4.12686
-2.57552
-18.9192
-0.262912
-2.32732
0.5603
-0.527659
-1.36526
-4.95979
-14.0953
0.175305
-0.0734207
1.00909
-116.903
-0.358668
9.89321
-0.112607
-1.34925
1.57717
-0.301923
4.8006
-2.40378
5.27825
4.1718
0.348155
1.34078
-0.781856
3.01559
-0.648938
-0.0231935
0.922753
-0.846224
-0.551421
-0.0104638
1.07949
0.054819
0.201195
-1.46036
0.579776
-0.70356
-2.34002
0.711962
-0.0313013
0.127554
-0.207874
0.55754
0.0225852
0.805245
-0.36614
-2.81362
-20.9886
-0.478705
-1.1538
-0.172843
-0.450521
-0.494686
-0.298262
-3.3197
4.99477
0.55183
1.16801
0.549668
-2.64149
-1.37568
0.327429
-0.364198
0.216339
-2.45739
0.963457
0.376284
1.35764
0.149393
-32.123
-0.553866
0.109255
-0.901853
-0.707276
0.294308
7.20985
0.585119
132.233
-4.89326
1.23574
0.21414
-0.311215
-0.366068
-1.69611
-1.77519
2.41549
-0.681254
-2.07049
0.793119
2.58969
0.862152
0.609267
-0.138571
2.01003
3.79403
0.451983
-1.62046
-0.296874
-6.29086
2.43432
0.575036
-2.13466
-9.13033
-7.39985
9.26588
1.96398
0.47927
1.47611
-1.10457
-0.904557
-0.989855
3.33285
0.303344
-3.03981
-0.836972
-1.92714
-0.677475
1.32224
4.12145
-4.52858
1.66498
0.272346
3.10156
-1.04485
6.21352
-0.221733
2.35595
-1.93291
2.12242
0.85665
21.4571
1.24072
0.502536
-0.827854
0.251194
8.65227
6.32368
0.0323902
-0.354279
-0.577986
0.686446
-0.130984
1.92989
0.682182
0.0317649
4.12613
0.2094
0.133405
-2.62455
0.415177
0.606664
11.13
3.61667
0.086429
6.45617
-1.44696
3.98382
-2.9626
1.1527
-0.166744
-3.18033
0.825424
-0.269459
0.0317625
-0.385698
-1.20357
3.77133
-1.09501
-1.36001
-0.531981
-0.413798
20.0308
22.5856
-1.06232
1.23857
3.32453
-1.53865
-1.45578
-3.20949
8.656
0.471992
1.80296
0.203723
-22.9559
-0.498849
0.662917
-0.174726
0.603815
-0.516401
-0.161273
-4.23732
17.825
-0.449471
0.276685
101.064
10.0487
0.0341082
130.46
-0.0585638
-0.885414
-2.6444
2.09531
-3.82386
-2.15874
-0.0896579
0.183759
-2.17204
-3.74971
-0.403983
-4.08973
2.66546
-0.459572
1.04323
-0.88716
-0.905241
0.574776
2.91264
0.462969
-1.0278
-5.01225
1.16905
-0.0201582
-0.00432344
-1.63036
1.77419
3.35603
-1.44488
-0.814045
-0.0967146
0.453636
-0.35451
0.0382291
-0.695711
13.6202
0.740552
0.0434525
0.317548
-0.756701
-1.84117
-2.59015
0.6182
-1.99498
-0.304486
3.0261
3.73453
-0.0159944
2.80244
0.672557
-2.24746
-0.05562
-0.896551
0.424475
0.335462
0.433606
0.0137878
-4.76907
1.71124
1.15027
-0.176047
0.0896225
0.886814
-0.272249
0.176706
-3.01681
-0.0106502
-1.76616
0.487219
-0.661343
0.133296
0.708282
4.28843
-1.08829
-1.181
-0.675346
-0.413911
1.26756
0.372162
-1.04344
-1.92539
0.739963
0.14143
-0.28248
-0.0387242
-0.352367
1.58417
1.46198
2.58444
1.49717
0.325687
1.23054
-0.553757
5.18099
-1.07049
0.563407
0.485845
0.342703
-0.122249
0.696343
1.28388
-4.10169
1.26462
0.256092
0.489203
-0.793719
-0.778475
-2.07387
-5.38116
-2.60264
0.122646
1.52215
3.37094
-0.515342
-3.05657
4.69192
-1.22322
-1.21534
-1.61173
-612.574
-0.0288578
-11.7382
-0.263156
11.3321
1.26834
0.225174
-8.22085
-4.87152
6.13151
1.84286
-5.86022
-4.77249
0.0788665
-1.10409
0.482806
-0.716984
0.184148
-0.474466
0.513457
0.436131
-4.12396
0.373808
-0.200484
0.111746
-3.61812
-12.4091
-0.15925
0.873431
0.441751
-2.95932
1.38956
4.666
-2.54997
5.66283
-56.024
0.364879
-1.27042
-0.236562
-3.07174
-0.00171477
-2.40224
1.33716
-0.740953
0.235421
0.0750415
-0.353086
0.815643
0.0354106
0.0453396
1.03663
1.34994
-0.702563
0.806931
-0.40278
0.517982
-1.15194
38.6325
-1.18889
0.592389
-1.61341
0.165949
0.615972
-0.866637
-3.00676
-0.0435622
-0.226227
-0.900118
3.91537
0.945434
-6.89225
-0.538026
-0.308451
1.57717
0.362304
0.1452
-17.5916
-0.80822
-0.698992
-0.600143
0.589775
-1.91701
-0.791421
6.53983
1.15335
1.07765
0.235946
-0.424603
0.770739
-134.229
-0.219207
0.299597
0.0431968
-0.0252806
3.61451
-2.36935
-5.5006
-0.425194
1.55319
-0.520366
0.607295
-0.293821
0.170597
1.95107
0.534086
-1.64265
0.605789
0.829177
0.226391
-0.23821
0.257417
2.11571
-0.516307
0.858731
3.3048
3.8184
0.505597
1.5667
-3.72724
0.216656
-0.668905
0.463616
0.497457
0.692323
0.496608
7.72672
-4.35389
1.53725
7.19708
2.53384
0.31361
-21.0663
0.759598
-0.437993
-1.73054
-0.841827
13.1039
-1.2365
1.21754
0.354522
1.25611
0.997446
-4.29651
-4.40816
-0.741504
0.168128
0.648699
0.9682
2.71406
-1.86338
-2.46193
0.421438
-0.227508
-15.2535
-0.144372
0.174057
0.372892
-21.6523
1.49521
-2.79866
-0.334472
1.75727
3.67926
-0.473368
-0.634733
-2.855
-1.75374
-0.103214
2.17149
-2.1768
-0.337937
-1.06622
1.06293
-6.5894
-28.6162
-0.535052
-0.795783
-2.75782
-2.84962
-1.31347
0.0263032
-5.9642
1.53309
0.649815
-4.13452
0.790195
0.728144
3.26824
0.693122
-3.41475
0.178024
5.09175
0.0764268
-0.675627
5.05542
1.47289
0.260796
0.604307
-0.623771
-1.0386
-6.78347
-0.182678
23.2739
-0.593737
-0.193858
0.618423
1.57579
2.42252
0.844802
1.01133
0.905548
-2.63557
0.850151
0.507029
0.893663
0.481036
-0.0431591
5.26792
1.00999
-1.22977
-1.80234
-4.86558
-8.19964
0.691982
-0.314205
-0.762234
-11.8883
-0.0640793
0.0845627
3.35917
1.372
-0.27655
-0.108484
65.3611
-0.15798
1.30515
-3.96963
2.59391
0.549549
1.59324
-7.41567
-5.32101
-1.79226
-0.193326
-0.104717
-0.660672
-0.386713
3.13432
0.855741
-1.3945
-0.554402
2.6071
0.723027
0.298903
-3.91457
7.15839
0.605931
-0.0846715
1.10928
1.59537
-0.931934
0.674389
-0.015363
7.75567
1.11001
4.83632
0.431768
-0.610483
1.89731
2.9283
0.619188
-0.395783
2.26372
1.71568
-0.520347
-0.981554
-0.682397
0.0352179
0.631163
1.09293
-0.612452
-1.07757
24.4255
8.29802
-0.170112
0.727445
0.198602
0.671724
-0.0841685
-1.5894
1.58097
0.373085
6.92376
-1.60991
2.14078
-0.244907
-0.593078
-0.0479069
3.38308
-4.65203
0.237207
1.09929
7.99129
1.59589
5.96916
0.751714
-0.966063
0.00715823
1.28657
-1.59344
-0.493737
0.163155
5.96294
-0.188272
-10.3519
-0.0300868
0.743367
0.438306
0.413851
2.0617
0.459725
-0.220084
0.413245
-0.959276
0.929598
-4.23029
-1.62182
-0.00652717
1.52854
0.456137
2.91913
-0.642798
0.57799
10.7173
-1.2171
-0.103148
2.23291
-0.322609
1.92588
0.291256
-2.31257
0.371479
-0.554426
-0.293868
-4.72608
0.217415
-1.23645
-0.42476
-0.803687
6.95656
-5.13856
0.0162952
-1.7221
-2.13447
3.77458
-0.332889
0.00727205
2.69567
-0.816565
1.35915
-1.08242
0.835447
-1.44685
-0.560138
-2.03104
1.17989
-1.8457
0.350658
0.0859648
0.369154
-0.316526
1.23992
-0.486332
2.2382
-2.86643
1.44392
0.630796
3.11439
2.79491
1.69641
0.0507699
4.23606
4.76232
-0.833678
15.4231
-0.23111
-2.9182
2.34376
0.273768
-1.36743
1.21626
1.80513
0.172618
2.2302
-0.966498
-1.29164
1.97648
-0.50023
0.241198
-0.431976
-0.291313
0.0772164
-1.62457
-0.184717
1.51741
0.480176
12.3631
0.929425
-9.27165
1.05561
1.15383
-0.206488
2.67464
-2.67396
-0.328631
-0.383927
3.86382
-3.34055
-0.117629
8.51792
-0.443312
7.7226
0.685931
-1.34069
1.2927
-0.621002
-0.589662
1.20754
1.27918
0.507546
-1.76449
0.104637
0.316131
7.93429
-0.346811
-5.1847
-3.46649
0.77798
-0.455926
0.355833
-0.368415
-0.324803
-0.655529
0.720155
-0.550356
-0.850828
0.9254
111.675
-5.5332
-1.4156
-1.65943
26.1613
1.07077
0.999612
0.215573
3.4332
0.613438
0.702848
-0.0493981
0.548821
0.422351
-9.65513
-11.1774
-0.826775
0.268229
-1.74283
0.272477
-2.07175
-0.655573
1.56598
-11.2607
1.64501
1.21583
-0.678428
0.508478
-1.0505
-1.16583
-0.00853546
0.341107
-2.39802
-1.00187
1.27525
-1.40401
-1.39159
0.319733
-2.93368
-3.95102
9.36756
1.46207
-9.8352
0.814599
-0.703069
-0.549314
0.60729
3.39197
3.20548
1.91187
-1.15433
-1.0377
2.67481
2.79851
-2.46666
-1.09757
-3.80406
1.85203
2.26312
-2.5843
0.10288
2.7319
0.285516
-0.0542836
3.14165
18.1095
1.1206
25.2377
-80.5822
3.86901
1.36915
-6.31327
-2.28306
-0.503101
1.56481
-1.76511
-1.80247
-889.268
0.721113
-2.54674
-0.145976
-1.35544
-2.58116
1.78803
0.673035
0.28817
-2.70109
3.59172
-0.594425
0.369015
-0.3446
-0.367487
-1.47351
3.47878
0.913926
-0.506401
-0.586286
-0.0664077
2.3073
-10.596
0.0495844
-1.87882
-1.72673
8.37383
2.17826
-1.112
1.81802
-0.409843
2.57659
0.832051
-3.15685
-1.4268
-0.590219
4.22809
-0.397071
-2.13909
-0.0621412
-4.54251
-5.24779
1.06218
-0.135578
-0.35268
0.293101
-1.80206
2.18724
-58.0017
-0.280263
0.196489
-0.0535497
-3.5476
1.27449
-1.15928
-0.290328
-1.24664
-0.264368
3.6797
-0.115387
2.77153
4.48892
0.709777
0.383116
0.965641
-0.370628
-0.998875
1.59178
0.512624
-0.191817
3.2423
2.32174
1.21144
7.94857
-0.703204
0.540102
0.374879
-0.50631
-0.131118
0.641019
0.164306
0.163216
4.60372
-2.38492
5.25668
-0.211266
-2.72489
-2.71712
-0.11175
8.78947
-6.03662
-0.251751
0.0701562
0.354045
0.800692
-0.448071
0.641327
-9.23937
-6.26805
0.28473
-8.43589
0.174173
2.59446
-2.58102
-0.864972
40.7117
5.73977
-0.0286376
0.936454
8.29217
-0.0114694
-0.897587
1.24653
9.21064
-7.72688
1.49124
2.64907
-0.629964
3.31587
-0.720294
0.358427
1.0434
-0.188905
6.17155
2.48046
0.295275
1.49307
-0.278631
2.9844
0.462343
1.28657
-3.31367
-1.21012
-0.347508
-1.81296
3.79968
3.09305
-0.060576
4.42067
0.485171
-1.62726
0.661828
-1.98421
-0.598497
0.432775
-8.41252
0.957483
-0.330373
0.690308
-3.41277
-0.302592
0.906086
-0.0815414
0.42592
-0.257243
0.785569
0.178876
-1.43377
1.27907
1.59673
-6.95728
2.22091
0.271275
12.6944
-15.1814
-1.01515
1.88332
-19.3731
4.07774
-0.439072
-0.678438
-0.379107
-1.22879
0.859669
47.2929
1.52681
-1.48986
0.551592
2.74799
-12.8603
0.104323
-1.77596
0.757427
-0.354515
0.625974
0.476726
-0.302197
1.05885
1.78763
0.354575
0.258247
-142.084
1.02327
-1.96114
0.610526
-0.441431
5.74708
2.49106
-3.85187
0.453265
-27.1916
-1.42766
2.07059
0.791325
-20.3146
0.228163
5.81281
0.512105
2.26332
-0.200372
-0.948315
0.0862727
0.896691
0.08223
1.08026
5.38927
-1.26489
-0.157417
-1.80227
0.4823
-8.88613
-4.45214
-5.34012
-0.496805
-0.147332
-2.03885
-0.558797
-1.73289
5.44576
69.9011
-0.302218
0.863214
-2.05482
0.267932
4.17077
-1.3312
0.201672
0.88151
-0.0695163
-11.6771
-1.75
-2.14336
0.750535
-0.70974
1.34545
0.524663
1.26926
0.0852176
3.73206
0.563948
0.0508268
0.931925
-0.420633
3.20599
3.8536
10.7805
-0.465301
4.82954
0.0431315
-1.07693
5.73215
-0.444405
-0.187346
-7.74285
3.35002
-1.07654
-0.762636
0.169714
0.773742
1.82773
-0.247057
-0.833681
-3.19911
-0.250882
0.0304711
0.39077
0.775381
0.191757
-0.0447568
2.31875
1.90514
-1.20769
0.204844
1.04281
-0.389964
-0.152403
0.518693
-0.234731
0.35188
-59.0992
-2.14778
0.243272
-1.56167
0.205194
3.48264
-16.4214
-1.43303
-0.174137
6.59995
1.41269
-1.41954
-1.69754
-0.446541
-0.636276
-0.867641
1.36519
6.03926
-0.471254
0.0344642
20.7874
-2.54754
0.72723
0.154155
1.14267
-0.68415
-0.15574
1.61005
2.75008
0.340364
0.397829
0.0422272
10.8129
-1.44738
-0.320589
-0.950476
-0.550666
-25.9247
0.0162352
-0.749863
-3.76355
2.25323
-0.798033
0.788797
-0.0361478
0.406586
0.527417
0.423174
2.3586
-4.8549
-1.09891
-2.17662
0.772716
-0.279674
-0.00803587
-1.12168
-4.5702
1.16776
0.0720998
-2.17839
3.70057
-2.49072
0.719429
-19.8992
-5.32287
-0.142185
-1.29089
-15.8227
0.449593
-2.84972
-0.854908
-0.331623
-2.10445
0.667704
-1.07845
25.1701
-0.559874
1.37181
7.78147
1.30971
1.61129
0.565968
-0.268966
0.142477
-28.0643
-0.737149
0.20009
1.70494
-0.458787
0.249948
0.833656
-0.292461
-0.556791
1.21069
-7.09762
-1.04381
-0.485379
12.7226
1.08703
-1.56127
-1.1902
1.05956
-0.358574
-0.0754987
0.992604
-0.233443
-2.26399
2.66994
0.584965
5.58234
-1.12008
-2.5395
-1.85703
0.0180831
0.432177
-2.94286
-1.02693
-0.053567
-0.312653
14.1472
1.46474
8.16659
-2.21599
2.23672
0.0841477
0.748683
-0.544267
-1.09381
1.42424
-1.00985
-12.1174
0.882711
21.3633
-3.07785
-0.426693
0.2571
0.753437
-3.03157
0.675106
0.140742
2.36495
-0.837169
0.0423488
-0.499511
0.778338
0.808228
0.678652
-0.917894
0.200973
2.34338
-0.188556
2.15313
2.49835
-0.801091
0.652354
2.75171
1.0735
10.0638
0.734223
1.55652
9.35753
-2.81303
-6.53485
-2.83373
1.5743
0.117489
-1.48492
0.0892869
0.0793604
-0.604567
0.288191
0.070464
-1.46199
0.0698739
-1.58405
6.11851
3.51933
-0.295547
-0.0666838
-0.0260809
1.05496
1.45047
-8.50654
126.066
1.2151
18.7413
1.41265
0.177193
-0.134126
-3.67571
2.30342
0.38978
0.101989
-0.601413
1.30675
-1.80706
-1.56726
1.32902
-4.16729
48.0062
21.6552
2.53254
2.61206
14.8071
0.0209196
1.35311
1.38615
-7.07759
-0.71095
0.0404371
-0.42158
-0.0298355
-0.974888
-1.80092
1.90513
2.6387
2.80541
14.0065
-0.607529
0.743535
-0.848042
0.251693
-0.0211099
-1.10168
0.341492
4.29282
3.26927
2.22143
-0.984742
-0.777133
-1.81122
27.8429
-1.52804
-1.21062
-3.28246
2.34223
0.0667672
-2.51432
0.253597
-4.05971
-0.642771
1.57758
-2.7089
0.645927
-1.25561
-1.01668
-0.0675933
0.218698
-1.49238
0.172998
0.171254
0.047422
-2.65754
0.50771
-0.106729
0.167886
0.848346
-1.35776
-0.189113
1.65498
1.04222
1.91085
4.20047
1.01711
-2.83963
9.50972
-24.1245
-1.54132
-0.66688
-0.0575045
-0.533348
-7.178
-0.645728
-1.10155
-2.58294
11.1146
1.31592
0.267302
-0.0234256
-3.11619
0.713211
0.742044
0.103489
0.431405
18.1906
3.7455
-0.549257
-1.28148
0.551028
-0.145981
0.0511817
0.167286
-0.355151
0.970639
-0.0814217
-9.65004
0.727105
-0.517073
-1.40536
-1.75067
-0.84046
0.0290533
-2.30551
-0.248108
2.61272
-1.07826
-1.00494
1.1771
0.0528403
-0.0633797
0.738133
2.70411
5.60085
3.51989
0.0538009
1.17855
1.06072
-0.985859
1.45359
-1.28008
8.28452
-0.206267
4.35786
-0.0101458
3.20513
-2.86131
0.426819
1.10612
-0.168044
0.327339
-1.90544
0.358726
-0.146181
0.824371
-0.641568
0.872984
-0.424983
0.206376
-19.6194
-0.562374
1.33336
-0.0922815
1.44801
8.53302
-0.285119
-0.229376
0.438511
4.46514
1.75112
0.715142
-0.952995
0.645488
-0.943016
0.0182407
0.735925
2.51155
1.32554
0.377782
1.86422
-1.8348
-0.115242
-0.570236
-1.13654
-2.07952
-1.14059
-0.497125
-0.513746
0.870621
0.832019
-3.52032
-1.15857
-0.729936
0.221626
0.239795
-0.538708
-2.38494
-27.5809
15.1439
0.870705
53.4769
0.441383
-0.0948051
-0.34728
1.29287
-0.588845
-0.00489999
0.30055
-0.828174
0.530061
0.22759
5.33749
-1.73997
-3.41426
2.14644
-1.50866
0.132031
-0.223624
1.35641
-57.0004
-0.73973
0.0568894
3.74151
-3.64993
0.207689
-3.40205
-0.333324
5.96984
-121.658
0.180365
6.46263
-0.197708
-120.838
-21.0823
-6.18352
4.6556
1.33472
3.9425
-0.741612
0.0980014
-144.021
-2.11288
-0.776956
0.576923
-0.443328
-892.603
-0.0777765
-0.0727012
-4.08899
1.32611
0.3095
-0.884509
4.43272
-0.605267
0.744057
0.910175
-0.249081
1.73606
-4.78296
7.13791
37.5784
-1.02362
-9.46479
-0.259377
1.93595
0.241253
-0.45577
-0.443671
-0.944517
-0.623732
-2.43449
-29.0618
-1.24831
0.226661
1.63356
-5.0141
-1.05273
1.44176
0.758791
-1.2407
2.34632
1.65708
-8.46968
0.958845
2.79922
-0.893001
-1.77408
-1.02232
5.72508
0.120906
537.148
-0.685145
-2.58176
-1.87821
-0.635057
1.37589
0.103337
1.43237
-9.21975
1.36948
-0.32268
0.781234
0.130908
-0.233488
2.19401
-1.7183
-8.45187
0.574065
1.86398
-1.4926
0.0824583
1.8858
-0.741402
-8.21061
-0.536861
0.493382
-12.3394
2.15367
1.40856
-6.42123
0.586013
-0.357485
0.0651459
1.23775
1.1921
0.919734
2.36628
1.53002
5.40497
-1.88527
0.93635
1.9069
0.323752
-1.05851
-1.82917
-0.492317
-0.477584
4.11136
45.0485
0.0709362
2.32096
0.0351894
0.0499567
-0.0236735
-0.413369
0.206684
-0.232374
-0.406641
-1.29588
-2.41556
2.20149
1.48
0.121473
-0.582932
-0.745105
0.143975
-0.36801
-0.620068
0.986001
0.484093
-2.09212
8.81952
0.475211
0.378271
-6.49345
2.98257
-5.4497
1.17073
-10.3793
-2.90365
0.728553
-12.6585
-2.14498
11.0825
239.112
-10.0314
-1.21735
-1.66199
-0.993963
0.520941
-0.164056
4.39833
-0.0918986
1.07131
-2.31334
0.00597516
0.385046
-16.8839
4.25417
0.497387
-0.0636191
-0.222874
-1.35545
-0.793547
3.28825
0.987089
0.169768
-2.90887
3.86294
-1.00835
-0.431499
-0.3754
-1.53085
0.219569
-0.162006
-1.11477
-2.31731
1.69197
-0.0413728
0.486986
1.06208
-1.28014
0.43962
0.36788
70.7169
-0.127687
-2.05227
1.52119
0.0455411
-3.92186
-0.396604
-0.476864
-10.8753
0.0527941
0.122823
0.299352
-0.674328
0.118982
-0.0541208
-3.03351
2.34454
-10.5858
-10.5935
0.370178
2.8427
-11.052
2.02072
0.259862
6.1051
-1.39953
2.23154
0.157136
-0.301463
-3.56656
4.41933
2.02278
0.438415
-27.0088
-1.60536
0.587618
0.783264
0.212597
-3.81353
0.185308
-1.47615
2.08582
1.22798
-0.492116
4.90424
-2.66685
2.21183
-5.69599
-7.62404
-2.3103
0.34339
-1.28121
-0.186839
-5.52135
-0.612578
0.262799
-0.35553
0.0859872
0.241969
-0.338255
-0.915308
-0.127537
1.76929
1.39787
-1.60387
0.866144
1.067
1.27347
-0.290936
-2.63197
6.9056
-0.569238
-0.139259
0.453242
-1.68995
0.0462873
5.22173
0.728028
0.447688
7.27731
1.57501
-0.617929
-1.48128
-1.26875
0.706771
-1.3708
1.54592
-1.00941
-0.902014
-2.2288
2.9544
-1.75098
0.807679
-4.61045
2.33333
-0.114785
-9.70933
-1.17098
0.616525
-1.41923
3.60153
-0.679935
0.496307
-0.673454
-0.491298
-4.42755
-0.126392
1.79646
-0.239106
5.12217
-12.8378
-0.97124
1.79275
-2.98851
0.715365
4.12987
-1.50941
1.80558
0.882194
0.807283
-1.49549
1.26326
0.828048
-1.13939
0.958512
-1.39422
3.76514
-0.523456
-0.312442
19.8237
0.146803
-0.626967
-3.48197
-1.88558
0.228957
-1.414
-1.11213
-0.231725
-0.433456
-2.01648
-0.366126
-0.784051
-2.65513
-0.944751
0.52487
0.232454
11.3232
-1.15619
2.11956
5.48679
1.13473
-0.241682
-0.0920855
4.86809
-2.35842
0.523026
1.26777
-1.06693
-1.23898
-0.448251
0.833444
-0.556956
0.709025
-1.02881
0.542451
2.35243
1.83353
-0.520522
0.0363562
-1.25622
0.121117
-0.209374
1.01867
-0.0236343
0.0486912
-0.745839
-1.96155
-0.74167
0.512434
0.0170889
-1.70532
0.514715
-1.2917
1.45285
32.9101
0.454039
20.4238
2.4813
-1.31465
1.513
-47.8726
-84.1845
-0.887836
3.79987
-0.788089
-4.80179
-0.582931
-32.1801
-3.09021
-0.543864
-0.342256
0.250946
-29.4969
2.31187
-0.0209578
-2.63565
-1.26517
0.409624
0.4812
-3.67172
1.5555
-1.25477
-0.0127935
0.605224
0.144849
-0.0167221
108.961
-1.73433
0.2037
1.2555
-0.654385
-0.0899229
1.52145
0.872536
-14.3366
0.11365
0.873427
-0.302827
1.17959
2.54929
-0.956162
0.158046
-6.78433
3.06493
-1.01815
0.62808
1.82838
-1.9503
0.173141
-2.91781
0.731429
0.855295
-0.242171
-4.21623
3.56317
0.012726
0.176961
-28.8898
2.97413
-0.530596
-1.44409
-1.95068
-43.9893
7.71356
-0.355719
0.593468
0.718484
0.0577205
-0.483467
-5.37725
-0.274864
-0.657337
-2.54391
0.848324
-1.19808
0.240619
0.527301
3.29695
0.245873
0.724711
-0.37188
0.46365
0.623763
0.57811
-0.0633033
3.16744
-0.841625
-0.10612
1.01618
100.161
30.6203
0.107016
3.85473
-0.095402
9.91427
-5.31872
-0.747001
0.185147
-18.0229
-0.0567309
-0.345331
0.987172
-4.58207
0.897752
3.71993
0.282551
-0.463714
-188.42
0.479248
-4.46748
-0.28076
0.820404
-0.554281
-0.530024
6.32515
0.47517
-13.8874
-4.08084
0.567365
0.221909
-1.0781
4.24293
-1.67993
-0.513367
-1.3274
-1.60109
-0.0855504
215.685
-2.25261
3.41938
-1.62685
0.179074
-1.6045
-7.64389
-0.221554
0.135973
0.891014
-0.196024
-1.91454
1.01781
-1.36371
0.671475
-0.141336
1.81279
-0.951871
0.0530102
2.39456
-1.11169
2.13285
0.422739
-2.22538
-1.47339
6.98004
-0.559252
0.298643
-5.61605
0.484603
-1.02999
1.12597
-0.235245
-0.210359
-0.0585072
0.078289
-6.14734
0.548297
-0.384161
-0.406098
2.04963
1.64864
1.03235
0.129962
6.51016
-48.8825
0.699395
1.03956
-0.954687
1.27995
-0.635098
-0.171881
-0.338871
-3.75123
10.6487
1.7883
0.22622
-0.566714
0.224448
-0.803438
0.580986
0.69906
-1.83252
-7.13856
8.92947
-1.49319
15.3181
-0.0917426
0.220965
-1.49978
-0.908424
-2.67408
0.0571289
2.21519
1.51591
-1.29856
1.78999
-7.58648
0.904689
6.38368
0.682313
-2.87841
-0.966071
0.621152
3.50556
-0.502107
-0.910354
-0.148499
-2.05471
-0.492149
-32.7636
0.93987
0.896109
-0.161511
-0.803485
19.4975
-0.608789
-15.2441
-14.7815
0.239915
0.201962
0.155319
0.0924627
-1.83557
-0.087186
-8.4641
-0.658163
0.0516881
0.101628
0.999461
-0.527983
15.4092
-0.289039
1.31166
-0.393487
0.63271
1.34152
8.20658
-0.290398
8.87382
0.594042
10.4881
1.82877
-0.132098
1.60929
-0.266408
0.370184
3.38509
-56.6137
-12.8566
-0.456599
2.32807
-0.543459
-0.726663
1.40423
-1.80553
-0.226593
-3.85709
-40.078
3.0825
51.4285
0.752891
-15.7962
3.02698
-0.545311
2.2087
-0.79909
-0.117831
0.514845
0.603794
0.590215
1.1447
-1.364
11.9245
-0.689604
-0.160361
0.797703
-0.574443
2.74842
0.0140789
0.127135
-1.11475
-0.397366
-0.355283
0.0441166
-0.482245
-4.63045
0.175842
2.22953
-1.38725
-0.553851
0.900679
-1.64213
1.47232
-1.96434
1.15699
-1.13444
6.32896
1.66568
-0.193874
8.05191
-0.620006
4.71859
-2.14877
2.12121
-1.11376
-0.0506998
0.736555
-0.926991
59.5725
-2.44718
-2.23815
-0.55467
0.967749
1.38365
3.27582
2.73085
2.29524
-0.471234
-5.9425
-0.537732
2.53545
-3.31323
0.50217
-0.446922
-24.7819
2.02204
0.546693
2.73596
0.364273
0.424313
0.484069
-0.587784
-1.31609
0.356038
14.084
-0.179925
-0.573182
0.146413
0.357866
11.9956
-2.78958
-0.039467
0.905433
-3.7304
0.00125372
0.792297
2.27819
1.44959
-0.465093
0.341549
9.83644
-2.10318
0.381223
-6.07306
-0.645465
0.994378
0.166938
0.677395
0.590256
0.00875495
1.54496
-0.649014
0.557252
0.630123
-1.13589
-2.01864
9.40248
1.90287
0.406968
0.194591
-0.481232
-0.854625
-1.52614
0.287833
-0.707893
0.728019
0.729433
1.49652
0.251101
4.97741
-1.9518
0.26874
-0.402011
-1.21508
0.0387634
0.528381
0.723615
-2.36539
0.854008
-1.02011
-2.3666
-20.6551
0.207609
0.151297
-0.877396
-0.452647
1.81089
-1.39386
-53.8558
-0.723116
0.481563
1.17359
-0.863921
-0.083467
-0.242615
-2.2195
11.2283
3.13335
2.47935
3.69792
0.157243
-0.0294799
-8.62146
-9.75678
-2.36896
-0.0295321
1.43914
0.595618
0.941661
2.23304
-1.67137
0.41136
1.40288
0.245119
0.508395
1.07321
1.27977
-0.893757
0.857739
-0.296595
-29.687
-0.182635
12.1955
-0.270074
-2.18766
-0.272095
0.540669
10.7598
0.524928
-0.741346
0.378626
0.901771
-3.33303
3.43888
-0.906786
2.42389
0.526604
-0.246782
-0.837091
2.4864
0.132269
-15.0647
0.698017
1.274
-1.06145
-4.74972
0.258032
0.772342
-2.15316
1.48392
-0.742281
1.78091
-8.81821
-1.45634
-0.0980463
189.057
-0.162753
1.80077
-0.777164
0.0286867
-0.743726
-4.15718
3.53214
2.95513
-2.86683
17.895
1.10935
0.287122
0.582223
7.15028
0.184912
0.992419
21.8808
0.571174
0.289855
1.52503
-1.72249
0.660674
0.501747
0.929759
0.388751
4.40997
4.33166
-17.812
0.944401
-0.136624
2.70268
-2.11372
0.572175
-0.253125
-0.864912
0.119985
0.745276
-0.955824
-1.36457
-1.05714
-3.756
-0.299705
0.561841
0.729039
0.509468
0.93347
-0.551581
-2.06345
1.58599
-0.296658
0.0420941
-18.5694
33.9584
0.403866
-2.13394
1.67693
-0.372349
15.9079
18.9627
0.49144
-1.49042
0.549133
4.37247
2.72429
-0.362207
0.0767663
-2.88878
-0.288453
6.75081
0.0584482
-27.712
-0.482561
-0.643986
1.45604
-5.6003
-0.260409
-1.38347
0.69168
-0.0523453
-21.212
-1.25644
-2.67722
2.11057
6.09336
-0.398888
1.19843
0.729779
-0.350196
0.539745
0.348245
0.369091
3.04709
14.6877
-3.93777
0.56467
0.13539
0.0740526
0.442957
2.00894
0.398194
-0.344326
0.264901
-0.825307
-0.381602
-0.548433
-1.48278
-3.74101
-0.331097
-1.30358
2.65322
-12.7805
-2.62379
1.03478
1.47979
0.585838
-0.744126
4.64677
0.25451
1.93353
1.68894
0.342262
0.123559
-0.637483
-0.333981
0.836489
-22.0178
-0.450922
-82.6106
-0.37465
-0.0406708
-1.49856
1.05793
-1.08602
-1.54622
-0.656086
-4.16936
0.144596
1.73587
-1.02131
0.448092
2.48462
0.906991
-4.02353
0.817154
4.56139
1.37966
-5.13516
0.533996
4.80143
1.84924
0.428094
1.82537
15.601
-0.530562
-0.707511
1.25666
1.88195
1.1454
0.910628
0.369742
1.24861
3.63899
-0.128523
2.01727
0.833311
0.318214
-0.318623
-2.73512
-7.21518
0.53622
-15.6241
-0.0221313
0.217423
0.0830336
0.454048
-0.560592
-5.87326
7.47846
-1.49586
-1.52249
-1.43032
0.843346
-0.227564
-0.00881955
-0.201689
-2.46399
0.255541
7.60624
0.893788
-0.102461
0.101086
0.0266341
-5.57399
-0.494407
1.26096
-3.37259
2.46581
1.03495
-5.02184
0.634779
0.809728
46.8685
0.860453
2.3954
-0.0586675
-0.963512
-0.852664
-0.103698
0.520332
-1.13469
0.763097
-2.08421
10.852
0.877755
4.47559
-4.24522
0.236413
-2.05152
2.15383
3.40167
-1.30613
0.53363
0.311848
-0.0324015
-5.23175
-4.20157
-1.71448
4.23341
2.29636
3.24073
8.36349
-0.708578
-0.0404639
1.78588
0.659369
0.014443
-1.50333
1.26931
1.02246
-0.637671
-0.593805
-0.596209
1.29268
-0.672543
23.6547
1.4217
-1.24413
0.437977
0.640179
-0.196158
-1.13046
-1.20981
-0.517296
1.15779
-0.864289
-0.37923
-2.15335
-3.33682
0.402083
0.198664
4.11563
2.17732
-0.119649
4.77702
1.36754
0.0817264
0.486277
-0.444673
13.9484
-0.565074
0.021239
0.235294
-4.50706
0.392087
0.469729
-0.707602
0.0777866
-0.0487922
-13.7792
-0.452621
-1.36782
-0.628454
0.218006
-1.58027
0.43927
-0.312288
-1.09387
4.41085
-8.87395
1.2303
-0.528832
1.69653
1.943
1.68403
1.62009
-0.727379
-0.690387
2.22069
-0.0961624
-0.944598
-5.04598
-0.890619
-6.78701
-2.2365
-17.6981
-1.369
0.128303
0.981934
0.370702
-2.55214
-2.00089
0.740511
3.03473
2.40183
1.12206
0.110818
-0.228315
-0.445399
0.750425
-1.93407
1.19802
-1.55181
3.09307
-0.196301
-2.28894
1.14033
-5.19941
0.0361508
1.2211
0.758276
-2.4522
-0.0351078
0.320141
-1.18214
-0.971056
2.86464
0.800731
-1.47087
-0.221267
-0.492467
-0.757201
-1.68914
36.7911
-1.68268
0.97416
-0.456422
0.817648
2.44937
1.58109
0.406793
-4.58067
-0.888031
0.0526075
50.6492
-0.251203
0.355426
0.427616
-0.407807
-0.20574
4.33055
-1.24705
8.69056
3.26719
0.721129
0.175253
0.177948
0.24368
0.0177202
1.3066
-1.45935
63.8438
2.48653
15.4356
0.248126
-0.917965
-50.4193
0.0393688
0.351681
-5.53874
0.528745
1.06956
-157.174
3.02118
-3.72093
-0.612431
-0.818431
1.90494
-3.12245
1.83849
0.274981
0.366671
-0.847261
-1.93121
-4.01137
11.8359
1.64533
-0.273996
-3.15653
-2.75928
-1.72319
-2.30547
9.67403
-0.806896
5.8964
2.91132
-1.44417
1.66075
0.118149
-4.36959
-0.782529
0.748088
1.70898
0.216455
0.992738
-0.445632
2.97593
9.58724
2.20162
-1.69973
0.330657
1.15085
0.634493
-0.161708
-9.41089
-1.20871
4.31983
-2.26624
-1.43583
0.783806
-1.06883
0.336293
-0.311778
-0.0691134
-0.707675
2.02932
1.21143
0.33805
-0.787856
0.708321
-0.657588
-0.278084
-1.28581
-1.74326
-1.78604
1.04215
2.83029
-5.25651
4.07466
0.38757
-0.321932
0.841597
0.103292
-0.424667
6.99412
-0.168188
-4.94843
2.43136
-1.54031
3.16929
0.908364
-0.310866
-0.57142
-0.582535
2.23072
0.0973363
-4.44364
-0.208374
1.34252
0.410981
-2.329
-1.60626
-79.2526
-0.422188
0.00154085
0.350925
-2.67864
-1.34326
-0.220329
-1.45483
-1.23282
0.158277
-1.63779
-0.076527
-1.40791
0.229466
6.62557
1.8299
0.0349172
-0.463054
-2.85314
2.07649
-0.506756
-3.66641
-0.248384
2.94412
-2.24128
-0.0890445
-0.0818259
-2.69168
-3.43611
-2.39341
0.422691
-1.74762
-9.19674
-4.92831
1.05301
0.766033
-0.290333
0.511947
-0.527796
-1.25697
-3.00144
1.20258
0.223504
-0.469211
-0.558274
3.04981
-0.881239
-0.540954
7.45212
2.39246
1.37417
-1.1123
-0.321878
-12.5443
-0.879978
3.03237
0.0868512
11.3957
0.0342976
-6.31846
1.42066
0.815621
-6.04137
0.269606
-45.8327
-10.9122
-1.99577
-0.814906
-1.235
0.130702
-0.247772
1.64525
-2.61181
0.593463
-1.01751
0.3958
-4.14502
0.64732
5.07419
0.0940427
1.69274
5.10923
2.75889
1.55958
-0.610277
-5.45913
0.928747
0.108547
4.36131
0.527699
0.368395
0.782661
-0.398498
-0.645166
1.5913
12.0063
2.09642
-3.1242
-0.200104
0.626423
6.8036
-1.40517
3.33283
-0.3819
-0.140511
0.019775
-32.8606
-1.56597
-1.228
1.84165
-0.445883
2.74273
-4.36501
-130.315
0.588675
-2.75716
-0.318088
-0.770223
-0.116727
-4.55447
0.335236
-20.5542
-0.0450414
0.430407
0.644641
-2.76385
-0.478894
-1.12091
1.2442
7.6217
16.814
5.97821
0.955641
-0.613031
10.4292
0.74998
4.63408
-21.1581
-0.439044
-6.58919
8.42921
-0.941574
2.19147
-0.00959017
-4.68525
-1.11074
0.632295
0.993844
0.442497
0.571582
2.16202
-1.21061
-7.74889
1.4665
-1.94862
0.648789
-11.7108
0.296351
-17.6726
-0.00398532
3.94201
-0.216906
0.514199
1.28592
-0.0363438
2.23915
79.3118
-0.859829
-0.19434
2.13644
1.38405
0.843629
15.2331
0.982976
0.852231
-0.463491
1.65796
0.0946571
0.894149
-1.20701
1.11235
-0.552333
-0.131048
-0.200932
1.33726
2.90335
-1.65818
3.24872
-4.43755
0.707183
-3.4256
-1.45466
1.21679
-0.0908588
0.774362
-0.876895
0.288685
-1.61434
0.717576
1.91303
3.82962
-3.32011
0.756933
0.500134
2.36936
0.287654
2.75789
-0.311074
-0.214191
0.969375
-0.376778
1.79674
-0.141041
3.73621
0.0810803
-3.95616
-0.56625
0.11717
-3.54482
1.45676
0.303312
-25.5153
2.20417
-1.47727
-0.15036
2.10696
0.431816
-0.664532
-0.799587
0.139023
-7.3216
-0.155887
1.90249
0.190407
-5.77353
0.582774
-9.78499
0.619556
-1.67095
-3.44522
0.898237
-2.59237
2.10588
108.706
0.115819
0.0189118
-5.95058
-0.0336518
3.21908
-1.56939
-12.2447
-1.05239
-1.73665
-3.59757
1.12928
-1.77376
0.162373
0.406408
2.12382
8.01781
0.449199
-7.27004
-71.5391
1.26004
-1.26528
-0.836601
0.894129
0.0772532
2.13481
-1.15798
-5.31267
0.791418
-0.70851
3.68135
-0.330469
0.708024
-0.134445
0.387565
-10.3092
11.1751
-0.389822
0.598257
0.09685
1.08492
0.694101
1.42383
0.268893
-5.38998
4.70189
-1.82925
0.110622
-0.273348
-2.40663
0.861577
-2.2758
-12.644
-12.8286
1.12445
0.264153
-0.453704
-0.369536
-3.52856
-3.78276
-0.619099
0.567329
-0.753859
-3.76646
-0.546851
1.63154
2.98129
-5.54071
0.555258
-1.76799
6.27672
0.223015
0.12255
1.87502
2.3557
0.801074
0.832592
-1.75982
-4.57944
-2.27539
1.96317
3.95468
-2.02829
5.51696
-50.1666
-0.713478
-0.513953
-2.12366
-0.842158
-0.904048
0.433227
1.02463
-0.699628
0.997389
-0.475916
-4.06004
1.52009
-3.33616
0.69091
-0.925404
-0.73689
-7.70419
-1.40634
0.968154
1.12231
-0.447132
-0.449467
0.158796
0.621216
0.986718
0.731759
-4.50213
50.2991
0.915514
-1.21899
-2.21986
1.73375
0.306238
-0.361934
-4.82766
2.03225
-1.93142
-1.19167
-3.89006
0.341491
0.480703
-0.188445
-0.583349
1.65935
-0.401217
-0.124454
0.185378
2.88695
-3.49439
-0.165939
0.701416
0.426349
-0.831407
-0.387271
2.4182
-5.5671
-2.803
-0.272714
-0.957171
-0.0388131
-0.530128
-0.246251
0.377385
2.26257
46.6862
0.0930241
-0.903364
1.15197
-0.111516
-0.752924
0.472308
0.33059
0.201075
0.284541
0.868958
0.102626
-0.270235
-49.862
-1.3515
-0.709052
0.204949
0.557868
0.701862
0.956687
6.81221
1.13593
-0.446239
0.587075
-0.552314
0.140693
0.268026
-16.9767
0.860905
-0.582848
-0.494468
-2.53344
0.561133
2.02549
0.850506
-0.330009
0.0982876
26.0641
-1.07312
0.455647
-2.65122
-0.925115
0.561744
-0.247042
0.462838
0.190055
0.667702
0.678809
1.50209
-0.960403
-0.154057
-1.6085
-4.39376
5.56725
-1.94634
-1.17528
0.710304
-4.06072
-0.486548
-1.17966
1.785
-0.0555071
-5.50376
-7.54682
2.37442
-10.0133
-34.5919
-0.254101
-2.65566
-0.368886
-2.42917
-1.59259
1.28847
-1.01636
-3.47018
-0.0118624
-0.346932
0.67097
5.77236
2.72653
-1.57169
-3.13227
-3.40009
6.60118
-0.0969386
1.25526
-0.194416
0.751806
2.19366
-7.04672
0.641643
-0.438159
-14.0789
0.259132
0.542969
0.809369
0.130969
-0.277078
-0.0269977
0.00356993
-0.619014
-0.529802
1.23345
0.508845
0.893687
1.14295
38.9407
0.706568
-0.735659
-7.11815
2.50513
0.59578
4.69987
7.95349
-0.524979
-3.58753
2.2426
0.468981
-1.18262
2.64986
9.36115
0.419396
1.33388
1.36898
-5.88327
-7.09508
0.437156
-0.178456
-0.815812
-3.25394
-0.997545
6.57129
3.25353
2.60565
-0.726338
2.79086
1.04481
1.77215
-0.662449
0.410938
0.797429
6.55298
-1.30538
3.43451
-1.4851
-0.208163
4.79536
-1.8392
-0.0854535
-0.39876
-5.81444
114.309
-0.531273
7.27416
-0.583229
-1.71468
1.41447
2.51511
-2.44416
0.869109
8.91604
4.6081
0.62267
-0.203862
3.92176
-1.4636
-0.773649
-0.843055
0.432346
1.08629
-0.602877
0.09432
-0.43799
1.61519
0.461054
0.450342
1.96018
-0.673772
-2.19984
-0.348822
-0.0583864
0.231924
2.4984
0.158008
-3.49787
0.510308
0.143977
-0.215569
0.177543
2.84948
3.48123
0.5551
1.18987
0.0875518
1.15727
0.679689
1.41371
-1.39232
-0.315476
-0.0382562
0.333715
5.39227
-0.160318
0.219958
-3.11969
-0.258808
-0.521714
50.7924
0.161522
-0.279234
0.196197
-0.868079
-0.179852
0.863986
7.09396
-0.767207
-0.607592
-8.77691
-0.0882834
0.42039
5.10502
-1.05781
-1.69288
0.770441
1.4133
-1.65706
-2.07841
-0.87311
1.41197
0.964333
-0.355538
3.73708
-1.31902
1.34828
0.00916144
-0.559789
0.906917
5.03376
1.36948
-2.77487
0.356281
2.95744
-2.46774
0.586448
0.0807233
0.400106
1.7626
-0.61542
-0.874836
-3.0387
-8.27215
-0.296849
0.00244436
-0.643588
-4.32288
2.73194
-3.05548
0.993917
0.648687
-0.595092
1.43732
-0.613357
1.0585
0.914074
-0.702414
8.69464
-0.246284
0.63748
-2.74328
5.51505
2.31103
1.78817
19.1316
-49.322
-1.48103
0.00749183
0.516318
0.852807
-0.263265
-0.453446
-10.8163
-2.0207
-2.60618
-0.409807
3.74628
11.6779
-1.37073
-0.50966
-0.788092
0.305455
10.008
-0.337801
0.138514
-0.22225
11.0107
0.34302
-0.31507
0.600465
-0.292097
1.14981
-1.23459
-2.29724
-0.740226
-0.272616
-1.03631
-0.718228
6.15902
3.95664
0.0780569
0.732388
-4.4193
-1.91496
-1.80016
-1.92437
0.0745451
-1.75534
1.61614
-4.57062
1.22043
-0.48648
0.48701
-0.598385
-0.59905
-1.30084
-1.54793
-0.103722
-1.07519
-9.4544
-1.26597
-0.526254
0.0721336
-0.0961773
-0.0953649
4.26516
-0.15536
-16.6825
0.151287
-0.583369
7.64153
-59.6524
0.107526
214.848
1.64795
-21.4661
-69.5704
2.10887
9.20814
-0.68552
-0.772407
-0.415665
0.949444
0.53389
0.799193
0.464826
0.410595
0.140171
-0.739789
-0.906345
2.3397
-0.379046
-0.0576097
-0.295884
0.869416
5.36104
-2.25788
4.05205
-0.243021
-1.25941
0.39259
1.21509
2.83529
54.5535
0.138472
0.0795299
0.490095
0.202789
1.00918
0.16186
4.33182
2.58841
4.1476
1.33633
0.268378
-0.915755
-0.26068
-11.487
0.817252
-3.50343
-1.16819
-1.63303
-1.33664
0.107231
-4.29691
-0.710306
-0.395341
0.219109
2.06183
-1.96716
-0.182185
-0.719956
0.962525
-4.52449
-0.0555067
-8.52246
0.206729
-0.28164
0.997245
0.188658
-0.791442
0.188967
0.0335311
3.63152
0.343748
4.89096
-3.90558
0.432303
0.606467
0.0701206
0.468588
-0.632458
1.42885
0.952054
-3.42518
-1.65473
-0.694434
0.845739
-1.81238
-2.53415
-0.482381
-1.54545
0.312806
0.22508
1.1162
-0.261376
0.550581
-0.100212
-0.680614
2.16546
-10.6541
3.4568
1.22963
-0.091895
-1.28853
0.228103
2.03278
-479.201
1.2975
-1.26318
0.0618993
-0.542199
-0.175565
-0.240433
-0.00275919
15.1358
9.20987
1.08018
0.191837
-6.14388
-0.151517
-1.40033
-1.15069
-3.53577
2.80386
-0.187448
-3.04474
-0.411314
2.71055
0.335695
0.431763
-3.87158
0.0559152
1.64809
-6.31801
-6.45594
0.483672
-2.53114
1.78762
-9.74263
-0.322117
-0.149637
1.05306
0.0909591
1.16149
-1.16383
2.86251
-1.2645
-0.0480474
-2.26031
-2.47238
-27.3694
-1.75347
8.26638
2.55787
-1.38556
0.388741
0.031032
0.919505
1.36388
0.661158
-5.17209
1.75517
-0.738343
4.68733
-2.55174
0.508216
2.24418
-1.20205
0.542986
453.452
-0.0509204
2.37485
-2.19549
-3.30174
0.126647
-3.0236
-2.03572
0.281356
0.0809589
0.863451
0.910445
-0.687454
0.104408
-72.1065
-2.44133
0.419382
0.914087
-6.53431
-0.0194441
-0.883557
-0.714013
-0.466062
0.352698
3.03206
2.39468
-0.73388
0.509606
1.06792
0.505189
1.08009
0.413712
-0.591419
-2.41221
-0.226742
-1.73421
1.24878
1.36349
0.657622
-1.53812
-0.112901
1.18143
10.6907
0.124174
1.71768
1.60429
-1.51564
-1.25025
2.43876
-0.980451
-0.180004
-4.40062
4.38427
-1.70911
4.00228
0.084293
0.128492
-0.0241669
0.417255
4.49014
1.42007
-0.602924
-5.35974
-4.09718
-0.899376
-0.776096
-0.533673
0.877056
1.43005
-1.31774
-1.33526
4.1227
-0.547506
-1.27531
-7.86504
0.256712
-0.202671
0.50609
0.301778
-2.36125
-0.0302369
4.47316
-0.368762
0.402081
0.372793
0.778735
-1.41846
0.0208173
-1.38765
-0.210643
0.601969
2.19952
1.71874
1.41668
-0.395319
0.950088
-1.1588
-0.142424
0.208683
2.04508
0.0303358
0.395354
-3.03085
0.200555
-115.919
0.554021
-1.18019
-1.93172
1.20208
1.81499
-0.37319
4.59859
-1.0001
0.688214
-0.185427
2.22305
5.40984
-2.88226
-2.19301
-5.35713
2.4908
5.5837
1.11878
0.48955
0.557765
-0.224287
4.3327
1.97698
1.14679
-1.86805
-1.94515
-0.379613
1.43575
-0.817422
0.362832
7.58497
0.413434
-0.640816
1.04638
0.526826
0.257706
21.7473
-6.55307
8.59562
-0.112913
-1.68458
-2.63975
-0.327261
-0.719471
0.663085
-0.581727
-0.143715
2.72302
0.628229
0.776656
1.34826
1.21584
-1.49958
-1.12026
0.896034
-0.294128
-1.04933
0.0841746
-0.605287
1.86827
-1.20643
-0.0331564
0.759425
0.220016
-2.76582
2.60491
-3.81876
-13.0902
-0.47566
2.58759
-1.52705
0.780164
-0.00287122
-1.81145
-2.25961
3.57044
0.662688
0.754526
-1.49677
-0.141975
-1.03855
0.904755
-0.444138
-177.575
0.297418
-0.0144274
-1.47445
-15.1212
-0.124465
0.206338
0.399947
-1.39894
0.33679
-0.193501
-1.05369
0.221049
0.501948
-0.067851
-1.75881
-0.252388
-7.56544
6.89237
1.60409
0.772764
5.54713
-1.51374
0.398765
3.03697
-0.13147
-0.296138
7.53392
-1.15337
1.517
0.151172
-0.914066
2.47411
-0.726713
2.56686
0.495495
4.54588
-0.384232
-0.0519706
-0.754537
0.227548
-5.44824
-1.16944
7.0003
-0.736481
1.11922
-0.998533
-1.82461
-2.38745
-0.904592
-0.0802628
-0.849076
-0.606069
-0.439231
0.289116
-0.737912
-0.473079
-2.03986
3.56535
-1.55074
0.527879
1.83767
-0.187618
0.988827
2.41711
-0.233912
0.995809
-4.56112
0.324207
0.576659
0.209904
-18.9886
-1547.09
5.9534
-0.0306294
-0.54255
-0.659017
0.534819
0.0181218
-0.800026
0.802911
8.12816
0.448023
-0.735432
0.801413
0.133347
1.52091
0.346353
-0.128451
1.50095
-0.726299
-13.0183
-0.971417
1.90223
-0.116032
-4.83419
-0.706253
0.253887
1.69508
0.543321
7.09685
0.496913
0.723023
-5.42547
0.212413
0.364586
-0.917335
-1.68362
-0.33258
0.194735
-0.0321919
1.45487
-0.254696
0.0541453
2.49383
-0.147548
0.273619
-0.855762
4.10112
-11.6116
0.0613725
-6.63183
0.93688
6.50952
1.07509
-0.732726
0.60103
-1.11718
-41.3569
0.309031
-0.488807
-0.629732
-0.483314
-0.866956
0.910763
0.46911
0.398463
0.216068
-1.7389
0.609527
-0.935419
-3.48535
-0.759594
1.19486
1.60147
1.04213
0.437966
1.89735
0.353706
-0.352995
-0.0221309
-39.1559
-2.58445
-31.5082
-1.71068
1.50079
-1.86146
0.272121
-0.149525
12.1138
1.43715
271.666
-2.46441
3.32048
-1.48864
-0.423127
0.587924
0.666116
0.0320529
0.600123
-0.683968
1.10583
0.499622
-3.54531
-0.58114
-0.293333
1.36747
-2.61928
-0.124195
-2.49018
7.04212
0.151135
1.66539
1.26477
-1.41165
6.75787
-1.78984
-0.182387
0.270045
-5.85738
3.26833
1.36984
0.747388
-1.81103
0.0449853
-1.17123
-3.46394
-0.945062
0.477135
15.8306
1.55074
-1.05985
2.78441
-0.834626
1.52216
-2.62956
-0.331359
-2.72955
0.912793
-7.61107
0.690306
0.979886
8.96667
2.30812
-0.00202991
-2.55335
-1.57913
-1.37747
-81.7185
1.24551
-2.05641
-1.82901
-0.694711
-1.08921
1.94981
-1.6413
-0.141238
1.70896
1.52481
0.582155
1.05468
0.729658
-2.90388
-2.22321
-0.04996
-1.15671
-0.342544
-0.00665876
-0.852906
-1.66542
27.8936
0.298825
-0.100977
0.17539
5.95692
-0.180484
-1.38527
2.98757
-3.16173
0.261908
5.89536
0.135608
0.245607
0.630675
0.462857
-1.29948
-0.980208
-0.18854
-0.633522
0.293833
0.884345
-9.2446
0.890857
-0.390485
-1.70373
1.3998
-11.564
-3.3025
0.472756
9.11358
4.63884
-3.89933
0.362552
-0.954978
-1.01075
0.232121
-2.54359
0.425622
3.68296
0.618012
0.807274
-0.557507
0.598154
-0.496821
1.59235
-12.2679
-1.51202
0.201036
-0.881346
9.04623
1.2382
-28.8594
4.97342
-2.9324
-0.544672
-0.999196
1.34364
-0.788393
0.0019584
-2.14776
-5.71204
2.57903
-0.813215
0.0150479
-0.586165
16.7077
1.07666
-2.71468
0.604494
-1.24589
-0.218833
-3.44282
0.629936
-0.0674348
5.52075
-0.0632918
-0.113504
0.475681
-1.26343
0.969916
1.69424
-0.45988
0.385484
-0.507329
-9.79999
2.60683
0.810243
11.994
-8.30529
-1.45333
-0.708177
0.89542
-0.311463
-5.24953
0.042652
3.95637
1.33815
-0.319205
-0.330261
-2.02455
13.5659
-0.269622
-2.13806
-1.68049
0.52161
0.333685
-0.139613
-9.06668
-4.9591
-0.0721429
0.716882
0.407568
-0.209314
0.253429
-0.224082
0.00451944
0.012944
3.76308
-0.193526
1.38011
18.6383
0.34189
-0.595417
0.783072
-2.82835
-1.90106
26.8163
2.56291
-4.99573
-0.727498
-6.36154
5.89808
3.35522
0.676672
-1.58152
0.210508
-0.0470046
-1.546
2.55345
0.834835
-0.458551
0.195397
-2.01815
-0.12292
3.19739
-0.650552
-0.48391
0.48449
1.02185
3.63119
-0.116158
-3.01048
-7.60275
33.9342
0.863671
1.05467
-13.7943
0.511947
0.806381
5.08008
-0.472614
-0.95393
-0.352785
-65.3924
-0.627851
-0.314055
2.9974
0.519893
-0.455989
-0.685464
-2.91036
-3.09595
-0.376385
0.517342
-0.0853869
-8.16995
2.74429
-1.62253
0.676409
0.606715
1.0262
0.725271
2.12563
-0.671922
0.935274
-8.58189
-0.438255
1.42722
0.315022
-0.205906
-0.342836
-1.26551
-3.33142
0.0909989
0.388863
-1.20559
0.505311
-0.575535
0.401688
0.161728
36.7626
2.8034
0.570881
-0.409276
-0.301192
12.3091
6.55977
3.99148
-2.17575
0.0216338
-0.141725
-0.302682
-0.536208
0.0195198
-0.395382
-0.92808
-20.8493
-0.109823
-69.6408
-0.125516
-0.271051
6.48916
-14.3304
0.382256
-2.49358
-2.49149
0.362777
-0.452844
0.431926
1604.97
1.07074
-8.53651
1.07434
-0.607267
-0.403193
0.826338
1.55793
-6.87163
-1.06574
2.50915
0.0507366
10.5771
5.16564
0.162249
-2.03428
0.333153
1.77382
3.9473
-10.581
1.38768
-2.60341
-0.137462
-2.38467
5.31968
-4.03869
0.796314
-0.811608
-3.50006
0.205985
1.5566
-1.6007
1.71922
-1.17969
-0.500386
5.84089
0.411874
-1.71697
-3.26028
2.25013
0.284198
-0.101543
-0.159832
1.34025
1.46131
-1.92989
-0.127381
-2.34093
-0.967458
-0.68633
0.0874943
-0.0592637
-2.85899
-0.1048
-2.36788
0.984103
1.16415
-0.861199
-1.04429
-1.56742
-9.8014
-6.1467
0.262067
-0.402062
-1.56464
-1.8618
3.54911
2.77143
59.6711
-3.61647
0.407691
-0.823975
0.0649625
-0.313806
0.531226
-1.47741
1.75091
-1.03225
0.504566
1.32133
-10.6794
-1.75167
-2.43422
-0.235353
0.607044
-0.550204
3.12503
-0.472623
-0.457506
2.57239
-0.85507
-1.15434
1.55579
0.0969604
0.187052
0.394567
-1.86786
-88.5773
3.68098
-1.27413
2.91307
0.0840039
-0.0997386
1.18329
-6.99979
0.649735
2.25331
0.508337
-2.51776
2.24303
-3.21126
146.251
-0.245593
3.42769
-0.0421601
0.376271
0.609742
-0.0510749
1.62976
-1.58334
0.564924
0.405292
-11.4539
5.82484
-0.00148805
-0.68994
-2.63614
2.05843
-0.68897
2.61605
1.90783
-20.09
0.124092
0.470814
-1.05723
-0.153457
1.50392
-2.56195
1.50562
4.2292
-0.305119
-0.099365
-0.68268
-0.298897
1.78643
1.87539
-0.137036
-0.616233
1.20421
0.954639
-2.97289
-18.5353
1.05485
-2.32773
-0.599295
0.0967093
-0.144569
4.7342
3.38771
-68.6106
-2.16617
-0.759075
2.5591
-2.84097
2.31538
5.05018
4.54378
-5.7709
-1.57134
-4.8503
0.952656
-0.405901
-1.24751
0.172854
-1.70805
0.283947
2.63545
0.170657
0.585336
0.778433
0.892776
-0.371202
0.592177
-2.61492
0.102075
18.0097
0.824249
0.564027
0.890439
-5.85331
41.32
-0.0807816
-0.157099
-2.43413
-1.45684
-1.19975
25.598
-3.22536
-0.471128
-2.05231
0.147393
2.28388
0.875292
0.13452
0.651735
2.413
0.13461
0.844932
-10.5173
-1.26588
0.618828
0.548456
2.62151
-2.16239
1.18563
-0.412108
4.40284
-0.663426
-1.21234
0.287083
0.358705
0.723849
-1.42976
1.66771
0.124937
-77.2689
-2.08822
-0.994333
-7.63741
6.49482
-1.83148
-2.37009
1.22381
-0.393045
-2.26495
-0.0912301
-3.17113
0.214049
0.626003
10.4033
0.232424
0.771078
-0.0656488
-1.94882
0.697112
2.72882
0.35041
7.0417
1.32971
15.342
0.865878
-0.165079
-0.452305
-12.3781
1.11814
0.248516
-1.29833
7.6005
-0.347297
-0.0191486
0.27307
0.711262
-0.87745
-1.58452
0.933001
0.12758
-1.3642
1.45475
-2.13368
-1.06141
-0.4607
-0.186213
7.46832
0.291538
-0.176462
-2.37685
-1.5292
-2.59887
3.63059
-0.914726
-0.681151
-0.699489
-4.09974
2.2641
-0.99231
-0.0168235
-0.65344
-2.7517
0.433757
-0.362057
3.02199
3.02458
-0.368906
-0.901126
11.1775
-6.13718
1.97109
-10.6092
1.66238
0.475157
2.0297
-41.9378
2.14492
1.70812
-0.228735
1.69024
0.434576
2.32883
-0.460498
-543.781
0.645357
-0.58106
-131.684
-0.312702
0.930544
1.4777
0.687357
0.0119307
30.0859
1.0223
-8.51367
-0.399998
1.3522
-0.632743
0.778224
3.95688
-0.254141
1.04098
1.50918
-1630.17
-0.164265
-3.06976
-0.653587
-0.127202
0.416631
0.555703
-24.3723
-0.278088
0.0216719
2.88354
0.323911
-1.21524
1.47349
0.203143
-0.498968
-5.93063
-1.6215
0.639755
0.630871
-0.128013
7.76728
8.04968
-0.971132
-0.685444
-1.24672
1.2794
-7.52961
-12.1467
0.886973
-2.1433
-0.472127
2.22888
-3.21712
0.827133
-29.7368
0.285819
1.1962
-1.71955
1.91225
0.974669
-4.26712
-0.608363
11.2901
-0.134193
1.57164
2.36977
14.9951
-1.815
1.80688
0.67608
-0.361887
-0.746104
-1.81681
0.48693
-4.87478
1.40651
6.7155
1.18762
-0.756218
-12.4342
0.199998
-0.594937
-2.80326
-1.68513
0.320398
0.181058
4.59585
0.52089
-0.438803
1.55351
1.6895
2.45747
-0.407483
1.57654
0.199747
0.332431
0.279097
-1.33401
-0.285146
1.22134
1.53951
-0.0860611
-64.669
-0.191447
-0.680086
0.43795
-0.30213
36.2009
-3.90453
-0.0486974
-0.129037
0.366338
-1.04399
-3.98976
0.0459476
0.074155
4.26477
-4.75369
-0.390715
31.5775
-0.318558
-0.119146
0.409193
0.159257
-0.229556
7.70156
0.860934
0.444401
-3.21467
-0.200625
-0.14579
0.832666
-2.28556
13.7984
0.991477
-1.21413
-1.36966
-0.961079
-0.266152
-3.51745
-0.246074
-2.46411
0.884137
-3.43802
-0.303855
13.7645
2.72018
0.345274
0.672323
0.900195
-0.0416968
1.15909
0.491427
-2.62741
15.244
-4.47991
0.0489074
-1.65301
-0.677082
-1.27707
-1.21325
0.569743
-2.3834
0.707629
0.657987
0.30042
-2.30917
0.825389
-0.910854
-3.6652
-0.72054
-0.729375
7.40181
-1.26494
-3.91804
5.12407
-1.84379
0.183071
0.041555
-1.02353
1.17101
-0.0990893
-0.238566
0.804442
-1.34762
-0.414882
-0.309422
28.1313
3.77624
-1.74092
1.85913
8.30711
0.0539297
2.29599
-1.3845
-4.1924
2.02049
0.164653
-0.320061
-3.75294
-0.280883
1.14529
-7.49036
-7.36673
-3.45227
2.74909
-0.738193
0.203017
1.10947
-0.836983
1.92332
0.220694
-1.91611
1.02595
-0.459822
0.803754
2.25868
-0.108151
-1.73133
0.382604
-22.0319
1.89225
0.615293
-0.156471
-4.99088
9.72829
-0.686049
-1.55529
0.864177
0.25543
-1.17315
-0.977102
-2.02467
-6.26333
5.98488
-0.0222329
1.92423
-1.30023
-0.0112363
-0.99654
2.32053
-0.363198
1.42094
-1.28209
1.43164
0.164589
-3.103
-0.152858
-1.05453
4.23727
0.433481
-0.517704
1.35211
1.09441
-3.34634
2.10393
-0.762847
-1.02329
0.557304
-1.59496
-1183.5
1.43644
0.159249
-1.69021
5.41746
2.08022
-11.1971
-0.179911
7.89715
-0.0834419
-4.42074
-0.684564
-1.23182
0.650956
-2.32944
0.352319
1.60927
10.2231
-0.226531
3.96142
0.465529
3.89922
4.51368
1.50199
1.18225
-4.4717
-0.407748
-0.505706
2.42808
-1.58315
-0.611393
0.0199283
0.0436597
4.97711
0.754873
-0.326347
3.57273
0.277979
-1.21465
-0.0249729
1.84282
0.175347
-2.48963
-0.274438
3.85721
-2.29966
1.96719
-0.493098
0.464356
0.632922
-1.28672
4.07371
1.00799
-1.5317
21.2858
1.88217
-0.785707
7.64602
1.81672
-2.14028
0.363586
0.414096
-3.06327
3.41624
-0.193189
0.617703
0.710035
-1.20181
0.93925
-0.0704502
-0.227583
0.142739
-0.0841856
-1.12557
-0.550979
-2.01799
-1.07659
-0.362086
1.67086
0.432502
-0.267057
-2.87721
-2.04249
-0.036463
-3.22457
0.353779
1.79418
-0.890347
-1.39326
0.469146
1.47622
-1.05307
-0.527733
-0.293282
20.7738
-16.417
-2.63901
-0.275451
0.806913
-1.95547
2.44495
-2.13162
-0.224665
0.476269
-1.57991
0.0843746
-0.50413
0.810951
2.74785
-1.29538
-0.38868
0.724084
0.288927
-0.475484
-0.877699
-0.984385
-1.13466
-0.16358
-0.534139
0.0423056
-44.6834
1.44776
0.275575
5.11282
3.69543
-0.775514
-1.21743
0.0500099
0.102509
-1.69608
2.28711
3.64113
-10.9821
-1.35067
0.268372
-3.15064
-0.687305
-4.75155
0.0752727
3.09573
2.28188
0.774016
-74.803
-0.0617259
0.114732
4.36689
-1.77284
1.18838
0.96509
-1.66606
-1.53931
-7.67707
-0.50696
0.400682
-0.543345
3.89137
-2.64432
-0.701744
3.9086
2.04016
-0.108417
1.26349
-3.00495
2.25833
3.42873
-2.85998
-0.319922
12.1972
1.4255
-0.223689
-1.11466
-1.87456
1.46562
0.141573
-1.77566
-1.5497
-0.260795
-2.05447
1.97169
1.52323
-12.0808
4.97478
-1.21561
0.313595
3.08614
-1.45976
-47.6663
-2.25841
0.637544
0.00824041
-0.719075
0.217184
-0.97152
-0.334322
-0.503689
1.9968
-0.923655
-15.0806
5.365
2.09656
0.675707
0.0715382
0.287875
5.59674
2.03342
6.32017
-1.4773
-18.6495
-1.82346
-0.382145
-0.206317
0.0594819
1.35849
0.734421
-1.53026
-0.83262
0.557482
0.237649
-3.27374
-0.634587
-0.690614
-5.90544
-0.0757147
-2.26774
-1.10461
-2.25162
2.87741
0.0357825
-1.77839
2.93525
-7.89297
12.1964
-0.242444
5.79853
0.430223
-1.06975
-5.55095
0.599951
-1.01071
13.9174
0.23019
-7.33529
-0.217971
0.320132
-0.230209
10.8338
0.768176
-0.216346
0.604061
-0.842644
-0.00775884
-0.954073
0.653593
0.988016
1.93273
-0.292926
1.49029
-3.03804
3.58168
-8.26643
0.292714
0.502137
-0.386565
0.341015
-1.45186
-0.400252
8.68388
-1.0537
-0.719082
1.21319
-0.32625
0.666123
0.456131
-0.916164
1.48678
-0.251137
-20.3684
-1.68309
0.633871
-0.482362
-3.1454
-0.901494
-1.04047
0.652923
0.163796
2.42344
-3.41656
0.536199
-1.43027
0.37866
-0.825661
-0.408064
-0.848608
-0.0553439
-0.30401
1.83745
-5.22024
10.8891
2.70459
-0.842388
1.02022
-0.454038
0.95077
-0.622538
4.20044
-0.259797
1.07025
-5.28223
-1.00268
0.549997
5.41872
1.84748
0.839862
-0.0384315
-1.27995
4.39462
1.25986
-0.050156
0.764373
-2.84943
1.07641
0.651901
0.113511
2.20093
1.58257
-0.556528
-7.74904
0.507005
-6.07503
0.916924
6.69304
3.02143
1.62099
-2.8146
0.484757
0.33468
-1.57033
-0.48674
-1.9928
-0.830782
-8.04664
-0.425128
-0.601215
0.0520821
1.8878
2.81725
1.43123
-1.12087
0.0218799
-11.8108
-1.54247
-2.49454
-3.36363
1.05524
-3.3417
-0.624559
-3.43547
-0.0736606
-0.791993
-0.968538
-2.73977
8.00429
-221.234
-1.59616
0.582227
1.04197
-5.28891
1.94901
-10.3458
-0.337506
0.742794
-0.0607101
3.91573
-3.45987
-11.0066
-14.5724
0.219358
9.60384
0.324547
1.08119
-1.34808
-0.365322
0.800788
3.28593
0.438563
0.926289
0.479744
0.290845
2.55742
-1.42208
0.416333
2.02026
10.4199
0.371252
0.53856
-1.37311
-1.415
-0.151109
4.69352
-2.56618
2.23866
-3.17817
3.37594
0.250588
-1.11533
-0.495588
-0.721283
-73.9257
-0.0306078
1.24802
4.46092
-0.59011
2.76592
-0.749869
0.115604
1.45163
-19.9653
-1.13242
1.1964
0.0154267
2.16362
0.62852
-0.886035
0.458547
3.33582
1.1266
-0.820222
0.96149
0.384603
9.8941
0.662395
-0.313683
2.07711
1.09465
0.314303
1.67456
-4.31562
-82.111
0.017694
4.37921
1.2661
0.148055
-0.136249
1.32374
-0.816795
-2.83786
1.61183
-1.63035
-8.30306
-4.1781
1.63664
-0.603328
1.2533
16.928
-1.03698
-2.11126
-0.265093
-8.82641
-0.3699
-1.78116
0.00178288
1.49977
1.3081
3.25542
-2.50856
0.880633
-0.896557
0.340272
-17.6007
-0.497092
-0.0431455
0.776846
0.748873
0.478643
0.669934
-1.76941
123.226
137.805
-1.53324
1.27367
-0.905109
-2.55024
2.58605
0.364177
13.6508
-2.10231
-0.670814
3.64462
1.10183
41.3461
0.0539114
-0.115451
-0.455095
-1.16804
-0.198942
-0.412355
-8.32098
-0.389613
-2.92898
-2.7456
0.426478
47.2921
-0.812927
-1.69215
-0.19277
-1.25376
-0.136912
-0.327637
1.18994
0.0152616
0.942508
2.18059
-0.695267
-0.968772
-4.08972
0.0648557
-3.31904
-0.224341
0.851677
0.0302513
-0.167136
0.435076
0.254207
0.234978
1.2257
-6.53476
-0.896945
0.0910229
0.820111
7.09209
0.80076
-6.09588
0.801608
-1.10051
-1.57905
-0.694853
-0.245339
-1.10794
-0.443608
3.2071
0.913464
-0.0639335
1.30491
0.412006
0.837732
0.795684
-12.7332
0.29091
-1.82933
0.884361
1.54795
1.26443
0.151353
1.46958
0.492743
1.4659
-15.1051
-0.0430017
-1.2223
0.0807705
0.372225
-3.85293
0.220577
-1.10076
-0.363894
-1.58521
-3.36474
-0.350664
-64.0019
-3.97337
-1.40954
0.791253
0.420816
-0.301256
-4.91919
-0.16711
0.289161
0.384249
0.0418549
4.57382
2.38011
-5.80203
-0.200845
0.153661
73.9867
0.801667
-1.27251
0.119339
-1.42139
0.978153
-0.201289
0.0790904
-0.846447
-3.51119
-1.82797
-2.33604
2.4833
-0.244394
-0.799341
2.69873
0.0900709
0.408606
-0.939095
-0.398768
-2.09311
-2.71155
0.145633
0.228865
0.796833
1.24429
-0.398999
2.66163
-1.48197
-1.51953
-1.33676
-0.0454675
0.815632
-0.609545
3.73231
-9.93939
6.0443
0.196839
-0.811656
-0.683777
-0.856356
-4.3504
2.21689
-0.463653
-2.48977
-0.326447
-0.211139
-1.67472
1.50628
1.77727
0.920233
0.15984
-1.17449
2.02
3.59647
-0.377063
-0.0426011
1.42502
0.3599
-2.53763
-1.70909
-0.127038
0.383032
-0.161659
0.687125
2.79372
0.840467
0.0761526
0.529697
0.316515
-0.253252
13.0183
-1.02334
0.778935
0.0970388
-1.73846
-2.22559
-0.540882
-26.55
-2.94409
-10.5483
2.63532
7.1428
-1.02612
-0.284167
1.30113
0.112926
-0.838019
-0.356374
-0.473434
0.513255
-1.70629
-2.73221
0.629376
16.0026
-7.96609
2.9654
-0.286147
0.185125
-0.146717
-1.91713
0.937905
67.2118
0.741113
-2.82507
1.92526
1.02541
1.12225
-1.99611
2.91613
-12.9549
-0.335247
13.0547
0.953644
0.482656
1.64044
-1.38865
1.89916
-4.52145
-4.75337
-1.78805
1.39584
4.09936
-0.239219
7.22895
-1.92243
-1.51826
0.0604273
-1.78363
-2.2412
-0.250726
3.38634
28.4152
-0.894904
2.83373
0.271797
-0.288299
1.6479
2.64473
0.851125
0.0684951
-0.529649
-4.44851
1.46674
0.984868
-0.65029
-2.29027
0.536357
-0.241155
4.7541
0.466331
23.118
0.287342
-59.7993
0.180272
0.224497
6.69317
2.49704
-0.668579
-7.88916
3.86977
-6.83914
5.57965
-0.910036
-1.42753
3.35031
-3.53463
0.102733
1.83065
0.279157
0.919642
-1.36629
-0.219096
-0.0217523
0.961527
-1.7417
1.52786
-4.44376
0.0831471
-0.085632
0.66024
0.297496
0.335925
-0.931146
9.70558
-0.142681
-0.61302
-0.149371
0.36992
1.99188
-4.14249
-1.39579
1.84137
-0.368336
-0.285771
-16.2281
0.27396
1.14485
-3.75013
-0.972295
2.43073
0.049368
-49.8998
-1.36542
-0.605873
-1.89092
-0.430333
-1.4596
-0.0248688
-1.79435
1.8371
-0.218684
1.1208
14.3459
3.29698
-1.09989
-1.36023
0.352093
1.39787
-0.279941
4.47578
0.0245589
-3.00781
3.14324
-0.347035
-1.80834
-0.961112
1.56405
0.255014
-1.62288
-0.25062
-0.740487
0.264357
-5.31398
-0.299563
0.912015
-1.74351
-0.747562
-3.82288
-1.71607
1.39111
-3.64968
-3.69341
2.21309
-2.8837
-0.948983
-20.0687
-4.06536
0.176705
0.0188425
0.850226
-6.07594
2.42843
-0.730722
-6.35364
0.21624
-0.862625
0.530318
297.824
0.64896
0.141993
-0.526809
-0.734922
-1.77873
0.211352
-3.47297
0.0384328
5.11347
-0.250741
1.36049
-1.21323
-0.279773
0.985348
1.61151
-0.672276
0.864285
-0.914809
-0.400466
-0.168824
-5.31122
-6.45827
0.50471
0.194233
-0.175938
-1.73477
-0.30997
0.176341
0.428749
1.02251
14.1296
0.537966
-0.237166
0.570768
-1093.02
-1.01667
-0.0118888
-4.45147
-10.5183
-0.69387
-2.2725
2.17135
2.17609
-3.64474
0.242292
14.9913
0.020468
0.476853
0.907812
-0.19076
-1.24802
2.32556
-0.315234
0.0151836
-2.47475
-0.71535
1.38222
-0.695022
0.221747
-12.5006
-0.434664
3.97161
0.288045
0.375537
-0.892708
-0.584543
1.59441
4.06663
-0.555993
-1.21426
0.953448
-0.140475
1.69634
-2.93451
-7.7812
-18.4643
1.0233
2.00816
0.256302
-1.15215
-1.32001
56.0439
-2.81136
1.49136
0.692441
-1.02935
24.6092
-0.149934
0.219992
3.18947
-3.75961
-0.961373
-4.05901
1.55511
2.00778
6.22145
0.504166
-5.35647
1.43458
8.45437
-0.139132
-0.274013
-1.76659
-0.845838
0.702538
5.17699
3.05916
1.44964
-0.21459
3.07594
-0.0714607
-1.44497
0.303512
-204.54
1.25073
4.39519
2.23474
-0.208277
4.10944
-1.08106
25.6883
-0.970807
2.57032
2.94629
0.0471441
-0.0803409
0.274675
-1.16422
-1.13565
3.98419
-0.0034137
4.74428
0.917082
2.48756
0.774259
-0.226722
-0.222239
-0.20948
-0.624031
-0.140318
-1.03884
0.647375
1.4187
0.0833626
0.776387
1.6327
0.526561
2.54857
1.1212
-4.42555
-2.17649
-14.8063
-3.90266
-1.26552
1.32557
0.925933
0.813931
1.92339
0.393631
0.968768
-3.16765
0.0582408
-2.7627
-0.419739
0.530328
-0.542586
-0.22781
-0.674483
0.428882
1.439
-0.190861
-0.975489
0.134583
-5.4754
-10.7432
5.32516
0.523075
0.804333
-0.0213242
1.23503
-0.824232
0.41955
0.0461181
4.83647
-3.26624
-0.640166
3.43882
2.00475
-3.03001
0.521425
-0.421235
-0.962355
-1.86449
-0.142343
0.0554796
3.30679
1.52198
2.71516
3.84448
-1.71255
0.186101
-4.43866
-1.43338
-1.25148
1.44099
1.69508
0.636371
0.672514
-0.240148
-0.213023
0.0437609
-1.0316
-17.1992
-0.558083
-6.53072
0.802725
-0.350376
-1.2771
-3.55323
0.176402
3.13578
-3.10542
-0.233806
-2.28911
0.850305
-0.495717
-2.0383
-0.14452
0.163076
4.99962
-576.723
3.5634
2.97127
-0.134428
0.109319
1.66808
2.07865
1.52387
-6.11922
-0.547548
-1.04149
2.84459
1.48738
62.0652
0.320732
-2.08614
0.0305856
1.03113
1.19888
-0.676815
0.297501
-1.30238
4.15691
0.0506681
-2.82398
148.572
-0.66133
-0.378003
0.8939
0.0874799
0.369689
-0.372844
-2.02871
0.530902
-0.292562
0.363217
-0.991303
-1.82283
2.94433
-0.78706
-0.26492
0.0856667
0.172032
1.70523
-1.40604
-3.34362
-0.0679563
-0.922186
-0.378677
-0.45657
-0.842305
1.15026
2.27399
2.11752
0.410299
2.65976
-3.65896
1.75969
0.392467
-0.615945
15.9611
0.347818
3.33666
2.82292
0.582813
5.72246
0.243726
0.170085
-0.207968
-0.820099
-0.447931
1.8115
1.02963
0.461165
0.900017
0.00949601
-0.289782
0.857917
-0.459604
-0.177863
-4.73418
-1.06117
-0.489306
0.816526
-0.183154
0.818584
-0.0202115
-0.892246
8.95706
0.0956592
0.675752
-2.3249
-3.70561
0.339442
-0.620829
-0.714293
0.580975
0.841352
-1.8332
-0.227395
0.231709
-8.02097
0.443492
0.427972
10.64
-0.0592083
-0.0386504
-0.350733
0.829181
0.302226
-1.51887
1.7293
-0.708129
-1.86894
0.288579
0.927381
8.1712
-0.106744
1.24892
-2.31964
3.21913
2.85625
-0.71158
-7.32441
-2.02083
-0.259681
0.383434
-1.03682
0.915809
20.5345
0.817698
-21.8695
-0.83782
-1.83406
-0.0514207
-10.077
0.470165
3.46682
6.39527
7.01492
3.20855
2.41108
0.532652
0.038593
3.52968
1.9298
1.20362
0.579376
-0.466728
-0.314339
0.133262
0.207202
-1.16981
-2.21168
0.115517
-1.2073
-0.0811353
0.229952
-0.426504
1.92243
-0.263475
-1.87571
-4.32375
-27.4791
0.515948
0.645842
-0.164462
0.678269
-0.981259
-0.309166
-0.0894298
-0.404497
0.355154
1.24362
-0.393634
0.622988
0.916574
-2.4772
0.0148662
0.449262
-1.68943
-0.221417
7.30734
-0.250171
-8.29155
1.47627
0.0791946
2.41131
1.05735
4.35055
-10.4869
0.420729
-0.221261
-1.61107
0.746402
-2.92577
-0.856822
0.982265
5.23399
7.62853
9.06117
0.36777
-2.99771
-0.443098
-3.07259
0.789588
0.166623
-0.107029
2.42021
-1.65582
-2.32222
-0.373864
5.71746
2.32318
-7.02022
-0.628433
2.40466
-1.27081
-0.247497
6.98754
-2.16459
0.0215792
38.0491
0.0284652
0.476202
-0.735901
-2.74584
1.35917
1.76225
0.702579
-1.22579
1.01051
2.09742
2.09563
1.197
7.57772
-0.359741
6.78808
-1.28305
-0.209058
-1.76113
-2.86482
-1.00118
2.58344
1.78783
-2.53876
0.487768
0.249163
-0.609907
-1.09953
0.176432
-0.56415
-2.12194
-0.409366
1.23287
-41.0092
1.40539
0.285032
-2.99059
-14.2943
-0.353471
0.0665412
-1.72194
1.25278
0.781192
0.358014
-1.42762
-0.524872
0.987336
-19.8842
-4.38643
0.640787
3.57166
0.64033
0.286519
-1.72447
-0.73593
-2.14518
0.881818
-18.9019
0.682825
0.706711
1.14111
0.143578
0.0479289
0.447476
-0.724265
0.150546
-6.71159
-1.92352
-7.73364
0.0530824
-0.941457
0.53957
3.19074
-1.19618
-0.865626
3.11233
-0.406765
0.960901
0.310356
0.0770021
4.36822
0.404644
3.17454
-0.983956
-0.569249
0.0364988
3.31528
1.2271
-6.08986
0.692152
0.438942
-2.58759
17.441
189.408
5.4956
-0.0838485
-2.54195
4.96669
-2.23198
-5.19062
-11.3305
21.9399
0.129531
-3.37365
-1.46203
0.761421
-6.38832
0.855924
6.44493
-0.937019
1.24943
0.737003
0.413134
-0.28805
0.476973
4.89619
4.37365
1.69569
-0.540264
7.46271
-3.35598
0.00819323
1.77193
10.8411
3.29608
1.13586
0.42046
-0.56147
2.43384
26.8307
-0.11635
24.8211
-8.23826
-13.2794
-0.818493
1.60805
0.678105
1.51683
0.3049
-0.39475
-3.00644
1.4309
-0.95429
-0.183222
0.303079
-40.4031
2.45229
12.9098
-0.78567
-0.42266
-0.0604751
0.413502
-0.534531
0.728294
0.678328
-0.395738
-113.837
2.6195
1.15018
-1.88603
0.822562
-0.783873
1.79165
0.201125
91.6911
1.60134
-0.929231
0.520705
-20.5418
2.49854
-0.687472
1.20604
-1.09928
-19.4175
-3.57962
8.94277
10.8324
3.14502
-0.451402
-0.609352
-0.0336699
0.659211
0.424697
0.436408
3.33724
-0.686741
6.51108
-0.785641
0.32653
-2.44824
5.6644
0.588578
1.71665
-2.62722
36.7969
-0.200343
1.36999
0.472705
-0.2589
-0.665311
0.411562
-1.10334
0.986925
0.845418
-0.612774
-1.33359
3.26499
-5.481
-0.851762
-0.0787414
3.12262
-0.176169
2.61399
1.97391
2.62696
-0.395265
-0.289121
-0.229189
-0.17898
-3.7946
-1.17496
-0.430167
-0.676345
1.87247
-12.866
0.0203755
2.25914
-6.60496
-0.80262
-5.51155
3.35958
4.38937
0.0484871
1.94554
-0.191546
-2.31286
9.87364
-0.574378
0.790137
3.32167
0.566598
-17.833
0.340816
-0.75153
0.569282
76.333
0.484276
-0.551105
-1.02655
-0.161443
0.963668
0.640468
-2.59463
-0.108152
1.10525
-0.463541
-0.33947
-0.096985
0.554763
-2.81449
-2.03798
36.8187
1.24605
1.53925
1.03581
-0.48358
-1.33839
-1.14618
-2.47098
-22.7493
-4.70153
0.033429
1.01383
-0.34388
-0.121887
0.192127
2.50435
-4.01048
-1.18436
-0.388613
-2.29519
-1.88976
2.75427
-3.64048
6.88949
0.291182
5.21134
-1.31072
-4.72003
-0.516215
0.385886
1.39111
1.25979
-0.00275738
-0.575969
0.400647
1.60908
-0.0315159
23.522
0.788241
0.15744
0.0685574
0.537597
0.627093
-42.3579
-0.491515
-2.34744
-4.47507
2.59832
5.29197
0.424749
8.59862
23.0757
0.885862
-3.74706
-0.386436
1.03955
-1.63661
-3.55724
-0.573202
18.3441
-0.569395
0.27106
0.648347
-2.28136
-0.541445
-15.8977
1.25255
1.14737
3.4092
-1.42294
2.04284
5.98801
1.89836
-0.920278
0.388068
0.793246
-0.0209375
33.0246
-0.211554
-1.03516
0.493497
-0.171357
-2.19078
-2.18952
0.575373
-0.270702
-1.20122
74.3346
-0.597563
2.17506
-0.257789
1.28236
-2.3386
-0.594686
-0.724092
-0.431482
-0.59129
-3.98287
-0.480553
-1.2322
-0.220969
0.153477
0.268829
1.19966
1.01325
-3.29053
-2.84213
0.0083419
2.15279
-0.0636625
2.77196
-3.45024
-4.00778
2.50378
-0.318068
1.6771
0.184943
0.287493
0.929653
3.05211
1.33078
13.1077
0.748651
1.15708
0.954723
0.354033
0.0617242
0.527534
-0.199423
0.898917
-2.24967
-2.13416
0.526724
-0.223077
0.051536
1.36314
2.44448
0.0299114
-0.969937
-0.123476
-1.18596
0.508642
-0.458892
2.961
1.57693
3.19907
-0.346788
-4.17506
1.49273
0.505317
7.01764
5.68929
-0.233962
0.878704
3.88405
2.48439
-0.114153
79.1772
0.200469
0.923227
0.689083
-6.04582
-2.19661
0.0359974
25.6409
0.999781
7.97582
-0.871361
1.77742
-2.35956
1.80487
1.38927
7.95635
-38.3532
0.899155
0.882754
-0.690454
0.210196
-0.324677
1.46791
-1.05836
0.866669
0.416517
0.171843
-1.48121
-0.179867
-0.735544
1.28016
7.26148
-0.0886238
1.05972
0.187607
1.80463
-0.21322
-0.220478
0.952345
-4.45542
-0.657839
2.28803
2.79284
-0.424198
-0.674456
-1.05018
-2.79335
0.43037
0.354621
-0.658998
4.42838
-0.993406
-0.289835
0.838032
-0.419031
0.202086
1.29742
0.171846
18.2268
0.641232
1.04717
0.600681
-3.63142
0.0507015
1.10178
-93.5828
1.19224
1.17675
0.838822
-0.851887
5.65081
0.311129
0.756385
1.0751
-0.382583
0.00896124
-8.01784
9.17089
-1.8595
-1.77857
-0.334359
0.150248
-1.12252
-0.571735
-8.24915
2.25138
-0.662919
1.37818
-0.330821
-0.441159
-0.323867
-1.49634
1.56886
0.542676
-0.0978197
-0.0879212
-0.131648
4.35179
-1.02763
1.08707
9.36716
0.3457
-16.3653
0.103787
0.574186
0.338685
1.6159
0.798751
-1.78694
0.880578
-0.783368
0.835751
1.59712
3.05766
-0.513375
-1.49022
1.41314
0.250284
0.0126089
0.218309
-0.114325
1.01661
-1.66026
-1.03408
-0.487311
4.24144
-5.61061
0.925484
1.88844
1.25349
-0.225023
-0.297154
1.35151
2.13776
0.20993
0.954302
31.5769
0.505778
0.422975
-1.72828
-8.6937
-1.75575
-0.412584
-1.44172
0.698198
14.1998
22.7892
0.437234
0.462279
0.726579
0.286614
-0.852885
-10.4333
-1.95139
-0.578151
0.93498
0.40959
0.176297
0.973493
0.0298386
0.159555
-7.687
1.19582
-0.258342
-0.156978
-2.15875
0.341767
119.339
4.41813
-1.0711
-0.978173
4.14636
0.14129
-3.80587
-0.537122
-0.544759
-0.672483
2.00835
-0.705898
-1.44928
-43.6104
2.53281
0.963247
-1.29632
-6.3049
3.76073
-0.975832
0.0775834
-1.0106
-0.074475
0.525534
-2.65292
3.29059
0.619737
-9.19379
-2.12797
-0.277166
0.684028
-2.35071
-0.337777
-3.11534
0.218949
0.304216
-1.27463
-0.00381125
-0.575305
-0.903421
0.334028
1.80315
0.304424
1.71883
3.0777
-40.7345
-2.868
1.06281
0.0953153
-1.67484
5.16173
0.0295118
0.197654
5.24272
139.285
0.400656
-43.9356
-3.69582
-1.32647
-0.0264638
1.9244
0.786878
1.04694
-0.109536
-1.58117
2.93894
-0.295587
-5.09931
0.679878
-0.24249
-0.931916
-9.00988
0.0988194
5.62102
-24.4367
1.57331
-0.514361
0.282072
-3.84665
-0.181338
-1.83889
0.111842
0.796718
4.98103
0.27774
-3.18683
-0.253345
1.27584
3.51374
27.0919
-0.326314
-1.40735
1.7421
1.59806
0.861387
-0.0870423
5.29353
-0.250562
1.29598
-0.422788
1.06985
0.872332
0.843761
0.302884
2.85765
0.700139
0.401606
-8.20123
-8.51167
3.23523
-0.232626
-0.54624
0.193944
0.256571
2.82847
2.82916
-0.761165
-0.784017
0.935626
-1.04105
-2.60429
3.19926
0.850675
-3.13856
-0.967317
-1.2001
0.474034
0.124262
-1.07874
3.82718
0.52734
-12.8079
2.75714
-0.996559
0.800619
0.966546
-0.30492
0.777118
1.36227
-11.3559
16.213
1.54768
0.928911
1.24217
-0.201285
1.96371
-0.858011
0.717615
-6.17038
0.407657
-0.245538
0.938506
3.67842
3.19648
-0.0376031
-2.13674
1.02465
0.223305
-8.91156
-0.25982
0.340511
0.755383
-0.151334
-0.0932328
6.84479
-1.40892
0.22952
0.089543
-2.26054
0.240836
-1.71988
1.24956
0.308705
0.0238558
-0.139127
-0.994227
-0.720633
1.55533
-0.834956
-0.754022
-2.15597
237.813
-0.765774
-0.0549306
-1.41187
-21.4494
0.724821
-0.744038
2.08474
0.0812993
-2.75525
2.43745
7.08103
0.43539
0.817137
21.4785
0.386321
-0.145702
1.05249
-1.68688
0.057199
0.0172692
-1.49594
3.14607
2.12489
-1.09379
0.286488
-6.31892
9.90729
0.778017
2.12196
-4.17005
-0.00508791
-1.10952
-0.093168
24.0563
-1.58284
-2.11545
0.466097
0.19929
-1.96533
-1.46756
-1.04425
-1.87914
-0.343637
-13.7563
0.311934
-1.11968
0.841588
-0.764488
-1.04777
0.31926
-4.02402
-0.8456
6.46206
-2.02136
0.974221
-1.13358
-0.912209
-0.608567
4.449
-0.53955
2.93364
4.26242
-12.8741
-3.72069
-0.213124
-51.5683
-0.702786
0.941502
-2.18836
2.46696
-1.26147
-1.47678
1.70143
-0.862042
-0.256163
-1.81796
-0.589592
0.0638446
0.782972
-0.17762
-0.127947
0.100187
0.888182
-0.298512
-1.40575
-0.0373674
4.08476
0.765105
-2.53253
-0.382189
0.458681
8.19478
-10.5909
-0.12434
-0.452852
-2.12061
-2.24997
0.0976071
-0.897123
-0.885534
0.210251
-431.453
-0.515767
-0.374581
-0.0741688
-2.40343
0.0845406
-1.0843
0.798186
1.06624
-4.74125
0.224422
2.05917
-2.13114
1.28524
0.339092
0.0966063
0.232778
0.953809
-10.7043
0.0750172
-0.577196
0.617822
-3.20239
16.9181
-0.19278
-1.00536
0.365437
-1.23276
2.07289
-1.39644
-0.41959
0.145771
-0.579254
-4.94737
-1.16851
0.012509
-0.264761
-1.30273
1.92788
0.0112557
-2.70214
1.17815
-2.84452
-12.4348
-0.882714
0.27526
-0.135083
2.11063
0.461542
-0.05293
23.1109
0.474111
-5.72138
1.89538
-0.265407
-0.69334
-0.326976
-0.530597
22.716
-0.60875
0.850734
153.34
1.88729
-0.493923
0.632577
-0.550807
0.797963
1.5047
-0.268181
-0.479756
10.7029
1.26562
-0.569711
1.63939
-0.00329968
-0.236739
-1.0121
1.0355
-0.314921
-9.56189
2.41235
2.61651
-1.21909
-0.608808
-0.0461847
-2.33265
0.329244
0.444907
-0.0978211
0.430419
0.255993
-0.0526712
0.0872672
1.55978
-0.581046
-6.35244
8.38178
0.587449
-9.83578
-4.50429
0.0647968
-4.82773
-0.113779
-0.627646
1.58266
0.766335
1.43835
0.659838
-1.01309
-1.70074
4.94472
0.739364
-1.06572
5.21178
1.14044
2.08309
-1.1908
0.222044
-1.33049
-0.539907
-0.391653
-0.766422
9.33482
0.212695
0.307627
0.675306
1.49375
-0.672885
2.39013
2.22056
1.16758
-1.14163
0.510385
1.53158
-4.44722
1.62995
-0.57112
8.01261
0.767607
-0.0200908
-1.1326
0.0217948
-3.56429
-0.38703
0.746555
13.371
1.1709
0.0215309
-0.150066
-7.78652
0.155128
0.84612
0.645771
-1.89965
-0.788442
2.2674
0.120324
-0.752853
1.51904
17.464
-0.0628115
0.505984
1.69494
-0.322894
-0.126662
-3.61935
4.19226
-1.12368
-0.169262
0.844572
2.44326
-4.06615
-0.146971
-0.0418943
-1.98538
0.875763
6.91419
74.5062
-0.881639
5.42581
-1.40355
3.67797
0.340987
0.265752
-2.18706
0.38918
-0.153219
0.917997
0.604454
3.12424
-0.290363
-0.614171
1.0992
-52.5762
2.8243
-7.254
-0.43432
-0.571882
0.247134
3.39836
0.527882
-0.620132
0.930274
-0.92361
0.173223
0.930148
0.586247
-11.4806
0.113339
-0.74129
-1.92592
-0.0989989
2.48513
0.453372
2.87161
-0.658385
-0.622326
-2.23028
-1.29981
-0.671722
0.033317
-0.220052
6.49422
50.4682
-2.44299
-0.641642
0.312232
0.00344915
-0.267839
-0.328748
0.0375692
1.74457
-1.29996
2.52927
0.408172
-2.34937
-1.38487
-0.6003
0.711595
2.82764
-0.181194
-0.437495
-0.935291
-2.88088
-1.31283
-1.6111
-0.355874
-0.205436
-0.218369
-1.4233
-2.69957
-0.554426
-0.64673
0.64731
0.241544
0.780485
1.36002
-0.880748
-0.712438
2.29799
4.37708
-0.813724
-1.47894
0.897409
0.42295
4.87008
-0.790569
-1.10572
-0.713279
4.32158
-0.787508
-1.66957
-1.93083
-5.55435
0.294915
0.00434115
-0.355922
-0.271901
-0.184903
0.24314
-0.980519
1.98644
-0.449182
-4.37538
0.979057
0.749729
-0.121388
0.538001
-0.936138
0.0803537
-0.00218824
-1.34698
-21.7166
-0.523709
0.266588
-1.61812
3.43041
-2.87229
1.61601
-0.171325
1.61008
0.461226
-0.912208
-4.13146
-2.98134
-89.2083
0.505753
0.611084
0.554176
-0.357089
0.62339
4.8858
-0.458996
1.02091
0.13332
-0.935553
0.129239
-0.667041
1.93243
0.230931
0.125626
-1.56521
1.86249
-5.45222
2.52851
2.94195
-1.12507
0.482202
-0.179895
1.08291
7.48207
-0.546853
-2.51026
-0.147099
-1.06434
0.000655525
0.407883
-0.459976
4.40184
0.345905
-2.52814
-0.102875
6.00534
-1.38342
0.00715273
0.78123
-1.36532
-1.14385
-0.712827
1.05502
1.4368
0.215786
-0.0145365
33.7592
1.76739
-0.45229
7.62684
-1.73773
1.32803
0.123918
0.350269
0.852969
0.829816
-1.38891
2.82119
-0.381102
2.88301
0.23627
-0.730804
1.25316
0.0986601
0.529028
3.47656
-0.341441
-0.969365
3.49939
-1.91754
1.24174
-0.408117
-10.3967
-0.557659
0.144987
1.16457
0.504232
-9.06804
-0.451943
-2.30847
0.497339
2.22404
0.770696
-2.51949
-1.57486
-4.4698
30.898
0.0252426
0.264514
0.589691
-1.23832
0.02658
-0.293108
1.29916
0.642731
3.451
1.53317
0.756757
-0.886828
0.730441
-0.655958
-0.682266
2.78502
6.68391
0.724
0.214866
-0.342027
1.87186
6.10335
-0.837411
-2.07084
-0.104186
0.210564
-1.65722
-1.65128
1.53745
0.896516
1.23784
-0.0742971
0.0716964
0.00255249
3.04537
4.40777
1.09484
-4.62605
-3.22297
1.02274
1.02465
1.48934
0.051194
-0.377998
-0.203784
0.508355
-0.177809
5.16387
3.98257
0.255912
0.0307635
-0.484042
1.48647
0.599823
0.570435
-2.1381
-0.997875
1.4601
-135.613
-0.0374272
-0.580602
-2.53505
0.60098
1.34554
0.316655
-1.81922
0.248459
1.0378
1.2938
0.907545
-0.992371
1.40266
195.854
-15.8104
1.56242
89.7192
0.401047
3.40844
0.587403
-0.0326057
0.0768992
0.967647
-0.567535
-4.37461
17.8114
1.01905
-29.5082
-0.125008
1.00627
-0.691208
-0.188717
-0.184931
0.153248
2.61372
-19.6865
-6.53756
-0.315027
-0.73271
-0.0957631
2.94406
-0.0809269
-2.93017
-0.0320353
1.49556
12.2837
-1.07462
-37.853
10.0608
-0.340717
-4.98086
-3.2983
4.49508
-0.860678
0.0041585
32.5184
-1.54401
0.898786
-1.21539
0.0149515
0.325749
5.67472
1.34699
1.16104
0.553089
2.32393
-23.9888
0.100187
0.445569
-8.78961
-2.74689
2.7825
2.34728
-11.0424
15.791
1.75041
-0.726663
0.657556
-0.805313
-1.72926
-0.59177
1.95994
0.922199
-0.410833
-1.54085
2.13898
15.7012
-0.370303
2.8671
1.7537
-0.881081
0.530801
-0.70508
17.4786
0.759514
0.133004
23.0735
1.7832
0.874489
-2.02105
-3.14766
58.8618
1.02984
-5.38362
0.123983
1.55257
-4.07162
-2.07714
5.85336
-1.2014
-0.225369
-1.91499
0.852312
-25.344
-0.489382
-0.0941764
4.56109
5.58896
1.47163
0.603359
0.596579
0.0994644
-4.76751
-1.57567
-1.28307
-0.761024
-0.352709
-0.268604
-1.00678
-1.13444
-1.13528
-0.102179
83.1133
0.0978681
-0.17711
-14.2548
0.948231
-0.192776
-6.99803
0.29646
-0.0144276
-0.718939
0.607902
-22.5579
1.07179
1.81061
0.950061
0.223218
-0.436133
1.57039
2.61458
0.19342
-2.83715
-0.412447
-1.16423
1.82995
-0.933341
-0.621528
0.708046
2.86714
-0.179705
0.697473
-0.310322
6.33654
1.1967
-0.354762
-2.27282
-1.92226
0.376638
-4.78191
0.721447
0.372677
4.53298
7.05632
1.99196
0.802077
-0.942038
-1.26758
-1.50405
-1.02364
-0.0720189
15.271
-1.35765
0.918511
3.86754
1.61822
-7.95287
-1.17122
2.7303
3.12367
1.99501
1.4751
-0.72794
2.22747
-0.0116082
1.03559
0.734904
4.93885
1.15922
-1.30001
0.126934
-7.53346
-0.140526
-0.865987
4.01638
-0.597697
0.245201
-1.45268
-0.327751
6.05834
10.1833
1.21652
1.56968
0.140762
1.46962
-0.582857
-3.076
0.290965
-0.366567
-0.0917237
13.4031
-1.04055
0.82497
0.653979
-0.974994
-34.0422
0.926069
-0.68635
1.09443
0.48863
-1.58217
11.6153
0.979317
0.959893
27.6217
-3.42872
0.150744
0.433693
-16.8253
0.833796
1.08167
1.46115
-0.541122
0.704384
2.21157
0.285886
1.52234
-0.0887411
-1.19356
1.03136
-0.4152
5.20666
0.300033
0.278001
-0.482231
2.23927
1.55014
-1.82665
5.12253
0.153612
0.564219
-2839.86
-0.146763
-0.140414
0.188834
0.673693
-3.461
-0.670169
-0.78704
-1.31374
0.0748329
0.372145
-0.836566
0.0935195
18.0268
-0.0813146
1.7061
-0.553595
-0.0162829
2.72854
2.64511
0.44632
0.589932
1.70642
-0.0126922
-0.145186
4.48787
0.0604806
-0.532443
1.15247
-8.08815
2.44242
1.18439
1.07164
-19.2935
0.604743
-0.732753
3.52645
0.953953
0.408686
-0.75014
1.01709
-5.14218
-1.17742
-4.94982
1.8836
2.90788
-0.046055
-5.85214
-0.918317
-0.0399615
0.350118
-0.663929
-0.315865
0.201769
0.9826
-0.274417
0.192696
7.36539
-0.272747
-1.41364
2.67765
0.406982
1.34124
-1.73097
0.36844
-1.24911
37.7974
1.65051
0.302144
-0.298687
-0.68323
4.86405
0.50706
0.0424936
-0.790971
-1.77668
0.084985
1.22002
-3.27432
2.44703
-8.17004
-4.54737
0.751503
-2.99203
-0.0538518
0.890727
-1.40295
-3.00444
-0.545006
2.71031
0.16883
-0.691592
1.25863
-0.355709
-0.982965
0.35652
-1.36688
0.0557301
-7.12139
0.950783
5.82168
0.0532922
2.08773
0.335017
-0.181983
1.37068
0.21123
-1.47979
-0.209488
2.36791
12.3592
-4.72065
-0.318522
0.0573148
-2.21527
-2.69923
0.641538
0.782282
-6.1054
-1.78128
-2.5488
-15.7872
0.313745
-1.98613
-1.56308
0.314005
0.568694
0.485758
0.170133
-0.73877
-1.21686
-1.17775
-0.466338
-1.56684
-26.1734
1.45993
-0.162183
1.72001
1.69079
2.06882
0.19771
-1.2408
0.364594
1.01729
2.63745
0.208408
0.408041
0.0388986
-3.38772
-3.5529
5.28158
0.518576
3.21161
1.02815
-2.26538
-3.63144
2.63769
-0.187402
0.514654
0.515818
2.46191
-1.39765
0.793738
0.077482
1.49898
-2.91944
-0.910518
0.138963
-0.0167836
-0.649582
-2.06831
-0.256997
-2.89824
-0.234066
-64.0823
2.72147
-0.220581
4.32276
0.461625
9.97979
0.985316
-0.358707
0.307646
-0.152298
1.61824
-1.58899
0.986479
-2.10858
-50.8686
-0.224805
-0.135541
6.33691
0.95529
-3.59157
-1.75505
-2.82977
0.0543087
0.82306
1.37047
3.6022
1.29659
-0.403722
-0.0553719
-54.6013
0.0918053
3.15982
0.205499
-1.11136
2.95552
4.51221
-0.243789
23.3926
-7.28163
0.753622
-2.16823
-0.271441
-1.4797
62.3724
4.58086
-1.94514
0.507009
0.683508
-4.50261
3.79461
0.515964
0.309947
1.89656
-0.187868
2.01048
0.0496573
2.42808
-6.60694
5.04483
-10.4056
0.583145
1.9069
0.478954
-0.019214
-1.37765
2.25572
-0.221811
-1.24291
-2.66876
-0.325811
3.15331
40.7269
-0.658347
-0.771361
-1.46902
1.19025
1.30073
-0.621418
-2.59133
-0.974884
-9.53396
-2.14925
20.8629
-1.02221
-0.21571
-0.229376
0.116961
0.326144
0.558887
-0.818296
-4.94387
-0.0606849
0.397604
-0.294828
0.659452
0.472275
0.35385
-1.22765
0.964499
0.105253
3.24727
-72.2129
0.768749
-2.66744
0.619251
-0.282026
-1.15585
0.226662
0.304139
-1.48323
0.420865
-0.780116
7.75621
0.223072
-0.572683
-1.81243
-0.531772
0.000870614
-5.31922
-0.150354
0.0397086
0.372005
-3.2041
-0.907694
4.7275
-0.238336
-0.244963
8.9681
1.0394
0.385356
-0.962525
0.405054
-0.699583
-0.529838
93.0515
0.262383
0.731888
-1.6834
2.354
1.57904
-2.41402
7.83383
0.0955382
-0.693064
0.876976
0.914555
-1.21431
-0.483037
0.51667
-0.52481
-0.415499
3.0103
0.668733
-0.216383
-1.71791
-1.15547
1.13741
1.58876
-1.0364
-0.598853
0.178916
-0.388633
-2.42616
-1.62936
-0.134127
0.49975
2.94687
-90.2235
2.20383
-0.990852
-0.10594
0.470556
2.29048
-0.844359
-7.06582
-0.627974
-0.339713
5.47622
-1.55741
0.452317
0.172931
-0.742819
2.03091
-0.769318
0.0710204
0.0683465
-1.95215
-0.613637
-4.0121
0.121751
-0.889799
-0.513131
0.942448
-0.27423
-1.79908
2.72945
0.0704723
3.14877
-0.566432
-0.996304
0.529789
0.517096
-0.5199
-0.265811
-32.7445
-0.460433
-0.0344117
10.9026
1.18875
0.0537152
-0.890999
-6.95244
-0.217741
-0.489333
-0.0235015
3.44574
-7.87388
-0.566091
-0.598419
-0.822654
-2.47558
-0.920093
-0.10921
-0.399571
4.29472
-0.592463
0.43212
0.323942
-2.08663
-3.34508
-40.2113
-0.590921
0.110513
-0.102839
0.778699
1.01344
-0.992493
0.219172
-10.8728
0.331628
0.992387
-4.46132
2.8719
5.42373
-0.121506
2.46516
-0.423151
0.1893
-36.6215
0.15566
-1.39879
-4.93812
-0.525662
-6.81853
1.18176
5.47892
2.63067
-3.0055
4.01345
0.0391203
10.2692
0.239907
-3.69697
10.9439
1.89026
-0.148132
-2.96364
0.896942
-0.131144
-0.622167
4.54476
-0.662085
-1.15735
1.22435
-3.68352
0.413479
1.47519
3.04453
-0.357336
-0.366431
-0.174827
2.48498
-0.311089
-1.32347
0.135764
1.64264
-1.01457
0.458049
27.8366
-1.05525
-2.43263
0.00786551
-0.910821
0.344899
0.705398
3.89393
0.533783
-0.473248
0.167547
0.14983
-2.54487
-0.0785617
-0.629746
8.68648
1.98676
0.783591
-2.73884
0.212553
-0.346684
-2.7134
-1.08223
3.63898
0.201188
-1.57624
1.4766
7.96434
-0.488082
1.91222
-1.70487
-0.0260716
2.4846
-0.0427541
-0.130687
0.0447189
0.2291
-19.5086
-1.72275
6.16559
0.206869
-8.21385
-0.619337
-0.217712
0.414287
-7.70278
-0.142725
-2.27898
-0.460304
-2.31735
-0.00471158
-1.1663
-1.3191
-0.0276385
0.456638
-0.909174
-1.69942
1.5825
0.718283
-0.783292
-3.40693
14.3629
-1.20155
1.30886
-0.713494
-12.4267
0.377155
-7.73111
-0.149427
-8.41843
-26.715
0.231154
-0.201803
-0.598426
-0.671246
6.70151
-0.418102
-0.529086
-0.0211418
-6.35331
0.596337
2.41593
-0.263276
-0.178379
-1.18289
0.202637
1.84094
0.403825
-0.00103472
-0.63752
-3.0567
0.675417
2.10548
4.50887
0.438072
-0.467873
-1.72705
-1.06634
7.6221
0.687492
-0.711184
-0.867582
0.631721
-0.0712818
-3.40681
0.754011
-4.43333
0.425119
0.690466
0.19169
1.26208
-0.0372806
0.419172
0.905442
-0.0998094
-0.216201
2.32546
-0.573697
-0.35121
2.61942
0.0190751
-0.910008
-0.881859
2.10954
-11.0149
-0.425669
-0.560946
-0.728313
1.14288
10.1523
0.417694
1.87349
-1.12497
1.53915
-4.69667
0.561573
4.7984
0.804278
-0.10319
2.53306
0.249183
0.502807
0.578956
0.342921
-0.0683829
1.87921
1.73319
-0.544737
-4.65131
2.02233
-2.3905
0.109359
0.275254
0.0199351
-0.842975
-1.44546
-41.4487
5.176
-1.87753
-1.40355
-1.03047
-0.722723
0.00141091
-0.388779
-31.3932
0.0868805
1.24502
-0.771902
0.124183
-1.64958
12.5891
-0.589703
-0.929734
0.711649
0.983143
1.04247
-8.9778
-2.52369
1.64544
-0.266257
1.77696
-0.196005
-0.165288
0.860659
1.03462
0.380925
0.960815
-2.64113
-0.55817
-1.93671
8.61081
1.30059
-1.57923
2.67818
-4.37661
0.0681243
-3.09199
-0.180483
-1.56615
-1.01515
-1.76355
-2.12485
0.309195
-0.24631
0.299608
0.533559
0.877155
-0.899126
0.0539833
0.743527
1.5111
0.968154
-0.0346492
0.112891
2.1187
0.223746
-0.857931
0.420457
0.762937
-0.976165
-2.61805
-1.20359
2.55463
-3.15541
-0.154762
1.16431
-1.60892
0.831173
0.929564
-0.520852
-2.4466
-0.264834
-1.17757
0.592923
-0.26485
-0.356173
-1.06146
-0.0864645
0.819947
-1.8112
-2.97794
-0.198892
0.0850097
0.243292
-0.422689
-1.05618
0.974771
0.473671
0.763014
-7.29325
0.396869
-0.179982
0.889731
1.05514
-0.0903931
65.8007
-1.0444
1.15085
0.42614
0.614187
-2.8657
-0.0497382
0.12695
0.574927
0.742202
-0.565146
1.42064
0.170197
0.823972
0.407442
-6.49057
2.0446
-1.62444
-0.460188
1.00075
-1.04188
-1.3898
-0.121344
-0.264268
0.680393
-0.19626
-2.39906
-0.0671726
0.217831
4.15357
-0.374264
4.95596
-0.854055
-0.925423
-0.586712
0.813994
-0.317402
0.189574
-0.247433
0.807667
0.108316
0.0437195
0.0686889
-1.22355
6.59594
-1.11775
-6.8953
0.362673
1.52087
-0.943263
-1.07948
-0.337081
0.557486
4.58168
0.863825
-0.275995
0.230767
0.413177
-0.170446
-3.53933
-1.05682
-1.71343
-1.08025
-0.582504
-1.96776
-1.95707
6.37195
0.355556
-0.300818
4.39532
-4.68342
-0.508624
0.490137
1.38241
-0.0230305
0.596771
-0.632193
-0.567242
-0.0951116
0.695117
-1.75668
0.529126
-3.72829
9.02768
-0.278557
-0.969189
0.515765
-5.03918
-0.398702
0.328005
0.833674
-0.135469
-0.650176
-0.454498
-0.446153
1.22501
-1.18712
-3.42598
-2.77268
0.363695
5.12286
2.99498
1.53373
-0.443035
1.56386
-1.47391
-1.07511
1.55708
-0.349596
-0.242612
-2.06056
-0.597077
-0.900613
1.12857
0.993689
-0.39877
-0.254396
0.336546
-7.17242
-0.756451
1.28092
0.851047
3.63955
-0.58677
-1.06313
2.23881
-6.95864
0.754832
3.91659
0.358084
0.849111
-0.572124
-0.594461
-0.179804
2.38014
-0.0303971
3.14356
19.7577
-3.47918
0.609361
0.145376
-8.91246
8.54373
-2.00942
-0.966455
-2.13343
0.0119338
-1.27785
-1.34205
1.11184
0.565066
0.831515
0.404837
0.586484
0.382769
1.95695
-1.09019
1.56092
10.4767
-6.20664
-0.386925
0.243031
-2.59181
0.880701
-0.255192
-0.496395
0.739961
0.221398
-0.706919
-0.715237
-2.95432
10.0895
1.19154
13.365
50.2718
0.933196
0.114922
-1.90228
0.512664
-0.793745
0.856779
-4.79486
0.421851
10.0068
0.369279
-1.80406
0.693399
-0.534067
-0.6012
1.54379
-0.488966
0.107692
1.53294
-0.3522
0.0840353
-34.3414
-4.15564
1.44478
0.448121
0.58283
-1.00993
-1.73621
-1.10049
-2.2795
-13.9322
-0.897788
-0.332479
0.0813358
-1.04077
-0.103126
-1.76367
0.595924
1.58018
-3.30794
-0.118215
-0.908177
-0.37991
-1.75447
-1.26745
-0.91809
-1.42428
2.76846
4.97876
2.80707
-0.685312
-0.384365
-2.39457
-0.15191
1.17624
-9.55968
0.384723
3.37193
0.888914
0.0933335
-0.924469
3.58425
1.40005
3.42772
1.02786
-2.18027
0.546166
-2.75655
-0.507992
-7.12617
-1.27781
-9.23044
1.50426
-0.759628
0.49197
0.0277315
0.481895
-1.08004
2.28809
1.36119
2.21101
-2.2693
-2.95228
-0.3984
0.23112
-3.39001
-0.690021
-9.91185
-2.46716
-4.27945
-1.43434
-0.970971
0.0198847
0.454334
-1.27168
-0.0882063
1.20921
-0.748143
0.301015
-0.730261
0.102142
-0.152295
-2.74656
0.145825
1.27571
-0.764586
0.283075
7.94429
-0.623198
-0.894009
-0.931917
0.54945
-0.0033295
1.44757
-0.566416
-0.0140813
-3.98477
-0.80253
0.0943822
-0.421071
-1.42336
9.49841
3.20424
-9.33836
-0.691336
-4.06171
-1.04718
-0.0128415
-0.163734
-1.26698
0.8541
4.60473
1.04916
-0.183762
-0.289688
-1.23604
8.57068
-0.23839
0.000275631
0.961368
-1.32082
-5.87335
0.092685
2.73422
-2.99818
-0.828128
-1.15733
-2.91394
-54.0609
-1.72431
-1.13452
-5.24271
0.506849
0.101685
-6.49081
-0.960196
-0.798581
28.4414
-0.190184
0.846676
0.0214397
-0.0378899
3.28015
1.28462
0.0919221
0.27762
-0.156196
0.287899
-12.0018
-0.320402
0.296215
0.0200794
2.59559
-0.149067
-0.835999
-0.136746
-0.212758
-86.1193
0.962357
-32.5521
20.9575
24.9492
-4.75481
-0.107257
-0.256878
0.873869
0.126683
1.57351
-0.437827
-1.01232
3.06857
-2.03805
-0.349258
0.0593388
-0.254289
-0.237854
0.192354
-0.396452
-0.375599
1.06267
-3.95726
-0.499102
-11.8507
0.861948
2.26676
-4.33571
0.317168
-0.0642915
-1.10605
1.51517
0.817812
1.40451
0.170468
-0.613293
0.305758
-0.546271
-5.62626
-1.77659
0.0892463
2.70704
0.315072
0.464245
0.310742
2.23484
0.154397
-0.264075
-1.26151
1.03268
0.169814
0.090809
-2.41237
0.131483
0.243742
12.734
-1.68967
0.219085
-1.72499
39.4824
4.87172
-2.62636
0.397868
-1.18539
-0.243642
-0.218518
-0.611962
-1.43297
-0.382711
2.7031
-0.448736
-0.0503134
0.426327
0.293844
0.728427
-0.899333
-6.42388
1.33254
-2.25879
-0.201381
-4.44711
-0.567763
-803.616
0.383614
2.25952
-1.3415
4.11084
3.99695
-7.36675
-1.52798
-2.57279
0.410103
1.44339
1.30463
-0.436338
0.833746
0.391262
6.25182
0.607948
-12.2396
-1.26261
3.34403
-1.29316
0.0908749
2.06441
0.628961
-0.167595
0.370144
-0.599779
-1.92349
-2.28097
3.06838
1.11741
-0.524144
-38.7776
-1.88636
-1.23488
1.18965
0.826253
-0.132771
34.308
-0.134211
-0.00351942
0.730965
-0.547208
0.968138
-3.03963
-3.38717
-7.03267
-0.0949526
6.11276
0.117935
-0.472092
-14.9846
-0.18781
-1.11623
-0.835259
-2.82889
1.13078
-1.29514
-0.369402
1.36924
2.30559
0.483299
-1.61449
-0.933933
-1.99849
-17.1417
2.68265
4.67343
0.480508
-0.432846
0.194345
-1.42662
3.72157
-0.323906
0.541535
2.6867
-0.440324
0.863637
-0.352797
-0.680298
-1.3199
-0.0644535
9.74952
6.63347
86.1127
-0.766538
-0.439218
0.273153
0.550469
7.40476
0.95352
-0.379887
3.76726
8.99324
-0.58297
-1.23966
-0.612987
-0.943962
28.2231
-0.230798
42.0318
-2.19785
0.301383
1.0761
-0.113506
0.322606
-3.3562
25.0898
0.440519
7.57904
0.82441
-0.58123
-0.0844011
-0.874332
0.0220748
2.70965
-2.25009
0.284515
-4.04777
-6.83132
1.86178
-4.27404
-0.0660972
-0.652298
-0.336171
-3.99996
-0.123019
-4.12104
0.621206
-0.693508
3.42652
-2.41202
2.47113
-0.503056
0.0553802
-1.74781
0.526053
-0.915188
-1.06378
-1.57312
-1.98713
-0.362288
-0.545911
-0.0542776
0.0751277
0.0467224
-0.646469
3.19806
1.53571
-0.437852
0.376273
-3.4146
-1.22656
0.585669
0.32261
0.156336
0.666227
-4.03175
11.4431
-1.47031
-0.0312814
0.163115
1.13653
0.260957
-6.2758
-0.272574
2.26486
0.257144
0.412022
10.8423
1.99204
1.2567
0.958505
-1.07211
-1.69732
0.063379
-1.48518
-0.346526
-1.09591
-0.105009
-0.980305
-1.53633
5.23758
-0.502037
-4.08135
8.69914
0.746866
-1.40077
0.0879461
-0.292324
-0.302926
1.9626
-2.08372
-0.696427
-0.0805478
-1.33316
-0.356997
-0.0954766
-280.676
-0.636321
0.384163
0.190066
0.175381
-0.132839
-0.0255382
0.686946
0.0732077
5.75488
-1.55603
6.95989
-0.672068
-351.008
0.247059
0.270153
8.99303
1.56326
-3.21766
-2.28019
-29.9043
8.00602
0.0662994
1.99746
-0.518722
-0.200632
-4.50134
-1.8557
-0.545646
22.1054
-7.84234
0.333512
-9.49538
-0.97009
0.883079
4.06545
-0.267337
0.497459
-0.753633
-0.961849
-0.350651
-2.47097
-0.144732
-0.88014
0.361683
0.0852256
0.630721
0.23768
-0.107215
-3.05344
-3.04309
1.19713
0.755291
-0.406349
-10.3683
-125.827
-0.743883
-0.890747
1.02196
0.690267
-0.618405
1.31968
-1.55639
-0.707764
16.868
0.619158
5.98699
4.12408
-0.55457
-0.369667
-0.507732
-2.27422
-1.71602
0.316839
-4.54147
-0.0390511
-3.1536
-0.423749
-1.48858
1.63323
0.778936
0.460637
0.336829
-5.86821
0.459658
2.9113
-0.0579105
-0.87649
0.0064323
-2.16409
0.909526
0.37705
1.52941
-1.00761
-0.0965284
-1.54349
-2.59073
0.335516
-0.212908
-0.158005
-0.767509
-0.31596
0.0999111
0.263655
1.66982
0.366274
0.327007
1.04091
0.372714
6.35322
0.326522
0.480792
1.29577
2.04141
-2.71754
-0.344963
-0.561609
1.0657
-5.50978
-0.378773
1.04862
0.161056
0.508663
-1.06673
-7.81046
-1.80526
-2.87135
5.28964
0.115104
0.10805
-2.79777
0.315778
-0.38638
0.100349
0.523177
-0.651208
0.294213
1.45742
-5.44591
-7.50426
4.55242
0.360639
0.175718
0.707802
0.590899
-0.897995
-1.21396
3.1294
-0.37489
0.891044
1.3233
-0.329409
-1.8944
0.534523
-0.7854
-0.423146
-10.8556
0.126573
0.233169
0.32815
4.62009
0.508269
-0.00248091
32.9945
1.06997
-0.0754669
0.486719
2.5172
-13.7276
-2.14354
-0.59314
1.59015
3.13841
0.184048
-0.925741
0.00893625
5.23483
0.0656042
-0.135005
-0.504691
-2.83015
0.36159
-4.08415
-1.26136
1.3734
2.35804
0.62142
0.226163
-1.54462
-1.61729
143.454
-257.701
0.269464
-0.149708
1.95095
-1.11793
-0.4822
2.21369
0.374004
-6.26862
0.366624
7.84441
-1.89228
0.546064
0.659095
1.91231
-4.22547
0.599669
-0.778445
-0.364216
4.54675
1.76138
0.349819
0.298457
0.0901457
0.330088
-0.0279054
-1.3012
-1.50118
1.2756
-0.251928
1.29969
-1.52563
0.120397
0.176527
2.1221
0.0670042
-0.0341454
-0.123581
0.48732
1.58302
-1.03267
1.35732
-0.600781
0.377401
0.594155
-4.63101
-0.199233
-1.29505
3.2376
0.646338
0.754683
0.844633
-8.08519
-2.23791
-0.189508
-0.700325
0.951499
-0.481425
-0.81269
0.557481
-0.314302
3.81745
1.05883
-0.814274
-1.65718
-2.88808
0.911791
0.549601
-1.32024
-2.254
1.23516
0.112061
4.53824
-0.0988556
-0.0296207
-1.95128
2.20702
2.16082
-0.588123
0.41062
1.02095
-1.00492
-0.993301
-4.32525
-2.01906
1.30718
-0.0709708
1.22583
-0.924635
-0.142621
-9.5119
0.227808
0.420105
-0.251356
-0.332598
-2.90492
0.696185
-0.687327
2.33294
-2.25948
7.6139
-0.148785
-0.715245
1.43439
-6.5187
3.55203
0.224056
-3.0056
-0.434559
-0.32898
1.12186
-10.5177
-2.16219
2.65489
0.243752
-0.613464
-0.385241
0.259363
-0.328349
0.475725
1.2712
-0.591251
-2.37311
-1.49261
-0.738824
-1.82734
1.70304
-3.00128
-1.09012
2.55752
-0.283896
0.958282
-0.21915
0.340711
0.399355
-2.55043
-0.197325
-1.09939
-0.177508
1.14557
0.137121
-3.089
0.0134372
-4.9173
0.397223
0.208523
1.18823
0.552947
-1.47671
1.13418
3.3064
-0.471896
309.817
0.119348
-5.11203
1.26494
-5.55728
-0.576934
-0.256556
11.6044
-5.018
-1.11596
0.860088
0.823605
0.118502
1.33039
-1.16077
7.68843
-0.840942
-1.11086
1.58472
-31.7392
9.20473
-2.16435
-1.98795
0.330079
-0.201284
-0.4515
-1.2537
0.298453
-11.3371
0.37778
-1.80752
-3.35348
-1.39887
-2.41994
8.90393
2.31987
3.29968
-1.40323
1.1091
4.64594
0.311616
0.780049
0.832966
-0.0860962
0.566932
-28.418
0.559021
-0.889161
0.0824187
0.912696
0.0337862
-0.599097
-0.671334
-1.52727
0.249023
-1.17545
-0.789193
-1.42987
-1.6499
-1.09071
1.59205
-0.307558
-5.59714
7.14676
-0.398434
-4.39301
-3.60207
-0.280963
-1.94838
0.825654
-0.804107
0.427727
0.80774
-4.41956
0.341796
0.44498
-5.87661
0.370811
1.78772
1.43354
-0.406184
-0.334007
2.84479
0.0928933
-2.72297
-1.05335
-0.256845
1.71489
2.62446
-1.04611
-0.0737843
-0.472966
-12.2621
1.94064
-0.658886
0.774347
1.52297
0.704462
30.0691
-2.26427
0.835505
1.77829
-0.533308
0.728729
-0.680468
-1.99558
-3.35146
-0.483154
-0.645998
1.06408
0.534794
-0.326567
0.81123
8.37227
0.236748
2.25698
-0.357113
0.19037
0.347953
-0.313904
-0.958557
-2.20967
-9.00856
-1.39282
-0.568854
1.32402
-0.326801
1.77428
-2.13403
-18.4943
-0.214249
1.24489
2.59115
-0.790487
20.5034
34.7361
-3.86467
0.964385
-5.51326
3.25738
-3.77887
0.614606
9.42797
-3.0168
0.301218
16.0433
-0.997911
0.855066
-1.46309
0.479794
80.3221
3.30931
1.52959
1.35532
-0.509508
-6.18368
-15.9758
-0.789268
-0.990138
-15.8537
6.04055
-3.67603
6.43266
-0.0651427
-0.623714
-9.57872
-1.39779
-0.306154
0.384222
0.859635
0.428145
0.00491256
1.1334
0.983511
1.69384
-1.04192
0.680334
32.1289
1.03172
1.59044
15.161
-0.567177
-4.62564
-0.475614
-1.64741
-9.06374
7.11353
0.486808
2.95311
8.76115
1.86623
-14.7504
3.07912
-0.94355
-2.335
-14.8437
0.412571
-0.876532
1.22601
-0.25609
0.805801
-0.586763
0.909944
-0.134746
0.0257463
-0.11585
-2.64627
-0.385809
1.49688
-1.81006
-0.690102
4.85867
4.87423
-56.2879
0.662563
-10.307
0.851291
1.57078
1.47461
