0.452643
0.455747
-0.30687
15.4101
-0.248531
2.90699
1.3778
-0.524354
-0.691785
-2.02142
-0.298309
-0.892141
0.461458
-7.0879
-9.03848
-0.267927
2.73498
0.0301149
1.81625
-3.27175
-11.7782
1.21657
10.7088
-1.7799
-2.64773
-0.940275
5.15429
-3.35863
69.9815
-1.42886
0.60735
-0.460028
0.22618
0.211724
-2.10013
-8.04834
0.267711
-1.44995
-0.853656
-1.50417
-0.0893673
-0.39955
0.021883
0.101893
-0.0357924
-0.554241
-0.372938
0.76371
-2.92127
-1.23056
-1.4161
-0.123537
-0.0306844
0.414963
-0.0308947
1.05286
3.56096
0.460946
-0.87379
-1.47652
-1.14875
0.0142677
1.20958
1.80189
-4.19747
-0.553138
0.463631
1.07867
-1.43462
-1.29047
14.8943
5.37838
3.04701
-1.00978
-0.014392
-2.88685
-0.477489
0.495644
1.23651
-2.96183
-0.50057
1.02862
0.800955
-9.7142
-0.129184
-6.43898
-0.917569
-1.15154
-0.706772
5.36512
1.01328
-0.473862
10.8944
0.0389686
0.266908
0.720714
5.11665
1.94572
-1.04082
0.736833
-0.141148
1.68683
-3.14019
-1.40237
-0.434143
-0.965133
2.26465
1.20397
2.31415
-8.24247
-0.26657
-0.490955
-1.92648
0.528106
-5.0691
0.337262
-22.1711
-0.758403
0.221143
2.08995
-0.351207
0.473844
0.402349
0.528849
-1.27227
-0.453472
15.2751
-0.285711
-0.416166
0.17149
-3.03308
-0.658162
-2.14507
1.49255
0.673282
2.39591
-3.63258
1.79446
-1.72101
0.782825
-1.49859
3.30682
2.18731
-7.99391
-1.08029
-2.07154
-0.930116
-0.232916
-0.0321296
-0.299716
0.797252
-0.518187
1.76287
-0.0543927
-13.582
-0.130912
-4.45511
4.15803
-0.469896
1.11583
0.238891
-0.386932
0.962788
-1.65823
4.58803
0.960669
-0.115128
0.499697
-0.38011
-0.87173
0.0160192
1.08571
6.35947
-0.485446
0.0908812
0.177443
-3.64499
-2.10609
1.51023
-0.312413
0.199616
-0.693034
30.4823
-263.337
-0.487807
-0.497679
8.04828
-0.425321
-2.30989
0.831343
0.048115
-1.51181
-0.770826
0.38521
-0.89342
3.59531
-1.04969
-1.99943
8.67154
-0.551964
-0.572474
-0.243915
-0.495532
12.9633
-1.37572
-3.72296
-0.355517
-0.217514
-4.61441
-10.8137
12.3361
-0.605357
6.76422
0.724959
-3.52148
0.759827
2.30823
-8.58091
2.79155
-3.6102
5.08378
0.754477
-0.137543
0.128888
6.72218
1.02239
0.191711
-0.0739003
-8.36583
-1.18109
-0.256296
23.6436
-62.3235
-0.515036
-0.334893
-2.22173
-0.621002
1.18094
1.05754
16.096
-0.828552
-0.377823
-0.702565
0.824943
0.0919891
1.31437
1.10659
-0.00594442
13.5337
0.521043
-6.3061
-0.240531
-2.03658
0.215017
-0.536834
0.0135427
2.55736
0.0433956
-5.10366
0.0652137
-0.384855
-1.5383
0.338161
-1.04052
0.136717
-0.410601
0.629813
0.113852
0.496595
-0.61783
-15.6584
-30.2459
1.36748
-0.221844
0.458586
2.58401
-0.259399
0.041178
5.63121
1.3233
-2.25931
-4.13893
-1.85842
0.568982
-0.934829
-0.581808
4.03798
-0.397173
-0.910148
1.92804
-2.34677
-0.118943
4.45102
-1.18542
0.752804
-7.12309
-1.03028
-0.60462
-0.820936
-9.80315
7.8347
0.213227
0.969769
-0.367961
-0.418857
0.0435458
2.8971
-0.370244
0.135166
-0.822326
-0.57048
0.120309
14.7617
5.113
-0.881277
-0.413383
-1.05687
-0.83245
3.23855
0.308946
2.33282
-0.596977
-2.86897
-0.205079
-0.465175
4.77955
-2.38111
-5.80278
0.722152
0.395374
3.22734
3.78431
0.617968
-1.55948
-0.485178
0.566442
3.84517
1.772
1.26469
-1.31598
-0.877269
-1.35333
-88.1113
-0.343254
5.7283
-0.620202
0.554377
-0.654239
0.20498
2.10775
5.63763
13.7357
-0.0978382
-1.22547
-3.99781
1.68708
2.75028
-0.761622
3.98771
-2.31902
0.371818
0.135491
0.207505
-0.246869
-3.08087
0.14767
-0.0281094
-2.43771
-3.83383
-0.472125
-272.556
9.14547
-0.367694
-0.558934
2.92861
0.761541
-11.1697
0.539693
1.43715
-0.328052
0.431509
-4.24662
-1.86001
-0.228067
-0.0539029
-3.72986
-0.633562
0.078749
-0.925032
0.776128
-0.833962
1.10085
2.18604
-1.69105
0.28775
-0.57227
-1.68957
-1.94721
1.21473
-1.32421
15.4917
-1.06084
-7.17318
-0.273406
0.299781
-0.0461048
0.0435352
-0.194344
-3.86809
-6.03605
-0.375197
0.73266
1.25091
-7.88492
-0.79484
1.00766
-2.45572
-1.4389
-0.126327
-0.345755
14.8996
1.61489
-0.0320471
-1.16929
-1.26719
-3.45174
0.804539
0.0299485
0.0492047
0.25369
-0.668933
-0.967574
2.28499
-0.783956
-1.13846
0.780474
-0.745575
1.76178
3.62995
-6.27513
0.207929
5.66607
-0.560938
0.0661171
1.59305
-7.06966
0.17016
0.763841
-0.268542
-2.05286
0.296827
0.495288
-1.87509
0.198513
6.94083
4.19519
-26.3668
0.227141
23.8123
0.515753
3.075
1.0421
1.72328
0.597251
0.860546
1.11373
0.867195
1.3595
2.62427
-22.1064
0.118726
-1.07747
1.04024
4.48833
-0.898094
60.5688
0.24463
-1.03629
9.30887
-1.40276
1.63428
2.27528
-0.322253
-0.152989
2.25699
-0.540543
0.799185
1.43266
-1.40366
1.32449
0.79597
-0.0418765
2.47347
0.423597
0.80682
1.62926
-0.439161
-2.20111
-1.45001
-0.739856
-0.36878
0.411248
0.845865
-0.326123
-0.826275
-0.373876
-0.192565
-1.79102
-2.44503
1.40934
-1.60762
59.4565
-0.105211
-0.297541
4.90249
1.4981
-0.037035
1.65563
-0.803602
4.17798
2.1088
-0.261531
-2.02179
0.601525
2.01577
2.66933
0.43081
-0.323567
1.47872
0.389264
-1.99866
1.70275
-0.403286
-0.973208
0.499019
-1.72704
-1.52951
0.39305
2.09601
-1.18589
-0.869656
0.0763907
-0.120474
5.36786
4.60784
1.54574
-4.57991
0.394491
-0.538726
-1.27305
-1.3016
-0.512421
-4.09113
-3.14003
1.54813
0.304522
-2.21789
0.167289
-2.94915
1.18007
3.57021
0.825742
-0.88866
1.87421
0.688342
2.71669
2.60764
-0.065315
1.79157
-0.469473
0.980568
0.892152
2.29856
-0.236963
-3.5492
0.0703739
-4.29136
0.66076
-0.548206
-0.631137
-1.59029
1.47509
-0.410666
9.43247
-0.282753
-0.202128
-9.81275
-5.6412
1.80466
-3.86517
0.0109626
-7.63089
-0.96658
-0.329786
0.146466
-0.567903
-1.71049
0.0621414
-0.888112
5.52537
2.10112
0.130156
-0.328766
0.347051
-11.782
-0.369469
0.430277
0.140514
0.349272
2770.72
1.34624
0.401684
-4.23809
0.350702
2.26379
-9.72386
3.53483
-0.313344
0.32938
-5.06039
-1.85781
-49.7064
-0.496785
-2.23714
0.459563
-0.780592
0.477121
0.106223
0.478513
-66.8989
1.99689
-0.659669
-1.90166
-2.94828
-0.590546
0.321149
0.762821
-0.402883
-3.18586
-9.67904
3.35433
1.26861
-0.109244
0.298419
-1.08436
-4.76072
1.35166
0.615193
0.366882
-3.56232
2.01846
-0.00236204
0.507779
0.561408
2.00965
-2.46778
-2.67655
-10.7538
-1.72914
0.311929
0.271324
0.789241
0.780608
0.721923
-0.351204
0.620641
1.51511
11.416
-1.04482
-0.893143
-0.673665
-0.989687
13.6533
-2.92503
1.21427
-0.685384
0.844875
0.304905
0.200596
-0.110891
0.049653
3.9968
-1.14371
0.37918
-0.301904
-51.2955
1.55749
10.9635
0.41794
2.16499
-0.272095
-0.176358
-0.984357
0.834176
-0.835285
12.7301
16.5306
-0.215957
3.52623
0.0535215
0.454607
7.47287
-0.728975
1.04481
0.726021
1.9025
1.41127
2.16224
-0.421929
2.0929
0.399561
-0.282469
1.16698
-0.179982
-2.46824
1.20262
1.82913
-0.192575
-0.685923
1.27691
-2.17588
-0.548588
-2.34093
0.598351
-0.446681
7.69505
-0.733993
-1.07444
0.165518
0.678417
-2.09363
-0.784584
0.0415647
-0.672778
1.72858
-0.695596
14.3371
0.580342
-0.94367
1.8112
-0.713415
0.879237
-0.313543
-0.213336
1.74944
-2.95183
7.25445
0.133141
0.011711
-0.530256
6.10724
-0.38585
-1.48147
-2.39134
0.128639
-2.29103
6.96155
7.211
-0.625768
-0.782776
0.160545
-0.518373
-0.0229825
0.927583
-0.219837
-0.512298
-0.818171
-0.854963
-0.509111
0.434282
0.67503
-0.119064
-2.45838
0.251562
10.0973
-35.2255
-1.92296
-2.06988
-0.312226
-1.72958
0.751537
0.160705
0.75694
0.143545
-7.05205
0.0233978
0.255022
0.179618
-3.717
0.339369
0.291849
-0.168025
-0.184685
0.0303873
-4.19497
-0.0840378
-8.83641
-4.49643
0.0379491
-3.31597
1.17474
-0.807698
2.17238
-0.777211
1.61375
1.79622
-0.343381
0.0445999
-1.25675
0.0787835
-2.50109
10.571
-0.804902
-1.35139
-0.790637
0.729706
-0.131123
-0.678908
0.1616
-2.10433
1.65008
3.16661
0.00822305
2.13555
-1.86142
-0.0600488
5.77251
0.86441
1.27844
-11.1557
0.295255
0.639726
-0.302689
-1.47176
2.45897
-28.7409
-0.623493
-0.831635
-0.0175049
0.721322
-3.45537
0.467312
0.399334
0.754983
1.33983
1.49189
-7.5316
2.14823
-2.44335
-0.676311
-0.780664
0.666649
-4.47744
-18.2002
-0.414406
-0.212465
-0.662594
2.07022
-0.541594
8.44115
42.6506
-0.0970275
-0.0413369
0.719552
1.05113
2.84633
0.202676
-2.19111
0.556536
-0.461394
1.49433
-1.46683
1.21132
-0.23772
-0.970537
-0.0660515
8.9034
-0.00690482
-10.2285
-3.23353
-0.606093
0.239083
0.682429
-3.10635
-1.62902
-17.5915
-0.46429
-4.00572
12.6737
-19.7835
-1.05948
-0.530657
-0.16128
-0.00187972
0.0462742
0.201983
-1.4971
-0.0393669
1.38317
-3.15869
9.25623
-0.229003
0.277834
0.46307
-2.38348
-1.74498
0.948216
0.189312
-1.16691
-0.00748007
-0.253917
-0.279902
0.391967
-5.70732
-0.663462
-0.60185
2.0062
0.981958
1.78587
0.0144958
0.433515
-1.55617
-5.03281
9.51058
-0.201597
-0.447138
-1.4444
-0.114994
1.7806
0.674914
0.536598
2.48842
0.0562373
1.40409
0.708402
8.40674
5.11332
-1.03263
-0.672359
0.882236
3.79572
1.4708
-0.0264026
-0.761481
0.144969
-9.34642
0.432695
5.68989
-0.857207
4.85358
-0.405009
-0.781108
-0.649171
1.05697
1.67639
-0.206756
1.44696
3.24968
1.93025
2.02347
-0.245887
-0.323374
-0.205225
11.3266
0.722676
-2.61445
0.398525
0.456827
-0.586245
-1.06763
-0.87218
-1.20561
-0.465048
-5.31075
-0.486301
0.962687
0.357593
-0.16231
-0.0435047
-2.75957
-2.61258
0.776535
2.62936
7.31194
-0.157475
-2.12436
1.02212
2.8252
0.0052599
4.09468
-2.22155
-0.0999906
0.953659
-0.0639066
0.811416
-1.61795
-4.50226
0.764201
11.1437
-0.553946
-6.79009
-0.521792
1.42614
53.2472
-0.605581
-0.293292
-0.380845
1.82143
1.93632
0.435483
-0.191543
-0.162989
4.36244
0.132292
-0.222037
-0.0482972
1.90934
-0.822432
1.70203
1.20913
0.155936
-1.48769
8.46902
1.07561
-0.222806
2.64187
0.272534
0.0709094
1.78382
0.236119
-1.03404
4.91754
1.72015
0.340129
0.938893
-17.6468
-2.20286
0.631204
-0.0292888
-0.320328
-0.32662
-1.12062
-0.294797
0.977206
-4.87099
0.391212
-0.317071
-1.06033
-0.201429
2.57548
4.18197
0.657242
-4.41397
-0.742292
-0.793366
-17.2287
0.685707
38.0514
-0.367435
-1.43737
-1.36584
-2.06209
-1.75135
2.18374
-6.27087
0.096488
1.37314
0.892142
-0.369007
1.12633
1.69923
3.03209
-2.07016
-0.558011
6.8023
-0.494521
-0.852441
-92.8134
2.13007
-0.834281
-0.928435
-0.124308
31.2145
-0.419595
-0.239524
-24.7886
0.899971
-67.0277
-0.00437943
0.332946
2.13698
0.202579
-0.446872
-1.79257
-1.21864
0.54669
-0.263758
0.0975937
0.0704897
-0.22282
6.88359
-2.40641
0.793782
-0.939601
-4.59062
-0.482519
0.755091
0.139069
1.36962
-3.44951
-0.999899
0.126935
0.0635154
-1.16879
0.8143
1.01813
-135.421
0.128344
-1.17523
5.60541
0.0733927
-0.91824
3.76818
-0.672527
-0.35412
-2.51909
-1.08832
11.302
-3.33186
1.25232
-0.525775
-0.217436
3.0443
-2.917
4.82896
-16.9809
0.837487
-2.39439
-4.00529
0.44334
6.97129
0.971222
-7.70539
0.284212
36.5215
3.23202
0.183939
16.4791
0.827715
-0.399281
-0.265245
2.67007
-0.0711244
3.57406
-0.681874
2.20254
-0.018281
1.55527
2.07861
0.107185
3.06294
-0.984605
2.21109
-3.08537
-0.148186
2.97687
0.847171
-1.16455
10.9193
0.155088
2.14799
0.315206
0.306336
0.304621
-0.800456
-19.7307
33.4476
0.590434
4.50577
0.0223648
2.57721
0.0676313
19.7351
-0.843292
0.896552
1.22587
0.432427
0.61819
1.81388
-0.273733
-6.21815
1.40187
3.99004
0.418897
2.04882
-8.39173
0.814087
3.46418
0.362279
0.352076
0.577919
-0.651382
0.557645
4.63267
1.13203
-1.19768
-1.43949
-1.67267
0.339981
5.07832
-3.40098
-1.78618
0.479295
-0.57542
1.17674
0.818325
0.862296
4.70066
-2.57004
2.81829
1.06763
119.746
-4.44809
3.77754
1.82816
2.77736
2.22955
1.09576
-1.09358
1.0035
-1.45572
1.0414
1.43173
-0.156298
2.26387
-0.745648
-1.86711
7.39702
-0.146585
0.101239
1.34903
0.821283
1.79665
-0.00227613
-1.08231
49.6965
-46.4634
0.822354
2.25825
17.1569
0.25301
2.46113
-0.594461
3.53965
0.153502
-0.444367
3.44218
-3.0936
0.439645
-1.27882
-0.542955
-1.27252
4.04424
-6.7233
0.93944
-0.201889
1.25382
1.25429
-2.22987
0.597118
2.61976
-1.68275
0.656227
-0.426475
-3.59638
0.107446
0.962326
-2.47249
-0.143716
0.60081
0.30151
0.415736
6.53054
-0.692757
-2.14075
-16.8566
5.11243
-0.79921
4.00547
-0.465226
-1.08844
-2.23246
0.358864
0.0133488
-0.170216
-2.84573
-0.375901
0.095121
-0.475362
-0.577651
-1.91239
-3.26979
-0.764805
3.34143
-0.642772
-0.326348
2.78584
-0.234328
-1.2333
-0.417822
0.68487
-2.28009
-0.547968
-0.936536
0.578666
-0.0214419
-0.32513
-0.856508
-1.86674
0.159223
-0.0622646
2.93449
1.64328
-1.45076
0.505554
0.80498
-0.843425
0.0804554
-3.48472
-4.87023
-0.500039
9.10174
-59.4629
18.8709
0.809101
1.60405
0.347999
1.1034
19.3962
4.77073
-0.62134
-0.366142
0.416853
3.15156
0.850216
2.80041
-1.58554
-0.54912
-0.754335
-3.86416
-2.91236
2.62653
-1.40026
-0.956454
9.66799
0.596071
-0.235907
1.26745
0.609497
-0.26853
-0.191127
0.337757
-6.44696
-0.408247
-0.417133
-0.32323
-5.11359
-1.23822
2.48384
1.70767
-0.52086
0.204693
0.791947
-0.927728
1.70709
39.5032
0.0682441
0.886822
-0.504872
-5.1018
0.858063
-6.89774
-1.6891
-3.67522
1.22095
-0.368967
-4.50962
-9.99294
-0.189995
33.3565
4.19777
-2.00816
-0.759105
0.307154
-0.0322054
0.343632
-1.93421
-2.79132
21.2917
-2.78509
-0.244657
-0.115614
-0.401644
0.287243
-0.459403
0.348079
6.48169
-1.13839
-1.27706
-0.411978
3.99804
-1.13408
-4.30244
-2.00253
-9.15082
1.15309
15.0253
-3.0949
0.504735
-0.277603
1.63337
-25.9799
-1.1712
1.73775
6.07394
4.97087
0.63312
25.0289
0.380894
-0.455128
-4.13879
0.572756
-2.01647
4.29972
-0.930878
-4.46604
0.185143
4.98322
-0.321312
3.09756
0.537357
0.272654
-4.59553
0.439116
-3.89788
1.35504
-1.84151
-3.50836
-7.95617
0.0334043
-2.18191
-0.0847266
0.948218
0.706872
-0.214156
0.0742583
0.377804
0.553666
1.63903
1.74975
2.34133
1.80947
-4.11273
-0.740616
-6.08051
-1.34668
1.3812
0.671702
2.49206
-6.44607
-1.95549
-1.55134
0.20284
-0.88594
-56.1639
-1.22788
-4.92426
-0.895806
2.21177
-19.6289
9.39805
1.93276
3.61948
-0.608867
-0.715749
-0.847532
0.969843
2.67496
-4.20985
-0.902994
-1.41351
0.0298031
1.2717
0.868562
-0.114692
3.17834
-0.647235
1.8468
0.683656
-0.762711
-0.662375
0.613334
2.07732
-0.516091
0.517404
-0.486376
-0.905234
0.984811
-1.05353
0.236138
-1.72197
-1.00551
-2.316
-0.370764
-0.375157
-0.0317725
4.25745
-4.25194
4.52408
0.732942
0.0805162
0.312912
0.348028
0.119208
-1.04437
0.210901
-1.34649
-2.32255
-0.381118
-0.478633
0.261284
0.791308
0.435386
-0.0880306
-0.0829577
1.00256
0.755656
-2.15136
-0.630768
3.92083
-0.646439
0.795968
273.715
0.109809
1.1506
-0.92771
0.531786
0.747432
-4.99671
-0.0194869
0.51252
9.73476
-0.509779
-0.464825
-0.213048
2.12721
-0.940429
-1.61965
0.393776
1.93424
-0.23123
1.08341
-5.33923
-7.71493
-0.204899
0.218055
-1.65584
0.594744
0.61815
-1.3383
0.580215
-0.664725
-5.0999
0.306094
1.07293
0.616012
2.96198
2.55951
0.429242
0.296444
3.19716
0.370771
1.76373
9.33203
-1.86066
0.815086
-2.96993
-0.533257
-0.116415
-1.42969
-4.05533
0.82662
-1.334
0.428149
-2.23277
1.33051
-1.46965
2.2048
-6.8879
-0.988705
0.408045
-7.65787
-0.894021
0.0168827
-0.864362
0.143096
0.00276009
0.958836
1.63495
9.39191
0.554596
0.780761
-0.143453
-0.531025
-66.0972
-0.664592
-0.819827
-0.829531
0.639456
-16.1346
-61.2147
-0.0865439
76.0841
1.00434
-0.109117
-0.535452
0.0340938
-1.42203
3.95914
-1.46048
0.32424
-0.621457
1.54166
0.845661
0.612838
4.12939
0.852124
1.18494
-0.194534
10.7037
-0.606321
-0.240539
1.01583
1.08416
-4.308
0.317545
-1.5774
-0.499326
1.70447
2.51523
0.685131
1.62754
1.10538
-0.211998
-0.685936
1.41897
8.86433
-0.941756
-63.0982
-4.13297
-7.52273
-0.302708
1.14181
-0.160187
-1.54521
0.265208
2.13952
-2.21312
0.0132731
0.038643
-0.794273
-59.5073
0.0470067
2.27362
-3.38189
-1.58323
15.7075
1.09362
0.0736529
-0.841173
-4.64737
0.434522
0.355268
0.476143
1.80612
0.983043
8.63507
34.3597
-0.601427
6.30363
-0.312937
4.53858
0.695994
1.11932
0.046145
-3.36582
0.705098
0.00970657
-1.44373
7.29628
1.03448
2.58024
1.49628
1.46665
0.0667652
-0.00197973
0.955465
0.725237
0.809428
0.0457976
-1.32307
1.19259
-3.05788
-0.506007
5.75639
0.0377529
1.47151
-11.5995
-0.715649
-1.54753
17.9908
-2.81325
0.37018
1.59829
0.212564
0.389944
-0.181028
-7.86357
1.78579
0.802464
-1.52019
-0.229423
-0.638932
2.29423
0.584494
-9.47463
-0.408106
-2.29956
0.254229
-2.40235
0.233874
1.11988
0.276959
0.875761
-1.0956
-1.66317
0.938585
-1.32529
2.11694
1.32411
-7.08801
-1.47021
1.82428
-47.8335
1.1236
0.142277
-1.57987
0.414936
-1.44518
42.6342
-1.54365
0.986321
-0.172252
-0.0498982
0.500414
-4.26033
0.971181
0.883033
-2.9893
9.60482
-0.220436
-0.909361
-0.408286
-0.645434
1.60131
-0.486353
-0.376175
20.2237
-0.830326
6.06856
-6.12392
-1.7944
-1.33358
3.52617
0.467448
-8.18667
1.57238
-2.97061
-0.269148
0.585497
-0.869087
-0.83875
-0.215051
5.93367
0.802678
2.45507
-0.982188
-0.11106
-0.11133
1.26539
-0.198995
5.20824
0.384987
6.72649
-0.88918
-2.42206
3.47305
-0.835262
-0.386827
0.665141
2.72478
-0.949946
0.13171
-2.13818
-0.260654
0.862829
-29.1783
0.359205
-1.95909
1.17465
-3.66861
1.12964
-2.07955
-2.89094
199.662
0.730485
0.780547
4.24625
-0.584731
11.728
1.49026
-1.68286
-0.956287
0.338563
0.512539
0.0501898
-9.47633
-6.45818
1.46305
-4.16361
-1.74545
-0.268556
-5.13952
0.271156
-0.0678268
40.4503
-6.62586
-0.383986
-2.09698
-0.504976
0.500516
0.573166
-0.337118
-0.570146
-0.4004
-0.0685929
0.745522
1.72033
3.98086
-0.0974314
-0.286407
0.234008
-0.982892
-5.18789
-2.44379
-1.22993
0.710051
-0.73245
-0.334302
0.313254
-0.324921
0.510322
-0.0259198
-0.539603
-0.596628
-0.439088
0.629261
-8.26877
-1.69426
-3.65814
-0.589295
1.07682
-0.835576
-0.403271
-0.633168
-2.00018
-0.753765
0.192057
0.171928
0.657237
28.602
-7.21047
0.514497
-0.27382
-0.483247
10.0764
-4.9303
-0.0407288
-2.04495
0.173019
4.57979
0.594779
1.22324
1.24116
0.75272
-0.0449775
-0.137768
9.6827
10.273
-1.2883
-1.39222
-0.073076
2.45781
1.01262
-1.18219
0.172084
15.026
0.675067
-0.694964
-1.07601
-1.33433
-2.10819
0.303092
0.240304
0.430969
7.36417
0.276464
0.438252
0.62696
1.91816
0.963679
1.59287
0.604948
1.79973
-0.907754
-0.297714
1.80468
-0.727079
-1.10618
-0.37003
11.0406
0.259141
0.375822
-0.974793
-1.3777
1.47342
-15.0603
-2.79307
1.25595
0.535768
-0.555153
0.449459
-14.1994
-0.428554
13.6762
2.91244
-1.39606
0.580889
3.46089
-0.85603
3.62409
-0.233575
-5.6597
3.8043
-1.59623
-1.95613
1.50228
0.0338572
1.63205
-1.44204
-15.2533
0.840569
0.820449
0.0724213
-0.0489333
0.642649
-2.0511
-1.01391
0.221593
1.75723
-3.68827
-0.746147
-0.132734
6.53178
-2.07502
-1.1116
0.242011
0.931592
5.56599
4.11548
-1.51642
0.842562
2.04071
-0.695729
0.0959149
43.8492
-0.66253
1.16025
0.985433
0.159015
-0.925969
0.0954917
0.649498
-6.02749
0.532302
-0.201007
-0.204562
-0.852129
-1.58182
-0.388992
2.7718
11.5634
9.57987
-0.525563
-11.7176
-0.560006
0.109333
-0.554175
1.30548
0.22702
-0.157856
-18.9748
-1.35228
-0.259288
-0.0465825
-0.23388
0.149945
3.82161
-1.21572
1.08199
-1.52035
5.41701
-1.68844
0.823377
-7.18287
-1.02572
1.4229
3.88114
0.045735
-0.242429
-0.662121
-1.7327
1.92027
0.715749
2.36079
-0.663367
-0.0521528
1.97022
21.8064
1.35538
0.416236
0.388073
0.76642
1.46124
4.61992
0.700644
0.145274
1.36037
0.0147884
1.19628
-5.75114
-0.0325573
0.0777231
0.724122
0.369222
-0.366099
5.57751
-0.112828
-1.52244
-1.03555
1.71967
1.05379
0.935824
5.35333
-1.03677
0.153543
0.411484
-44.2891
-0.0363327
-2.66717
-0.210995
1.47716
1.68265
0.198594
-0.649995
0.803791
-2.79404
0.636815
-0.168878
0.639998
-1.47256
-1.81608
-3.5162
0.182663
-0.538871
-0.121911
-0.905447
-0.0276216
-1.06292
0.0868191
0.750483
2.09905
-2.79243
-4.58566
0.382637
11.5049
0.889578
2.39698
-1.1082
0.29332
-2.4349
-0.167212
-1.66622
-0.577359
0.25891
0.939872
-0.976161
-0.0525485
1.91796
0.607701
2.03523
0.460318
-0.0793804
-1.12638
70.2013
1.25415
607.78
0.578938
22.6471
-0.221248
0.384281
0.999561
-3.91186
1.15012
0.0256909
-2.17088
0.296313
-0.0576964
0.842876
1.86976
-1.22161
-2.43528
0.234096
0.787858
0.677676
6.06128
0.441908
1.34678
-1.20729
0.603426
0.465547
0.195126
0.899107
-0.221172
3.80594
3.11558
1.58834
2.61867
0.667254
1.75418
-0.865833
0.803345
0.595086
-1.11648
1.99596
-0.961662
2.77316
-4.54697
-0.11265
-1.93208
0.757783
-2.05053
0.116079
1.89745
-0.649157
-1.30964
-0.7047
0.0292334
1.66613
29.3949
0.981108
40.9768
-6.65354
-0.0217842
-6.53072
0.669086
0.654527
-0.245846
0.635333
-0.91811
-0.646519
-1.12754
1.33676
-3.17733
-0.528806
-0.0594229
-0.712006
0.448375
-7.95174
-2.18759
1.22306
0.333934
-0.0123255
-5.06361
-0.519401
-0.186081
-2.89077
-0.9346
0.678065
-4.84357
2.7074
-5.00256
1.01295
-2.05562
-0.465843
-4.56591
0.416819
-0.0261226
-1.70843
-0.170073
-4.14479
-0.531995
4.68715
12.7684
-0.00449946
-10.2274
0.117536
0.723498
-0.869867
-1.17916
2.8614
383.679
1.38977
0.317182
-0.564674
0.247015
1.49369
0.513307
-1.31775
-2.05667
13.4624
0.181227
-0.783597
0.655212
-0.00289823
0.748875
-0.108337
0.405161
-8.89049
-0.193269
0.556931
1.42363
11.5306
0.141025
-1.53573
-21.7833
2.96222
-0.122184
42.6175
0.969415
-1.02269
29.7631
0.164231
1.63689
-0.0776477
-1.04221
-4.30055
202.294
-1.56843
-7.76001
0.419099
1.78614
-0.23972
-1.3817
2.77979
-21.9033
-1.62138
1.8086
-1.71246
2.02516
-1.77766
3.56395
-0.827472
1.96993
1.34021
-0.0108006
-5.51034
0.174043
0.294304
-36.0284
3.64813
0.211546
-20.0805
-16.8186
3.63248
-6.95497
-0.152065
0.337141
-92.1679
-4.00406
-3.32676
-2.10111
8.71796
0.0415936
-3.72271
1.8699
-1.46162
-1.33454
-1.87432
0.878001
-0.594266
1.59306
35.7279
-0.465762
4.09687
0.240577
-1.58197
-0.736872
1.33561
-0.178387
-0.357501
1.19947
-0.118287
2.04792
-0.872003
-2.49116
-0.441314
-4.86206
-1.70643
1.10561
2.41565
-0.2842
3.90932
2.47718
-4.6803
0.4941
0.0924396
-2.5448
-2.21532
-1.34608
7.72335
0.0268501
-2.3442
1.40378
-0.114054
0.0451839
-1.80123
1.82265
-2.51164
0.106521
0.567068
0.828479
0.716896
0.824402
0.783136
-0.59493
0.39056
-1.28505
5.51354
-0.531745
0.0569734
0.0212147
-1.12435
-3.81054
-17.0841
5.2042
2.15134
0.884513
0.786329
0.753368
-0.959914
2.30006
-0.692558
4.95343
1.79227
2.451
0.861133
-0.226946
2.27174
3.08623
8.52066
-0.0853634
1.90934
0.724222
-0.981907
-3.55715
-0.549313
-0.72347
-1.73151
-1.54777
13.2993
154.842
2.00998
-1.27706
0.840848
1.13105
0.557409
1.36419
-1.62643
0.777702
-0.428077
1.3521
-3.01393
-5.08506
-1.00534
-2.4941
10.094
-0.524271
0.181102
0.380788
1.30167
-3.66529
-0.721358
-0.0983972
0.510041
0.653659
-0.669266
2.05931
3.29942
0.107445
1.12906
-0.31685
0.630085
-6.53602
1.46613
-1.51392
-0.355296
-1.90268
1.89882
0.0138239
-1.23437
-1.83338
1.18656
-0.781151
1.30584
-1.3095
-0.41193
0.641191
0.641554
-281.541
0.402028
2.72821
-15.7543
-0.419457
0.0318303
2.29719
-4.6872
-0.501651
-1.06907
4.57804
0.523384
0.901681
-0.481164
1.38088
0.762323
-0.882291
10.0423
-1.32175
-1.39968
0.569212
2.29518
-0.408893
-6.77931
-1.76627
1.29855
-0.42281
0.807275
-20.3562
203.212
-0.0580289
-3.60203
0.118262
5.00185
-0.136357
-0.69327
0.387016
1.7673
-0.215335
-0.113089
3.70728
-1.88905
-4.77742
8.65466
3.06102
3.23607
0.206066
1.73809
19.9109
0.993726
0.634327
-0.356894
0.477694
0.809909
-12.6466
-1.60152
-0.566385
1.54847
-4.94949
0.9039
-0.708112
0.419175
-1.05671
-4.76951
3.68238
-0.0828378
0.0935155
-0.770757
-0.393008
-59.707
-0.279764
0.25625
1.75583
-0.223634
0.301152
-0.767302
0.738797
-9.74818
1.1222
-0.00068076
0.860935
-0.173212
0.777489
-1.59202
0.153886
1.61204
28.6639
1.81118
0.204919
-0.137124
2.04063
3.29289
-1.26676
8.81834
1.27713
-1.25187
-5.23382
-15.6253
1.04066
-0.494299
0.90376
-1.80991
-0.841883
5.25124
0.719755
1.09423
4.33084
1.90307
-0.299296
1.15631
-0.384525
-0.996954
-5.25388
0.528916
-1.34955
-2.45227
-0.611168
-0.877153
-4.1738
-5.17497
1.075
5.06467
0.042403
-0.258199
-5.27715
-0.841718
-0.506425
5.28787
0.821208
-0.464905
11.9647
-1.31798
-4.06133
-1.16334
1.9468
-4.26133
-5.10815
0.333236
-1.03412
2.2218
0.802606
-1.73498
0.0622685
-1.56323
4.96219
0.759034
0.150696
-1.62806
2.16712
-0.171362
-1.04638
0.163359
1.88272
1.5402
-0.701259
23.381
0.257561
-1.04101
-0.409676
0.0303538
-7.61037
0.510558
-0.873285
4.42905
1.35243
3.11424
0.848591
-0.101253
-0.501447
-0.0932295
0.222445
-0.805635
0.451754
-0.0293953
0.906036
0.0444729
0.10197
-0.244811
-3.34709
-1.46615
1.76039
1.492
1.24835
0.259115
1.63345
0.708595
-5.87973
-0.605682
1.60099
1.53781
-0.254833
0.672678
2.25867
5.82355
-1.93353
4.25176
0.97404
3.86544
0.592366
0.628714
0.591391
-81.5713
-15.8531
1.11801
0.241878
-2.29058
0.424025
-0.0725957
0.897791
3.54076
-12.0378
0.383177
0.404127
10.7764
1.21242
7.22467
0.311261
-0.0808708
2.03311
0.604061
1.04144
9.38055
0.850799
-0.857921
-1.36731
1.2175
1.04799
2.35988
-2.40237
1.97572
0.0648859
11.8276
-6.14166
-1.86416
-0.119807
1.16215
-1.36863
-0.626478
3.1745
2.11691
0.650858
-3.19352
-0.271926
-5.36869
0.44902
2.10656
-3.31151
-0.458506
0.833029
-3.00308
3.07821
2.1445
-2.38845
2.15779
-1.04012
-0.337284
0.674924
10.4738
598.339
-0.27022
0.986816
-24.9144
-0.581501
-0.306524
1.18665
12.0051
3.51083
0.280551
0.742595
0.594445
-0.833979
-0.589053
-0.206951
0.177792
-0.491317
1.25845
1.43201
-0.149845
1.27391
-0.313775
12.986
-1.80737
0.958699
24.7278
-1.10381
-1.39651
-0.300135
1.14201
0.47595
0.149321
1.15111
-0.974344
0.734837
-0.56976
0.0292053
-0.570846
0.861189
-0.421707
-1.47151
7.71049
-2.35983
1.35549
-1.19727
0.747433
-1.89572
-0.694132
-1.47651
0.533296
-0.932836
0.225759
1.67073
-1.99229
1.09859
5.0794
-0.482176
-0.0399639
0.691499
-7.28783
0.666216
1.24392
-21.7339
-1.74277
-0.040606
-3.37535
1.50734
0.639525
-1.214
-0.464358
-0.837761
-0.939468
0.429402
-2.11242
-0.279334
-1.46246
0.617825
-0.497246
0.237769
-3.98976
-0.420886
-1.82304
1.61938
4.34073
2.59563
0.827611
9.26891
-45.4915
8.38187
0.638416
0.414543
-1.37991
0.568293
-0.185469
-1.6926
-0.229926
-1.56306
-0.0236097
2.71876
1.56152
2.31933
1.29216
-0.406218
1.54857
3.10554
1.69895
5.86912
0.6004
-0.145478
1.37539
-1.08657
-0.543148
-1.55849
1.14987
1.8392
-0.779263
-0.349645
-2.05112
0.543308
0.0479156
11.7171
0.290258
-0.4435
-17.8991
281.042
-0.555629
5.84772
-17.8671
1.34195
-0.740265
-0.368746
9.40516
0.0771768
0.311159
-0.846622
-0.899996
3.91062
-1.42716
-1.81129
-1.59499
-1.22895
-0.732478
1.30534
1.98411
3.84494
2.56705
-0.12141
-1.02545
-0.652204
-9.89324
1.89802
0.930846
-0.72103
0.590926
-0.227275
36.6764
-4.26808
0.889167
6.8033
1.86936
2.9988
-0.679345
-0.672648
-3.31708
-10.7833
-1.14248
-1.59314
-0.482057
-0.324686
3.40443
0.502466
-1.18561
1.22261
5.24775
-2.77973
-0.00921145
-0.590544
-1.53793
-0.144387
-0.366279
-0.930448
-0.364028
-0.55992
-1.03369
-0.387935
-0.500296
0.752627
2.86335
-0.196083
-0.589784
-0.0651638
3.29345
-0.0552481
-2.00379
0.120118
0.63661
-4.76698
-1.28401
0.67281
-0.568227
11.8102
0.174826
5.10738
0.40682
20.3718
0.914074
5.47507
2.18548
-1.45484
45.1113
-7.10406
-1.20533
8.53677
0.424759
-1.20977
0.456497
0.397517
0.0639542
-1.3649
0.679002
0.341953
1.93085
0.147928
-1.17926
-0.0700561
1.50879
0.656585
0.0445207
-0.691568
-0.610848
0.123229
0.299579
-0.011494
-0.224982
0.348462
0.0641591
-14.6447
0.40219
0.114793
-1.28784
-1.13769
4.25358
0.900489
0.0761519
-2.44098
7.82709
-0.366575
1.2485
0.523973
-12.9899
-0.439957
-0.788913
-1.71581
-0.411926
-1.49526
-0.27026
-0.220444
0.0658796
-11.4252
1.93927
12.1504
-1.38304
-0.149353
-0.841711
-4.84619
3.67049
-1.00543
0.404506
-2.64156
-4.90702
14.4808
0.105149
2.99258
0.469351
-0.443302
1.86917
-2.00917
1.29094
-2.49674
1874.69
0.879958
0.890909
-0.693723
4.87341
-1.15046
-0.761563
3.4819
-0.142899
0.693004
-2.16464
-0.0728185
0.075501
-2.38081
-1.68609
1.64262
-0.841136
0.0606333
0.260747
-2.30952
-0.188601
2.96066
-10.3785
0.0741502
0.0174074
-0.26153
-0.633601
2.48611
75.6677
0.0213762
1.39545
1.3975
0.288904
0.973329
-1.81613
-0.202744
29.4591
-0.860434
0.805599
-0.376691
-0.799971
1.65614
-0.19382
0.0825117
13.0099
16.7804
-0.381241
0.132178
0.495688
0.400917
0.911626
0.220994
-0.251967
-6.99694
-0.368472
5.59023
-12.9208
-0.639268
0.56472
-41.9909
1.73225
1.70055
-0.731556
-2.46344
-1.07324
-0.540185
0.966658
-2.74277
-6.32153
0.722818
6.058
2.1221
3.48435
-2.80693
0.21056
1.28699
2.175
0.404784
0.114966
1.64836
-1.58367
6.149
0.796049
0.308706
3.15312
1.12174
0.368039
3.45691
1.59099
-3.20605
3.26988
0.340236
-2.0671
0.675288
0.966765
0.279851
1.62089
-0.86077
0.925075
4.05076
-0.61389
-1.86023
-4.87537
0.313989
-0.118497
-0.760427
-1.44253
1.58682
-0.501914
1.06585
0.140802
-0.347553
0.247486
0.325009
2.03931
2.02499
-1.95246
1.31598
10.0565
-0.172398
2.22155
0.788559
-2.47182
1.01087
-0.409421
0.145091
-0.189247
0.679749
1.33248
20.2525
-6.36734
-8.46214
-0.0217523
2.02764
0.290342
0.723705
0.753777
3.74772
1.49614
-0.308977
0.0874135
0.0121832
-6.83739
-0.182103
-0.362718
-0.490995
2.70591
-0.911568
-0.646294
2.15092
0.449997
-5.18873
0.896788
1.32508
0.601842
-0.157056
-0.354476
-0.728559
2.06028
-0.194849
-6.02726
0.742159
-1.3089
2.84237
20.3506
0.776772
1.90015
22.1281
2.21158
1.04823
2.40091
-0.527034
0.253228
0.0728297
-5.71277
1.81469
5.50367
0.730138
1.09051
10.9709
0.359187
3.83015
0.161446
1.14885
-1.46906
2.79432
6.46617
0.02486
-1.13241
-2.16632
-0.67466
-1.48487
3.32193
1.32937
0.24575
-2.27273
-0.908066
-1.57704
1.57009
-1.1923
-1.81887
0.818245
1.67759
3.61887
-1.58238
0.0959108
1.1966
-0.189411
0.00122335
-1.66639
-0.846315
0.637715
-1.27297
-0.352627
-1.50315
-1.11163
4.20352
-0.487686
-0.411297
-1.68073
-25.3774
-0.807102
1.70219
-2.05238
-0.562876
0.292754
0.239516
3.95469
-0.615824
2.6615
-0.120556
0.531956
0.221756
0.913032
0.744152
0.121941
-1.71151
0.101709
2.90733
1.56784
-1.32357
-14.326
-1.29129
-2.1522
-0.257859
0.447413
1.0862
-0.801116
2.33251
-0.870604
1.19084
-0.745706
-0.832392
-1.89817
1.10569
-0.256882
0.345151
0.843387
-4.20663
-0.310943
-5.18376
-4.20281
-9.53557
-0.22109
-2.65086
-0.624882
-0.228132
-0.436936
-0.0858928
1.06143
3.97153
-1.11917
1.32411
2.18979
0.0592192
2.52776
1.43476
-2.9037
0.225434
-2.30044
-1.41768
2.31
0.0876552
-0.816815
-3.87346
-7.79752
1.48528
-0.835271
15.0369
0.530832
6.67541
-0.154524
0.584619
-0.839671
-0.804756
1.6597
0.244346
20.2735
-0.234815
2.77194
1.34484
1.64854
0.378067
0.931271
0.901885
-4.91159
-1.40045
-28.0012
0.663306
-0.0884852
1.94662
2.22012
7.62689
2.23366
-0.0605645
-1.493
-3.05012
-0.728733
-2.14371
-6.51034
-0.288786
0.58426
307.488
-0.32183
-4.74906
5.60516
1.73684
0.462065
2.15508
-0.734516
0.157723
-1.70465
-1.80154
0.888535
1.86187
-2.0664
1.21311
-1.19738
-0.0401316
4.45998
-0.252325
-4.10672
1.07938
2.75328
1.65272
-8.55995
-1.00808
-2.06036
-3.16288
-0.974764
2.71218
0.405382
3.51063
-2.03589
0.936354
-0.977699
-0.0396342
-1.10225
-3.92405
-2.87781
-1.17591
-19.2488
117.983
-0.0687078
-1.59191
0.130086
1.69367
0.47802
-37.4623
1.49403
0.688168
0.774532
-0.786792
-3.8565
-0.853954
-1.13632
-0.38267
2.25709
5.03348
-13.9024
-1.59393
0.720138
4.31379
-3.55537
0.107118
-0.139319
0.542233
-0.0767646
-1.9827
2.78598
-2.99522
-0.353467
-3.30783
-2.87501
1.01525
0.593438
1.18992
-1.49279
-1.0531
0.579699
-201.229
-4.49509
-1.38908
5.04347
16.3961
-0.705504
-2.40283
5.33329
-0.231564
0.566876
-0.3541
1.66483
-0.841031
1.30174
0.454825
2.7245
0.720264
-1.24576
1.7014
-1.68369
-0.464466
-0.257826
0.930621
-0.0265924
1.46637
0.891507
2.25055
-0.51829
-3.16473
0.98598
0.369936
0.56558
-0.419607
3.09478
-0.83329
1.27234
0.861222
1.30028
-7.20197
-0.959453
4.9057
-2.28805
-1.36304
-0.049431
-2.78018
-0.243025
1.64244
0.706241
-0.265985
-0.0240004
2.2799
5.31193
0.128952
5.43065
1.35198
1.1693
-67.2841
-0.971798
0.303943
-1.54953
1.21896
-0.042261
-1.13988
0.716923
-0.127459
-0.127081
3.23945
-5.13449
1.79801
-0.596991
-44.0061
-0.697698
1.43456
-2.43797
-6.50953
-0.422834
0.48496
-0.696736
-0.27352
0.994578
0.237257
1.78977
-0.541226
-2.37365
6.01943
-0.0437182
-0.521478
-0.787638
-0.197604
0.172431
-4.65945
1.55553
2.59963
0.596416
-2.7991
-0.733877
0.0758387
0.226015
2.78861
0.334229
0.050088
-0.674008
-0.254014
-4.26823
1.21355
-0.457031
1.35958
3.29375
0.88458
4.32763
-0.606663
-2.17781
-0.191926
1.0327
-0.940657
0.205594
-1.08824
0.672451
-0.37098
-1.0357
0.224157
-3.36439
0.219937
0.265075
-0.918679
0.777283
-0.279834
1.02328
-1.82935
5.36504
4.76658
-5.29796
5.74758
-1.44073
3.02407
-1.77952
-0.297792
-0.0223838
-6.43566
-0.206822
-0.292681
-1.58144
-0.237378
-0.491837
0.52463
1.87141
0.343956
-0.401503
-1.21505
-0.618024
-0.420505
-1.3983
0.59583
-0.517663
2.59024
0.768661
8.39684
2.26682
1.35686
-2.06608
-0.555621
-0.374158
0.664159
0.700258
1.79092
0.217575
-0.219231
0.13486
4.05419
6.62696
0.361694
1.017
0.520791
1.50895
-0.675245
-0.0384419
-0.400816
-0.0908179
-0.114533
1.03187
0.137105
-0.846192
1.28713
-1.35714
1.05813
0.40408
0.520461
-0.385521
1.47333
-0.765447
-1.11476
-41.7857
-0.0152761
1.05487
0.608838
0.197978
0.285217
-5.00341
9.18529
0.868384
-0.380746
-0.0359053
79.4454
1.31746
-2.54661
0.248162
44.1823
0.333299
-1.29355
-0.093575
-0.0978956
0.623548
1.17756
1.31447
13.362
-0.903381
1.90147
-1.31629
2.00984
0.0674794
0.408493
-3.46154
13.7086
0.739515
0.940586
0.753799
-0.258402
-2.47652
0.175406
-1.99487
-2.49214
-182.868
0.0955021
24.9525
7.30786
-1.98036
3.87032
2.42037
0.207321
-0.219391
3.96705
1.28421
-0.933721
-2.87
0.167569
-0.988602
-0.415962
3.45459
-16.0496
14.1666
-0.607925
-1.47257
0.383732
1.58049
1.1016
-0.360066
-5.01638
-0.41866
0.830786
-6.55104
2.06022
2.66985
-1.37211
-0.43605
0.737912
0.2046
0.671236
0.47272
0.0326819
0.0328087
-2.21947
-1.44083
-7.50637
1.36637
-0.284935
0.415464
-2.85831
-2.33612
1.35323
-0.633842
0.0254081
0.517672
23.8098
1.59322
2.293
-0.0986918
92.1287
-0.612962
-1.64702
0.235318
-0.472523
2.57719
1.8238
0.962116
-0.212183
4.58929
-1.82667
3.08139
-0.21093
-0.403469
1.1699
-3.75453
0.204965
-38.8452
-1.57827
-1.02988
-0.0466532
-2.15597
-1.39601
-1.46305
0.791512
-0.297063
0.869058
-0.314648
-0.369739
0.842217
0.72602
-0.72731
31.1415
-1.57269
-0.750711
-2.67712
1.88877
1.07728
1.7072
-2.42876
0.666371
-2.33877
-13.054
1.63905
-3.50519
-0.491342
0.549618
-11.965
0.0306805
-0.503345
-11.9671
-0.21763
-1.17439
-1.57966
-4.73264e-05
-0.679646
0.0366902
2.39266
-0.0511089
-1.03751
0.0586909
0.188634
24.4522
-0.0783652
-0.275064
1.65562
11.4764
0.570213
2.80405
-0.475989
-0.668108
0.890809
0.567799
1.17361
2.57741
-0.903231
-50.8125
0.500979
1.95059
-1.2876
6.63999
-0.27995
-0.224071
1.04488
-2.28486
0.0970391
-1.30887
-0.252005
-2.06469
-6.94939
52.3103
-0.511586
0.357538
-1.20166
0.572121
-0.266557
-1.55528
2.16211
0.163984
-1.34892
-0.318441
-1.27657
1.5137
-1.57726
-0.132016
-0.0292672
-20.0221
-1.06464
-0.451907
0.604998
-3.79534
0.618455
-1.8676
-0.234326
-0.865919
-0.605378
-0.437164
1.83032
1.56495
1.80178
-0.399463
-19.0657
7.83038
-2.0209
-1.97491
-8.77777
-3.22513
-1.33869
8.39169
-2.02031
0.775781
0.170009
0.628258
-0.143236
1.33497
1.01607
0.77434
-2.17101
1.37784
-10.4699
0.147336
-72.7212
-0.173692
-1.05041
0.268913
0.339915
-1.22789
-0.212585
2.11153
-1.49591
-0.880423
-1.17066
0.885079
-3.05674
0.610488
2.16827
-0.796718
-1.55155
2.09233
29.6718
-0.844867
0.781782
1.10917
0.424228
-30.854
-0.159575
0.545824
0.228981
-1.99126
-18.5037
1.45901
4.46766
4.37278
0.173914
47.5797
5.84261
-1.06104
0.210078
1.53331
-2.42803
0.317952
0.149887
-0.890538
1.88233
2.37541
0.403358
-301.937
-0.120141
-1.69611
-2.81455
-4.34496
0.691005
-0.29369
0.142882
-0.810764
-6.85046
0.621151
-11.3129
-2.15433
0.547458
0.415313
28.6848
1.49006
-0.747197
-1.10157
-0.0237269
-0.0323023
-8.34484
-10.6507
1.24174
-0.588498
-0.543309
0.312773
-0.794637
0.85306
-3.48155
-4.80219
-0.209761
1.86927
1.0828
0.310482
-0.0365403
-1.03093
-0.611212
0.254678
0.362721
0.68485
0.13773
1.7512
6.05533
-2.41402
-1.45645
0.999002
0.282036
-0.55302
720.944
-0.11156
4.21202
4.48657
-1.24029
-1.20762
0.378683
43.7458
1.8269
22.7277
-2.3244
-0.047839
1.0639
0.975233
7.02609
-1.07632
1.15802
0.303499
1.65013
-0.318125
2.45374
2.04402
-0.62173
-0.562101
-1.37506
-0.566244
-0.460699
0.388788
-0.356334
3.00364
-0.705415
1.61758
-0.963943
-0.971063
-0.852919
-0.313729
0.436908
72.883
0.545695
-0.158293
0.848592
-5.79423
-6.79543
-0.310604
-0.489761
1.02787
0.315762
0.0360677
-2.36063
-2.45661
0.273351
1.60495
-1.84307
-0.832303
0.406382
2.58333
2.68238
-1.31095
0.281294
-6.48454
27.2436
-87.6618
-1.08412
6.44735
0.300079
2.27032
-0.964465
-4.7089
-1.3235
-2.93545
0.919588
-0.395367
11.3454
0.126145
13.0841
-0.338081
-0.0498182
66.1633
0.112579
4.62352
-0.169008
0.932812
-0.269712
-0.117043
0.515018
-0.629242
-0.164077
5.04894
0.448607
1.10863
-3.70075
-0.346083
-2.41794
-1.46511
-0.896893
-5.10177
31.2056
-0.00875213
-0.906403
-1.10852
1.68508
-1.19986
-1.3699
-0.383007
3.78669
0.0531988
0.961753
0.482019
1.34586
-2.12037
1.40722
27.9055
-0.523827
-1.83241
-24.4298
-0.158264
-1.3155
0.272306
3.45652
-1.90363
0.14662
-8.63415
-125.036
-0.539732
0.573391
6.39897
-1.34762
3.75803
1.84285
5.70697
0.00672387
-4.07496
-0.0135085
-0.15974
-0.661386
5.65445
0.0343358
0.226492
-0.524312
-2.23066
0.0438333
-0.0251977
0.375938
0.440338
0.369689
-0.452845
0.767207
1.01099
0.315479
-1.583
1.01733
-0.0386997
1.64254
1.21581
0.624483
0.383512
-0.0737105
0.936768
-25.4945
-0.613967
1.35327
-1.28251
4.70347
1.36226
2.36682
-0.445458
-0.598861
-1.137
-0.631537
2.8982
-4.18255
8.10699
6.7493
3.23876
0.514632
0.239085
-1.73609
-0.646719
-7.97428
-3.90544
2.2171
-1.91329
-0.239939
0.605067
1.04791
0.110434
-0.194165
-5.97103
0.333496
-5.36242
-3.14806
0.330958
-1.79591
0.484906
0.873686
-2.21445
-0.373591
4.39923
0.204059
-0.698459
-1.73579
0.349979
2.49167
-0.136483
-0.201634
1.2153
-0.418059
-1.38645
1.55967
-0.243186
-0.206486
-0.552405
-1.05519
-1.69153
6.98926
-0.311717
-1.21912
-1.0861
2.06138
-4.44555
-0.756874
0.445172
-2039.26
-1.80137
-1.20675
0.358707
1.10102
-18.9796
-0.138396
2.30205
-0.0572963
-2.75483
-0.58147
-1.65908
0.767796
-0.725939
0.557282
-1.77564
-0.215228
1.08122
-0.315055
-3.45853
-1.09926
1.19252
-2.57503
-2.07607
-1.06715
-0.410632
0.554823
1.14282
0.418506
1.12158
-0.0244018
-15.4518
-0.965632
4.87057
-1.38135
-3.04839
3.08669
-0.374528
-0.179439
-1.41919
0.4901
2.22004
-1.48361
1.44265
0.0869662
-1.44248
1.30881
-1.17836
-3.18791
0.557426
-0.109003
-2.93353
-3.14652
2.70524
-0.920779
-0.869689
50.4081
4.62861
-23.6514
1.99865
-5.02785
8.26032
-5.78868
2.80961
-0.0741047
1.02572
23.8953
2.15986
-0.974355
0.670925
-0.669171
-1.2536
0.691992
0.471001
2.40414
-1.75995
-0.360738
0.0461002
-0.732733
0.0399863
-0.835474
-0.632064
-0.313197
1.76473
1.1016
15.1689
7.43821
-1.40116
-3.27287
4.38253
0.6115
1.44006
1.15471
-5.55769
4.60778
0.514876
-0.136083
0.556997
-0.224948
0.652786
9.70739
-9.00354
-0.4195
1.50181
-0.100683
-1.20496
-1.02844
0.269716
-0.0821169
0.338766
-1.851
-0.275228
0.0904439
0.0944728
0.363728
-0.743881
-0.387934
3.47301
-0.397198
0.718881
-14.8963
6.92904
0.485814
0.09112
-1.1114
0.0459898
2.37078
-1.64588
4.26608
-1.94029
4.92766
-0.430976
0.162179
10.923
-0.0263622
0.522641
0.626497
-2.36337
-0.323539
-0.393719
-8.69834
-2.73025
-3.22042
-0.334546
-2.55975
1.38678
0.878371
-0.904154
-0.664872
0.251519
0.243721
-6.8471
0.820645
2.916
-0.0431248
-0.0329259
21.4595
0.383391
-0.289375
-0.0245505
-0.403167
-1.45338
141.841
1.56979
-1.74642
0.535426
0.414064
0.447216
-0.18523
-1.97037
-0.45312
-3.67087
-0.979375
-2.59398
0.403461
2.68048
0.971314
0.646368
-5.27161
1.49201
4.80703
-1.12029
35.5779
-2.28276
0.295763
-0.169284
0.966631
0.038904
1.26038
-3.53136
-1.38282
0.354174
2.31254
-1.50279
0.613707
0.420532
5.94122
53.3475
-0.37876
1.3784
3.06207
-0.38907
-1.19259
0.638461
-3.13898
2.26352
0.50499
1.1122
3.84592
-0.54313
-4.20056
-0.0536603
-0.337884
-0.175576
1.79357
-0.334308
0.547245
4.6383
2.81041
-0.811659
2.53246
3.0361
-1.60768
0.0931291
-4.33594
-0.176623
1.48373
-2.09262
-0.888157
-0.718535
0.787828
5.98594
0.132508
0.717339
2.88904
0.826252
-0.291838
1.24409
-82.5659
-2.11563
0.678846
-0.717829
-4.09504
-0.0600266
-1.20323
-26.1451
-0.361236
-0.000567616
-1.13154
-0.18785
-0.674253
0.687036
1.71493
-5.78293
0.1188
0.965807
0.293921
-0.537053
-1.43413
-3.81748
-0.86573
1.55147
-0.139496
-0.924139
-1.18734
1.71719
0.0731495
-0.756702
-0.191997
-1.82845
3.51804
0.922969
3.90055
-2.72991
-1.40451
0.287829
-3.08221
-0.011119
2.12464
-0.439269
0.986873
0.584087
2.2662
0.0760282
-0.103165
-17.0342
-0.510685
0.0824973
-0.674986
0.353236
-0.869093
0.314867
0.780459
-0.00177933
-0.770136
0.286406
0.323641
0.42706
2.94784
1.33272
1.02091
-0.0204826
1.64315
-1.95054
0.149804
-0.742789
-1.01522
6.32386
-0.419826
0.284826
1.3997
2.34564
2.11468
0.720252
2.38162
-0.157174
0.861277
-21.6118
9.64638
-0.404847
-0.495566
-56.6658
-0.128225
0.55687
0.867006
-0.34691
-0.127663
0.928607
0.770533
0.9621
-0.479473
-0.521635
0.0178109
-0.53507
-0.183036
0.87241
-11.0886
-0.792521
2.67812
-2.59707
1.48759
0.752305
2.7575
2.31363
0.560487
-0.538501
-0.0864128
-0.37837
-0.132345
0.120256
-0.949295
0.282376
-1.35054
0.782553
1.29452
1.67947
-1.18858
-0.483749
-1.83222
0.623409
-0.304179
-18.709
-2.39281
-1.50696
8.09413
0.0302342
3.79701
0.744283
0.0446014
-1.42877
0.428049
-2.46091
-1.67254
-0.0478406
-4.45653
-2.80765
-6.18104
-0.150253
-0.0644202
-2.39655
-1.2733
0.716239
0.896183
0.603184
0.364429
-0.276656
-0.0403997
-0.596983
-6.81251
0.216505
1.4098
-4.11195
-0.598646
1.1318
-0.0375748
-1.9918
9.68561
0.0920379
0.662336
-0.299925
4.83437
2.31813
0.398861
-1.93725
-5.50921
-0.652428
-1.03151
2.01703
7.38581
1.85358
0.0348952
-1.27107
-0.332918
-2.75613
-1.88137
-1.94459
-3.37526
-1.87262
1.26103
-1.05114
-0.125348
1.39092
-0.153474
30.2904
1.23965
1.61367
-1.07357
-30.1225
1.42223
5.18278
0.459478
0.0031096
-1.90877
1.72491
1.99278
-2.24243
0.785377
0.47111
-1.66076
-0.580161
0.981902
2.69437
0.0126573
0.406119
-0.0088089
-9.58195
-2.61627
0.0190481
-1.85713
-3.83229
-0.344029
1.38863
0.427792
-0.0432793
-1.76698
2.40887
0.903803
0.850761
-1.75215
0.983416
-0.812226
-0.0683377
1.09465
0.164808
1.2893
1.64351
-1.24727
1.298
-1.919
11.8628
-1.5017
1.8575
-0.950596
8.27183
-1.67102
-1.09003
0.117808
-1.33428
-0.055119
-2.33203
-0.389371
11.8625
3.98976
-1.0884
1.92656
-0.814226
1.07392
-1.29017
3.13309
-0.390272
1.9362
-0.205318
-3.66662
-0.0930867
0.638632
-1.39995
0.114246
1.56466
1.16735
-0.219247
1.56007
1.05809
0.330783
0.996642
-0.327392
-4.22929
-3.67279
1.4114
-4.78178
0.285656
-1.50006
-0.25164
-4.03566
-0.208393
0.297222
0.134339
0.884798
0.617505
3.90816
-0.194015
-1.6758
0.927928
0.314335
0.0758534
-0.318806
0.102835
2.68065
-2.80629
-1.89051
-0.304558
0.77
-3.80279
-0.984144
0.673128
1.85549
-1.03648
1.67215
-0.88744
-1.06903
1.49888
1.2915
5.40217
-0.688025
-443.289
2.31993
0.431515
5.8312
0.543738
-0.687367
0.764494
-0.357341
-0.734336
-0.152233
-10.7243
0.299627
-0.992983
2.95459
0.674445
0.514549
-0.150859
-42.6745
0.615375
-1.23665
-1.11308
49.2091
-1.06217
1.26101
-0.774809
5.50033
-0.652162
-73.6638
-0.240763
-0.381005
-1.14803
-0.0268789
-1.16016
-0.495011
1.26793
1.30188
0.539001
-0.676385
-1.0402
-0.533979
-9.94239
1.18053
-0.182019
6.08218
-14.2842
0.634382
1.2524
-1.24819
1.48818
2.50262
-0.319945
2.07281
-0.492819
-1.32443
0.571949
0.599225
-0.0165634
-1.39434
0.783039
1.10939
-0.44116
-1.80275
-12.162
-8.64935
-1.22111
0.801917
0.648545
1.98552
2.20192
-7.71882
-0.869812
0.305626
2.14372
6.89539
-1.23938
0.0579929
-0.489796
-1.44078
-0.984254
-0.89995
3.59045
1.67485
0.583933
3.61969
-0.288226
-1.16714
0.592191
-0.552111
12.9115
-0.317329
2.5397
-0.431303
0.963758
1.68073
-0.752946
0.960735
19.6935
0.200041
-3.69424
-0.233902
0.935507
-1.04691
23.4194
-1.57143
-0.513109
-9.11484
-0.695245
0.0151723
-0.454408
-0.305537
-3.27752
-0.174059
-0.959386
2.77949
0.538736
-2.37705
-0.766248
10.3197
-2.02817
-0.233482
-7.07048
-0.509314
-0.18733
-6.25325
-1.38723
-0.693052
0.891474
-1.45694
-0.770277
0.681572
-0.981376
-2.16687
-7.34385
0.836727
-0.602638
0.633602
-0.0344732
0.803617
0.31468
-0.91103
-126.779
4.67158
0.340837
0.0897006
-0.275208
-2.96113
0.525533
-2.10904
0.306505
-0.749339
-9.0167
0.162646
0.268829
-1.58035
1.51978
0.627259
-1.63199
-2.14877
1.92392
-2.891
-1.33027
0.155011
-7.84527
12.5092
0.194166
1.21483
1.23857
3.07266
-12.9201
-0.694029
-0.60953
0.207711
-0.134036
-5.3442
-0.294297
0.301499
-0.651342
8.0934
-5.22368
1.23214
-0.863976
0.440446
0.843925
-1.02413
-0.444108
-0.261346
2.03401
0.587757
-1.14532
3.33476
-0.542971
3.32024
-12.4108
0.254588
1.91009
0.535199
-1.4066
-2.21312
0.484533
1.52144
0.00790462
-2.21776
-0.923006
0.0898827
-2.28326
2.29934
-0.743122
0.547662
0.47759
0.00429217
0.136436
-1.46023
0.442453
0.136005
-0.369424
2.04089
5.12764
1.02644
0.940309
-0.201778
0.669408
1.80355
0.503765
0.20858
1.18353
3.51349
-1.22276
-0.447405
0.297074
-0.48725
0.210964
-129.579
0.304375
3.65182
0.377955
-2.53125
-0.107505
0.463258
0.348219
-0.785074
-2.0472
-5.5563
-1.90316
0.840014
9.92994
-0.534366
0.543761
0.576839
-1.03681
0.271849
7.04895
-0.286818
1.36077
-1.01704
2.84975
0.330385
-1.42793
0.523119
-0.124131
1.86576
0.837175
-7.94625
-2.29629
1.69695
-0.0839778
-2.49219
1.4225
0.05565
-2.31055
-2.94732
-0.138962
-1.18104
-0.400519
0.243569
-0.025431
-1.01007
1.60288
-0.213008
-0.313026
0.0905004
-0.681464
2.04863
0.775468
0.38619
6.13461
1.12688
94.612
0.621584
0.21025
2.3085
0.373745
0.970605
1.94604
-1.94702
0.108739
26.9365
0.54027
6.18202
7.24563
5.89848
-5.81234
-1.35794
0.584661
0.139137
-0.640798
-0.0590156
-0.842962
5.08154
-0.27446
-1.425
1.74621
-0.850846
0.165433
0.363395
0.118332
10.6397
0.370568
-1.49529
-0.361084
5.2977
-0.336807
9.13447
-0.955088
0.0275136
-0.144312
-0.659958
-4.98742
3.90284
6.27468
1.06622
8.54078
-2.42298
0.622726
-1.79853
2.47127
2.6112
2.1631
-1.48556
0.0216988
-1.18935
-0.607768
-0.744668
0.273616
-3.41302
2.48511
-0.317638
-5.1377
4.8811
0.804243
-0.783544
-1.10334
-0.0977638
-6.1332
-0.265621
-0.763005
0.380294
0.221105
-0.679817
-3.17389
-0.343744
-3.69249
-1.24619
-4.51302
20.4784
-0.378501
3.10724
0.385423
1.05985
0.894842
0.787289
2.03891
0.615258
-0.794294
-0.465755
0.444798
1.16712
-0.0830686
0.0644491
-2.89639
-1.35726
0.638954
0.631038
1.45985
2.90223
0.241992
0.342352
0.847842
-0.172029
0.530082
-1.8278
-4.91606
0.652788
0.768759
0.623136
0.982783
1.43392
-0.866065
-0.280493
-1.63523
0.762128
0.562612
0.231275
-0.00159304
-0.226055
-0.873446
-2.04248
-0.828666
-0.833041
-0.623969
-2.48497
0.579365
8.63166
-0.147666
1.10476
0.901939
0.336214
-0.444937
0.266301
-2.29989
-0.453165
0.29012
0.873198
0.502144
16.2776
-2.07979
12.0002
-0.317972
1.90421
-0.139332
1.36406
-2.0704
-0.499703
2.40201
3.60741
0.243151
1.56166
0.272098
-6.5197
-0.0319714
-2.02277
-1.35631
-1.81843
-0.259944
-3.44078
9.51322
-0.372989
-1.71826
7.15937
1.50482
-0.506647
0.28351
-0.198157
-0.262297
-2.58524
-1.71322
0.341113
6.6496
-0.00288184
2.97807
-0.948077
3.33684
-0.271209
-3.24103
-1.51508
-37.2216
-4.59359
0.550069
-1.18798
0.414979
9.09327
-4.22128
-0.593827
-0.516704
1.7131
-0.429457
0.290895
-1.08442
3.70163
0.561144
1.51387
-0.638072
-0.4834
-0.156045
1.80815
-1.24351
0.28204
-0.842545
0.109167
-6.2628
0.759283
-0.228798
0.165728
-0.683308
0.392317
-0.903048
-0.43621
0.750284
0.0129611
-1.52132
-0.115763
-2.59295
-14.0095
-0.445298
-0.728056
-1.89618
-1.97407
-2.01576
-4.39188
4.18385
0.182591
-1.68995
-0.675267
-0.449642
0.724321
-0.61776
0.609342
0.240993
3.24615
0.578663
0.470079
0.769071
-1.07294
-0.662541
1.29245
-5.92017
2.07277
-0.0830869
-0.9275
-0.344321
0.235393
-1.2781
3.96239
-0.0122636
0.462328
0.35691
3.68359
0.0396399
-2.82016
0.503359
-0.211112
-1.46071
2.37087
-14.4283
-0.488225
-0.581341
4.05205
-1.60471
10.1932
2.11229
2.86352
0.576612
-31.9568
-6.32105
0.523029
4.18631
-0.186694
-1.68514
-0.923583
4.78379
0.578685
-1.91619
0.829675
-0.706381
0.732436
-7.42742
-0.0669303
0.421681
1.59129
0.988443
-0.00704169
-1.39428
-9.41762
0.921643
0.638969
-2.41841
1.348
4.34447
2.92479
-0.434341
3.1983
0.475418
1.54791
0.493902
-0.989664
0.118207
-0.992801
-0.0999882
0.391423
-1.54557
-0.74612
-0.848439
2.62172
-0.708361
0.938557
-1.16988
-1.08231
0.877947
-1.48785
1.6707
0.697398
0.404122
-1.92582
37.34
2.32482
2.61778
-0.388652
1.32967
0.173514
0.0835586
0.10199
-1.01161
0.783692
-0.910179
0.394883
-0.298262
1.20863
0.936124
-0.237758
-1.31115
1.9658
0.190049
-0.138635
0.975992
-2.90118
0.417149
1.70726
0.457272
2.32916
-20.6356
-6.30383
0.666676
-0.103601
1.09282
0.00423648
-66.2575
-5.06329
-13.9449
14.1899
-0.186872
-0.750389
-1.00394
-0.296272
-5.72276
2.41464
-8.86279
14.2177
-4.8412
1.82528
-3.05108
0.702749
-2.57444
-0.984632
1.06742
0.910599
-1.51363
-0.261061
-2.90508
-0.0331478
0.92632
-0.563675
12.1004
5.55391
-0.542973
-1.47487
-1.31781
-1.18142
-3.16869
-0.146824
0.113327
-0.234055
1.98493
1.8839
-0.101242
-4.45423
-1.14871
1.33189
-3.58588
0.288669
-4.52999
-0.697335
-1.29122
9.45321
-0.396272
0.704861
-0.204128
0.906774
-2.05506
-0.141018
-8.17987
-1.49718
-15.1069
-1.57368
-1.25314
0.261016
0.198643
0.0967598
0.559115
-6.7902
-12.8465
-0.257338
0.86085
3.70849
-7.13174
2.74203
-0.0528483
-1.75235
60.7619
-0.682763
1.47185
-0.126868
0.199188
-10.8887
0.0459374
-0.426806
-1.18055
141.386
-0.963417
-1.83877
-0.332062
-5.8289
0.432352
-0.293131
-1.25372
-0.034309
0.538916
-0.835414
-2.16696
0.726363
0.428732
1.18974
-2.00902
0.589823
3.5865
5.71215
-6.60263
-0.961136
0.301481
-0.318323
-2.86946
0.417166
3.43799
0.650521
8.40227
1.26189
-0.00853415
0.156682
0.82128
0.089708
-2.3202
-43.93
-0.478277
0.284497
-1.4883
0.391233
-6.0242
4.04292
3.96257
-38.5709
-15.2067
-1.55219
1.65753
0.288716
-1.75518
-0.744825
1.24825
0.441268
-0.357792
0.224753
-0.171085
-0.0122583
-0.696677
2.34469
-46.5985
0.916181
-5.74062
-23.8851
1.57079
1.87562
3.23213
0.191678
0.444005
-0.509617
0.0957283
4.84213
0.732904
-1.02345
-1.08823
1.24465
-0.0550942
-0.410281
-1.98945
0.558294
0.101949
1.50031
1.16247
0.426413
-0.210439
-1.7546
-0.540826
1.11906
-0.14385
-0.0921814
1.05061
-1.42064
-1.4597
-0.495388
-0.0421377
-0.802168
-0.343017
-0.63198
-2.17345
0.338758
-0.244736
1.89277
1.59308
5.26159
28.329
-0.750356
-1.79123
0.905275
0.273803
0.930299
-0.497401
0.666347
2.15552
2.28733
-2.08276
-1.40126
0.513457
0.263665
0.112378
-4.34701
-1.86536
-0.813638
-0.100076
0.153863
-0.939406
-5.80389
1.92143
3.72159
-1.31849
3.55821
3.81356
0.087928
3.98036
-2.78553
-0.51665
2.15272
-2.04546
-0.865649
-0.0850386
1.31937
-2.01837
-0.383108
-3.45345
0.341097
-1.68162
-1.00596
-1.96281
-1.28459
1.79381
-0.0130283
0.771486
-1.77351
0.131365
3.41356
1.59003
1.58349
-3.38821
3.72052
-0.765939
-2.17464
-0.319436
1.27894
-0.0581522
-1.37259
0.232337
0.702467
-2.55507
-1.7297
-1.72509
-0.40549
-1.30105
2.96436
-1.01203
4.60539
-0.374734
9.48691
-0.80818
0.511289
3.49997
1.60247
3.04094
3.82379
-2.29573
-2.459
0.0129635
0.356974
-1.80261
-0.0475301
4.33728
-0.903512
0.569867
6.31331
-2.70388
-0.7207
-0.832154
-6.92598
-0.238088
0.461585
-3.94423
2.10824
7.32901
0.535673
-0.621094
3.47278
0.168342
-6.999
17.9968
-0.83322
-7.3391
-0.427965
0.12144
1.88578
-0.297109
0.188318
0.223179
3.16411
-7.68113
0.138333
-0.768108
1.79723
-2.84479
-0.150138
0.869347
-6.11849
7.71772
0.0691404
-1.50156
2.80071
-0.930725
-1.59735
0.428768
1.10191
-0.535467
-10.3217
3.91622
5.38941
-0.412754
-0.247772
-0.30588
0.291902
-3.11221
-0.168085
-3.91346
1.63643
-4.08402
-6.39229
-8.23183
-4.74641
0.0575992
0.909598
0.341673
-11.4754
-0.891394
-0.108982
10.1507
1.46941
-1.26029
-0.053528
-2.99289
0.743263
-2.71924
1.26635
0.361714
-0.261909
2.40135
-2.49735
-0.406386
1.39305
-0.625025
-0.772155
-0.748076
0.491635
0.495849
-2.48919
0.0840331
-2.91202
3.85432
3.5981
1.03917
-0.0204518
0.0736925
-28.5075
-2.92095
0.398167
0.900082
-0.39095
0.0750892
2.20726
0.883822
10.7096
3.12733
2.77671
1.67148
0.0441843
-0.131255
-0.00527968
0.298563
2.55358
0.224762
1.41648
0.414638
1.33792
1.26014
1.0959
1.22586
-1.13921
-1.90145
-1.29384
-3.61679
-0.0308217
0.295307
0.862149
-2.64843
-0.365466
0.107663
0.265637
-73.9496
-1.34575
0.329057
24.2284
-0.48912
0.848347
-0.0458919
-0.328765
-0.0203622
0.816654
-1.03887
-0.744241
1.91694
0.618035
3.40189
-1.40296
-1.59963
-2.77894
-0.213798
6.89329
1.3043
-0.595895
0.147229
-0.100247
2.85683
0.690555
-1.32021
1.39454
-0.217702
9.81696
1.12059
1.15217
-2.56367
3.65846
-0.396254
0.294025
1.74396
-1.21208
0.551892
0.708965
0.981375
-1.67015
0.708395
-2.22524
-0.622926
-14.8834
1.11688
-1.2894
-0.0810739
-0.274121
0.261655
0.958122
-2.20497
1.11107
-3.66313
-0.848858
-0.22017
0.912735
0.0758434
0.0485114
-0.011023
-0.687799
-3.15982
-0.405006
0.427135
6.2375
0.487964
1.35865
0.477077
-0.887482
0.815386
10.771
0.267625
0.126158
-0.85965
-10.1428
2.96579
-0.520327
0.617666
-1.41438
-2.32638
0.26501
0.507021
1.27693
0.778835
0.112846
-0.6681
-1.0586
-1.07245
19.1071
0.136448
-0.928831
7.54191
1.25035
-3.04147
1.18125
-0.673621
-0.982698
-0.49361
-1.6197
0.681949
0.983387
0.442065
0.221679
11.9374
-0.409683
-4.86006
-0.758151
0.726462
0.296058
-2.50845
0.127873
0.115723
-2.86563
2.83198
-0.35118
-0.56232
-1.1224
0.995157
-0.900804
-0.492747
3.79174
2.89763
-0.278071
0.230991
1.99762
3.00653
5.43048
5.70069
-3.28206
0.220866
-2.16347
-0.276747
-1.42776
-0.0667252
-0.167332
0.816199
-0.22124
0.0684553
2.02659
-0.0727583
-2.05968
0.971464
0.802722
0.214055
-1.96051
1.74749
-0.805323
-1.99649
7.50128
-1.17374
2.67153
-0.349028
0.975973
-0.15268
-0.410568
-1.35517
-0.0372729
-1.05639
-0.2924
0.964009
-1.84096
-0.0504307
-0.811111
-9.28085
0.555592
3.08467
-1.09172
-0.418942
0.582073
1.1231
-2.61312
-2.93126
-9.19467
-0.0923594
-19.3388
-7.49378
0.99474
2.81173
-0.470508
0.995129
-0.0654728
-1.77623
-1.14417
-0.645458
-1.36191
-8.14083
-0.0647694
0.347566
0.967672
1.47279
-0.354864
-35.6422
2.78008
0.732798
0.179579
37.7095
11.6371
0.00377045
2.93984
-2.23805
0.795796
-4.8083
0.387788
-0.962856
2.67465
0.716679
-0.446638
1.12984
-0.46604
-6.17183
0.198288
-0.475809
-6.10777
-0.172746
-1.96039
-0.77315
-1.43901
0.482494
0.626365
1.80568
3.2629
-0.608182
-1.92407
0.939938
4.85329
-1.26261
-0.82786
0.585459
0.424457
-20.1169
0.705491
0.438479
11.9771
0.719433
-0.438201
0.0733109
-0.329026
0.538823
-1524.78
-0.0560822
0.863928
0.983758
2.46143
-0.624161
-0.152006
3.46742
0.491012
-1.879
12.5033
-0.0241808
10.133
3.35548
2.73862
-1.43148
-27.2465
-1.18506
0.231517
-0.857933
0.344859
-0.73281
0.239661
0.247405
5.0736
-1.84299
-0.599849
-2.64699
-3.39875
-0.0258239
0.0879648
16.6525
0.800032
2.92446
5.59918
-2.33595
-0.559644
0.550792
2.06679
2.90913
-0.216562
-0.77387
1.47605
0.771904
-6.04341
0.570651
-0.89973
-0.0704915
2.83987
-0.41154
1.7196
-0.059542
-0.91163
1.27653
0.157007
-0.194065
-0.688557
1.56269
-0.579268
-2.23394
0.574625
-0.125133
-1.47742
0.48913
1.04095
-0.100355
-0.226753
0.0571546
0.96625
-1.72954
0.922267
4.91288
-0.200977
18.1053
0.0431399
-3.08303
1.38178
0.241701
-6.21351
0.208364
2.68606
0.848995
-23.5344
-0.650641
-22.1963
14.5562
0.136291
1.88798
-0.779345
-4.29025
-0.573257
10.6071
4.34059
0.522655
-4.07466
2.30165
0.485628
-5.01888
0.189262
71.5595
-0.425554
2.95231
6.44052
-0.219415
58.1086
-1.85601
2.55031
-0.288589
5.26503
-0.456058
0.926538
-0.501646
-2.68517
0.68392
-0.246404
-0.0945777
17.964
11.2086
-0.480849
-0.523576
0.184891
-2.41366
1.21368
-3.90455
1.14928
-1.36941
7.69658
0.385262
-1.3239
-1.37425
-10.5798
0.494026
-11.5965
-0.318925
0.815165
-1.16535
-40.1007
6.87289
0.202883
-0.812625
1.82253
0.796921
-1.63755
3.01844
-0.697225
-0.684517
-1.54849
2.12515
-1.89146
-0.548409
0.125203
1.15119
2.6848
0.44013
-0.409838
-2.47059
0.154713
-2.30426
-16.7918
17.5049
0.0348881
1.59163
-0.0178521
0.118328
7.15886
0.682622
0.842946
0.732486
0.195266
0.267233
1.02159
-1.46734
10.0578
1.61995
-10.7066
0.0528573
-0.104497
0.0226243
2.3676
-0.593679
-1.28118
1.50649
0.211089
-0.276359
1.49864
0.138843
0.129834
-0.16009
-2.29011
1.213
1.52413
0.53199
-0.247391
-0.0266506
-1.56489
0.421653
-1.84354
0.664317
1.02152
-1.23081
0.274026
1.35941
0.569178
-0.840066
0.513705
-0.217214
-1.50482
19.4953
-0.780854
-4.90045
-0.17698
1.13775
-1.51917
0.0644193
-0.831854
0.652308
1.60156
-0.418906
0.330343
0.344263
0.362462
0.470116
0.163572
10.1597
0.744465
0.213948
0.0166151
-2.36798
-0.384522
-1.04996
-1.20679
-0.599549
0.570548
0.741962
-59.1225
0.0556185
27.8744
0.267706
-0.315111
0.257273
-0.538083
-0.337154
-4.00731
0.322616
18.4777
1.67768
-0.880932
-0.586649
-0.490034
0.234177
-4.22202
0.359243
-0.762916
-1.60008
-0.603222
-0.0820073
1.71796
0.112348
0.251019
0.572254
-0.837239
3.41431
0.271144
-0.0733431
-0.0534426
-0.504905
-0.956838
-2.34979
2.73255
-2.75218
-1.62141
-1.21192
0.0963902
-0.0887987
0.595943
-5.75981
0.817706
-1.40598
-1.1691
-1.12515
-1.67374
-1.70712
0.0970495
1.36659
0.734943
1.47264
-1.4848
-0.141978
-1.42482
-0.0483024
0.846758
-0.570948
-0.425992
0.198664
1.85029
0.0821497
1.28339
-0.732261
-0.209448
13.5752
3.70483
-0.511599
0.102601
-2.62691
0.6911
0.15013
1.24665
15.9816
0.798184
-0.0167994
-0.10227
0.451985
-0.192143
0.363349
-2.76797
32.906
-3.73552
-0.945723
-5.1283
-0.244985
1.0419
-0.480799
8.79501
1.99646
3.19372
-3.57963
1.42581
0.511509
1.14154
-0.23108
-1.45115
-1.32958
-0.373129
0.0098412
0.502159
-0.55762
-2.81423
0.4165
1.73427
-0.276799
0.765886
-1.23454
-1.84477
-0.310052
2.27586
-0.219191
20.4329
0.5075
0.942568
0.794143
2.28498
-0.496865
-0.0823364
-0.0789781
5.73568
0.999276
3.38102
1.62845
0.592623
0.406886
2.84144
-0.134362
-6.75393
0.145042
0.90162
-1.17739
0.275904
-0.824897
-2.04205
-0.825864
0.355903
-2.21004
-6657.98
-5.12079
0.279594
2.65177
22.5926
0.972722
9.5239
0.833507
-0.361201
1.29866
-21.2172
-0.877617
0.856802
-0.380853
-0.546667
7.2887
-3.76899
0.051172
8.08848
16.1393
0.929475
0.078759
0.710487
-1.3728
-7.97173
11.1887
-0.383253
-0.22023
-0.509227
0.24946
0.544439
-47.9418
0.57102
2.77933
1.66344
-0.442102
-0.865322
-0.876845
1.41208
0.642318
-20.237
0.444504
-0.390125
-0.438367
0.456827
0.533507
1.24663
0.382755
-4.35102
35.9381
-1.1391
-0.098286
0.426481
0.167894
-9.09585
-0.35433
-3.32616
0.808356
-1.64657
1.40487
1.63463
0.0987049
0.771963
-70.6106
0.930316
-0.861087
-2.0521
3.54913
1.18186
-0.908165
-2.03594
-36.5535
-0.503582
0.160039
-0.0600299
-3.45528
0.630881
1.28843
0.840538
-1.91998
0.559496
0.758051
0.767269
2.09531
-17.9573
1.48568
-2.1336
1.0977
-0.885215
-0.229814
-1.1126
-1.92493
-0.816533
-1.25166
-0.988309
0.977816
0.38994
0.174232
1.57477
0.275509
-0.624093
-0.845242
0.300153
1.73378
-0.0129862
-1.83353
7.1079
1.34923
0.229852
0.0794682
1.04158
-5.82927
0.205708
-0.929935
51.2488
-0.702171
-5.28574
-0.698149
-0.592266
0.430605
-1.96198
-0.543577
-0.859044
-0.472797
1.41801
-13.9934
5.06713
-1.6133
1.21509
0.638341
0.349607
0.625132
0.744484
1.14879
-6.45077
-0.65361
-0.720047
0.178548
0.0463844
-0.350033
-0.701465
0.597663
-0.849401
-1.70229
0.159678
0.146697
1.01021
-1.84591
0.915312
1.67336
-0.246975
3.05208
3.47944
-2.6666
0.382625
1.74241
0.260073
-0.977948
2.75223
-1.73708
-1.07189
-0.808084
-6.62189
0.0106769
0.445866
-1.57542
-0.250245
0.0335321
-2.73359
31.3412
0.997637
0.378513
-0.389167
3.12852
0.98517
0.296607
-0.106681
0.699956
32.5763
-0.731239
3.22518
11.4524
38.5389
0.742183
-0.431835
-6.50997
-0.657892
-0.0599605
0.557871
0.289759
4.03278
-0.7422
0.225744
-0.190113
-0.82231
-0.319131
-3.04283
-0.299165
-2.38272
2.94786
-0.282755
2.37529
-0.253329
0.602768
-0.786018
-0.194392
0.853783
-0.474978
-0.279539
0.883548
-0.901833
2.83776
0.322571
0.245886
0.369866
-1.08581
-0.292858
0.445865
-1.23801
-1.69155
0.185171
0.82033
0.272501
-8.7138
3.07108
-0.588963
-21.0788
-0.355557
-1.11758
-0.69723
1.60839
4.29563
11.7941
-0.968705
1.18823
-1.66039
-1.34008
1.15842
-5.60439
22.6252
-6.52333
0.511414
-2.26895
0.587443
-0.51823
-4.52634
3.47905
-0.909137
1.18987
-0.418582
-0.555289
0.14811
-0.76041
-0.0169045
0.18612
1.20343
0.523893
-0.599943
-1.99208
-10.1771
-3.67905
-7.50407
-1.15269
-21.5953
-10.862
2.52681
0.553516
-2.28649
-0.168116
-0.264335
-0.556215
-3.50204
-4.62486
1.37711
1.34643
34.052
-1.15849
0.538095
-54.6925
-0.0772014
-0.3397
-0.153902
0.603938
0.355626
-3.95461
-0.421824
-0.348901
0.184788
-0.172415
0.537875
-1.12147
-1.92903
0.0516548
0.322803
2.83772
35.2812
-1.33211
0.194939
2.20708
-0.246399
0.809533
0.171433
-0.533822
1.2484
-3.72877
0.460862
-37.3808
-0.461326
-3.67668
0.211686
-7.20913
2.24293
0.277745
0.34425
3.71973
0.859216
1.01416
0.656109
0.960595
0.155199
3.23978
1.45847
0.746802
0.838299
1.28571
-1.10062
1.77748
-0.34243
-0.194123
-2.97929
-3.02993
-1.83979
-0.340724
-3.57798
-0.774661
-0.784044
0.224204
-0.283147
0.480895
27.5639
0.6297
-0.40066
0.768671
0.244837
-2.20058
0.66527
-0.0651494
-0.290162
26.4152
0.87056
-0.917418
1.33169
0.70077
1.09839
-1.46186
-0.0180284
-0.748407
-0.602174
0.00287394
0.14841
0.875008
-1.68296
-3.07854
0.3276
-0.621901
-0.169737
0.340173
0.663218
1.02192
6.8152
-3.61893
-0.696855
-1.13211
2.24843
2.5926
-1.93516
1.84106
10.1336
-0.369274
-0.238147
0.527013
-0.0892211
0.931412
-5.92371
-2.8591
1.72904
-1.95087
-0.62748
0.235467
-0.0757947
-1.30691
0.781589
3.9032
0.463347
-1.20522
-1.20524
-0.892255
-0.321737
2.07266
12.2395
0.197455
-3.67237
-0.316702
-0.435661
19.4474
-1.13713
13.5322
-0.828536
10.4169
1.04547
0.203058
2.41336
0.723898
-3.23394
2.0818
5.70621
-24.1864
0.692917
6.10623
1.03982
0.463636
0.561867
-66.2368
-1.18313
-0.500309
-0.840164
0.924029
-1.15626
-1.89526
-1.31335
-0.249391
-0.54166
-0.349172
-0.26615
55.7803
1.27707
-10.8817
-0.425945
0.00907688
-0.654067
22.5207
-3.55839
-3.7746
3.59696
-8.89266
-0.252578
0.713067
-5.61946
5.1156
-0.695353
-0.911707
-0.234855
-0.76705
0.271318
0.238411
0.0846585
0.138641
-0.00952723
23.6056
27.9152
1.52491
-0.29303
0.893452
-1.36723
-1.19152
-9.18293
0.147854
2.76361
0.0386043
-1.35802
-0.137292
-5.91919
-7.19573
0.457173
0.530281
0.44031
5.99978
0.05865
-0.840033
0.475859
-0.889216
-0.719834
1.16987
-0.35268
3.60482
-0.137481
-33.4673
0.278819
-0.582368
-0.142177
-0.859875
-0.106905
7.91713
2.13524
0.693406
2.48174
-0.356264
0.512935
-0.736023
-0.907064
-0.271469
1.11265
0.661707
4.22345
0.200944
1.11773
0.3877
-0.0760306
-0.0302085
-8.9734
-0.649834
0.330963
4.7651
2.15476
0.630969
0.494667
-3.27025
1.95747
-5.6231
2.44497
1.63746
-0.742738
-2.49889
-18.3059
3.28634
-0.656002
0.685339
-3.66736
-1.16574
3.27976
-0.435071
0.545772
-48.3639
2.22309
0.979631
-1.19676
1.21393
0.499305
-0.652332
1.82557
0.634317
5.15943
-1.03964
-0.58745
-1.90582
-1.28143
-0.0764757
23.7331
-5.55521
2.54039
-7.02082
2.58569
-1.40781
-0.0125931
0.746852
0.322115
-0.690811
0.0989585
8.15922
-0.428875
-2.0046
0.688098
-1.32913
0.105805
0.196169
-1.6506
0.85509
0.393655
-5.45617
0.840283
-0.248068
0.709148
-0.481964
0.805907
-0.211795
0.000964232
-3.17253
20.8373
0.355368
0.483547
-0.316975
-0.0445238
0.0976225
-0.481365
272.093
1.06957
-1.36886
-10.5904
0.107259
0.540489
1.07071
-1.65858
-1.1538
1.44025
0.563387
0.537458
-10.2479
-0.01682
-1.12851
-0.0225016
0.00681388
-0.335147
0.375374
-1.10486
0.507164
-15.5655
-2.14754
1.17881
-0.326999
-0.0395764
0.96216
6.38922
0.79106
0.260675
-4.7082
-3.77312
2.03956
-5.87977
0.27826
2.40941
0.838318
-0.216102
-0.553348
0.133189
0.168562
-0.606776
1.94313
0.790758
1.25368
1.017
-2.45544
-1.02583
-1.14092
-0.519363
-2.33253
-0.270085
-66.8004
-12.9602
-0.128726
0.936102
-2.00227
-11.0128
-1.8791
0.309857
0.392306
-0.784713
1.09192
-0.23323
-1.2148
0.368291
1.79527
-0.363309
-1.34992
0.550571
0.136991
0.052611
0.777985
-4.41512
-0.862362
-0.0899399
-0.126096
-0.692062
-0.347945
-0.0492971
0.854787
-3.38681
-0.708488
1.23019
3.83476
0.628015
3.34336
2.09829
1.10774
0.597444
0.00606435
1.1853
0.561549
-0.187695
1.72608
-1.24373
-0.0419905
15.1633
-0.122238
-0.43965
-0.081749
-1.6272
6.5154
-0.104691
3.31693
-0.865399
0.0546928
1.2284
-25.4018
0.190452
-0.685225
-0.42466
-0.885011
-0.178989
-1.12309
-2.07004
-2.76021
-1.18356
1.97737
3.96564
0.285779
-2.5236
-1.43958
-0.936157
0.692239
-0.511484
0.517401
-0.519618
0.645689
0.142595
7.4454
-0.0952771
-0.919758
-9.55603
-1.47532
-0.770172
-0.800854
-0.677016
-0.841166
-0.772141
-0.863984
-15.8238
6.45464
3.16501
-0.847435
-0.476522
0.492549
-2.2529
0.374473
-0.031103
0.0187251
2.65082
-20.7906
4.02052
-0.56652
0.0948321
-0.487348
1.62033
-2.8427
0.389321
5.53873
0.60438
13.5347
0.240242
3.32812
1.50092
-1.32634
6.15713
-2.76244
1.0492
83.6236
16.7331
-3.75515
1.1686
-0.972437
0.0454762
-0.609308
0.82768
-0.142869
-0.942356
2.08919
0.714142
-0.8273
-0.891433
-0.387637
5.27903
0.133151
-0.0958941
-5.86094
-0.593566
-2.74306
101.604
3.65672
-4.36757
0.0633466
0.187491
2.5905
3.308
1.81767
-2.67907
-6.03999
-9.66265
2.47769
-3.78696
-0.0341992
2.56569
3.22719
0.647907
0.352057
-30.964
-0.905794
2.52467
-1.69337
-1.01812
1.77273
-18.3274
-3.15611
-2.77534
-0.42175
0.732282
0.0849735
0.858802
-1.25951
-0.0807683
1.58709
1.12414
0.773236
-0.366456
-1.50639
2.79858
0.0317579
-1.36127
1.33062
-1.43659
1.03911
-0.820726
-1.64337
0.555508
1.1405
-1.75159
-1.64178
0.82999
-4.62611
-0.653672
-0.580157
-2.85588
4.38552
-0.518969
0.114339
1.00909
0.937249
-0.676931
-0.663516
-5.09171
-0.494644
2.33416
-1.4363
-0.352709
4.568
-7.37863
-0.744476
2.1213
-2.1454
0.482429
0.50411
-7.61972
-0.0604605
38.858
-0.513506
-1.12273
0.24578
0.160544
0.593682
-2.04292
0.147895
-0.125569
-0.487572
-1.49143
-0.557785
-0.856883
0.254973
0.862414
-9.84713
0.582191
0.497719
1.28332
1.87313
-0.43748
1.77001
-3.03078
-7.31721
0.948622
5.66047
6.81144
1.93337
1.22853
-0.490892
-0.125496
0.933481
28.5915
2.05787
0.77571
0.494901
3.15955
-2.7629
0.83239
-4.2661
-2.22618
0.0333388
-0.676516
-5.19332
-2.48889
-0.0804956
-4.56544
0.668095
0.200181
1.36672
-3.52075
-1.52426
0.953155
-0.203542
-0.158907
-0.218267
-0.275075
-0.00848338
-0.331945
-12.7552
16.3834
-0.14281
-3.88479
0.536634
-1.98395
-0.386388
-0.321719
-1.08495
0.553142
-0.21109
1.80925
14.7387
-2.497
0.730492
0.104406
-0.00512343
1.00932
4.07459
0.285109
0.564557
0.433224
-0.145023
0.378953
-0.516137
-3.31185
2.04677
2.32481
-1.17387
5.78123
-0.48183
0.0381125
2.44625
-0.802597
0.00904413
-0.624287
-1.11507
-0.211799
-17.0438
0.00602546
-2.68687
-1.53118
-1.33951
1.81503
-4.40283
-1.93632
-0.658482
-0.278394
-0.566214
-0.279171
-2.28724
-0.533104
0.174634
1.40154
0.867693
-0.540405
3.88719
-0.792366
-0.74564
-0.752413
1.04949
-0.297973
0.156422
-1.20619
1.67819
-5.7027
0.467238
0.865979
62.4055
-33.1161
0.0955593
2.98229
-0.155384
0.326941
-0.441034
0.306769
-1.84227
0.710383
-0.260974
0.839997
1.29894
-0.158765
0.694737
1.35162
-0.122334
-2.8312
-1.46524
-0.825368
0.705298
0.465225
0.935528
0.658861
1.6189
-32.5169
-1.73647
-1.56693
1.38383
2.5702
0.776106
-1.17441
-2.12925
0.238981
0.766842
-0.848785
2.61345
-6.1005
0.404607
-0.259627
0.953601
-0.441223
-130.176
-0.194815
-0.815863
0.187865
-0.48312
-0.274173
-0.853183
-5.98894
-3.13108
-2.01499
0.667214
0.908804
4.23309
-11.2444
-1.43964
-0.842424
0.115102
1.15749
0.742908
0.19814
0.910663
-1.74227
-10.9394
0.788691
-9.06911
-1.15245
1.61342
-0.107232
0.155013
-2.12639
-37.1736
-2.18046
-2.32282
-0.0864563
-0.0265414
-0.589974
1.0856
3.4181
1.2712
6.13918
-5.09653
-1.05063
0.253764
-1.41552
2.45814
-2.25644
-0.782428
0.205372
1.15915
-0.0337314
2.58984
2.28729
-1.16473
0.324154
-3.27252
2.47665
2.05607
-0.562602
0.0877322
0.296688
0.028964
2.18709
9.75833
0.542798
0.467604
-1.26593
-0.676219
1.21294
3.18007
3.59273
-2.48973
-0.977115
17.4569
1.4166
-1.57772
-0.524156
1.3367
0.671056
-1.85341
-1.36191
-0.991455
1.55805
-2.54163
0.232579
-0.240224
0.228039
0.185313
-0.0494874
0.0717326
-1.18971
2.38059
0.397021
0.848304
-0.56499
-0.369137
-1.47944
2.30156
0.800023
-0.435084
0.0855939
0.555
1.12406
-0.122469
-0.16834
-1.98261
0.0108022
0.529769
-9.72083
0.336515
0.589577
-0.369588
1.72315
1.43657
0.453977
-4.52339
-1.65786
3.445
0.718668
4.11182
4.01152
0.95422
0.493884
1.8576
2.96209
-0.135877
0.550425
0.388853
-5.80456
-0.500109
1.34909
0.397724
-6.17797
2.66267
1.48275
-3.22431
-0.778124
-4.22026
-0.752606
-0.593657
3.12447
2.90172
0.360792
0.146387
0.34531
0.207641
-1.36173
-0.208982
2.26878
1.13133
-5.81809
0.452314
0.271683
0.402744
-0.0719438
-0.803086
-8.37277
56.4252
0.445643
-0.764252
0.23369
0.998263
-2.39066
3.46906
-0.904414
2.92909
0.372715
-3.42304
-3.00677
-17.2037
-0.817925
-0.025797
-0.318237
-0.82798
1.79573
0.709143
0.784159
-1.43514
-2.9297
-2.28565
-3.20779
0.654141
-0.661502
-1.19416
-2.04407
-0.345033
0.400923
-0.356653
5.90531
0.46426
4.03249
-1.32165
-0.3005
25.348
-0.0271219
-1.47513
2.90048
0.0169335
1.73433
4.1378
13.3099
0.0357618
-2.42997
0.351351
9.88619
-27.8113
0.206985
-2.98928
-0.133713
-2.4674
5.87092
-1.92052
0.88264
1.86887
-0.0120892
-0.950446
1.02603
1.28563
-0.506999
-5.86056
-4.31971
-0.213136
-0.775071
-0.913742
6.14715
3.97071
13.3215
-1.04302
-1.29665
2.77779
0.557118
2.35345
-11.7774
-1.3775
-0.189727
-0.319748
0.206685
-2.36959
-2.01206
0.85933
-1.37768
1.1753
0.0231544
0.502002
-2.36605
-0.156781
-0.466007
0.593963
0.450905
-0.00305538
0.632916
-33.2912
-0.503351
-2.38159
0.877257
0.441933
0.09859
0.657766
-0.29275
0.0915845
-0.822564
-0.396708
-0.263217
-1.9479
-17.0652
-3.07258
-1.08363
-0.535681
0.0610076
-1.39702
-0.722626
-0.158
-7.35712
17.3648
2.21328
0.989287
-1.45052
-10.9359
-1.10904
1.09146
2.27645
-0.298142
-4.37031
0.890037
1.00406
-0.512047
-8.23822
0.135653
1.2036
31.1208
0.425999
-0.448234
-4.1597
-1.67817
12.6598
4.33892
0.127013
1.65002
-0.0547523
-1.71074
-3.84185
0.918958
-1.11371
0.566035
1.77585
-0.070685
-2.43898
0.477046
-0.910005
-1.3568
-4.20872
-5.43509
-0.602167
0.12384
0.151265
-2.1864
0.765955
-0.558462
-0.58531
-1.8039
-0.0879054
0.0286137
1.13427
1.35424
0.330894
-0.640791
-0.280947
1.32902
4.85587
2.88379
0.546177
-0.754353
6.17796
10.1168
-0.0623805
0.441549
10.6766
0.36995
0.592655
0.281701
-0.245486
0.363379
-3.90554
0.726446
-5.09753
0.19791
-0.696822
-1.30969
-0.553623
0.723201
2.46096
0.284983
1.88618
-1.01777
-0.954661
2.46012
1.08175
-1.2249
-0.0670477
24.4705
-0.0223179
9.65439
-4.66907
-1.93798
0.329685
0.070849
-1.81688
-0.676996
0.924968
0.82127
0.625069
-1.19058
2.38293
-7.13356
-1.31935
-0.116859
-6.59854
-0.739168
-0.362444
7.40144
-0.496
2.05101
123.75
0.701527
0.427431
-6.358
-0.379201
18.0298
-0.0301138
-0.419844
-2.07557
-0.528331
1.4361
4.18694
-0.0896456
-0.104665
1.73304
0.605131
-1.67479
0.456428
0.517864
-3.02514
2.86658
1.70388
10.4994
0.508964
-2.17308
1.08518
-0.0607745
5.64408
-1.90915
0.0924807
-0.717656
0.624166
-0.598743
0.204748
-3.67262
-250.689
-2.0275
-45.4547
-4.68309
-0.822143
2.66001
-0.500967
0.329352
-1.32866
-2.71612
0.155397
0.760797
-1.58048
48.1636
-0.35794
0.572133
0.578105
-0.546738
3.6872
-0.0474753
0.145199
2.8819
-1.83601
1.06946
-1.43484
-5.62761
1.42076
-0.190018
0.819376
-1.35
-1.30615
8.66901
-0.30105
-0.230591
-0.379238
0.0584348
-1.29677
-8.98059
-1.41152
-0.482158
-1.2208
0.284908
-0.730237
-1.38793
0.494054
-3.60925
-2.00821
-0.375554
0.0963449
-4.02
0.315882
-3.50572
-0.399467
35.5904
-0.711063
0.199862
-0.546243
2.13128
60.7364
3.66423
-1.84139
-1.71857
-0.979596
1.18472
0.977
2.26159
0.04152
0.551044
-0.812086
1.95334
0.357549
-1.47591
-0.44019
0.282393
1.37755
-4.00284
-1.05219
2.24746
-1.43805
-1.07135
123.298
0.388984
0.196619
0.650011
-3.29374
0.698171
-1.63029
0.410665
-24.3744
-0.110182
-1.20669
0.0854969
-36.3415
5.81557
7.0944
-3.1765
0.937481
11.3802
-0.635753
-2.97222
0.558199
0.953132
-0.150576
0.201463
-2.57967
3.41165
-0.266736
0.528069
1.27662
-1.42557
-4.82753
-0.753648
-3.37891
0.796079
-0.175856
2.734
-18.2049
0.0882732
-0.068554
83.9373
45.4682
-0.18265
-0.739747
2.37601
-0.00770798
-0.454172
3.28027
-1.21723
4.20329
-0.328145
-15.1105
0.40827
4.78727
7.00154
0.313419
-5.62758
-2.26239
-1.54349
0.276931
0.396682
0.286686
-0.522252
0.696618
2.47842
-3.98493
0.913548
1.08396
4.26057
12.4941
0.243171
-1.06738
-8.81171
0.476411
1.15393
-3.69326
2.17586
-0.599364
-0.234166
0.577434
0.472866
11.4845
0.336354
0.365346
-0.745469
24.4971
-1.43591
-1.64212
-0.0122364
-0.426642
-1.08307
-7.20446
0.661041
3.08094
2.95794
-1.88796
0.303423
1.58457
0.296957
-0.408201
-0.00867955
-0.262754
-0.563302
0.446268
0.301975
-2.13274
-0.734078
-0.392807
-0.768208
-0.163924
0.835554
1.69378
0.116178
-0.446495
0.529194
1.27655
0.539941
0.665059
2.33296
-0.0260295
-12.3576
0.382162
0.636751
10.2882
-2.02797
2.48157
0.898136
-0.894013
-0.178377
6.37956
-0.705098
0.795689
1.32395
-0.117857
-2.71322
1.60893
-1.80293
-5.97768
0.859536
-0.468809
0.424984
2.07572
-0.0252239
0.52695
1.46927
5.60381
2.74379
0.843606
0.333016
-0.425862
6.32225
1.24906
0.372049
2.49336
-0.422698
16.5351
5.94106
-0.137821
3.12261
-1.23996
2.62224
-0.330249
-0.53211
1.01712
3.20042
-0.399839
-0.028508
-0.616856
-1.19771
0.0272195
-0.146656
0.193197
-1.85196
0.832066
2.26982
-0.399146
-6.14294
2.13978
0.722312
1.85021
-2.13451
0.3979
-0.0972065
-7.54377
0.572118
-0.60982
-0.499081
0.00620311
-0.476616
1.62009
-5.25033
-0.82223
0.0488936
0.527525
-3.24715
1.2728
0.266813
-2.20558
-1.19662
-2.00245
-0.214169
2.25126
-1.59407
-3.03437
5.40237
1.12191
-0.0358214
0.450383
-4.79846
-0.623073
0.334633
-1.74018
-0.272702
-4.08469
-0.504792
-0.274942
1.29001
1.11641
-19.4322
1.26755
7.11313
2.31176
0.847199
-0.150828
-0.355651
-0.070931
-0.922638
3.49413
1.65382
-0.618782
-0.306863
-0.682755
0.335857
0.910532
-1.17327
1.55687
13.7704
-1.97164
-1.27012
1.02894
-2.88587
-1.63941
1.00083
4.00397
0.432641
-1.91935
12.5544
1.80072
0.497627
0.249994
-0.840241
-4.90298
-0.112934
0.696947
-92.9529
-1.46331
1.34222
-1.6982
-9.36887
0.226944
1.28252
0.856249
1.78354
-1.2883
4.29861
-1.03545
2.01559
2.32212
-0.609795
0.430632
4.21416
0.210694
2.97439
-0.303237
0.220057
5.50769
-0.284041
-0.771415
0.314418
-1.8827
0.141719
0.208503
-0.17837
-3.98671
-1.42233
0.38217
0.461425
-4.23397
1.42863
-1.23441
-2.9907
-0.65678
1.09982
-0.443543
-4.32193
-0.717577
0.122902
24.7165
-0.267027
-0.243181
-0.998563
1.82485
0.177781
-23.6135
-0.914195
-0.175746
-2.15031
2.78189
-2.29553
-2.73905
0.688567
0.0276965
0.223701
6.92063
-4.61191
-1.14481
0.702777
1.57477
1.16654
-0.22135
0.0792003
3.60875
0.074772
1.81004
-0.87366
1.01008
-1.27823
0.423185
-0.0828421
0.901789
0.430974
-0.988467
-1.41015
1.58025
-0.943243
0.832255
-0.113545
-1.63563
3.74305
-1.94918
0.884294
-1.25888
-0.861316
-9.56985
-0.282508
-0.191862
0.070822
0.884922
-19.3256
1.00267
-5.00231
0.424854
-2.24787
2.31123
0.154204
1.12877
1.7702
0.948391
-3.52865
-4.35498
-2.41923
1.42948
-0.217728
-1.20378
-2.481
0.261768
-4.83139
0.0212951
0.876849
0.173391
-3.81052
13.3952
-0.289791
0.679756
0.437643
7.05346
-0.167377
-1.03055
0.20232
-17.1015
-27.7241
-2.9974
-0.268473
-0.0711533
3.01279
0.499989
2.12792
2.23452
1.42908
-2.77132
-4.18147
4.70352
-0.271979
-0.881158
-4.9732
-10.0875
-1.97727
0.10068
0.522788
0.192753
-0.540394
0.466579
-8.22819
-0.504011
-6.98309
2.70263
2.36537
0.600862
-3.69807
-5.29996
-2.74362
0.548107
59.1805
-4.25505
-1.36509
-0.711697
-0.685128
1.64577
-0.163021
1.17769
1.07651
1.45373
-0.686736
0.319204
2.43391
-0.899882
-0.986246
0.245508
-0.133944
0.658724
-2.27022
0.48692
-0.301736
-0.519703
1.12484
-0.0604511
0.0915068
0.346194
0.720875
0.186693
-0.33113
159.396
-0.240809
-0.810718
-1.11201
-1.04665
-0.0329891
-1.51791
-2.02727
0.725421
-1.1617
2.05966
1.04321
0.779771
0.495486
1.13582
-2.20544
-1.62244
-0.364442
0.161456
-0.405619
0.218151
-0.0793091
-6.23609
-0.511776
-0.233479
0.323287
-7.6158
1.19151
-2.06671
7.11692
0.0589109
0.819573
-0.350261
-1.41299
-0.500671
-4.14909
-3.70843
0.605447
-9.8876
-0.297145
2.54977
1.3533
-3.68165
2.76583
-14.2683
0.251421
-0.835462
1.16635
3.15668
-0.228901
-0.453163
-0.798809
-0.22672
-0.72981
0.921669
-6.6273
-2.3748
2.76776
3.72457
4.1379
0.411964
-0.91555
1.39559
1.3592
0.321943
-0.0457989
-88.698
-1.05129
-2.7457
5.23779
0.70239
-0.102793
-0.59214
-2.23791
0.0301203
-0.0538126
2.07556
-5.56372
4.28106
2.26282
-1.20847
-0.0138129
-12.7295
0.702218
-0.756048
-7.67511
-1.18749
-1.72435
-0.125427
-6.43184
-2.50231
0.285831
2.86857
4.25802
1.17694
1.33192
-0.937603
1.07284
0.0911938
-2.32593
0.697166
2.72884
-0.300094
0.331222
-1.91762
1.83833
0.54038
4.77225
0.725753
-0.105901
1.50292
2.22765
0.630264
11.3386
-1.09164
4.79415
-0.687462
-0.733576
0.375639
0.727317
0.135193
0.388693
9.12323
-1.12707
33.0624
-0.159738
-7.16274
-4.5253
6.01899
-1.34268
-6.20089
0.516202
1.82536
0.958776
13.1863
-2.94394
-0.144923
-0.809598
0.599984
-0.570985
-0.68064
-1.60945
0.246595
-0.910155
-0.289612
-1.53301
-1.13629
-1.40802
0.924018
0.132957
-0.199893
-169.555
-5.51807
0.779657
-25.7787
0.74573
2.40638
-0.272991
2.47302
0.62494
-9.31174
0.0996489
-0.87843
-1.94275
-0.164422
0.336869
-0.167864
1.13556
3.12464
2.28333
-5.92357
1.81921
-0.0582475
-0.371313
2.29446
-1.31306
17.2239
0.862072
-0.760581
5.84607
-0.57099
-0.304901
-1.72335
1.88722
-0.0533677
0.591034
-16.889
-0.362702
-2.41696
-0.440302
0.703689
3.10164
-25.4328
-2.14027
-0.0329702
-0.500661
-0.917498
0.663062
2.37514
-0.00386728
-0.805835
-1.58789
0.10605
0.432203
15.2698
-0.235094
1.12293
1.70991
-0.0512188
7.54275
0.152091
-0.313474
3.43133
-0.695855
-0.995121
-234.155
26.7586
-1.64388
-0.083527
0.891049
-2.58211
3.0263
-2.71866
0.337982
0.850568
1.07991
0.492196
-0.596048
-0.60924
0.897559
0.713906
-7.45681
-1.66416
-0.832034
-5.92973
0.578466
2.68252
0.0901129
0.642863
0.228866
14.2295
-0.298491
-4.32583
-0.76295
-3.64609
-1.46719
-0.876231
1.84907
0.431941
-0.62906
2.32311
-8.29113
-4.44131
-0.0834341
-2.98863
3.07279
-0.606289
-0.67713
-2.43912
0.266675
-1.34108
-0.0351151
-0.221814
-3.68177
4.61889
0.359735
-0.205472
-0.863288
-0.476414
0.193141
-6.34085
0.658919
-2.28201
-3.43511
0.370372
-0.0642572
-6.7558
-0.977588
0.112448
1.70933
0.509003
-34.0713
-2.05017
1.45798
-0.497225
12.1182
6.66219
-4.70726
0.219219
-1.81451
0.274625
-11.9185
-0.101775
-1.07248
-0.780855
0.0113737
0.55951
0.97358
-2.12131
2.55583
-56.7523
-1.57248
-1.21395
-4.66079
-0.769568
0.0150831
0.300162
0.405537
-0.866121
-1.73067
0.925498
3.22452
0.204146
4.13094
1.78
-1.02236
1.7212
0.599144
-0.571859
4.84917
0.980423
-1.49848
0.479128
-0.116563
-3.18626
0.701392
1.06569
-0.320008
-3.08435
-0.744371
0.425624
-0.132204
-2.75019
-0.273148
0.898757
-0.800253
-0.918233
-0.161298
-2.53452
-1.48385
-3.42333
-3.30622
0.0594837
-0.0838402
6.88209
28.5722
0.808728
-0.605955
1.75923
-32.1117
0.411133
0.184839
2.04618
-0.698589
0.173441
35.6002
1.80289
-34.0601
0.611978
1.80507
0.32329
0.0378474
-1.30034
-0.731043
-71.2979
0.903873
-0.879232
0.101516
0.683542
6.45701
-5.26561
-1.10458
2.09223
-0.00480658
-17.0325
31.0897
6.65147
-0.109112
-1.34696
11.3363
-0.0953613
44.8058
0.574409
-2.29246
-0.176905
-2.94224
-7.25239
-2.42975
0.207079
-1.05379
-0.462431
0.141521
1.71061
0.0199438
-0.291123
-3.29353
1.36905
-3.13499
0.012883
0.0182296
-1.39781
-0.0458218
0.0227091
3.53908
-0.899998
-0.720095
-1.30818
-0.00154904
0.989596
1.41474
-0.0351749
1.07359
-1.77894
-30.6338
1.50561
-0.376901
-0.488287
-1.33213
1.18658
-0.639524
2.8275
-0.6311
0.168799
0.350185
6.87948
0.61638
1.18279
-1.45372
1.6333
-32.8812
-0.021632
-1.60513
26.4044
0.930821
-2.98259
0.243683
-0.577131
1.70886
0.445549
-1.04197
9.47707
-1.10268
35.4732
0.334012
-3.41372
-7.2828
-0.116448
0.563424
0.822458
-1.64984
9.25469
2.88062
2.28427
-7.67197
-3.36603
-2.54713
2.17698
1.06349
2.68523
-0.592044
0.487033
-2.39973
-6.52154
-1.26509
0.353765
-0.371035
5.99337
0.248413
1.21685
-5.56635
0.287316
-0.447543
-0.058091
-0.388853
0.334815
-0.0238487
-0.000904305
0.249398
0.523957
0.346403
4.5339
2.16348
3.03212
-0.852551
-1.20583
-0.785424
-4.58283
0.0818211
3.52556
44.7582
0.462909
1.11104
-0.59208
-0.00535093
-1.21939
-0.495997
-0.697118
-1.2285
3.76298
-2.03841
2.32027
-4.02405
0.67769
-0.340684
-1.24984
-0.56949
0.739586
0.483706
-0.252276
0.877663
0.596399
-1.06724
-0.495814
0.506891
0.825372
-0.765175
0.788569
-6.70844
-1.48828
9.20403
0.117705
0.142302
-0.482983
12.3067
0.297564
0.548998
0.986583
1.55913
2.68416
-1.21956
-0.291756
0.728126
1.42963
1.06516
-9.32102
28.7582
-0.162731
0.547145
10.2669
-1.64076
-1.20273
-2.03034
-34.5879
0.0591995
0.832882
-15.1485
0.0203094
-1.51778
0.311105
1.62829
-2.11479
-1.12699
2.8218
0.0288374
15.3753
-2.52277
0.340657
-0.826215
2.93328
4.13379
0.576368
0.570239
0.0215405
-0.392371
-0.525796
-2.00545
-2.59114
0.257237
12.2265
-0.25155
5.87736
9.25522
-0.476015
3.62722
0.164702
2.19981
-1.42282
0.996257
-14.4194
-0.48815
2.24634
-2.81698
1.43711
0.0488582
-0.277235
0.313638
0.772861
-0.873149
-3.65984
-1.04875
-0.2958
0.25566
0.130112
1.09847
-1.58931
-0.220419
3.1756
0.811176
2.42809
1.13029
0.946575
-1.34658
-0.188809
0.161689
-1.74799
-10.6707
-1.78111
7.0366
0.72028
0.907288
-0.192599
-0.04566
0.695034
-0.27549
0.0389612
0.00272689
0.169374
1.06897
-0.197316
-4.10485
0.73772
0.575091
-0.679564
34.1742
1.62318
0.786285
-3.27046
1.89461
-4.42635
0.653344
-2.36176
0.0589515
-0.708627
0.407296
0.995425
1.87476
-1.58489
-15.5158
-1.7146
-1.40538
-1.6594
0.266618
0.895944
-0.0115777
-0.387295
0.611049
0.0693269
3.97527
-0.230244
0.328879
2.02415
21.0097
0.522404
0.469297
4.15716
-8.51119
-3.10282
0.17673
-1.07534
0.115682
10.6442
-0.76623
19.4524
0.518252
-0.52339
-5.09071
1.42955
-0.981411
4.07213
-2.76383
0.83297
-1.92465
1.09121
-2.37233
-0.580169
-1.26388
0.371358
-2.75136
-1.26722
-0.466684
0.111691
1.12542
3.35396
0.182758
0.558375
6.39293
0.175051
-0.507659
0.24673
3.38851
-3.4859
1.0518
0.0329211
-1.5392
0.514694
3.0887
-4.55724
0.126623
-0.384904
1.1015
-3.15753
-0.161553
-0.103093
-0.400309
1.024
-0.913251
-0.433581
0.12632
5.36218
-5.55962
-0.515372
-0.171718
-91.4538
-0.110392
2.0215
1.33557
-2.99539
0.626878
2.06008
1.29631
-4.58602
-0.367944
-7.32725
-1.42455
-109.052
3.78428
-0.35581
1.27876
-3.53029
5.78852
0.00431563
0.743826
0.591032
6.93537
0.446282
37.4936
-5.32212
0.202277
0.0235176
-0.442077
0.308495
-1.79722
-0.440322
-0.939106
-3.24151
0.287229
1.01375
-23.1119
-0.991865
0.206277
-0.534582
-0.646398
0.0772157
-0.361778
0.127548
0.111208
-0.101161
1.62996
3.85436
-0.023544
0.293788
1.21071
1.10755
-0.501103
1.39128
-1.11635
2.08542
0.613422
1.41797
2.32373
-1.04139
-0.258737
0.29298
0.362856
0.423509
-0.0564763
-5.67014
4.38741
-1.2304
-0.593786
0.34145
1.42976
-1.20276
-3.21654
-3.87443
4.63058
-2.0666
0.583054
-106.515
2.08867
170.034
0.492794
-0.690219
-2154.19
-3.38387
1.58039
-0.793431
0.819272
4.3496
-1.31387
1.41519
-1.9269
-0.0802375
0.516154
-1.29186
-1.09137
-0.487931
-0.228091
1.7985
-0.688508
0.612457
-0.0289877
0.0357848
-0.165863
-1.8344
3.25712
0.0914351
-0.191277
-0.0741275
9.53519
2.266
8.04364
1.09967
-2.9365
1.34614
-5.81908
8.32183
-28.3604
-0.859255
-0.481914
1.34123
-16.6001
0.568974
1.39988
0.70198
0.918716
1.94887
1.83745
-8.48927
-0.555633
1.39288
-29.5478
1.85168
-0.260191
1.8803
3.04645
-0.00533154
0.753091
0.145515
0.332198
-5.50368
0.0465133
1.67458
2.5964
0.311901
1.74169
0.484451
-2.54805
-1.7979
0.640321
-0.0794759
-0.479832
0.842465
0.452187
-0.509767
1.68062
-0.228557
-0.938945
-0.243059
-0.141633
-0.582671
0.727877
-3.59075
-0.0831187
0.699775
0.0205431
6.3968
4.99225
-0.00388149
0.681017
-0.0515757
-0.555006
-0.01053
-0.242337
3.03541
-1.79553
0.976666
-0.503798
2.1603
1.4649
10.6006
0.116294
-0.279926
-0.0508726
-1.31349
0.929957
0.445389
-2.77482
0.160167
-1.4444
1.28509
-1.46432
0.00477276
1.58237
-7.10387
0.177289
0.715486
-1.18872
0.856068
-1.32481
0.40599
16.7097
-0.23163
2.22061
0.833762
-3.36624
0.735344
2.48859
6.64547
-4.27218
1.16757
-0.47542
5.03496
-1.25984
-1.96806
-0.133547
-1.10345
0.671132
0.274828
-2.20709
19.937
2.52009
0.257835
0.315263
-6.14047
-1.6536
-0.561255
-0.260589
0.798566
0.852701
-0.602217
4.37575
0.960623
0.583169
-0.162214
0.350903
-1.64473
-5.13014
2.66089
0.31211
0.32185
-1.97033
-0.369902
3.2628
-0.565136
3.1998
-14.9537
1.65198
0.8202
-2.01357
1.42166
1.18655
-0.712889
0.268704
-0.0339147
0.561643
-0.379681
1.45717
3.00586
0.775696
0.157893
-0.557419
-17.033
0.952497
-2.35618
-0.266697
3.74515
0.312106
1.24037
0.297815
9.21845
-1.07062
0.679822
0.183983
17.0009
-0.0622642
0.684657
-1.08925
4.1997
-1.38689
-1.19346
-0.503283
1.59826
0.445228
-2.50272
-3.03971
-18.4094
-0.188263
-0.720606
-3.54092
1.42782
21.6231
0.890568
-7.18024
3.83578
-0.290215
1.41879
-0.0491783
-1.34739
0.874915
-0.513177
0.86893
-7.12692
-0.315603
-1.70817
-22.8266
-0.640446
7.18538
-0.380452
-0.646542
-5.46633
-0.167709
0.511354
14.0911
-0.204515
42.3089
-0.681748
-0.127119
1.92189
0.292895
-0.762732
1.05491
0.528927
-0.0454873
0.0154339
-1.94007
-1.39456
-0.37037
0.910343
-1.38177
-7.07576
-14.3425
0.742488
-1.02719
1.25407
-2.34167
-0.990688
-0.033842
0.209707
0.203525
-0.00620218
0.844092
-9.03923
0.391682
-0.440054
3.54202
-0.84576
-0.930113
-0.421145
0.41235
-1.4671
0.927063
0.301361
-5.0249
0.304233
-0.289024
3.07165
6.02244
-2.15599
0.981189
-0.119136
-2.23388
13.7108
-5.78361
0.483166
0.739453
-0.176451
1.08603
-3.72072
0.51997
-0.942777
22.2708
3.44348
-0.29962
-3.34225
-0.785664
-0.665288
-1.90526
-1.01838
-1.37605
0.0804176
-4.57998
0.39688
0.688007
0.424705
-0.799467
-6.07003
-0.826829
0.731546
-0.00649077
-4.68223
-0.705321
-3.91217
-38.6886
-1.01332
-7.85099
3.81782
-0.191816
-0.742947
-1.64173
-1578.03
0.295568
-0.749982
3.63566
-1.52005
0.0659871
6.46287
-0.0392711
2.37707
-6.09943
-3.89288
-1.06993
-0.274742
0.33147
-0.316491
4.37266
-0.837873
47.5287
2.89721
-0.225977
-0.786355
8.01114
0.394189
-10.0015
-6.5502
-1.43018
-5.31397
-0.795401
-1.46688
7.735
-0.817919
0.926607
-7.14011
3.54841
-1.19552
0.996855
2.01401
-0.727317
1.20353
-0.527459
0.98532
-372.758
0.341326
-0.416071
-3.43019
0.986033
-0.126342
-7.39464
1.00457
1.15188
0.481357
-3.94625
-2.02635
-0.453538
-0.427528
-1.04103
0.820277
1.15406
-4.42404
0.602871
0.609247
-0.718394
0.758158
-0.272915
-1.9173
-0.352493
0.319349
-1.31661
-0.464491
-1.33212
0.206421
0.0282203
0.397642
0.646792
-0.63732
4.69545
-7.01609
0.48684
3.86116
1.95477
0.370151
-1.21526
-5.90265
-0.800973
93.0833
-0.514201
-1.25347
-0.715289
0.377151
3.68721
-1.25447
-0.96049
-2.73916
0.222623
-0.634329
-0.589498
-2.08424
0.945409
7.6356
-3.81969
26.8288
-0.810457
-1.22228
-3.38814
0.573271
0.736639
-0.287918
0.727708
0.173732
7.32398
2.16484
0.660374
-0.367145
5.33802
-1.85068
0.860271
1.4012
3.3917
-1.28532
-0.555368
-0.14711
0.91857
0.945637
-0.978504
4.18931
1.06276
-0.0755377
-0.361592
1.37595
-5.01085
0.665384
0.759993
6.4833
-1.8695
-2.04753
0.191435
5.7125
0.571998
-9.65853
6.38919
0.00884589
-17.3798
2.18795
0.19538
-0.496584
-0.39605
0.693444
0.406268
1.17417
0.437193
0.292086
0.388005
6.08253
-0.463416
-1.5927
-1.98233
-0.938626
0.106667
-0.797428
-1.08059
-3.33743
0.491693
-0.718663
0.147724
0.107354
-0.31779
-1.35772
-7.2102
0.893185
1.76995
-0.144432
-0.107692
-46.3178
0.189383
3.07031
16.4944
-0.385885
2.02604
-0.716008
0.45283
0.0332562
13.1539
0.929974
4.07905
0.596582
0.293728
0.0638305
-1.1432
2.97298
0.0604371
-1.09371
-0.731542
-0.859199
-5.79463
0.384096
0.971348
-0.742692
-1.5221
-146.178
-0.178938
0.981253
-14.4018
-0.416906
1.18016
-3.05019
-1.49833
0.122267
-3.40926
-2.2319
4.05965
-3.55432
-0.875396
-17.0616
1.90516
2.5354
19.8501
-2.25677
-0.750984
0.787958
4.91465
-1.51641
-0.0815888
-0.722846
2.00707
-0.392186
-3.47636
0.748876
-0.793378
4.13681
-2.2629
-1.76991
-0.245329
2.2417
-0.503037
1.10014
0.824084
1.1158
-3.69844
-10.7017
-0.391181
0.818422
-1.30964
-0.308034
-7.78538
-16.9348
0.00796486
-0.328612
-0.151331
0.0426372
0.189936
1.07046
-4.83213
2.66443
2.56424
0.553456
-0.169613
23.881
-0.00741332
0.266263
-0.441096
-0.65342
-0.252703
-0.614363
-0.476285
0.107505
-1.59309
0.969863
7.24177
0.211085
-3.40835
-17.2328
5.53159
0.111991
4.76696
-2.27209
-0.0339511
-0.267025
1.38365
0.595361
0.175392
3.85325
-0.229767
0.942931
0.69859
-9.77602
0.306145
0.0901893
0.963967
-0.36048
-2.02226
0.0936261
-1.28741
0.392484
0.479527
0.109607
0.100465
-1.30864
-44.0549
0.65155
-1.11324
-27.8723
-2.91292
1.9448
-0.302053
1.32413
-2.96311
-1.73388
-0.726165
-3.44334
-27.5315
-0.237694
1.34536
-1.28996
0.0814045
24.9192
-2.88188
-1.94379
0.966387
6.65841
3.07165
0.595584
-1.02298
6.68187
0.719988
-2.30574
0.325092
16.6673
-5.25438
0.344287
0.852279
0.829908
1.83893
0.387598
-0.492271
-1.12476
0.692237
0.521357
-0.000141323
1.89059
-0.180868
-1.19226
2.80571
-2.76625
-7.93309
2.23649
0.638655
1.12624
2.36204
4.96186
-2.27094
-0.440645
-0.910874
0.780429
-0.116305
3.83843
3.05634
-2.95549
0.633933
-0.0447782
1.04225
-12.1078
1.09439
1.02839
-1.58993
0.123629
-1.76178
0.024914
0.28276
0.834237
1.38951
0.025318
-0.212177
-1.5939
3.44528
8.77797
2.09093
1.16127
-0.516836
-0.202896
1.76764
4.21483
0.59998
1.40549
0.157262
-2.19543
-5.38343
0.272374
-5.48484
-0.353273
0.504089
-0.475211
-0.227381
0.386933
3.48167
3.28776
-1.06981
-0.954722
-13.175
-0.446484
0.817129
0.0596277
-2.94079
6.68012
-1.06708
1.49848
0.526334
13.8686
0.676529
-0.511874
-1.15246
-8.62385
-9.21713
-2.54979
-0.814834
1.9482
2.45054
-0.10063
0.137171
0.244433
0.352152
-2.05642
1.49489
0.432857
-0.583761
-0.580962
-1.08177
-0.759433
1.01654
-0.551695
0.0981096
-0.10816
-0.0236162
1.10266
0.832535
-10.474
2.92401
0.25132
7.82147
4.30666
1.3573
0.933238
-0.290127
-0.392597
0.644324
0.325233
-1.40422
-3.46398
-14.2073
-0.0622422
0.970188
0.449596
-0.952607
4.9719
2.06316
0.585939
-3.00639
63.2156
-2.59243
-1.56082
-0.711496
-0.288657
-0.242145
-0.969491
-0.420278
1.00226
-1.86477
1.29895
0.178967
-0.12495
-60.225
-0.13267
-0.368703
-2.6926
0.248617
-4.15636
-3.84466
0.403117
-1.42345
0.606697
-0.485426
-0.043201
0.156631
0.822634
-1.21353
1.11499
-0.611536
4.03696
1.09518
2.27345
0.349342
-1.80658
-26.0913
-0.942862
-1.73364
1.18797
-6.23622
-83.1817
-1.71471
-2.35748
-0.336827
-0.0660771
0.160773
-3.50986
0.335398
1.18922
2.53261
-0.623684
5.39704
-2.77762
-3.58332
1.21265
1.01946
0.594052
-0.873844
-0.283226
-0.427185
9.96521
10.0403
1.28119
8.97797
-3.40029
0.573909
0.127155
-0.438417
1.24686
-0.0430501
-3.64625
0.750975
-5.63107
0.89933
-1.10203
0.273092
0.199184
-1.37027
-0.157977
-5.90382
0.854968
-1.25562
-1.06619
-4.38436
-0.258728
0.0697929
-0.120224
11.0995
-1.909
-1.21717
18.2841
0.218282
-0.14844
-1.38955
0.280214
1.19333
-0.708459
-0.070864
-0.710176
2.178
2.48531
-0.774184
0.362983
-0.363905
0.0511036
-0.412959
0.360675
0.584696
-0.409021
-12.0881
-0.0838885
1.51833
7.44681
-0.0645408
1.26014
-8.00084
-0.339268
0.517061
-1.47848
-0.0286989
0.315927
-0.846292
1.16021
-14.0252
0.524045
3.63821
0.493671
0.129517
-0.197944
-0.245792
0.366863
-1.35239
-0.010993
-1.76028
-0.527821
0.50218
-2.51377
0.351279
0.33215
-0.942094
-1.28291
-1.12498
-0.671548
-1.00864
0.80222
1.7613
0.349358
-1.94014
-1.32138
2.75456
0.991975
-0.160636
1.53929
-0.268718
-15.3568
-36.6447
-0.985903
0.263516
0.929479
2.58214
-0.0965026
-1.27851
1.51495
1.02697
-0.861478
-2.92552
-0.470707
6.38972
-0.593119
-0.875481
1.46858
0.321982
-0.479802
-0.471485
-3.19147
2.03517
0.978437
