1.81632
0.683843
3.29241
0.0597508
-1.64384
-6.26421
4.41064
-1.3948
-0.686354
-0.931831
-1.14212
3.5473
-2.11172
3.11365
8.68571
-0.166552
0.343259
-2.52786
4.26428
-0.0559621
-0.933581
-0.464221
0.302021
0.279406
0.906903
-0.115395
-4.69943
0.752677
0.387578
11.6414
0.590576
-0.851138
0.365986
4.91362
-0.217904
0.268957
-9.25559
4.84135
-0.616026
-0.841722
0.152072
1.85209
2.10631
0.888399
-5.69516
-0.602395
-0.0476377
0.219725
-0.559066
-2.70145
-0.719935
-7.55771
-2.49222
1.83352
2.40682
1.01257
-0.305347
2.36281
0.805241
-0.708694
-7.06976
-13.8087
-1.25074
8.55362
-0.538441
0.144881
-0.355293
-0.282558
-2.31557
-5.24452
-0.911031
-0.994453
-0.0819629
-1.4884
-0.634542
-0.868789
2.6554
-0.771687
2.12728
0.0978806
2.46647
-13.296
0.759583
0.385378
-2.15926
-2.98818
-1.72544
-0.371377
0.965742
-0.932046
2.72586
-1.87834
1.14725
0.910835
0.485182
-0.0420289
1.21325
-4.4589
-0.999861
-4.32819
-2.1965
-1.11016
0.670064
-2.52198
0.011306
-0.862111
0.610435
2.66505
-0.202993
0.652129
2.86647
-60.321
0.854811
0.620084
0.332988
-3.71424
60.3599
-0.221115
-0.536102
0.0341441
-5.62426
-0.447197
-1.78569
1.08581
0.249582
2.72527
-1.0738
-2.08968
-0.107304
0.39248
-73.9675
-0.332994
0.89226
-0.978625
15.0139
0.587935
-16.1197
0.131669
0.661297
-2.72068
5.38982
10.3176
6.61833
1.21111
2.4229
-0.74089
0.888231
-10.3272
-0.908514
-0.853762
-0.292297
-31.7859
3.38527
-4.87911
-13.7762
-3.57007
0.173992
-2.13618
-0.576161
1.39367
-2.6208
0.83992
0.83431
-5.47776
-0.161114
-7.18702
-0.025472
-0.834075
0.448602
-2.02555
-1.1579
-0.192494
-6.55186
-2.02716
0.0171793
0.0211259
-24.4957
-0.577351
-0.839149
1.06471
1.89888
0.983912
1.61342
0.76328
-1.55744
0.443937
1.88128
-0.241477
1.49231
0.813135
-141.812
-0.978654
0.797488
2.06708
0.785047
0.708535
-1.01395
-0.458867
-0.233701
20.471
-1.54755
1.11415
0.271332
-0.650627
-42.5232
-1.01452
0.176586
0.722704
-1.39614
-0.0651054
-0.423651
-4.99194
-3.25004
-0.378121
-3.2577
0.187088
0.027964
5.80276
0.437959
-0.143876
-0.934053
0.71902
0.482977
-2.9265
-0.363503
-7.90826
-2.2211
0.865967
-0.546262
3.74382
0.334606
185.088
0.0611981
0.534384
6.28596
-23.0546
3.06997
4.93499
-0.536359
1.22345
-0.598411
-0.557889
-3.74524
0.880939
1.37153
-17.0452
-0.521388
-1.13333
-0.456928
-3.11577
0.675261
0.577487
-1.02942
0.511153
-0.0389148
5.38127
-1.68177
0.681387
1.72114
-1.93178
1.03311
-0.3802
0.11028
-0.175159
-0.581313
-1.81331
-0.569202
-0.0848432
-1.60394
1.47254
-0.92046
0.0363257
2.77674
-1.80341
-13.9881
0.380719
-0.658377
-2.54693
-26.7274
-0.691657
-8.11437
4.45295
2.61814
0.641625
-1.4564
0.274307
-0.0590923
1.88421
-0.276672
0.121183
-1.03289
-0.159644
1.61508
-0.560687
-1.81355
0.567509
-0.553849
2.15004
244.199
-0.956672
5.30293
-0.802539
0.956493
-0.484934
-8.43521
0.000155976
-13.7753
-6.87291
-0.422795
1.67021
1.9127
-0.317128
0.941498
-0.248343
-3.48631
1.05712
-4.03776
-0.494045
-3.48354
-1.3934
-2.61594
32.7065
-1.95776
1.87814
90.6821
0.425767
0.687716
1.28378
25.5868
1.62135
-0.287877
-3.20957
4.22889
1.93559
1.69379
-2.04667
-16.0013
-0.0890772
2.31096
0.717
-3.11622
-0.706168
0.053383
-0.555558
14.052
1.36269
-0.422685
-0.882053
2.29618
0.132477
-0.648902
1.75825
1.11704
0.478039
0.548263
-0.771848
-0.303133
2.27127
1.80117
-2.04311
3.37437
4.42318
-1.03427
4.40171
-1.99419
0.939404
2.14906
0.638902
62.4986
-0.538286
-0.739714
-12.4358
-3.96641
-0.218502
0.0898643
1.15313
0.855279
3.82968
3.91048
0.23463
-0.767807
4.00005
1.37404
-6.58104
-0.102396
-5.15968
0.763795
-2.43257
0.0677341
-5.16193
-0.97813
-0.0719462
1.05911
-7.95487
-0.127262
-0.511358
14.0157
-11.659
-11.9077
-0.676155
0.387097
-0.14594
-0.0259597
0.464455
-0.458393
-1.45245
-0.993151
-1.12151
1.94476
2.52378
0.631901
-0.200801
0.271706
-15.4215
0.455671
-123.998
-0.0902645
-0.185746
-15.6174
-2.87112
8.19978
-0.751917
1.11323
1.14878
0.971596
0.456224
1.13903
-3.79448
-7.37364
-3.46192
-1.06879
7.23106
-22.2993
-0.779182
2.59759
0.460481
1.33367
-0.531251
0.0346072
0.410232
-0.396983
-0.694723
0.139404
3.04019
0.497852
-0.20871
-0.439299
-1.67441
5.34588
0.749094
-0.0548025
-4.76147
0.0217525
1.04067
-0.21375
-0.481461
0.210902
-0.8
2.73151
1.12988
-3.27153
3.12693
0.845501
0.494517
1.56438
-2.81181
2.81347
-0.599284
0.122329
-1.6582
-0.00245329
0.142279
-0.108766
-3.27039
1.60366
-1.60173
-0.289658
-7.23497
-0.0306345
-0.393235
-0.483675
-0.350625
1.7394
-3.93001
0.478451
0.350077
0.876708
2.25446
-1.13075
0.554662
5.13142
-1.04848
1.01863
-0.562746
10.3096
0.452035
-0.866378
0.917712
-2.63691
4.31361
-2.68944
-0.521159
-0.854592
-6.26929
0.0187819
-0.332239
0.589221
-0.971018
2.57715
2.21995
-1.14927
1.97882
-1.29176
-9.84373
-0.105369
-1.6145
0.501368
-0.852838
0.0113046
-6.64123
0.288794
0.0246886
0.556833
0.400265
0.158604
0.969795
-0.275452
0.54775
-1.24563
12.7644
0.0235726
1.31844
-0.400428
-3.06188
4.80932
1.08987
4.59986
18.0171
0.823759
-2.01419
-0.594386
2.50744
-0.259156
-2.15825
-0.489514
1.61315
1.54449
-0.262195
0.467878
7.21823
0.29205
1.18767
-3.07731
-0.141867
0.294625
-4.58796
0.0860194
1.32857
-0.887481
0.127679
0.247375
-1.75975
-0.335102
2.9223
-0.518189
1.20157
-0.130451
2.62517
1.37551
45.5677
-0.34162
0.663012
-0.938297
0.298115
0.496711
-0.619903
-1.12761
2.89069
3.04458
0.48347
1.22323
3.80593
-0.0330086
-0.451892
0.125637
0.509786
27.8821
-0.475725
0.711687
-2.4823
-2.95093
-1.13018
-2.66278
0.558451
0.377218
-0.78196
-1.59174
-0.394894
0.141724
-0.0301797
0.192608
-4.23373
0.308854
35.6476
0.785971
1.02965
0.493816
0.566635
0.101805
-0.653686
-0.0627706
0.0730274
-0.453219
0.38018
0.0934882
0.754914
-1.65629
0.339667
0.611474
-0.313223
0.815853
0.295414
0.0151697
-0.166747
0.542372
989.329
-3.59963
-7.53429
-0.21701
-1.72828
-0.0742398
-3.58982
-2.90637
-2.44799
-5.42504
-0.0577176
8.81462
0.205663
3.06036
-0.0151776
-72.6043
0.663362
0.0566598
0.363993
-5.48056
-0.0818185
1.17353
0.772696
-2.98682
1.66785
0.947579
0.352111
1.23164
1.09257
0.444791
-0.620847
-8.66252
-0.035901
2.49926
-2.39576
0.395963
0.234547
-14.1013
0.53129
0.306707
6.7893
-0.311006
-0.701696
1.01658
-0.263972
2.11763
-0.397505
1.10343
-0.0698451
-1.04073
0.19762
0.58138
-2.2484
-0.633983
1.05005
-3.4056
1.21265
9.6432
-1.556
-1.36905
-0.286645
-2.79846
2.16252
-0.374367
1.0566
1.80188
-8.09823
2.63349
0.855552
-6.54056
-2.19803
1.57468
-1.07187
-9.28517
-3.68788
3.20489
0.329466
0.507074
-0.20468
-0.980016
-1.68898
-1.78299
-1.37328
-12.6912
0.0199735
-0.540138
15.6034
3.15642
-1.98594
0.151581
0.779831
-2.36577
-2.15331
0.227966
0.472085
-0.79423
1.73747
0.438007
0.317561
-0.94609
0.00454376
-1.66108
-0.259772
-0.643586
0.801143
-0.107628
-31.031
-0.614644
6.19194
0.698073
6.89871
1.57914
-1.10648
-1.08961
1.4861
-2.44207
-4.26548
0.0827482
-1.24171
-0.522218
0.348921
-3.71842
0.820687
1.33348
5.05233
-2.2559
0.322328
0.412921
-0.718647
4.81248
-0.45831
-0.969489
-0.508378
-2.05119
0.266522
0.571902
0.451914
0.604478
0.309325
-0.316955
-2.55659
-1.02017
0.461204
2.66849
0.41492
1.11926
0.432054
1.6212
1.93055
-1.85468
-0.672648
-12.4408
-3.89647
0.075366
0.885114
-0.819548
0.637123
1.55136
-1.51962
-0.439215
-1.14239
-0.802885
0.0280882
0.00416884
7.92644
8.31282
2.4987
2.16371
-1.72105
0.888561
0.89682
-2.40785
-0.936101
1.24983
3.23983
0.132105
2.36254
-6.4282
-1.42566
-0.476424
3.2042
1.15802
13.0322
-1.71664
-0.193035
0.821886
0.0850054
-0.207993
0.357718
-0.983694
0.425237
-2.95027
0.173592
-0.584686
0.952154
-0.744152
11.7045
-0.224706
-7.77673
1.05852
0.132317
0.219426
-0.617802
26.9571
0.761609
-1.67849
-0.136352
-0.609363
7.16916
-0.575105
-17.5329
-1.35958
-0.520467
-30.2622
0.119269
3.05988
0.716487
-0.522968
1.07247
0.885986
0.088218
-1.93444
-0.781671
3.3734
-0.0304408
7.89747
0.324796
13.8304
-0.336712
1.40449
7.61066
1.01569
0.945551
7.338
9.08393
4.57762
-1.64366
-2.63855
-0.517546
1.50066
2.68541
1.36269
-0.312636
-0.415342
0.886542
0.571975
0.0388088
-0.0144922
-0.761658
-0.0304077
2.18239
-0.136502
5.877
-5.24815
-1.92171
8.85705
-0.667596
-1.35235
-2.30834
0.244082
-0.769045
-15.1134
0.208407
-0.706858
2.42125
0.459819
-0.237586
-1.00686
-1.70405
0.722536
1.28467
0.269828
3.31859
1.77114
-0.132706
5.01315
-412.886
-0.183635
16.5581
-0.559589
-0.546503
-7.30381
1.01839
0.765025
1.32168
-1.34976
4.47681
-0.0859592
3.80479
0.91118
0.584656
5.86819
-0.388368
0.240005
-1.0646
-0.85183
0.244348
1.75987
-2.46932
-7.28032
-0.673106
0.514203
-0.207617
0.0280137
0.162647
-1.63403
-0.0599221
5.0246
-4.26021
-0.33293
1.0734
0.932659
-1.27361
0.68653
5.37461
0.41836
-1.04618
-1.25986
2.27078
-0.342669
-0.148627
1.05751
-2.08647
0.0745217
0.611082
3.92904
-0.421019
0.912075
1.96094
38.3902
-7.80663
1.2364
1.83303
0.0910485
-0.55664
1.2719
0.623358
-3.80433
-3.18883
0.932585
2.35594
1.64692
-1.30927
-0.311821
-3.88755
-9.17017
-1.0683
1.23592
-0.973175
2.0069
-0.0179934
-0.679738
-0.359291
-0.104
-1.40728
-16.0638
-1.49491
0.273633
-0.843824
-17.4306
3.65116
-5.69318
1.86206
0.190723
20.0832
17.1515
-1.14364
1.30937
-4.91934
-12.4635
1.21209
0.366842
0.767639
-0.712635
-1.33636
-0.422625
1.09062
0.784162
-0.0315716
0.867461
-7.48702
-3.38734
0.761892
8.02696
0.278912
0.0596344
58.6576
0.000656093
-8.67133
1.96395
-7.878
-0.118103
-0.854488
-0.596399
4.12657
0.567061
1.40433
4.31008
-0.605751
0.244181
-2.09501
5.03998
-8.89105
0.788696
44.8504
-0.0232247
0.0135017
0.387778
-1.31874
-0.625504
0.573271
-1.95866
1.29504
0.592185
1.79511
0.369007
-0.52267
4.10939
-0.845144
0.851576
-0.239828
1.41949
2.62028
0.348678
1.34229
0.812237
1.32795
-0.805364
0.0587441
-0.186
2.32351
-0.60555
0.422166
82.022
0.685978
-0.314682
1.1289
-0.316057
-0.858056
0.299526
-1.21472
2.43539
-2.37467
5.60638
-1.8589
0.827988
-1.02657
1.59723
2.23241
2.10891
2.41783
0.819496
1.39807
0.046972
-3.34259
0.372752
0.0602488
0.0645377
-1.27934
-0.394107
0.690249
-0.694866
-20.2163
-24.9191
-1.25718
-0.406864
-0.575552
-1.8611
-4.38542
10.5504
-0.460907
-0.344394
-1.3561
0.0262476
-0.563308
-0.0634679
3.99061
-0.185859
1.38936
-1.49625
-1.10348
0.51107
0.131004
1.26827
0.0054525
-0.829359
-11.7149
0.530919
-3.54566
-0.204574
0.57514
-18.8379
-1.88604
-1.03217
-1.25441
0.203541
0.0326086
-7.48125
1.7318
-0.374524
1.21208
0.854865
-5.03718
-2.01196
3.35851
0.128717
5.68065
-1.82467
6.14558
-2.0916
16.8192
-1.35539
-0.957684
1.97932
-0.0382041
-3.06423
13.6867
-0.265787
-1.50838
-0.071029
0.162622
1.21001
1.95987
0.456164
21.5874
-0.234692
-0.909737
-1.18132
-0.336776
-0.295045
0.770569
1.16741
-0.771639
0.267337
-1.52991
-0.441391
-1.23754
0.867414
-34.2198
0.0567829
-19.9384
-3.23312
10.7521
3.30582
0.332746
-8.11406
1.3599
-1.28684
-1.38096
-1.13539
1.24434
-0.39803
-36.4049
8.26309
1.05811
-1.6092
-0.403209
0.095745
4.28855
0.659317
2.72529
-0.215552
0.183459
1.37295
1.98484
26.4051
-3.29789
1.52897
0.137622
4.61482
-1.00736
0.155538
0.219946
-0.164072
-1.48702
-2.07484
0.335886
-1.14454
-7.22358
0.233534
3.05818
0.687972
1.71831
1.55635
4.77864
-0.256424
-0.169953
-0.24902
-1.5253
-0.0636965
-0.379058
0.0390765
-0.437546
2.01158
-0.358927
1.88234
-1.7546
-1.56966
0.0220066
-0.141854
-1.05252
0.127206
-64.6074
21.9485
1.94604
-0.298226
-13.8975
5.43443
-1.16791
23.5156
-0.209396
3.70655
10.9767
6.03217
3.46196
1.60178
0.280459
7.16025
-1.11687
-1.69822
0.76946
0.22035
-3.7206
-2.43828
-18.6531
0.682777
-0.543911
-0.607437
0.279099
-0.860243
-7.80514
3.13023
-5.41979
-4.42914
-1.00412
-0.660012
0.263563
202.737
-2.49724
-1.49897
-0.0603403
0.0562378
-0.167669
-1.07477
-0.858465
0.417832
-1.16385
-1.82623
-1.95916
-0.337139
5.8
1.78712
-0.493641
7.31622
-0.415558
-0.646522
0.601011
-2.28278
5.15325
-0.749545
-0.301706
0.117617
3.35902
-0.0910305
0.396341
0.405743
-1.0124
-4.12195
-0.188614
-1.66369
-3.53987
-0.513531
-2.32472
10.9276
11.0001
0.595071
0.371304
0.913162
0.994248
2.74243
-4.59083
-0.960406
1.03952
-0.0376314
-10.658
-0.81155
11.3996
1.01754
-5.78232
0.78945
-1.8121
73.3526
-8.80495
-0.854559
0.0774188
0.32936
-0.0468979
0.613089
0.197497
1.10728
-0.205715
-3.38503
1.06442
-2.20708
-3.71498
0.644197
10.3273
0.488416
1.45267
-1.97325
-28.5671
-0.952818
-0.295513
-50.2981
-1.3411
-2.71823
-1.32545
0.321821
-17.727
0.656803
-0.485278
4.1295
-1.21398
-0.0490378
11.093
-0.359282
-0.389948
-0.444366
-7.40786
0.749746
8.38474
0.591156
-0.604898
-1.08004
0.911453
-2.75999
-0.592844
-4.33871
-2.00262
1.1501
-1.25129
-0.224823
-0.00757844
-1.86194
0.712528
0.462086
-0.0375898
-3.87777
0.129607
0.0640412
8.46293
-1.7442
-0.0786018
-0.475848
-2.78822
5.69609
-0.164559
-0.721866
0.504717
-0.252058
0.585754
-0.179155
0.134704
1.23612
5.60796
0.496452
-0.163346
-0.0287631
1.0941
0.217041
1.4342
0.560046
-1.94508
-2.61398
-0.0399299
1.09064
2.28122
3.00461
2.27784
-1.25711
-0.950935
-1.09439
-2.29345
-5.09201
0.141784
1.05279
-2.7415
0.27028
-1.49472
-3.6197
-1.08725
1.83971
5.2069
0.670282
1.04993
3.03073
0.425985
11.25
0.441007
0.133636
0.47578
1.39484
-2.42498
1.60952
-1.11325
1.38516
0.573541
0.300334
0.47392
-0.759922
1.79127
-0.549223
-0.913869
1.18204
-0.0605765
1.67911
0.823241
-4.77321
20.8173
-2.13875
-0.0984261
0.180397
2.25298
-0.525821
1.18261
2.5759
4.58689
-1.08673
0.163611
0.814253
1.23514
0.0254852
3.42938
-1.02474
-0.290632
1.77454
-0.522544
2.95157
0.395893
3.73708
1.98995
0.462832
11.4303
-2.14486
-4.89843
20.9635
8.49851
0.672238
-0.679714
-0.47548
1.61903
-3.37063
-0.929409
-0.608562
-0.156946
-3.03859
2.73629
-0.344201
2.22425
5.77706
-0.648111
0.397582
-0.580118
0.803698
-0.799454
2.8812
1.00599
0.588903
-0.671267
-0.375119
1.15007
1.7133
17.6135
-1.00321
-0.0713666
-3.74988
4.61626
-0.84319
-0.13421
-1.964
-0.928338
1.77352
0.401208
-0.237373
-1.25927
0.800166
1.63879
1.0143
1.87455
-0.32149
-4.11483
16.8896
-1.2073
-0.206248
-1.27101
2.84852
1.05078
0.532584
-2.48547
-9.41575
-1.36188
-0.904904
-0.940777
0.314817
0.70145
-0.142076
-0.154836
-4.1977
0.811093
-9.61607
2.191
2.07061
0.839333
12.5497
-1.47309
1.73031
2.30666
-8.85744
8.55133
0.627338
-0.398187
2.33795
4.88741
0.103165
1.37082
0.703702
0.00930781
-1.9822
0.273621
-1.31583
-0.953793
-0.802267
0.915834
0.242717
-1.39593
-0.239547
-1.03572
-0.360597
0.432142
2.43943
4.76094
1.49824
-0.375214
0.418843
-3.56423
-0.92976
-0.065961
-0.677253
2.43208
3.20658
0.336609
1.57917
-0.0459706
0.0765235
0.257174
0.0570164
0.237376
1.38281
-4.95265
-0.629944
-2.26572
2.00802
-1.52691
6.39547
-0.563972
1.23446
3.57008
-3.20883
-0.518878
-1.75877
-3.10182
-1.30719
23.4569
1.59635
-1.22642
1.26296
-0.0620409
-1.10054
0.880473
0.689706
6.19739
-71.3701
-0.470732
-0.355877
-1.74595
0.837704
-20.6531
0.657644
4.00388
-0.324016
-0.0887305
0.587744
-3.86482
-1.24198
0.308093
-0.38542
0.174581
0.031171
-0.771534
0.547855
-0.689871
1.83303
-0.364343
0.74468
-0.152335
-35.2775
-1.03027
-0.814062
-1.4468
-17.0773
0.939462
4.31739
1.31309
1.25835
-0.23784
-0.686248
4.27422
3.00443
7.24545
13.6407
3.36853
3.97587
1.46875
-4.51368
0.844254
-1.02159
0.369991
-0.865252
-0.392115
0.223943
1.122
-2.68968
0.157666
-2.91142
-6.28694
-1.66832
-0.213145
-2.05618
-0.394539
2.43841
-0.435396
0.102304
-0.0703962
1.23755
1.71047
0.925749
1.45401
-1.0137
-2.05517
-0.693074
1.54483
1.73882
-0.483264
-0.348503
-0.421467
-3.01034
-0.0678457
3.31401
0.0837117
1.05054
1.6077
-0.347783
0.953022
0.987206
-1.55102
2.1433
-0.0438089
-0.27849
-0.516671
1.01051
-0.20127
-0.951906
-1.15308
-0.791857
-1.77902
-0.0882204
0.527397
5.71942
-0.018174
-1.49993
0.334084
1.47323
0.488903
0.481377
0.376031
0.406724
20.0828
-3.96769
1.18227
-1.25532
0.45936
-0.621768
-315.826
-9.67916
1.94668
0.294824
-0.599034
-0.72248
-0.940389
-4.8742
-1.62747
-1.35817
-1.42108
2.21809
0.73208
5.00114
-0.151541
0.109619
0.346565
1.88039
-0.0139428
0.739466
-12.7867
-1.62602
1.11601
-0.505848
-0.281615
0.337315
-0.865625
-3.0908
-2.42083
-0.410446
2.74682
5.06131
-0.26698
0.771137
-0.453791
-4.06369
5.18601
1.52181
-2.43143
15.1236
-0.565922
-0.0797571
-0.555758
-1.29506
4.2843
0.590071
-0.675398
-0.477216
-0.0228892
-0.131164
1.84762
-0.746603
-1.3266
0.602655
0.4835
0.352067
0.846943
-1.52458
0.776326
-0.337788
0.52339
0.00638526
-0.0410649
0.58987
53.8573
0.18218
-0.837425
4.40089
0.290619
-4.35085
0.0431063
0.780222
0.246577
0.638503
0.293319
-12.1539
1.43215
0.243429
-4.43444
-4.96167
-0.762711
0.732885
0.456273
3.05997
1.94286
-0.0266592
-0.650625
1.66565
0.654364
0.512996
-39.0731
6.09332
0.178807
2.61919
2.12648
-0.717881
-1.33331
-0.0523988
-0.147768
-0.416845
4.65857
-0.266049
-1.373
4.08975
-4.42656
1.0986
1.30258
0.579216
0.537653
-0.499228
-2.35067
-0.275883
-0.71151
0.537214
8.52556
-0.0416298
-0.125344
0.218984
-3.36557
4.63148
-0.106545
0.220351
-1.40563
-6.48436
1.53015
-1.83302
-11.2681
-0.0122113
0.482289
0.339739
-0.31375
1.10261
-10.3845
1.70148
-5.77779
0.453585
1.32532
-0.180149
0.847101
-1.20406
1.5636
2.32112
1.12492
-15.3458
-10.9527
-0.337323
6.62746
0.776922
-10.5057
25.0829
0.828261
-1.05122
0.13728
-0.68066
-2.91725
-1.52077
2.23813
-0.000341766
1.47527
-0.0679749
0.588957
-1.44628
-0.663166
-0.42668
-0.135317
0.735372
-0.434762
0.111179
-9.60715
88.7992
2.2604
0.166409
2.23312
0.807604
0.950501
-0.162694
0.524204
-3.68625
0.275847
0.509436
-2.28244
-1.27
0.197769
-0.359199
-3.75956
-0.679935
0.157586
-0.231352
-1.41783
-0.0769483
-1.50003
4.07817
4.69719
1.95114
-1.37177
-0.00901097
2.40986
-0.381197
0.0160287
2.70922
-8.1931
-8.13963
0.408887
0.767434
-2.00945
-0.254085
1.46505
-2.52854
-0.156331
4.6557
0.595677
0.101047
-1.08675
-0.680781
-1.64928
0.167847
0.379827
-0.144416
0.146527
-0.659962
-3.7014
3.4247
-1.38439
0.0539854
-5.61272
-7.68719
-5.71068
-13.5824
-1.16113
-0.698381
0.281329
-0.228623
-3.1095
-0.52848
2.4726
-0.564986
0.616343
0.640628
-1.26561
0.282068
0.4135
-0.401562
-0.522628
-0.656152
9.40889
-4.00594
-2.23422
-11.789
3.81218
-3.33962
-2.48709
0.649804
-5.82525
0.686716
0.379792
-4.6571
-1.61754
1.67289
5.95834
-0.398383
0.12037
-0.530802
-1.57092
0.288419
0.255587
-1.19153
-0.391308
-13.8969
0.225114
0.606058
-0.122704
-1.09676
0.933294
0.313686
-0.575972
1.49171
9.89524
0.310675
0.445212
-15.1795
-0.152932
-1.52754
-1.41388
-7.49937
-0.457487
-2.42861
-6.88918
-0.532226
-1.26856
-0.438807
-0.386859
-0.412658
0.187425
2.78189
-2.19253
-0.263176
0.905471
3.99204
4.43303
-18.766
-0.861053
-3.35546
0.453252
0.396174
69.3751
1.39472
-0.494494
-11.5055
1.17292
-3.26098
-2.33467
-0.408382
-2.30245
0.0737904
-2.01631
-1.50133
-1.50621
-0.0383491
0.775522
-4.89087
-0.136147
0.0216197
0.342196
-0.233837
8.57185
2.25094
2.26051
-3.52728
0.112878
-0.806286
10.1244
-1.59247
-0.295167
-1.61661
1.46525
-0.230201
0.179006
1.15101
2.12189
1.69615
0.59479
7085.46
0.235567
1.68441
-1.93511
0.788858
-0.421552
-10.2123
-2.0182
-37.7217
-5.87128
-6.12098
-0.862349
0.524215
3.80227
-0.228047
-1.35848
0.00832947
0.378255
-0.855786
0.257435
0.630345
-53.5628
-0.505463
19.9988
0.00962674
1.72709
0.261322
-0.525861
-0.175953
-0.153994
-1.19394
-0.202936
0.469946
1.33227
-0.92222
3.34577
0.905047
0.861791
-29.5114
0.798631
0.930941
2.70012
-0.0396011
5.17621
-0.803394
-0.13511
-0.180798
2.07239
27.5059
-0.550788
-2.67008
4.34211
9.58752
-1.74095
-0.112095
-3.14834
0.176535
-1.28316
-1.00363
0.720443
8.02555
-0.1546
-2.11288
0.410562
-1.09009
-0.252435
0.418974
1.51464
-7.58581
11.9382
0.657833
2.80522
1.40929
-5.95986
-0.0209981
-0.368987
1.44899
-3.76308
0.169464
-0.64434
-0.971455
-0.92198
-1.19394
6.38562
1.43324
1.59563
0.389215
-0.93128
-0.0642938
2.24923
-1.85474
-1.54627
-3.29506
-1.58187
0.372012
1.70736
0.754884
-29.3954
-0.296421
-4.87341
3.80021
-6.5516
-6.94846
-0.169013
-0.202977
-2.5575
0.594525
-1.83615
1.8395
0.551992
-1.50979
-0.301265
-1.3279
-8.21223
116.568
0.454013
0.152076
0.0793457
0.16024
0.822859
-25.4018
0.399745
0.88771
-0.403167
-2.71096
0.121466
2.66221
-6.95234
0.580297
0.164309
-0.0422774
-7.4844
-0.601564
-2.18002
-8.20998
-0.269577
-3.4678
-0.53555
-5.46423
-1.58349
-2.24955
-0.716308
7.90017
0.265339
0.455374
11.7411
0.974042
170.446
-3.33897
0.13741
-2.87555
-4.0915
0.813908
-2.94774
0.0567785
0.978752
0.516586
0.283857
0.815663
1.09502
-1.40363
-2.99348
-1.22707
-0.878591
0.346442
1.78309
-0.674948
25.3288
12.4105
3.30365
0.74039
-0.418706
-1.67136
0.0659494
-1.71846
-2.16326
-2.03043
0.0261749
1.08721
1.37159
-0.67529
-0.979615
0.0945795
-0.835522
2.7999
2.97554
30.3639
0.0860971
1.01391
1.20684
1.43394
7.0316
-0.998472
1.82301
-4.17754
-0.491458
-1.6062
0.824963
0.440951
-1.47961
-0.990287
-1.02114
2.74964
-0.0488469
-0.438166
-1.02694
1.40888
0.902291
-0.0674009
1.86886
0.573013
0.240701
0.873762
-3.52651
4.42061
2.58103
-2.07047
-2.81767
-0.320162
2.87361
-7.5388
2.6806
-52.9363
-7.44715
-0.591018
0.299613
-2.18649
0.749023
1.22921
-0.0398192
-1.59034
-3.3504
-0.687215
-3.28228
-2.42237
-0.134129
0.634961
75.7873
-48.7061
-0.0939154
-16.281
0.380325
-0.170853
0.017613
2.979
-5.25901
3.82397
-0.234471
0.926989
-1.50122
-0.156067
0.28793
-0.721093
5.52031
0.221069
1.18582
-0.0524012
-0.751968
-1.47897
-0.504715
-1.09608
-1.3509
-0.386843
1.32113
-8.54667
0.599537
-0.768003
0.711428
-2.55327
-0.129003
0.777645
-0.814273
0.259923
-0.258251
0.583726
0.232905
1.48647
0.677165
-20.3593
0.217384
0.926882
-3.77539
-1.68765
-0.833967
0.820341
0.215522
1.50285
2.75785
-0.210664
10.9355
0.311042
3.04713
2.64554
-0.770276
2.57686
1.43205
2.78401
1.26314
1.11935
-1.89105
0.0395993
0.955786
-2.50447
2.94254
-0.176216
-0.368603
-1.68768
0.487908
0.412852
-1.24821
-0.638539
-0.68681
-0.51804
-0.870903
0.0942073
-8.05141
0.796861
-3.62182
-1.44554
5.96227
0.794058
-0.904316
-0.558395
1.79228
-0.138068
10.5595
-0.198061
-0.254135
-0.149935
-1.06735
0.198625
-0.138479
90.0675
-0.562231
1.74294
1.85076
-0.743589
-0.45861
1.77906
-0.799692
2.19234
0.317447
0.663161
0.289581
0.670937
-1.64574
5.55347
-2.16313
5.62835
-4.89049
0.615083
0.859139
-0.464102
-1.0034
-3.06296
-0.316124
-12.6368
-1.22824
-0.814142
0.337653
-1.49017
0.134616
-0.757626
2.07317
-0.325449
-1.93738
4.75656
-0.967738
-6.85052
-2.47599
-1.89583
0.0932164
-0.799584
1.10999
74.2764
0.408619
-2.04923
-1.14633
1.56876
1.56511
-0.543005
7.27006
2.70681
-1.94338
-1.71203
4.57269
-1.00629
0.135872
-0.00263956
-12.5532
2.55981
4.62214
-10.2145
-0.983924
27.7177
-0.74733
3.14459
-0.553948
-2.61341
-0.736643
-1.0905
0.996723
-0.14511
2.83466
1.40512
0.00296146
1.34971
-0.198226
-0.201306
-1.41743
15.3753
1.04897
1.27422
-12.7713
-2.87812
0.970661
-0.0694358
1.09115
-4.59754
-2.38555
0.691198
0.27473
1.84726
0.467542
-0.333433
49.3457
-9.46765
0.242642
-1.15692
0.495321
0.360455
1.51489
0.505653
-0.676348
-0.222439
-8.60952
0.0622966
-10.0152
-0.758081
0.170626
0.527272
-0.36961
0.0907649
1.56803
1.01903
4.20583
1.76284
2.94946
-2.05367
2.0231
-0.939862
-2.63693
-2.37856
0.521228
-0.747511
46.4514
-0.00969872
-11.0128
-0.0952663
0.613711
-4.38697
4.6827
1.70088
-0.446744
-0.141284
0.565755
0.372742
-4.83152
5.40655
0.940352
2.06537
1.84577
-0.916404
-1.17026
-17.7039
0.886326
17.1569
1.01999
-0.978725
-1.06836
-1.01601
-0.555745
-0.525018
-1.11179
-157.717
1.68433
4.12257
0.218731
0.424962
-1.5646
2.05243
-0.722657
0.155217
1.02046
-1.10703
0.346831
-1.43633
4.19374
2.62333
4.29171
0.89104
0.935729
1.31315
5.78088
0.516858
-0.581036
-1.34612
0.23223
-0.574008
1.79067
-0.26415
-0.623667
1.52675
2.5236
1.27231
-2.35352
2.18995
-12.3399
1.20406
-2.7375
-4.85103
-5.70749
-0.902406
-0.452334
-2.38548
-5.7616
0.213389
-0.0861205
1.12094
1.00892
0.461583
-3.15757
-0.618519
-0.36073
1.89501
0.614564
-6.51407
-0.853473
0.573135
0.805785
-1.26532
-2.11102
0.521005
-1.18949
1.88166
2.63769
0.894598
0.111832
0.988837
0.929438
0.559454
-0.265311
0.945329
16.4422
0.509979
-0.45607
-7.22801
7.638
0.78461
-0.34193
0.658145
-1.38155
-0.890165
1.89414
-0.490979
1.83202
2.48403
-2.18536
0.526574
1.32158
2.26845
0.370897
0.641515
1.28039
0.0125445
1.22527
-1.61142
-1.39666
-1.17061
-29.6044
7.80774
0.11284
-0.116437
1.77054
1.13328
-0.749946
0.377339
0.671317
-0.542696
-1.44996
-0.805402
-0.326868
-7.79922
-0.409187
-82.1917
0.675281
0.373532
-0.0613982
0.278211
0.246263
0.556658
1.96481
1.03112
-0.551269
-0.712706
0.438727
0.335282
-3.74717
-3.98421
-0.0702552
1.13562
2.53579
0.626718
0.136365
-0.659865
8.8509
-1.82727
3.66435
-1.36116
0.649889
1.18564
0.564539
-2.38393
1.95237
-0.345348
1.57916
0.183888
5.08152
-4.47945
-0.3992
0.76501
2.98255
0.00217367
1.10216
1.54027
-0.434534
3.29716
1.49474
2.50642
0.927476
23.2736
-0.681714
0.794727
-0.699201
1.0825
3.26169
5.62849
-0.597458
-2.95787
-0.402898
0.312361
0.990658
1.24844
-6.28737
-3.25425
0.155389
2.13724
1.79725
0.287073
1.74131
1.32637
1.69734
0.126075
-0.249331
0.148885
0.696964
0.0161026
30.1657
-0.362544
-0.851254
0.11932
-10.7476
-9.75793
2.74542
0.127478
-151.79
19.6204
-1.21129
-1.40443
-0.231802
1.2047
0.867828
-4.48079
3.32469
7.80572
0.438444
-0.317417
-0.166432
-0.598686
1.67793
1.55887
-0.0104521
-3.08054
-3.52903
-1.2673
-5.80747
0.374073
-0.206439
1.15183
-0.0653646
1.18428
0.953093
0.965065
2.90622
5.97074
0.681943
-1.75649
0.137057
0.515267
-3.40893
0.699148
-1.60949
8.26016
-2.84729
29.5111
-0.642202
0.40413
7.07877
1.44715
4.22397
-0.315509
1.00544
-0.505105
0.42461
0.00377062
64.8021
-1.09078
0.222231
0.0809955
-1.14666
-1.02463
3.30476
12.5851
5.52353
0.310544
-0.342119
0.440091
1.00163
-0.59427
-1.44937
-2.30609
-11.043
1.29393
0.30368
-0.194415
15.5335
7.46152
-4.32595
-0.355971
-4.23627
0.349477
23.4609
3.198
1.03182
9.58086
0.865055
-2.31764
-0.169941
-1.39331
5.3812
-3.52323
4.94352
0.46418
1.53213
-0.331842
1.22396
1.13499
0.793395
-0.226667
-0.211549
1.58042
6.72557
-7.65092
-2.40603
0.273956
8.4406
4.43291
-0.372266
-3.8573
0.915421
5.42856
4.07771
0.567959
0.47141
1.03895
68.4158
-0.0961915
11.0037
-0.831174
-18.6612
-0.0893403
-2.19784
0.109942
0.706638
-0.52051
-2.00136
-3.91563
0.931368
-0.251931
0.206508
0.127174
8.97357
-0.446502
-0.955731
10.474
-0.711432
0.619525
6.92359
5.83379
-32.1731
-14.3984
-1.40258
-2.76822
-0.344077
0.36574
0.657519
1.78226
0.670676
0.0598602
1.08989
0.0669521
-0.0185019
7.93403
1.71439
2.77047
0.379032
4.33971
-5.20707
0.730798
1.51564
1.62036
-1.23805
0.312273
-2.28725
-1.25751
20.1715
-2.30885
3.61194
-17.8724
-3.20638
0.860166
1.79982
-0.375378
0.763996
1.46778
-0.202079
1.83626
0.248517
0.579875
-3.50155
1.68724
0.7912
-0.319936
2.17017
2133.23
0.0251668
-0.232546
0.515336
9.13063
2.54698
0.225112
-4.25156
0.0327699
0.19095
-24.2551
-0.69852
-0.705726
1.86512
0.555281
-0.0846071
4.01359
0.373211
1.13932
0.383419
1.30408
-1.38672
2.30913
-5.61402
-0.0278465
3.04648
0.846767
0.101332
-0.847371
-0.254997
-0.0144724
-2.15796
5.11409
0.567762
-0.765022
-0.585607
-1.89869
0.26349
-4.98582
0.814596
-21.3338
-15.2695
-0.367742
0.367132
0.861352
-0.111642
2.87345
1.15693
1.07108
0.0540254
1.04805
-3.76298
0.178708
0.410147
-3.87741
5.6561
0.958425
-1.74765
-0.204311
0.0981271
-1.52597
-0.177327
0.238557
-0.66872
2.00966
-0.51671
-1.05911
0.672729
4.19924
-0.65854
-2.65292
-3.49309
0.617942
-0.443882
-0.900658
-0.836089
2.72215
0.121479
1.95117
-1.42795
0.496256
0.674865
-0.652377
2.86188
0.560256
2.69007
0.25069
-74.2052
-2.88336
1.67663
12.186
34.5138
-10.3797
-6.4835
-0.332479
-1.35353
1.26093
0.528466
-0.905523
-1.65717
-3.32571
-0.0105007
1.66179
1.41587
-0.216471
-0.149093
-0.204453
2.45059
-0.214629
-0.415556
-0.167404
-1.31356
40.4981
-1.61143
0.124969
29.0004
-0.80793
0.137708
-0.904206
-0.154117
-0.122578
0.754893
-1.28069
0.41817
0.0379305
0.546726
-0.851584
-1.7206
-3.09542
0.919827
-0.242697
-0.083697
-1.54505
1.09199
-1.34178
0.255986
1.48031
-1.3761
-0.581981
-0.364068
-9.19998
1.34092
0.258689
0.491193
1.36477
-0.195124
-8.01923
0.0349094
-0.643018
-2.06826
-0.00373111
-2.21017
-1.0899
38.8435
-1.13559
-0.11183
-0.312636
-0.881954
0.405574
-2.54154
-0.260809
1.70472
0.917713
4.0447
3.15746
-0.276468
1.76767
3.442
3.57479
0.341499
-0.896064
8.66365
0.920066
-9.96465
0.0135684
2.22729
-4.14379
-0.607179
1.42289
3.22658
-1.17067
-2.19962
-1.45832
0.338211
0.708395
4.09975
-0.527352
-1.64528
-0.189858
-1.1283
-0.375171
-0.241679
0.278078
-0.207686
0.0471564
-21.9617
-0.381154
-0.343962
10.8095
6.69918
0.496763
-2.39094
-0.791746
3.17982
-1.14811
-1.51624
2.17696
-1.61402
-3.43483
-0.399762
-0.244487
-2.53609
0.273437
-4.3871
3.71903
0.799227
-2.05388
0.0648399
0.497648
4.41675
0.804348
2.49692
-0.605928
-0.675282
2.00519
4.56175
0.531194
34.1807
0.502578
-1.97265
2.93978
0.679725
-0.0835449
-0.10786
-0.173778
-3.13181
-0.269841
-0.526531
0.823066
-10.0095
-1.95136
-2.39336
0.236949
-0.948886
-0.270222
0.0851965
0.18831
0.187724
0.569013
4.64293
-0.833737
-1.11349
3.28326
-10.3914
1.8949
-8.80344
-0.24254
-0.616107
-1.31936
2.32082
-2.90221
1.82255
128.409
0.617456
0.298969
1.28291
-0.259601
0.318349
4.75076
-0.427853
10.973
-0.940579
1.925
0.284429
0.251518
2.37339
0.223515
1.35615
0.0558567
-0.109663
1.3782
-1.86076
-0.405944
-0.47524
-2.64459
0.68372
0.20424
17.2046
-1.14764
-2.29182
1.60686
0.158672
-1.76959
4.57463
1.03331
-1.33497
0.183934
-3.63861
0.59358
5.406
-0.677816
-0.135591
-2.20417
-3.40465
-0.493035
0.664107
1.07993
-0.260121
-0.131069
1.49865
0.366209
0.223797
-1.06605
1.35817
7.92091
-2.09774
6.02
-0.574482
-0.141585
5.5855
-0.857278
-0.814128
-0.34254
-1.16468
0.784548
-0.224928
-0.315001
-0.882419
-4.15671
8.29799
0.300149
-0.283953
0.467904
-0.0283315
-1.06866
2.4424
-0.568846
-0.295725
-0.305791
-0.919464
0.223414
-0.793134
-0.5644
-2.026
-0.354549
-0.134018
9.33405
-2.29389
-1.24641
-0.0143726
0.423014
1.80664
-2.5921
-3.65109
1.50232
-0.904268
3.42347
-1.63428
-0.560799
2.31662
-0.197243
7.74198
54.2163
-2.29801
0.977186
-9.61195
-1.6827
0.334869
0.455926
-1.24581
0.0620762
1.53511
0.539314
5.70404
-7.55796
-1.01186
-0.166257
2.50417
-1.98034
-0.347715
-1.23141
-0.866035
0.143762
-0.447191
-0.105891
1.59426
-3.49216
0.147355
1.77647
0.978576
2.19098
-0.0558501
-0.118468
-1.07109
7.98725
-0.201258
-0.145249
-0.12872
-0.645424
1.87481
-1.82901
-0.403245
-3.73379
-5.43558
0.0615083
-0.989559
0.0890984
87.0402
0.552545
-16.3796
-1.80472
-0.588323
0.228512
0.481299
0.310716
0.153669
0.605906
-0.392783
1.3779
-0.0547016
-0.273682
-0.15619
-0.0212936
-8.48511
-0.681769
-0.165306
0.84743
1.8477
-0.903884
-1.97425
-0.034298
-1.74706
1.6706
0.0743903
6.52004
1.19986
-1.34042
1.63818
6.23927
-0.54137
0.485696
0.938929
-0.565692
-0.472824
21.99
2.9493
0.656904
2.05396
-0.707411
1022.3
-1.5691
0.772349
-0.783
-1.63603
0.078762
-0.235311
-3.02226
1.25012
-0.568603
-1.81525
2.36779
0.16984
0.373451
-0.133224
0.69124
0.759201
0.463145
-0.294275
-0.709603
-2.65874
-2.80558
1.75799
2.05701
-0.671108
-0.485386
-0.193886
-0.464282
0.853478
1.57149
-1.32771
-74.3923
0.463368
1.81376
0.505957
0.789398
-2.31791
-0.413867
-2.85052
0.121027
0.496202
-0.784316
-0.134041
-0.2799
0.181619
0.077091
0.849013
-4.73716
-1.26518
0.103709
-0.861293
0.427809
-0.14322
-0.478452
-0.550945
0.15212
-0.445892
3.84356
-2.61957
22.658
0.377203
0.496342
-0.616383
0.698574
4.32346
-0.658404
-0.384612
-1.02118
-1.14546
1.50755
0.501098
1.01191
-0.0260374
1.28286
0.464605
-0.049848
-0.672618
13.2527
-0.949336
-0.130516
0.0410538
-0.227642
-0.277863
0.780786
-0.72554
3.01365
1.23298
-3.19698
-3.62185
-0.0447207
0.185265
-0.483165
-3.29459
0.51228
0.423347
-28.2727
3.24027
-26.9635
0.831429
1.07677
-1.86654
0.752072
1.82627
0.347891
2.10656
-0.0724963
1.37582
-0.564777
-2.77693
-1550.57
-3.09223
-2.56074
-1.1777
0.63034
-0.354872
-1.43126
0.492944
-0.317674
-0.179771
-1.12388
-0.0328168
0.301246
-0.15205
0.607391
-0.215354
-1.48084
235.036
14.7324
0.57102
-2.06448
1.58981
-0.837458
-2.2061
1.63852
-0.657069
-1.5541
-0.697233
1.73955
0.753196
2.95372
0.770817
-3.26483
5.62802
1.12439
-3.78514
5.60233
-2.11446
0.161185
-44.7135
-8.4613
27.731
598.522
1.16645
2.12076
0.944979
0.320579
-1.01398
0.339726
0.153964
0.709135
-2.38366
-0.242443
-1.57412
-0.00193462
2.17337
10.4028
-0.414985
-5.92523
1.55971
0.227961
0.179103
-1.15902
0.191804
-1.06207
13.1931
0.426869
0.287283
0.46324
0.73815
0.102343
2.12518
-4.81943
-0.324517
-0.518385
-0.740926
-11.7531
-0.863176
-0.479214
0.76418
-0.352985
1.21521
-0.252146
4.05609
4.73281
0.578324
0.475573
0.390178
-0.714935
-0.742124
-1.61403
1.74132
3.20654
-0.785002
-14.5959
2.3135
-1.33212
-3.25537
0.539857
-2.23137
-7.54219
-0.528532
-2.6628
3.64851
-0.235839
-0.410902
0.213599
-0.222384
-0.874247
-8.03258
-0.879332
0.873413
0.186392
0.261932
-0.231338
0.849575
0.128787
-0.567504
0.450484
-0.974894
3.06277
-0.000112323
0.760052
2.43476
0.941393
-0.44426
0.194192
0.539257
0.582788
-0.282912
0.448998
1.3497
-0.747386
1.57642
-2.93662
-0.508271
-0.746324
1.00121
-0.571972
0.0757796
-1.58423
17.7256
0.221838
0.248837
-1.47164
-2.06321
4.15357
-0.268584
1.57052
-4.20901
2.89796
0.286668
13.2217
0.822619
-0.193973
3.40024
4.23575
-2.4994
1.75306
-1.0288
-12.4736
8.61114
-3.94699
1.14664
4.27215
12.9553
0.877002
-0.497155
-1.64996
2.03815
-1.18646
1.46825
0.613144
0.450601
0.911853
-4.24341
1.37693
-4.50139
2.28945
-3.27251
-1.5474
-2.10298
-0.378893
0.367692
-0.365011
-0.0137004
-0.489701
-0.664927
0.311971
-17.6683
2.6436
0.825128
-0.355947
-1.62366
2.1326
1.4865
0.338642
1.02568
16.1429
2.05277
-0.834722
-0.410535
11.087
6.03617
5.09626
0.0247021
-0.0721297
-0.989706
-0.666791
-0.601844
-0.473726
1.64245
-5.18296
-4.67953
2.42086
-0.84352
-0.10325
-4.19527
1.75173
1.78351
-0.45359
0.885916
-0.738541
-2.3126
0.509136
-8.6941
-0.093812
-0.139894
-11.1739
-4.3205
0.182998
1.15002
-2.22135
0.423448
-3.78046
1.84846
0.423415
1.04544
0.590272
-0.0131342
2.21415
-0.00243368
-0.454735
3.47753
-5.86365
-4.2684
0.358175
-1.35006
-0.652322
0.162794
1.46656
0.435493
-2.79881
-1.44466
-0.454924
-0.838276
2.98092
-0.615559
0.0917812
-0.796527
-0.348633
-0.629633
0.375126
80.1082
-0.405206
0.909291
0.0944904
0.00801127
0.287656
-0.316733
1.02057
-39.6792
0.0248339
-0.813415
4.56164
1.33074
3.20167
0.139196
0.106424
8.47226
0.552016
5.96071
1.44123
-0.507324
-2.31365
-0.747794
-0.739387
-6.94496
0.267032
-1.08097
-0.346737
1.48835
0.186658
-0.708772
-1.76797
1.67682
-0.242863
-0.272191
-0.435584
-0.316794
0.0533468
-0.654671
-0.269287
0.789411
0.523591
-0.0674868
0.269137
1.0727
0.178174
0.113802
1.03611
-0.370847
-15.412
-0.532067
-2.01657
2.28422
0.320498
-0.736352
-0.0154879
2.07158
-0.43521
0.311223
-0.201076
-1.19935
-1.49699
1.69332
-3.9202
-0.204601
-0.28627
-0.961346
2.43942
-28.8749
-0.136685
-1.77441
-2.1458
2.62607
0.576133
1.75688
-0.112477
-1.14537
0.744238
-0.329763
0.423316
-0.00577561
1.84454
-0.373618
-0.754558
2.34687
-10.7912
0.753405
-1.60065
0.266693
41.7502
-0.881609
-8.27779
35.9635
-1.17183
-1.12981
2.39996
-0.204612
-7.60728
2.16421
-0.183351
-0.673427
3.02789
-0.889374
0.453979
8.95648
16.7526
-0.0809769
-0.929948
2.40864
0.0574917
0.362509
-1.21898
-1.23892
-0.0209996
2.1125
-0.546388
-7.95931
-2.80364
5.54117
-32.7993
9.98967
-0.0229742
6.2775
0.564255
0.800059
-1.2146
0.897388
0.481283
0.0027397
-0.519235
-1.04075
0.0983387
-3.80423
-3.32294
0.0818083
0.344291
0.534029
38.4763
0.406731
-1.15309
-0.71727
1.38671
-2.21248
2.13051
1.54798
1.50357
0.21432
0.838767
0.798306
2.74598
14.688
0.978396
-0.752019
0.25142
-0.434633
-5.13934
-2.70073
7.54447
-4.49258
1.34232
-0.888268
0.866302
-1.02836
-0.617765
1.27828
9.62025
-6.06491
1.00502
37.4688
-1.56808
50.0358
-0.268504
5.31787
0.165347
0.286515
-1.02055
15.7327
-0.846977
1.65571
0.45395
2.67878
5.65507
-0.16968
3.12828
0.117284
0.647004
-2.55383
-0.293847
0.671582
-0.233507
-0.0809756
-1.16597
-2.75462
-1.29562
-0.185445
-0.367355
-2.53829
1.49495
-0.041438
-0.219854
-2.788
-0.84948
0.407622
0.0257232
-4.95707
1.87395
-0.544897
1.30444
-1.76452
0.627381
-0.388885
-1.72878
-0.0409897
3.64996
-3.78226
0.655662
0.329975
-2.19718
-0.155878
-0.390649
-1.17386
-0.739014
-1.39631
2.20405
4.22176
-0.440107
-0.262473
0.708021
-4.19387
3.15355
1.01371
1.26809
-0.972199
-1.23537
1.20096
0.120902
7.75385
0.493612
0.801572
-0.775
1.26056
-0.953266
1.60301
-3.08021
-0.573706
2.34381
-1.11906
-0.961596
-0.994676
-6.68179
-0.114515
-3.40441
0.449468
1.07864
-6.64154
1.9475
-4.22616
1.91238
-0.0389977
3.96733
-0.483736
0.00077773
0.292057
-1.90868
-0.104009
0.493585
0.0876087
-0.200056
-1.0544
-1.13675
0.00407013
3.43934
3.89447
2.96185
-11.3985
1.32037
-0.657727
-0.243782
0.732607
-22.9957
1.17795
-1.04852
1.39166
-0.182705
-0.150017
6.16794
-0.57377
1.14115
-0.0254255
-0.466769
-0.0529803
55.3324
-2.36511
-8.99154
-0.808454
-5.09137
3.95352
-12.9345
1.09396
2.53264
1.84599
-2.28753
-2.80063
-10.6756
1.09389
0.139466
0.00562073
0.923776
-0.508671
-0.982326
-8.41156
1.85035
-1.44485
-2.83182
-27.2869
5.49393
-3.2506
-0.439092
5.79269
-3.12744
0.273285
0.589429
0.0184818
-0.253046
-1.27245
-1.01812
-2.03886
-0.905245
0.657445
0.634105
-9.20293
1.16521
-2.00555
-8.8471
1.13147
-1.59904
-0.372664
-0.685703
1.94944
-0.229891
1.48692
-0.0192056
0.077626
-2.93315
3.75779
0.101019
0.419649
-5.98637
0.307343
2.14093
22.9025
0.509887
-0.413695
-0.61734
9.99459
-1.71615
-0.450111
-26.5776
-1.20331
-0.457181
0.435134
-137.859
1.74807
-1.45309
-1.38596
3.35168
-0.844028
-2.0076
1.05378
0.657784
1.45371
-4.75447
0.406744
0.21991
0.321568
-458.799
1.94679
1.4222
58.6369
-2.2191
2.02699
0.152695
-0.0176517
-0.69116
28.0646
0.900916
-1.52477
0.541856
0.451537
-4.20294
-3.29734
0.389698
0.429061
-6.27866
-8.47262
0.0474028
2.52762
-1.44368
-3.03325
-0.695475
0.398134
6.53438
2.83289
1.27243
2.52473
1.4067
5.44253
-0.535139
3.2339
-0.141408
-0.0603047
0.145283
1.26098
1.71227
-3.60689
0.118539
4.4842
1.03967
2.59388
-0.486013
-3.83882
-0.195602
-0.251073
0.0994263
0.324289
0.243248
0.502089
-4.46897
0.457281
-2.37447
-2.35338
0.882236
0.459685
-0.157274
0.73957
-0.539826
1.52022
0.0408649
-1.01848
0.0834455
5.12402
0.155476
-0.866973
1.0912
-0.576158
1.7203
-0.463106
-3.1779
0.315831
-2.54222
0.295082
0.174628
-0.16475
0.184606
-0.423794
-0.274759
6.42409
0.811577
0.949482
-0.708153
-14.4568
-5.88306
-0.0510257
-0.733809
0.883465
2.60159
4.35002
0.543391
0.629108
1.41004
3.9393
5.47441
0.216815
0.0888312
-13.5325
-0.858909
-0.304269
0.502437
-0.916869
-1.47968
5.11718
-0.126594
0.47531
-0.274682
0.582844
-5.25675
-0.116536
0.295819
-25.359
1.00848
-0.507573
96.0829
-0.195711
-6.37037
1.28408
-16.7607
3.84897
-1.58476
8.19554
-3.13699
0.667703
0.940085
5.66873
-0.863724
4.85279
-0.444953
-0.834738
0.375948
-0.115611
-0.524725
-0.369234
1.83633
-6.3509
0.229415
0.755858
-0.717548
-0.670038
-0.0260919
-1.71704
-1.75618
1.0034
0.150688
-1.94839
-0.456012
2.23471
-4.09548
-1.89697
-1.1444
1.51082
0.84793
6.6392
-0.248389
0.277172
1.44328
0.984719
2.8614
0.00883282
-1.02198
-0.317965
0.0395549
-0.090691
-0.395218
-0.121685
0.801403
-1.34863
-73.0353
0.685253
-0.168932
1.44197
-2.74215
-0.818169
-0.225634
-11.3769
0.722284
0.117197
-0.551341
0.329441
10.9857
0.77921
12.9731
-5.62746
-1.63634
-12.9856
0.0256503
-6.01071
-20.2121
11.4972
-24.8548
37.2945
-0.227937
1.02417
0.767875
-0.0543923
2.24903
-3.4694
0.928199
-13.2042
0.849068
1.15624
2.21876
-2.67686
-2.33946
-1.69047
-1.7265
-0.0943797
-0.990473
0.656332
-0.889794
-14.1652
-1.16194
-0.31511
1.59886
2.51913
3.75539
-2.45411
-23.505
-2.04412
0.605139
8.51448
5.19933
-0.389617
0.287216
0.0253535
0.702846
0.0876094
-1.76708
-22.7214
-0.771843
-4.04108
1.06034
6.39979
-2.64832
0.861368
0.185222
-30.2
-2.75061
-2.7206
-1.50738
41.426
-0.2415
2.35902
4.88509
2.51693
0.264295
-0.35028
-17.0651
0.24359
-0.351222
0.7878
0.36054
9.09169
-0.318689
-0.135713
0.566677
1.25277
-12.822
0.576812
3.98129
-0.574085
-0.368891
-1.32872
-0.255397
-1.13403
-0.475339
2.07433
1.95898
-3.15525
-0.986561
7.2224
0.486526
0.0873077
5.46256
0.537793
1.77081
-0.139376
-16.0797
-0.162639
2.33331
2.36884
-0.214481
3.34182
-1.4595
-3.51462
0.151624
0.719479
4.83267
-0.289822
1.74735
-0.187462
-0.169691
0.697027
-0.838464
0.041576
2.14503
9.2029
0.0589458
-1.05875
-0.268029
-0.217682
-0.242211
-11.3845
14.6493
2.53391
0.622819
-0.251619
24.1488
-0.21651
1.03334
1.34021
-0.329116
5.10687
5.77509
0.833895
-1.05645
1.72788
-12.5588
3.61737
0.316539
0.65378
3.40027
-0.530202
-0.252598
0.78206
1.87469
-1.2747
0.0379065
-1.97527
-0.78809
1.67081
-0.333097
0.0219089
0.343612
-0.664146
1.11244
-3.59529
0.465224
-13.809
0.771023
-0.871677
-0.682015
0.113407
0.498965
-0.906294
1.18327
-0.32475
0.970642
-0.0851423
9.4495
0.972281
-0.662162
1.71115
-1.18715
0.958873
-0.280513
-1.19927
-0.323847
-0.153668
-0.123803
0.125015
2.38502
2.30482
0.133014
1.76327
0.966262
2.40344
-2.95555
2.72611
5.69903
0.149964
3.37394
-2.14571
-3.05623
-0.394922
1.4688
-0.687646
7.81036
-0.897626
-5.18618
-0.586862
-0.245187
0.26269
0.655711
-0.401894
2.59432
1.25706
-3.76752
-2.62123
-1.06068
-0.761793
-0.381579
-6.38505
-0.185367
-0.0877819
-0.981423
0.243537
0.835939
-4.41249
-0.251877
-1.20832
-2.69819
-0.12673
1.56088
-0.145379
0.0295016
0.538111
-1.21996
0.082236
0.188352
-0.508033
3.71489
4.94974
-4.12814
3.98725
-0.887135
-0.549357
1.11467
-0.322177
-0.835975
-2.25162
0.636714
-0.174135
-0.644655
0.658808
-1.01702
-0.743368
2.32961
-0.579113
-3.09538
0.862661
1.73308
-1.32224
0.477106
0.650468
-0.180439
-0.0903567
-9.02245
2.61731
-0.201911
-0.109502
0.185011
-0.42399
1.13441
8.88544
0.0105509
2.14646
2.06962
-37.0541
0.885177
-0.546923
-4.12722
-1.26043
-1.00009
-0.184737
2.11253
2.42063
-0.19072
0.548091
-0.552718
-0.987373
-13.2812
-2.15949
0.241384
-0.833736
2.36752
0.928682
-0.616618
0.0698199
42.8061
-1.39848
-614.935
1.09697
-0.709579
2.29321
-0.601101
0.00595164
7.40347
0.182535
-166.552
-0.814922
-0.0643275
2.42568
0.890217
-2.15473
-0.823884
0.160869
-1.88554
-2.58132
1.1746
-19.5257
-4.4224
-0.243823
-15.9151
-16.5226
0.330508
1.06492
-1.15224
3.20078
-14.9871
0.569203
-0.642504
-1.58215
-1.21313
-0.0757555
1.44807
2.08589
-11.5663
0.512258
-2.13356
0.0927117
-1.09907
0.13983
-51.7262
1.10414
-1.84206
-0.824625
-7.54932
0.7963
-1.35482
-1.62678
-0.673168
-0.528044
1.63605
-0.00856453
1.68855
-4.28035
1.97051
3.62926
0.0995984
-0.306914
0.042562
-0.801206
-4.22284
-0.760887
0.135686
-0.0924882
-0.463072
1.22061
-0.239045
5.43416
-8.18382
-246.764
-0.429289
-0.35801
11.3436
0.216602
-1.04922
-0.416904
1.30048
0.770588
-2.44755
-1.35104
0.217105
-0.150835
-0.0816819
-2.11143
0.447673
6.70677
-0.554418
0.963323
-1.4086
4.16401
-4.49101
-0.463288
-1.28925
-0.0575548
1.34284
-0.435918
0.482786
2.18339
9.31459
-0.812164
0.771783
1.07721
0.050325
0.854289
0.0268725
-10.9087
0.492902
-1.4388
4.49509
-0.0177458
1.27674
14.533
-0.45894
2.75908
0.299032
0.699011
3.26861
0.10207
-2.31453
1.19918
-0.124134
-5.06625
-0.544968
-0.617993
0.512969
-30.6681
-2.02228
-11.4423
-0.811698
0.683779
-0.596766
1.13688
-0.989826
-7.07052
-0.503513
0.114862
-0.61571
-0.168087
-0.250379
-87.9988
-0.371003
0.148865
-0.273187
-8.66196
0.934597
-2.05542
1.27865
-0.441311
1.47013
-0.665047
1.10335
1.52623
1.16274
3.26643
-0.544985
1.35936
24.3688
1.48368
1.06151
4.61408e-05
2.66511
13.3186
-0.639982
19.2598
0.153138
-2.35197
7.1982
1.15064
1.60438
2.87824
-0.170362
-4.54388
2.81973
0.479786
-0.0302354
-3.05941
-2.46665
0.185709
0.856532
0.811295
0.0532796
-2.37645
0.705323
-0.771898
0.254144
-3.9006
1.83411
-1.65217
-1.09951
-0.646793
3.32659
-1.56822
0.680474
1.10342
1.88065
0.678078
0.467247
5.23067
-8.74928
0.417592
-4.82456
1.26144
-0.96732
3.24692
1.14439
-2.85314
0.677261
1.51882
0.547644
-0.118319
0.391876
5.73329
-19.6909
0.409018
0.639494
-0.272237
-0.482426
-0.129002
1.13703
0.255291
-0.0619875
1.7
0.728578
-0.484495
1.19116
0.474452
-1.30486
-0.729083
1.87755
1.13115
0.187623
-2.62566
-0.0857466
0.799341
0.600319
0.32385
10.6783
-1.80241
4.56316
-0.00695539
-2.02616
-0.402699
-0.492403
-0.74541
-2.62677
-5.2574
0.29668
-2.67314
-1.23791
1.04649
-6.11512
-1.56741
3.36387
0.13835
1.0678
12.4396
0.573421
-0.00269537
-1.37654
-40.0612
-1.17524
-0.987217
5.30379
-1.17401
0.88269
-27.0172
80.288
-1.16697
-0.195595
-29.7795
-8.67691
-8.63871
0.365007
-1.98
1.25623
0.684242
1.16304
-3.60478
2.33092
0.135134
0.913612
-0.599155
-0.342109
-0.223173
0.654824
1.17708
38.7431
0.295844
0.233382
0.622803
-0.314318
3.17544
1.43452
-0.0612949
-5.196
0.0331931
-0.59986
-1.60216
-0.592161
1.01484
-1.06127
-0.237643
0.820266
-1.04009
0.906072
-0.00550475
0.903423
0.699568
-0.207947
-1.3463
0.456608
-1.27905
1.80004
0.295285
-0.241922
4.51519
0.091051
1.20239
0.260478
-0.429375
0.684424
-0.383619
1.19564
0.338465
7.38594
-5.71322
-0.112331
3.60582
3.85867
0.299344
-1.94176
-2.78372
0.820532
15.1092
-2.44383
-0.458083
0.0422281
-0.309215
-12.7747
0.228617
0.0627022
-4.02171
-0.446945
2.07558
5.73049
5.09458
2.53977
-0.552162
10.897
-1.31486
1.55112
0.175636
1.1687
-2.67124
-11.5101
-7.93476
0.294996
-5.40073
-4.42278
0.788825
0.273938
-0.0274263
4.68704
2.35604
-1.03897
-2.14857
-0.511013
-0.57307
0.6896
0.68102
0.369069
1.7207
-5.95629
0.271653
2.53943
-24.4237
-0.994372
-0.633969
-0.233779
-1.23048
20.1812
1.47345
-0.38148
-0.210059
-0.291391
-0.6112
-1.82803
-2.38469
-2.16046
1.29103
6.98902
-1.52133
2.22578
-0.5192
-3.32149
4.30463
0.850166
0.142477
1.4812
-2.12803
-3.5096
-4.19382
0.758531
-1.0019
-0.285074
1.8523
2.41044
-1.19955
22.9324
0.0272566
-0.117788
4.63396
0.480267
-2.5073
-1.28274
-3.19917
0.569755
-23.8923
0.121253
-0.167645
-1.34162
-0.142655
5.09555
-1.09519
0.827232
0.154112
-267.483
-0.129675
-3.8032
-1.78783
1.69472
1.56182
4.03963
0.0827283
19.6056
0.0571521
0.417017
1.15573
0.76589
-0.341577
-2.05591
-0.176208
0.414812
-5.12389
-2.4524
0.182177
0.698454
0.169597
0.809507
-0.31049
0.0348502
-1.62474
-2.62058
-0.799632
-1.16151
0.19617
0.940611
0.864897
0.461723
-0.0187713
-0.384101
-1.23708
0.416696
0.439338
-0.618614
1.99708
1.75359
0.13878
-1.08261
7.39845
1.03563
-0.572814
-12.0287
0.40521
9.51743
3.23342
-0.137205
0.572306
-21.8052
4.40278
0.312099
-0.873036
-4.50332
0.58698
0.452434
-1.38108
6.39851
-0.0980459
0.818583
-1.26611
-0.138242
0.390654
-0.307961
14.7135
-0.796454
31.3231
1.42165
0.511589
0.230569
0.0379675
0.924213
-0.14142
-4.31389
-7.36408
-19.9252
8.46967
-2.12835
0.466796
-1.824
-0.164778
1.33916
-0.0933764
3.34387
-0.421453
0.372051
-64.988
0.24032
-0.131259
0.583831
2.268
0.750418
1.07851
0.287248
0.729984
0.728124
-0.0138468
0.910819
2.88065
-0.103384
0.841044
-2.00597
2.94639
-5.88313
-2.84191
-8.08887
2.75488
-1.26245
15.0512
1.91532
-3.48628
-0.367566
-0.122756
-0.598109
1.40414
-3.50732
1.18125
-0.816637
8.51246
0.456912
0.763561
0.145483
-0.0139481
0.554393
-0.190607
0.522291
1.48532
-0.356049
-0.686143
-1.36394
1.60004
-25.7331
-0.523132
0.213044
-1.0916
-2.41064
-2.25678
0.0216149
-0.717499
3.77634
-0.132425
-1.61369
1.10022
-1.33946
0.567378
-0.160097
-1.11819
-4.95519
-1.67725
1.00926
-1.85027
-1.12305
-0.430178
0.194712
-0.912669
-0.306492
-0.276928
1.34082
-1.17855
-2.03236
-6.96709
-2.09867
2.09203
0.58952
0.142432
-0.59835
-2.20625
-0.188432
3.09318
-0.241872
2.30123
0.577514
0.313654
-1.113
11.0831
17.4003
-0.616385
0.0860391
-3.43924
-0.221405
0.11728
0.886165
-0.218904
0.909924
2.23715
71.2585
-0.110925
6.60093
0.833462
0.177541
-2.94874
-2.36869
0.485176
2.59695
0.175918
-13.1213
-6.56007
-3.20032
-8.522
0.0378457
-0.749816
-0.34446
-1.87493
-9.00588
-2.57126
0.740253
1.02136
-0.962745
-1.65681
7.77543
0.230277
-0.610578
-2.24695
-0.370474
0.213483
-0.565373
-87.6272
0.428251
0.597926
0.934437
0.675877
-0.722418
2.66628
0.454844
2.23497
-0.369065
0.177337
0.896868
-2.36608
0.839066
0.0275669
-0.195242
-1.1618
0.126278
0.529767
0.829292
-0.768191
1.0255
2.23874
-1.16813
3.81009
-11.6865
0.373557
1.98885
0.392564
3.03383
-10.2338
-1.15159
-0.563261
-0.0507858
0.59093
-10.591
-0.543604
-1.08325
0.0653468
2.41935
-1.64354
-1.16736
1.38007
0.323152
0.509331
-1.2482
-43.6342
-12.8606
-1.39586
69.4662
-3.15398
-0.313943
1.90695
-2.96024
0.184099
0.215145
1.33827
0.356174
-0.18452
-0.77287
-1.3994
-0.561732
902.508
0.966896
0.52518
-2.43466
0.973691
8.75266
1.47324
0.724385
-0.544353
-5.54391
2.20752
-0.302122
0.732745
1.48044
0.245188
1.07018
8.46371
-1.46355
1.82361
-0.751563
0.66727
1.27887
-6.66169
-2.5941
0.156022
0.193937
1.0673
-0.263764
1.10078
2.89434
0.614751
0.398348
0.566418
-1.31349
-4.37423
0.746822
10.9358
0.23073
-0.885205
0.477745
0.727937
-1.53494
0.738814
-1.79441
-1.06582
-0.753563
-0.179062
-0.298293
-0.35508
1.01729
0.197478
-0.187486
-1.53644
-0.944098
-0.0511111
9.23841
1.17734
-3.30337
1.26194
0.986923
-0.373115
-2.19324
2.4081
1.04885
-0.199645
-0.0479888
-1.39294
0.318833
-4.57921
8.248
-2.30586
1.29291
1.03439
-2.06216
0.271026
30.7733
0.0230656
-1.97447
35.1108
-2.14062
-1.83894
0.607101
1.52647
1.54881
2.77292
0.362527
0.852977
-2.79971
0.794728
3.31061
0.465499
0.67502
-10.1256
-1.68372
0.118907
-1.16762
1.07282
-1.34676
5.17025
0.0460401
-2.68351
-1.44015
0.290732
-0.867134
-0.910823
-2.83594
0.0367069
2.67204
-0.00687652
-1.0626
-0.612833
-0.0185181
1.0362
-1.23752
-1.8847
10.0513
1.14488
-0.401404
-0.357784
1.43894
-10.8588
-0.325346
-1.84874
0.907978
-1.87104
0.5024
4.22047
0.222152
83.5295
0.402126
-1.7932
4.63229
0.275434
-0.737907
-0.882697
0.51833
104.547
0.142706
-0.525421
9.64503
-0.524746
0.610989
0.310716
-1.51118
2.04954
0.0923706
0.404446
-1.3631
-1.31302
-0.0717146
1.77312
0.8503
-0.888892
1.49621
-6.81522
0.529469
-0.18528
0.789184
-0.507648
0.101709
0.969647
-0.546955
0.157918
0.458933
0.0820007
-1.56896
0.21489
0.598892
0.660696
-0.531247
-12.6085
0.205167
0.831343
5.40818
23.8308
-6.06353
0.471217
3.33083
-0.662138
1.25636
3.35831
-1.20589
-1.67788
1.40817
-0.83012
-1.53781
-0.195834
0.617631
-0.0369586
0.604826
0.787572
0.216114
1.06694
-1.22394
-0.409395
2.06657
-2.76728
0.430031
-1.7508
-63.8633
-0.789815
0.115629
14.7832
-1.87762
-0.500125
-0.278644
-0.916744
1.58457
-0.848376
0.297216
-0.643073
0.508352
-1.99835
-1.31367
1.14497
0.840195
0.646227
1.85484
0.551928
-30.5119
-0.67085
1.41402
0.417317
-1.32874
0.397588
4.95567
-0.499627
2.95558
5.10448
0.234272
0.175758
-0.423193
-0.316244
1.05213
6.44748
0.372478
1.47128
-3.42165
-0.0564375
-2.56869
1.06057
3.58156
-2.83378
-1.48278
-7.24212
0.933812
-23.0095
-0.254072
-0.68199
-0.369185
-0.944382
-1.23387
0.656574
-0.50007
0.502139
9.67328
-0.0880629
-0.455954
0.925648
2.20846
-1.04492
8.6843
-0.716366
1.44066
-5.99102
1.28502
0.988875
0.744024
8.98844
-0.308263
-0.0836555
3.15943
-0.664268
18.3529
-1.05396
2.02355
-1.34907
1.27502
-426.712
7.41194
-3.56042
-0.128108
0.216983
78.7377
-0.665141
-0.559496
0.643873
0.284815
1.16726
-4.99369
0.303654
0.527033
-0.769485
-0.949453
-1.77212
1.84128
0.818616
2.34072
-0.225993
-0.05839
-0.0824831
8.59143
9.67653
-9.05697
2.17572
0.886537
17.6977
6.87435
0.198737
3.17837
-0.231136
-1.87471
0.0257347
0.339389
-0.749725
-2.82733
2.52833
9.16408
0.670113
4.07042
-0.182093
-0.244235
3.75091
0.356748
0.234421
-1.73241
2.28882
0.39353
0.800969
0.838977
0.773807
0.0153926
2.33633
0.835935
-2.41827
-0.240723
-1.4955
-1.00021
-3.60197
0.760022
-1.29305
-1.19157
0.805466
-1.09659
1.9014
-1.44859
0.271948
0.081015
1.10169
0.00953942
-0.551939
7.94612
0.0326921
-0.415756
-0.334704
0.43477
-2.82781
-0.97428
-0.474457
2.54026
2.04216
-0.0175058
0.0751971
-0.0981278
-2.64032
4.14345
1.34591
0.106764
0.430128
-2.75982
0.598576
0.376354
3.29131
0.613898
0.418564
0.220815
0.240346
-0.0169449
-0.362092
-0.49022
-0.101244
0.016219
0.899594
0.159102
-0.346071
1.50839
-0.56009
0.982968
-1.43097
1.92514
-1.6486
0.314431
-1.4748
-0.404731
-14.9301
-2.08921
0.418753
-4.89987
0.175745
0.525175
0.350173
0.54917
2.9171
-0.453765
3.18935
1.11245
0.0841797
-0.226889
0.0824946
0.246713
-0.122554
-1.16642
-0.206605
-0.149813
-1.62337
-24.3541
826.021
-0.316046
-0.823212
1.81941
0.810225
1.03984
0.436661
-2.11553
0.311976
-0.0852458
0.757378
-0.260225
1.33126
0.451264
1.02898
-1.11924
0.820945
-2.66588
-4.14489
0.738309
-0.61617
-1.04191
0.00785078
0.201716
0.617149
-27.2306
0.877251
-1.92503
-0.944994
-0.827378
-1.09621
5.76582
0.468051
-13.5484
0.702097
-0.459642
1.1584
0.821655
-0.814537
0.146909
0.846475
0.0736678
5.48057
-1.48677
-8.82699
-0.994518
1.45713
0.208444
-0.0221119
-1.23726
-0.200507
-0.237778
26.443
-3.38275
-0.439761
0.927752
0.587448
1.28479
-0.123721
-6.28042
3.62564
0.79689
0.243223
1.15498
-2.09959
0.998349
-3.39271
-1.43649
0.0834943
0.911611
-0.769713
-1.02319
6.01662
0.539538
0.965698
-0.388331
-0.321812
0.160914
-0.149538
927.642
1.73462
107.778
1.67668
1.39419
-3.30937
0.0794138
0.614372
1.88074
-1.47381
3.55742
0.472669
0.925328
-1.94324
0.782589
2.03856
0.652784
0.0540992
0.347815
0.984852
-0.456671
0.332415
2.41038
1.52296
6.14331
-0.840029
-0.44128
-0.0680205
0.259533
-0.676642
0.583936
-0.280501
-1.15532
3.01447
0.973521
-0.359577
-1.28025
2.65659
-0.757014
-0.148213
-3.04593
2.59445
1.45358
0.468268
0.00876758
-16.8821
0.250829
0.66294
-0.356119
-1.37397
-0.501844
0.206038
0.232506
2.25978
-1.10211
-6.51999
-2.89687
-0.515654
1.43822
-3.66887
1.65479
-4.22524
-2.41823
1.94442
-0.372398
-11.3619
-0.341623
-0.246446
-0.896005
-0.224162
-0.391216
-0.402857
-0.263831
-6.28515
-0.00388873
0.160792
0.308611
3.26857
2.96847
-0.0995431
1.79671
4.10633
5.67119
-0.346664
0.00049119
1.34569
2.12041
0.386744
0.697536
-0.78651
1.07263
-0.864921
1.41871
18.476
-1.88612
-1.28375
13.3092
-3.95374
-1.35311
0.853007
-1.23943
0.23376
-0.190447
-0.409936
0.734719
-0.513727
-1.36158
-1.25345
-0.343747
0.0157215
0.273467
-0.846943
0.109787
-1.89807
0.163253
0.966548
2.58138
0.408007
-0.599743
-2.66747
-1.19616
-0.706234
0.761674
0.339627
-10.6527
1.08577
-1.14723
0.527627
-0.502079
-0.44324
4.19833
2.67421
-0.308205
2.4393
1.05769
-0.246761
-0.0992387
5.21999
2.17483
3.00955
0.3899
20.2721
-2.23303
-0.72778
-0.0219878
-0.133812
-0.0350877
-1.50092
-0.245562
-0.235398
-0.09802
-5.10567
-21.8738
-0.89138
2.82116
-6.37101
1.28463
-3.95506
1.29062
-1.02283
1.12085
0.677149
0.00321771
-0.0246433
-0.974524
-0.45374
4.30789
12.0182
-0.990798
-1.59831
1.31075
1.47169
-0.109967
0.923436
-0.589532
-1.4016
-0.612294
0.385967
-1.05763
0.036253
-0.207899
-2.97268
-4.12616
-1.41137
-0.897678
0.40074
0.200252
-12.995
0.114522
0.655057
-1.06918
-1.66845
-3.10093
1.50243
3.58404
1.0264
-0.164579
0.545185
2.07822
1.2214
0.25465
0.490495
0.823669
-7.72958
0.602389
-0.326967
6.70911
0.516322
0.582113
-0.0469255
0.863863
-0.696186
-0.0537749
1.18127
-89.6139
-7.06838
-0.983376
-0.264703
-8.35738
-0.764074
0.783795
0.720035
1.00422
0.912647
0.0489122
3.16422
-0.0704389
-1.82918
0.472453
1.2813
-0.447098
-0.101101
0.239933
4.83428
-3.63042
-2.41242
11.1669
-1.49168
-3.67094
-0.128891
-339.648
-0.420477
2.48605
5.69625
0.090997
3.46102
-4.6046
-0.0704313
0.655092
-7.74829
-0.713535
-0.905964
-0.178074
0.357797
0.200891
-1.08913
-1.14309
-2.38894
-0.704729
-0.544481
-5.59743
4.14687
0.887782
0.0755584
0.313719
-5.28082
0.907873
-0.0575302
-0.0870826
-11.5818
0.396026
6.94685
-1.21015
250.914
1.31702
-0.682585
33.6897
1.13438
9.23968
0.39569
-0.576522
0.51351
0.00345239
0.265107
-0.59093
-0.175118
0.354115
-0.211696
2.27964
0.760147
-0.268685
0.465478
-1.94302
-0.849282
2.37582
-3.20821
0.639472
0.375116
-2.096
-0.546727
1.17698
1.67046
-3.01075
-1.04456
-1.67527
-0.441392
-0.137798
-1.63205
-0.559227
0.118646
-1.17895
1.14094
34.5388
-0.452291
0.772994
2.08315
-3.61659
1.9704
-5.65774
0.0180076
0.191051
-2.02083
0.377171
0.823179
3.99966
0.102491
-2.89337
-0.52982
0.771703
-1.22287
-0.854004
0.244055
1.87225
0.209667
1.01475
-50.9477
-1.91882
1.9276
1.64394
-1.28949
1.79225
-2.6618
0.0807241
2.01697
2.09431
0.021805
-16.1788
-0.330061
-0.954605
-6.24151
0.725284
0.115365
-1.4406
-1.70918
-0.846185
-3.03079
-1.06609
-0.533026
0.136446
-9.51481
-1.69656
2.02917
2.64807
0.00465194
2.23967
0.895862
-1.725
-1.16876
1.22792
-3.43985
-0.037314
2.59322
-0.184172
0.78403
-0.0648452
-0.39623
-0.678202
-0.943153
-1.6184
0.517508
0.405599
0.746241
4.0949
-0.671795
5.54123
-1.68202
5.54752
3.23379
42.1853
-0.441746
0.160324
0.601303
-0.255111
-0.010253
-0.532727
-3.945
6.24125
-1.59209
3.60988
-1.51871
0.90025
21.9433
4.92607
23.6762
-16.0423
-0.940415
-1.60007
-10.9832
1.10996
-1.12703
1.80365
0.375569
-20.5354
8.82046
-1.69075
7.99045
-0.370161
0.0632859
-4.04275
-1.19474
13.1074
-4.73833
-0.788267
-0.292838
54.9029
-1.37868
8.16053
0.345908
-0.0265838
-0.100452
-0.481597
11.3577
0.313936
-0.154905
-2.41046
-4.6594
-0.749596
-5.64102
3.10396
1.32669
0.235895
-0.0995271
1.07976
-0.0541267
-0.379318
0.809021
-2.7111
-0.426047
-0.25902
-0.394166
-0.532394
-0.115511
-0.449008
-1.68417
-0.00777318
-14.7976
-2.48941
-1.05635
1.83777
0.722794
-0.337082
2.66718
0.244588
1.15352
-1.03404
1.50166
-0.930588
-271.013
4.18833
-0.121882
-0.318892
-11.5545
-4.89118
-0.155583
-0.0259665
-4.11522
-0.456918
20.8228
3.75772
-1.1188
-120.735
0.966928
0.336863
0.331656
-1.8141
-0.812994
-0.462058
-2.15383
-14.5244
-1.57565
0.653805
2.50908
-0.87182
0.337154
-11.184
4.33513
-5.93376
-1.87899
-1.00693
-2.8489
-0.727579
-0.388029
2.9727
-0.0128912
3.55685
1.47117
0.065835
21.481
-0.42355
0.107957
-0.00512383
-1.2872
1.264
0.601691
0.851342
0.0953325
7.07008
-75.7685
0.472633
-1.01155
-0.377675
2.4501
-0.0365534
7.88481
-0.727901
0.357476
-0.252625
2.11231
2.52455
-0.386192
47.8114
1.27901
-0.439608
0.0240257
2.1454
-0.195825
10.6682
0.0181007
0.7289
-0.794746
-0.04122
-1.49602
-1.048
-0.589362
-12.4584
1.68535
23.3941
1.09177
-0.0366839
-1.81558
-1.35978
-6.62399
60.411
-2.65301
-3.27921
-0.537792
1.13687
-0.500234
-0.134711
-9.14267
2.19412
0.675525
1.26766
-0.793626
0.385719
0.37525
-0.796904
-12.2916
-3.13956
0.286984
-3.37637
3.77618
0.960919
-1.41731
-2.85693
-0.290382
-0.133069
0.380992
-0.496269
0.631201
-1.37896
-3.34788
-3.07351
0.181362
2.5029
0.631287
-1.27418
-1.23863
2.63774
-1.69269
0.312241
-0.0883379
1.66791
-0.258944
0.951529
-1.21706
0.0506729
-4.03813
0.770953
-0.429201
-0.742078
0.214044
0.998833
-0.745699
-2.11766
-1.04076
0.566078
5.77824
2.8309
-0.289753
0.0595653
-1.52692
1.65326
-1.26324
0.572782
-0.74482
-0.312522
-5.37387
2.68913
0.436995
0.515943
-0.753612
0.0761791
-0.368306
0.211249
2.45023
1.05784
1.22119
0.0479158
-0.418301
-6.22754
-1.26281
-0.0997993
-0.70592
-1.26848
-0.469994
0.558906
0.0462969
0.71131
-0.237356
-25.2419
-10.0403
-1.50751
-3.58376
-0.379204
-1.30728
-4.85448
-0.835483
-0.939256
-3.16248
-0.367798
0.502538
-0.00370546
-20.4884
1.96209
0.373922
-1.60146
-7.70003
2.08186
0.800728
-3.76478
0.779648
-1.37704
-0.777732
-0.463656
-13.9534
-0.740442
-0.0815108
0.0226267
-63.2765
-2.44485
-0.13136
-1.81849
0.431539
-0.28712
0.280289
-5.27794
-0.552666
-4.54207
0.166986
0.209035
-0.210358
-0.463738
0.363546
-0.131991
0.805079
-0.959206
2.04803
5.822
-1.19259
8.31514
-0.13114
-0.785641
-2.25405
0.450453
3.13707
0.317399
-1.46116
1.44062
-3.29112
-0.577387
-1.66797
1.74331
7.48511
-1.14499
0.868838
2.07568
0.990304
-1.56214
0.532603
-0.527512
-0.168809
0.200323
42.1058
4.68139
-0.535773
-0.123945
0.386567
2.2705
-0.267558
-148.809
2.46915
1.4703
6.21017
3.51822
-2.50687
0.952494
1.2021
0.550228
-0.480967
0.46363
3.08014
-16.2448
0.637209
11.5944
-2.03868
0.445766
-5.0037
-0.155735
0.236982
-9.51321
-0.409137
0.0436532
1.61582
1.01567
24.5279
1.54977
2.18614
-1.426
-0.934615
0.0876705
-3.61291
-2.5622
-2.06289
-4.06713
-0.179013
-1.14286
-13.3913
0.418357
0.82741
-0.247465
2.79193
-1.83027
0.277686
11.104
-1.58483
2.95397
-3.59025
33.2502
2.31677
-1.21989
-1.09189
0.000760216
0.840538
-0.437175
0.253532
0.297083
0.685468
4.41823
-2.56947
-0.106872
-0.954885
0.977431
-1.1413
-0.44239
-4.18648
-0.701275
0.79751
1.54948
10.0482
-1.2596
-0.86017
-1.06885
0.418562
-0.736194
-3.23943
-1.99238
0.12806
-0.375045
2.46346
-0.653259
1.23486
2.61505
-0.462642
2.25369
-1.84727
3.50205
1.83035
-5.62433
-1.27826
0.316236
0.733027
2.6285
0.160673
13.6041
-0.198401
-0.762258
12.0322
-1.60554
1.32043
2.95662
-7.72367
9.78425
1.40567
-1.36591
-1.25434
2.87546
0.278487
0.0505144
-0.408149
0.449913
0.0219356
0.217039
0.170782
-0.0266331
-0.139556
-0.262123
-0.0728301
-1.21084
0.374238
-13.7792
-0.860393
-3.51717
-1.70174
0.18697
0.193224
-0.743827
-0.020769
1.27819
0.551112
0.277914
-1.33321
2.58725
-0.13135
-19.8456
0.291014
-2.12475
-1.23325
0.838578
-0.701524
0.381335
0.537427
-5.04276
4.61979
-0.194007
1.31669
0.293993
-2.4225
-1.26037
-0.441789
4.1685
-0.239963
-0.492196
-2.16775
0.569115
-0.175441
0.087281
-0.255616
-0.118639
-2.24006
0.170779
9.91314
-2.15246
-3.36729
-1.0247
-0.193516
-2.33685
1.61944
-2.86428
0.073193
-1.00285
0.450345
0.732305
-0.613874
0.785608
0.613709
0.187806
-2.25416
0.552806
0.294156
0.107126
-30.179
0.867828
-0.782776
0.747554
1.44805
-0.190079
4.77015
1.59803
0.846251
-0.0251635
-0.171486
-2.11943
-2.3876
-12.0343
1.41014
-1.68432
0.707057
6.11469
-0.463547
-0.794171
-0.0401883
-7.00126
-0.0904521
1.81008
0.59049
1.05249
-1.9932
0.620481
3.35197
0.323239
0.179154
-1.80245
-5.81455
5.38463
-0.559954
0.123411
0.524347
0.852025
3.59053
-1.13987
-3.73402
-0.272816
-0.430783
-5.30191
0.587749
12.3829
1.1829
4.57444
0.19101
0.612104
1.02864
0.367007
1.05297
0.619188
0.928939
2.25111
2.09069
-0.225493
-0.863583
-1.3364
2.40602
-0.763758
0.389999
-0.875244
-0.133609
4.32313
-1.0086
-0.533817
0.24766
-1.03315
-1.90243
1.0459
-0.598567
0.793818
-0.324724
0.419471
0.646069
0.889239
2.89057
4.7359
-0.835532
-7.79669
-6.75396
3.25495
12.9275
0.0245218
1.33337
-2.21895
-2.21266
13.7849
-2.37141
15.1384
0.236913
-4.87027
-0.181716
0.950372
-0.636053
-0.871899
-1.02454
0.52766
-0.814133
-0.55901
-5.37342
-3.23561
-1.13131
-5.54911
8.90944
0.0143975
-12.2549
0.550205
0.622075
-2.10721
-0.0250333
1.09316
5.45276
1.8525
-4.42818
-1.36023
87.1958
-2.41639
4.38794
-2.63856
0.16861
-0.582336
0.10592
-0.517619
-0.24562
-1.52673
-6.11759
1.08092
0.269822
-1.60069
0.392369
6.58025
-0.493799
1.42392
3.11743
0.915073
-0.183862
-2.36405
-0.986038
-0.482126
0.101207
-0.0163823
-2.08006
2.96296
-0.452107
-0.380888
-2.96528
-3.43207
-0.283504
-1.73752
1.904
-3.61616
0.237744
-9.62216
-0.353313
-0.803552
0.514049
0.866648
-0.240132
4.71698
1.72661
-0.356036
-9.90971
2.57083
-2.41229
-0.511872
2.65468
1.66767
-0.640146
-6.02658
5.27418
-0.750957
0.836461
0.362233
-2.58778
0.692251
-1.86056
-1.59059
-0.845065
0.539889
0.875562
7.34154
-1.41616
0.720831
-0.276193
-0.839892
-0.92432
0.731591
-15.5194
-4.34006
-1.52656
-4.30218
0.759112
-0.620397
65.4787
-10.37
-2.93276
-0.874695
0.562433
0.50724
9.73602
2.15074
0.421958
0.686504
-2.85846
-0.919665
-1.11525
-5.65645
-0.60553
-1.63188
1.80039
-4.49786
-0.0976543
-8.60276
-1.02297
-8.44354
-5.43113
0.163954
-0.359712
-0.679168
-3.18236
1.22137
-6.80133
0.502375
-0.134413
-5.14876
-1.75213
0.804559
-4.44451
-1.06603
1.11602
-0.257642
0.0683764
1.12237
-0.238525
-0.38638
1.14653
-0.134862
-0.888298
-1.17768
-1.32992
-1.78323
1.15259
-1.23923
1.68949
-0.249598
-3.69749
-5.15549
-0.141005
-0.299344
4.26765
0.988104
-1.11201
0.209589
2.84196
0.175774
-0.749366
-0.430222
1.87428
0.92108
-0.62795
1.30132
0.156068
-0.460416
-0.60317
-0.0429137
-1.50603
-0.852623
1.34462
6.18658
-2.40729
0.666378
-1.46709
18.0383
-1.9047
-18.9261
-5.9341
-4.81173
3.70319
-6.77504
0.555085
0.361337
-0.328281
4.43108
1.95396
2.89119
0.445212
0.0394343
5.18184
3.07057
-1.17906
0.182205
0.70056
1.28536
-41.0992
0.10749
1.55788
-0.166419
0.170625
0.502664
0.702466
-2.2697
1.71041
1.39734
1.63554
0.580235
-5.49904
-0.64357
-0.850148
0.052235
-0.42558
-1.25469
-1.46703
-5.16024
-0.351476
0.507571
0.818451
1.06954
5.00315
272.335
0.837509
0.761846
-10.8349
-2.03925
1.55503
-0.162933
-2.91339
-2.84621
-0.352168
-2.43577
0.279928
1.04893
-0.208796
-0.508739
0.337125
-0.499521
0.217963
-0.00963063
0.52339
2.43463
1.62396
1.37691
-1.2747
0.576083
0.0376062
-0.645197
0.723964
0.543373
2.13408
0.174623
-0.300117
1.74372
-0.0892171
1.57766
-12.1878
-1.11423
-1.33502
-2.27545
-3.38768
1.47725
-1.52841
-0.28384
-1.1405
0.226318
18.7104
1.34337
0.218895
-0.299396
0.257388
3.60925
55.4608
1.89287
3.05556
1.1885
-0.880605
1.28073
0.333072
-0.0127747
0.341215
-0.377015
-0.0964698
44.1616
-13.3497
1.12951
-0.226613
-0.618977
0.59654
-0.00253121
3.79677
-0.534456
-0.00687224
-9.82832
2.76672
-0.190355
-0.737656
-2.07603
0.0519428
-0.102907
-2.15003
0.622869
1.85414
-2.10826
-4.54355
-0.365356
2.46864
3.54167
-0.8411
1.69224
4.98982
0.204599
0.214367
-1.30756
0.358476
-3.79292
-0.933908
0.894302
-0.937288
-0.607141
0.428993
0.82797
1.19032
-1.14983
-1.69102
-0.451978
8.86927
1.80454
2.32265
5.94139
-888.932
0.562065
-2.19511
-5.07754
0.460055
0.766702
0.466911
0.693422
-1.39931
-0.590492
-5.5351
0.902396
-1.19703
-0.869206
-1.45731
8.2032
-0.67431
-0.710548
-1.78003
-0.412325
0.0821523
-0.931005
-0.616261
-4.99541
-0.924494
-0.0560606
-6.616
0.837992
3.43559
-0.296341
-5.10757
1.36555
3.07788
-0.29724
0.385564
-1.52255
1.58498
0.988485
0.834941
-0.725394
-1.85307
0.302016
-0.247566
-3.40449
-3.62302
0.823585
1.00106
-0.588932
-4.10174
-0.242257
0.350055
-0.522562
1.71897
-0.753174
-1.97503
-0.195902
-0.0300538
-0.554491
-0.00264474
-1.76518
3.40574
-0.354983
0.479794
0.0900543
-0.248944
0.259163
3.83757
1.61965
6.34211
-0.188424
0.748552
-3.88373
-0.122906
0.40641
3.74517
-0.140201
-16.3935
0.219621
0.524889
-0.490416
-0.192872
0.387578
0.176019
-3.23953
-0.604951
-0.29361
0.681697
0.827967
0.323712
-0.145752
0.795862
-0.967738
2.19027
-3.906
2.05095
-1.65439
-7.77285
0.318604
3.5064
-2.37468
-0.0217197
-20.4663
-0.735472
-2.6975
-1.54441
-1.67433
-1.80262
-0.447541
2.32488
0.460371
-0.387567
-1.18066
7.84429
-2.94739
-1.65039
-2.83261
0.163279
20.0808
-0.755764
1.28328
2.57566
-1.72029
-0.0557271
2.00275
16.0871
1.42864
1.70436
0.0979347
-0.662918
-0.797732
-0.0961294
-0.767543
-0.473206
-0.431316
0.489477
1.0137
1.33754
-0.507501
-0.0511012
2.49682
0.699665
43.434
1.66889
5.79608
6.14015
-1.00773
1.29647
-0.887262
-0.3002
0.0669209
0.854251
1.47627
-0.915985
0.379082
10.1694
-0.371941
0.0348716
-1.08347
0.286915
2.76875
-0.376343
0.851275
0.593035
5.37993
0.085486
-4.32584
6.19109
-0.0375507
8.95654
-0.899504
-0.260073
1.7261
-0.420905
5.55427
1.86779
0.132037
-2.59952
1.4258
0.504511
1.03918
-0.499392
-1.29127
1.57792
0.603019
-1.18242
-0.024059
-2.56284
-1.15099
-11.7626
-3.2356
-7.52091
-0.440362
0.0538826
4.69602
2.05096
-10.9734
6.42442
-2.00065
1.25963
-4.51093
0.021089
0.591584
-0.18909
-0.532609
1.19825
-4.62385
-5.07035
63.7966
9.28859
2.84632
16.3793
-11.5714
0.491425
0.109999
22.8899
0.12019
-0.156865
-0.301876
3.15033
-0.0893485
0.581626
-2.01547
-0.266249
0.209241
-13.946
-0.330826
-0.297317
1.3382
10.4539
0.372436
-0.0290918
-2.6652
1.84974
-2.24013
-8.10034
1.32649
-1.05212
-13.041
1.37044
1.73516
10.8552
-0.144431
1.21089
13.9542
5.226
-0.015033
-1.4155
0.803629
2.84058
-3.9089
0.365371
-3.08816
-0.180507
-2.16809
75.8974
0.64845
-0.575288
-6.85207
-0.390195
1.17498
1.36637
-0.695874
-2.5226
0.639954
0.280042
-5.36155
0.156764
1.12084
-1.07633
0.331739
28.202
0.126161
-0.596779
2.81457
9.76757
5.87141
0.52658
-1.25038
0.0681798
-0.0316234
-5.22815
4.98325
0.984095
9.36579
-161.126
3.65785
1.59139
0.475188
3.35512
-0.25839
-0.828678
0.0669726
-0.874657
-6.256
-0.427789
16.2496
-1.72946
1.40091
-1.60114
-1.27721
-1.06065
-0.130165
0.71437
1.27168
0.561252
-2.1334
-1.02756
28.7905
6.65763
0.445879
0.293279
-1.32954
-2.50825
2.31072
-1.66083
-0.924053
-0.161191
-3.19976
0.268795
-1.10827
-0.313206
25.3225
-0.0177781
-2.39035
0.860077
-1.54431
1.50044
0.893069
-0.101233
-0.230654
-3.58332
-0.520119
-0.529525
-0.377329
0.109154
1.46672
6.89044
3.49088
1.91559
-0.545178
-7.79741
-4.8937
-0.588096
7.17614
-0.665856
2.92763
0.451342
1.10577
0.754092
3.34448
0.722256
6.77933
-1.7795
-1.3043
-0.425267
-0.676708
0.469066
1.8666
-0.462841
2.35547
0.55773
-0.256979
6.70658
-2.10354
-3.84757
0.0349768
3.9609
-8.87989
0.0499718
0.0333988
-1.05919
0.686069
-2.71274
-0.271824
-1.41959
0.178711
0.940669
-0.265777
-3.24679
-0.109108
3.28969
7.14857
-0.535968
-0.155413
-0.167906
2.19929
-0.186631
0.669466
4.03528
-16.653
-1.36657
-0.2312
0.146767
1.17363
-3.23899
-3.84759
-4.77073
7.48156
-0.903614
0.167754
-0.0133163
0.929108
11.0431
-1.58018
-1.32556
3.80491
1.14602
0.060413
-0.301629
0.578525
0.947132
-1.33239
-0.101623
-2.15411
2.99717
-0.233776
-0.0422033
-0.0824521
-1.03487
-6.30764
-0.152095
1.07629
-3.01219
0.738422
-2.10927
1.06912
0.548861
-0.616839
0.248528
-1.01096
-0.141816
-7.38349
-11.9252
-0.0787293
-0.322195
0.613386
0.562855
-0.584312
0.0648259
2.18919
-0.911584
-0.0432454
-4.74021
0.687513
-1.24975
0.0527256
-5.99782
0.884388
1.71489
2.40325
0.401368
3.12403
-0.602299
-0.197524
1.22419
9.92953
-1.9755
0.97232
-0.361593
-1.43951
-2.72337
8.06372
-7.36093
2.89042
1.67242
0.0371661
-3.22997
-1.72268
-2.43692
-48.3948
1.48559
1.20431
-1.5137
-1.4786
1.56119
2.70709
4.63002
-0.686572
0.843866
0.828063
0.00102203
-0.0566318
-0.307452
-0.852779
-0.623999
0.145258
0.972112
2.16229
-5.67305
43.0955
-0.70612
-0.85139
0.188609
-1.98962
-0.243324
0.0594491
-0.445187
1.07814
-2.17106
-4.5996
7.15183
-2.14885
-0.85834
3.28465
-3.43843
-0.633513
0.62928
-0.108843
6.56661
1.22452
-0.965742
-0.83217
-1.23592
2.32426
0.777365
5.00224
-0.632847
0.0411609
0.672496
-3.0314
-0.530487
0.442996
-1.12297
-8.0797
-1.58958
-2.03949
-1.49766
2.28798
-0.172497
-0.333233
0.131495
-1.49047
-0.509547
0.92962
1.509
3.65579
-0.11931
1.48163
-1.19005
-0.740925
2.79783
-0.361727
1.42715
1.22693
-0.781497
-0.0480862
-1.26415
-1.1939
0.447123
9.48445
0.0980476
0.548328
-3.10353
1.13366
0.344562
0.483088
-1.97196
1.47732
-8.26149
0.55713
-0.0177473
0.173161
-0.94997
0.832114
-1.68247
3.23865
0.174638
-0.741068
7.17589
-3.75183
3.36182
1.62845
-0.15359
-6.40147
-0.365178
-6.37142
-0.0632571
2.14987
-1.42351
0.11254
0.127253
1.77848
-0.45265
3.89737
0.631265
-1.45095
-1.74514
1.79833
0.0427904
2.01737
-1.38529
0.962518
-1.66781
-0.289042
-0.132716
0.818324
-0.741956
-0.231712
-31.1608
2.34855
0.149914
-3.84346
0.542347
-0.133076
-0.791494
0.296752
-0.877827
0.177106
1.27568
0.0545552
-2.26129
-0.421904
-2.20258
-0.288826
0.940349
0.0305298
-0.548049
10.1427
-7.93397
-0.654185
0.63903
1.02578
-1.33155
28.3982
-6.65826
-0.125943
-4.07264
-2.12018
-1.23935
-2.97804
1.81558
0.0846362
0.428839
570.071
0.486189
-2.12727
0.466388
-1.77315
2.98565
-2.31065
216.058
-0.169848
-0.201079
-0.274167
-0.911929
-0.701856
-1.67685
-0.904005
-0.13939
-1.65663
-5.83198
-5.13173
1.43765
0.397656
-1.86564
-20.1588
0.100124
-0.801342
1.09564
-0.783716
-0.209343
-4.15082
1.8688
-17.2739
-0.0250148
6.76011
-2.36496
1.12968
-3.24716
-1.36489
-0.571185
-0.869838
-1.01579
-1.21478
-0.306123
-0.654712
-1.44197
0.313195
-1.77187
3.2428
1.15208
10.0947
-0.870435
0.432467
0.299751
1.18977
-0.654525
-0.329075
-0.108272
-0.840622
-0.184653
-2.42013
-1.4556
-1.2333
-0.296142
-1.52852
-0.404275
1.37255
-1.45142
0.183784
8.44785
-0.635866
2.14414
0.0191046
-0.13203
-52.3216
-0.872613
-1.50354
-2.05834
-2.79805
-0.0412778
2.05995
-0.38447
23.0098
-0.159055
1.63565
0.0807324
-0.652735
-0.192442
4.88414
-0.625743
-13.424
-6.62954
-4.15605
1.10659
-1.64215
-0.399002
-2.30868
0.627678
-0.316144
-1.87031
-4.32233
0.458508
-3.57591
0.133365
3.01394
2.6998
-1.14188
-17.9362
-1.31819
-2.75193
0.393252
12.6653
-2.54276
-1.00879
0.0257486
0.437846
-1.57799
-7.97106
-5.23447
1.22906
0.701078
-1.06727
-7.86251
-15.0315
-9.0964
-0.479441
-0.475907
-0.375825
-0.457594
8.12864
-151.702
1.89585
2.45221
-0.470319
-0.685413
0.981129
2.11658
0.896593
0.823648
1.0299
-1.33682
-2.62888
2.24494
-1.55145
0.0121328
-0.520568
-49.7566
0.356016
3.65458
0.525909
-1.28003
-0.195777
-1.42244
-4.80113
-0.814106
0.530391
-12.0597
1.52281
0.65257
0.167109
0.232198
2.70376
2.04585
0.0403794
-35.7079
-0.793293
-0.310785
0.702201
-1.01128
-0.757664
0.685989
1.61372
-2.79199
0.853841
-4.13894
0.438654
0.101212
0.669227
1.34712
2.97575
-0.222914
-6.27592
0.286408
-2.00491
0.630305
-0.77145
2.40148
-1.19884
17.1909
-0.451805
1.03096
0.755647
0.162817
-0.569197
1.21241
-0.126483
2.06798
-0.884005
-0.280829
0.423008
-0.560436
8.15537
-0.0309773
-1.65104
-0.229916
-0.879872
-17.3129
-0.0177976
-0.172127
0.708858
0.494295
0.427312
0.783053
-3.18069
0.754346
-0.365969
0.120326
-0.816636
-66.5821
-0.104232
-1.93989
2.4821
1.02926
-0.181819
-1.12864
1.65216
-16.1124
0.939006
-1.43519
0.145018
-0.254451
-1.4542
1.63437
3.54107
-0.497385
0.581716
0.337049
-0.120406
-3.26626
1.07963
-0.885487
7.42286
0.137161
-0.520236
-1.07394
-9.77299
-0.345451
-2.43645
-0.317839
0.771908
-0.2738
-1.77918
-1.32212
1.809
-0.814059
-1.29933
-1.64435
0.5613
-1.83489
1.47087
-0.274942
-2.48557
-1.87467
0.0262173
0.302798
0.440555
0.384331
0.543802
1.42316
0.166179
2.65503
0.0937381
0.430582
-1.24089
0.222961
-2.96244
-0.247968
0.537586
0.129364
0.964199
-10.2324
0.20201
-0.4593
0.430243
-2.80523
-0.195226
-0.763958
-0.59778
-0.336997
0.390749
-1.38326
-0.0400213
1.22741
0.504548
1.54461
9.53559
0.0866571
-962.793
6.0964
4.51956
0.693508
-3.3644
0.956579
-5.31663
-2.35773
-0.142879
-0.893925
-0.634325
-0.48621
-0.311466
0.689854
-3.49397
0.123688
-0.835872
-0.0256744
-0.426474
0.222587
-0.283575
0.682869
-2.68603
1.74864
-0.406487
-1.03686
1.04457
-0.92078
0.148894
3.09602
-0.2221
-0.2967
-2.21519
1.72755
0.896344
-0.436258
-0.403422
2.10152
-4.26317
4.29916
-0.324492
0.194222
3.40244
-0.399425
0.0255409
-0.459611
1.50878
-2.31598
5.96789
5.02608
-0.387634
16.4741
0.658507
0.959212
1.22808
-0.551589
0.280256
-0.111223
-1.76925
0.0402416
0.241148
-1.37039
0.699428
-0.789878
-0.405859
0.22645
-1.18927
2.52047
43.9895
-4.76869
-8.61157
-0.816566
0.595138
1.70409
35.9853
-0.453355
-0.266294
-43.3642
1.5186
-0.656681
1.40192
-0.568761
0.0141455
2.51405
0.0900984
-0.527285
-33.3264
-2.32045
71.5711
0.872669
1.45344
0.154977
0.819602
-3.54991
1.85843
-0.808546
-0.566905
0.858437
-3.01621
0.672088
26.0034
7.88371
-0.155286
1.11001
0.241608
2.40738
-0.640879
-2.63417
0.28752
-1.54031
1.67141
-1.43554
-0.223846
-1.00359
-1.77557
-1.16031
-1.04757
5.0439
-0.0180082
-0.511237
0.847069
1.6568
-17.8368
-1.34302
-1.34871
1.57073
0.0516153
-0.0109575
-7.65139
1.85586
-4.93472
-0.047087
2.67651
0.902612
10.7482
-1.46382
3.66337
0.913619
2.21105
-0.0861251
0.967203
-0.919746
0.235436
2.3859
-0.560118
8.86913
0.280514
-4.26243
-1.3062
1.32567
1.3034
-1.13299
0.854931
-1.82655
-3.24033
-1.68876
-1.93386
-1.30897
-1.45368
-8.12418
-1.35733
0.178048
4.64553
0.327865
1.0095
-0.233781
0.962682
-181.236
-7.80581
0.596646
-0.51169
-1.62205
-0.115622
-0.514534
0.663824
3.40377
1.45266
0.197461
43.4532
0.0173915
-0.462608
9.22755
7.86482
0.39629
-4.04235
-75.141
-0.426936
0.194452
0.69686
-2.76336
-0.807237
5.44219
46.6907
-4.21581
0.214939
-0.0790469
-1.36977
-2.71632
-0.969076
1.20396
0.517483
-4.0329
-13.0375
0.810412
-1.18383
-0.207716
2.77684
0.680477
2.42962
0.622945
-0.575719
-0.516353
-6.97534
-0.943373
1.55811
-10.2683
1.88384
0.222743
-1.87712
-0.50442
-1.03484
1.39955
-0.767581
0.564182
-8.31242
-0.0749156
-2.24999
-2.62709
0.686996
-3.03134
-0.520346
-0.769199
-0.161176
0.707509
-2.5109
-0.564913
0.666945
-0.359312
-1.33892
-1.47255
2.75307
-1.61509
-0.440385
-3.58681
0.762852
0.219583
3.29992
-0.0333047
1.27997
-1.4899
0.582894
-3.4911
1.03372
2.77669
-0.516386
0.749893
-145.671
0.659713
2.49622
0.125706
0.96443
5.61012
0.553379
0.971722
0.885206
89.6858
1.40938
29.3203
-0.535012
-1.59399
-2.15907
0.169582
0.364447
16.3534
-4.74005
-1.526
-0.327147
-0.285883
-1.5753
1.04438
1.7069
-1.00577
-0.620682
0.0981
-0.501442
2.665
1.18395
0.216626
-10.1388
-0.229222
-15.9619
0.943969
-1.58415
-0.604079
-0.00955857
1.39462
0.444742
-0.930782
-2.80898
24.0596
-1.10273
0.0697804
-2.08066
-0.0603389
-0.0702004
2.26996
-21.9213
0.642203
0.211234
-0.629699
-3.02272
-1.02128
0.250124
4.72945
62.384
0.609161
-0.69465
-0.151062
-0.110771
1.56567
2.01125
0.107062
-0.341516
1.50856
0.28606
1.19026
159.278
-1.06529
-2.11828
6.70938
-0.921865
0.776508
-0.272951
-7.74017
-0.471099
-20.2595
-0.0545532
0.519208
1.10016
1.77116
-0.483308
-0.706058
-3.88073
-0.887486
-0.30702
-7.02294
-23.5828
0.794651
-0.979822
14.1778
0.0694665
0.409718
0.858218
0.0378828
63.3404
-0.318399
-1.03459
0.356288
-1.78996
47.8265
0.0220347
0.121532
-0.725841
-14.4381
1.51954
-1.18447
4.70216
5.50866
1.41438
1.2757
-1.71052
-0.126868
3.03272
0.636578
5.50881
9.84796
-0.216265
-2.17282
-0.556055
4.88085
3.10407
-0.85206
0.254386
8.18745
-0.306224
-5.0623
0.350387
0.163045
-0.626386
1.56263
-44.6031
-0.409399
-2.93474
0.451796
-1.53305
-0.358286
-1.16636
-1.06749
2.35413
-0.0937669
-0.243169
0.333071
1.59427
0.127052
-3.53739
3.8373
3.22358
-15.1132
-0.35752
-1.66032
0.823556
-16.463
13.8001
0.0623195
-1.51388
0.20936
-0.873206
-0.182892
-0.837666
1.92512
2.72729
-0.324103
-0.799554
-0.188906
0.412533
9.90735
1.05389
-0.60077
-0.587014
1.99794
2.39086
-0.416151
-9.26962
-0.936577
-0.565387
2.09176
295.037
-0.861464
-3.80167
1.2442
0.0519968
-14.5934
3.20682
0.109596
0.264044
0.0903828
-6.141
0.327717
-0.821812
0.0825852
-4.81425
1.77729
2.04459
37.3455
-0.645389
1.04068
3.55093
2.05445
-2.61925
-6.77362
1.96126
1.00053
-2.92451
0.113613
0.279704
0.142956
-43.729
0.458797
-0.507308
0.243508
-1.11774
-1.82913
-0.176109
0.333081
-3.34708
0.280932
9.03731
-0.982154
-0.331578
-0.0821659
-0.457773
0.552657
0.0169127
0.16705
-0.659954
-2.37062
1.16433
-1.06798
-0.639317
-0.611682
-0.440141
4.67362
0.549862
-2.90129
2.71627
-1.72083
4.11026
0.213567
1.32229
1.25827
-4.29794
0.23821
18.0778
16.6411
-0.634864
-0.431751
2.58949
0.527294
-2.36363
-0.433078
-0.332671
1.31307
-0.194409
-1.25582
1.18188
-6.07325
-0.0772028
-3.73268
-2.06737
-4.74206
-1.40605
2.68627
-0.938194
4.27484
-0.643463
-2.87285
0.155308
-5.69544
3.19234
-0.537371
22.2794
-2.78441
0.204436
-171.862
-6.98464
0.553364
0.265588
0.978921
-0.482431
-0.557332
-0.0770098
3.45151
0.660354
1.2425
-0.727404
0.767487
0.983199
49.8494
0.318484
-1.47201
0.0803912
0.890009
1.04769
1.03513
-0.265563
1.07939
1.65016
-0.0954799
0.48836
11.5511
-1.02728
2.42959
-2.60599
-8.36626
42.6992
-0.277407
-0.926612
-0.296336
2.56082
0.88033
-0.106831
1.73315
-0.138278
1.63575
4.15042
5.30585
-0.338979
0.567104
-15.6464
-2.91219
0.92968
-3.53987
-1.47127
1.05061
-0.486625
0.582946
-0.381997
2.99038
0.289356
0.825385
0.446622
0.0908315
-2.70934
6.37571
1.85501
-1.47968
-0.0307762
-0.0193349
0.381065
-3.95133
-8.48728
6.79981
3.85226
-0.130109
1.16846
-1.83815
-0.0543182
-5.09663
-20.0905
0.593789
-2.94685
-0.250241
-0.604992
-0.738936
-10.7814
6.0167
1.41899
0.25221
-0.938754
3.43712
-1.81927
-1.84432
-9.27634
-0.58389
0.0916932
-0.990808
-1.22937
-0.553029
-0.845139
-1.45191
0.641153
-0.847907
0.83642
-1.29306
1.63915
-0.0519133
-0.0853742
1.00133
-0.159281
-0.113014
-6.32519
1.06464
-14.2519
-1.09711
0.543568
-0.640803
-0.108647
-4.45464
-0.191381
0.591055
-0.485026
-1.09513
-3.93516
-1.50826
-0.0296066
-0.32859
-0.818964
-0.308747
14.1855
0.705789
-0.243229
0.372387
0.233824
-1.35201
-15.3842
1.01537
1.59187
-2.61297
-0.299999
-0.567077
-1.5602
-3.23904
25.0949
5.54271
-1.69206
-1.4048
-2.21114
0.676418
-0.328468
-0.381408
-0.738696
0.255778
0.266053
1.86301
-1.59167
1.47967
0.00948547
21.9839
-1.07263
-1.07096
-6.54881
-1.2127
-1.08052
0.286844
0.354106
3.77674
-0.677645
2.96593
0.294611
0.205365
-90.1025
0.571743
10.8026
0.153833
9.45677
6.5555
-1.83263
-0.553543
-2.9774
-5.75459
0.0102063
-1.7394
0.178485
0.790948
0.985977
1.1806
1.15012
0.306157
-0.297544
3.08171
-2.57914
2.0183
0.0948692
-2.71742
9.69616
0.827064
-0.0134236
0.113069
-9.26482
-0.0820084
-0.653046
0.0701067
1.19413
0.73992
-0.187913
0.382792
-5.65986
-11.189
0.811876
-0.747051
-0.937853
-0.253703
0.633796
0.117865
10.9999
0.384769
-2.3518
3.33706
0.198931
0.242342
-1.95277
0.403761
3.76649
-5.45372
-1.16121
-0.640014
0.0901773
0.167174
-1.96388
9.64868
-1.25171
-1.02655
10.7147
1.60158
2.72303
-11.4159
0.663407
0.939497
4.36979
6.63013
-0.685282
-2.82795
-0.34254
-1.55554
-2.71666
-1.27346
-0.444826
-0.169408
-0.0805537
0.994159
1.39635
-1.18691
0.114826
-3.17167
0.0954921
-0.201727
-4.01083
-3.66963
-2.11443
-0.522817
-2.60358
17.4784
-0.257016
-3.38291
-0.0759207
0.0957871
-0.456977
-0.619362
-0.816741
0.556508
0.61775
-1.98192
-0.401554
-0.848451
-10.8953
-0.959189
0.225766
1.6458
-0.476995
0.664846
-1.16638
1.12181
0.726171
-0.195694
0.538534
-2.09849
0.508895
-3.12538
-0.784853
1.65762
-6.84914
0.504177
1.73158
4.31769
-1.19828
-0.96137
-0.881613
0.852258
0.488333
-0.805773
-7.9774
0.159385
0.50811
-18.0951
17.4955
1.27828
0.123102
-0.7716
-0.620238
0.298776
15.109
0.258098
-0.899743
-3.89993
2.2891
-1.46378
0.175233
2.3377
-4.36484
-0.672211
2.06755
2.3082
-1.51922
-1.97528
-1.11805
0.545563
0.107229
-1.61492
0.430313
4.99532
-1.15028
0.220021
27.5304
-0.0519559
-1.12121
0.427978
-3.82449
-0.0296451
124.844
1.78344
-1.17103
4.63699
5.5688
-0.324737
-1.83246
2.61304
0.071791
-0.932591
0.14844
0.47405
-2.73209
-0.116413
-4.12649
-0.0735423
2.76277
0.197546
1.76782
0.0024051
6.66866
1.97191
-0.596594
5.36885
1.43254
-3.41846
0.863811
-9.70412
6.60436
0.373633
-0.562734
3.33858
-0.718794
2.21436
1.07502
-1.19783
0.840116
2.1253
3.88603
-0.159423
0.299808
0.173065
1.79208
-0.251534
-0.355129
0.61405
1.32887
-2.03129
-13.9318
-0.0833122
0.360756
-0.534439
-0.460116
-4.65389
1.39439
-0.429299
-0.510728
-1.09733
3.25491
1.30235
1.26677
0.377606
0.288568
1.641
0.0196462
-3.57125
0.258259
-8.31907
-0.114874
0.319764
0.117355
9.65792
-2.97109
0.944527
2.99267
-0.680421
-0.236622
-1.65562
0.654346
0.959021
0.984638
-0.347418
0.14208
-6.91556
-0.0701102
-1.12226
0.850078
0.804785
-0.286213
-1.60843
-3.71571
-0.685139
2.04445
-2.97423
1.42753
-0.0015209
3.70993
-0.912653
1.51246
-2.21872
-0.704028
-3.70784
0.861159
1.51357
-0.253455
-33.9454
-0.485453
-1.67161
0.921682
0.319796
1.39062
-1.35033
-3.70767
6.00482
0.660298
-1.09097
1.05438
1.45537
1.01535
0.586539
0.103055
1.24734
8.01948
0.233986
-9.28702
0.700534
0.334199
1.45451
-2.08363
0.648531
0.579849
-4.18982
4.21655
-1.05653
-0.323428
1.43174
-198.877
-34.6494
-0.34472
0.788239
-2.66201
3.77095
-34.0792
1.38333
-7.72071
3.11395
-21.0505
-4.75181
0.185399
-0.0867494
-0.507359
0.189514
116.654
-5.16616
0.796875
14.7235
0.287805
-2.09981
-0.362076
0.839343
-4.59769
-4.8439
-1.16147
-7.57677
0.730782
4.43998
-15.342
1.01042
11.8503
-0.121207
-0.420544
4.23695
7.70009
7.38793
0.759419
-0.230749
-1.38312
2.07321
-2.16536
-0.0340944
-0.696335
1.74425
-0.345324
-1.54146
-0.635151
2.1827
-1.60809
1.74787
0.762353
-0.626493
0.284258
39.7018
-1.46999
0.53345
0.331289
-0.598697
-0.586899
-0.382177
1.77604
-0.745616
-0.0852529
-0.121153
1.03489
2.02428
3.6262
2.77362
-0.593781
0.027034
0.299876
-0.44124
94.7628
0.352117
0.3213
0.543501
-0.709957
-0.755684
-0.182093
-0.521837
-0.777547
0.893627
-5.0417
-1.71644
-3.58643
-0.121692
-1.48353
1.94335
1.78671
-2.88321
-0.510187
7.03216
0.731041
10.9414
0.214228
0.461458
-0.350844
-3.35199
-0.708306
16.6395
0.887726
-14.0772
1.33853
-0.23134
0.192116
-1.35782
7.3146
-2.26334
-0.628582
2.32144
0.481993
-0.0476257
-4.70975
-4.19799
-2.73308
2.12905
0.00356792
-1.25579
-2.98708
-1.16687
-0.463634
0.611151
-2.18652
-0.535257
-0.61873
-0.115026
0.968465
-1.40471
-1.66684
-0.349788
-0.642334
0.022644
-1.40892
-1.69107
0.99848
2.83203
-0.293155
-25.6857
-0.0371658
-0.327369
-25.0049
-0.519838
0.230457
2.41274
0.0866831
0.593348
-0.0975047
1.68047
-1.28706
0.514131
1.24754
1.78392
1.37265
1.28423
1.12483
0.0626337
1.37832
-0.465165
1.43067
-0.338999
-6.27325
-2.83789
1.17601
-0.281444
-1.06865
0.25931
0.279675
0.574798
-0.0260394
-0.311229
0.877017
-1.94532
-1.5343
4.27002
-0.237604
-0.168391
-1.18797
-0.398046
0.0571964
-0.296278
-0.36545
-0.565587
-3.76857
0.965112
-0.922884
6.23425
3.67363
-0.343107
-1.15087
-17.9832
-1.63819
0.429302
0.251782
-0.477793
-1.05624
-1.70181
0.192282
0.714299
4.04291
0.449334
1.18276
-2.33637
-0.0374888
7.39361
0.291084
-0.47116
0.342048
1.18941
-2.31671
2.79295
-0.457373
2.07283
-0.816433
-0.0363336
1.49633
6.59439
3.20372
0.580619
2.08212
0.123645
-0.778067
1.35205
-0.503144
0.160214
1.62875
-0.612001
0.716166
-3.15692
0.341509
0.371609
7.53871
0.794557
-0.406649
0.784003
-0.850887
-5.01888
1.51605
-13.516
1.69403
0.59039
-0.0522657
0.808033
6.68768
-2.5149
-2.22895
-5.89857
-8.9671
-0.227304
-1.35842
0.24008
3.81909
3.8475
2.62613
-2.53991
1.04354
-0.938531
-2.30155
-0.588044
3.41187
0.963615
-0.775879
-1.38164
-1.30091
-0.0994117
3.30802
0.894157
-1.97855
0.685477
-0.0788041
0.0921091
0.844313
-4.14272
-0.854515
-2.39163
-2.30674
0.675089
-0.463105
-1.0347
0.257709
-0.624168
27.5977
-17.3522
0.396696
1.42703
118.797
0.708051
-0.087269
0.905939
-0.773819
10.6892
-0.0494463
-0.548593
0.261259
2.85209
0.380001
0.737581
0.297606
-1.71884
3.58716
-2.13918
-2.31875
-1.69929
3.29037
0.584887
-6.45616
20.6445
-7.86761
8.10278
-1.524
0.567327
0.76571
-6.6891
-0.0966033
-4.42411
-0.990648
-0.0501924
-2.69843
-0.971898
-1.37146
2.35201
-6.15951
-0.291073
1.48016
-0.19717
-0.516342
-0.452692
-1.30072
-0.793736
-0.533113
0.764564
-0.342183
1.51261
-4.32263
-0.183073
-0.312448
0.283545
6.98757
0.189465
2.01902
4.96351
0.215582
-2.504
-2.24378
1.35781
0.742345
-0.171128
1.08948
-0.747889
0.863538
-0.436548
1.90348
2.46254
-2.98227
-0.21029
2.82551
-0.985045
1.11228
0.734681
-1.02301
-5.11133
0.720485
-0.293282
-1.26954
4.96714
-0.453474
-13.7653
-0.373795
0.430111
-5.05283
-0.244806
0.162269
-2.00491
-1.14265
0.143035
-0.803332
-0.199725
-0.451695
-0.630185
-2.69262
2.13317
0.465431
-0.976697
1.03136
-0.434276
1.40068
0.975324
-0.110863
0.840564
-21.2898
0.120217
3.18774
-2.66753
1.3448
20.6778
-0.159886
0.735305
0.353253
-0.406326
-1.08537
-2.61194
0.137605
2.14449
1.11036
0.371083
-0.344613
0.0564794
-2.13747
4.67117
0.689383
-2.41312
0.873711
-1.32763
1.64193
1.52121
3.25375
1.87517
17.6035
4.71672
-0.912524
-0.890746
0.598239
-7.16816
0.211835
4.10549
2.37252
0.0189396
0.0545635
1.14797
-1.34626
0.320629
-0.676129
0.0611182
0.150957
0.348916
-1.82911
-1.80887
0.0620297
0.57175
1.60337
0.00602491
4.38486
4.33432
-2.06971
-2.28866
1.05651
-0.0852064
-2.09971
0.281449
6.33727
-4.55381
0.379671
-0.26281
-0.497072
1.40494
-0.748236
-1.35437
-0.418394
-0.962284
22.9686
-0.0633416
0.369077
-1.39191
-0.149789
-11.5495
-0.360193
-26.1817
-1.24288
1.42364
-20.3662
-1.1297
1.29831
3.35478
-0.401785
0.557269
-0.640767
-19.5337
0.612279
4.18843
9.02324
-2.6461
-0.191881
0.268105
-53.9638
2.14679
-0.832413
-0.441568
-1.33423
0.465308
21.9812
6.67945
-2.43871
0.741602
-0.0609806
-0.465176
-1.3605
-5.81758
-2.08543
-2.09935
0.093327
-0.63014
-2.37071
-0.174035
0.776976
1.02631
5.62104
4.42843
2.74165
8.33128
-1.35221
0.129888
0.84101
-6.401
-0.662287
-0.66158
0.82162
-5.01924
1.86275
0.912994
-1.44868
0.66133
0.0854357
-0.0551733
-0.270637
-6.02588
0.854706
0.223674
1.48078
-1.84055
-14.8268
1.4638
0.372575
-0.0372741
2.43025
3.19128
-1.40175
-0.160725
0.222545
1.1031
-2.57089
-3.985
0.275489
-2.08162
-0.0125292
1.59391
51.8081
1.37066
-0.840239
-1.21414
0.47866
-1.10095
0.603943
0.892955
1.36255
2.56291
0.0751201
-1.79001
-3.61013
0.72893
1.93341
-1.02263
0.769555
-0.640392
-1.89528
-0.144788
-26.0511
-15.7461
0.238869
-198.926
-0.682648
1.18582
0.820999
11.1603
-0.127223
-3.28015
0.458928
-0.638775
0.366375
-0.0824303
0.170139
-1.81887
0.0211032
-0.231311
9.81516
-0.507292
0.888859
0.456652
4.1746
6.49293
1.92932
0.943746
-5.09105
5.83902
1.16114
-1.39574
-1.09798
0.679249
0.00266345
0.163072
-0.925846
-1.16638
-0.170084
-22.697
0.137611
-0.56436
-0.645676
0.288652
0.442821
0.946693
0.276661
4.89382
-1.80428
-6.39771
3.7062
1.76853
-1.07763
0.293833
-2.67422
-1.15016
19.5938
-0.417078
-0.442153
0.163396
13.8583
-2.85949
0.463701
4.35958
1.74045
-4.01343
0.888954
-5.9598
-5.26211
-1.06966
-0.642766
4.42555
0.223908
0.510753
17.7588
1.38321
2.30544
-0.536933
0.541155
-0.119744
-1.75109
-2.00894
-9.48077
-0.0921793
-0.809206
-0.234782
1.99312
0.489851
-0.711438
0.388872
-4.05751
1.94759
-1.49241
-0.164187
0.40117
-3.07504
0.903083
-0.617541
0.0118833
0.3576
0.991529
-0.127578
2.13204
10.0839
0.977487
-0.579949
-2.33226
7.31773
-0.417578
-20.0957
0.179775
-0.0861311
1.02695
-0.449048
-2.55301
-0.987192
0.605621
-0.335437
-0.237554
0.208839
-0.722258
1.69295
-4.58416
0.569562
0.933239
-0.634725
-1.23545
1.23802
0.465853
-8.05341
-2.0107
-7.76533
-0.0886602
1.41059
-0.862794
0.0323153
-0.729577
-3.47449
-0.524957
-4.96252
-0.783752
-6.86279
1.00834
-0.279148
-0.333433
3.83696
-1.50054
1.56419
-3.16445
0.983476
3.4692
11.6588
-0.32951
-0.462416
0.270507
10.7129
-0.753295
-14.6406
3.35049
-0.354195
-0.214652
0.681341
0.160966
0.500092
1.21985
0.988234
-3.35251
-1.70546
1.18491
3.03012
-0.635988
0.336164
-1.4488
-0.386682
-137.122
-0.254447
0.092674
1.13833
-0.601819
-1.70534
1.57395
0.0379625
0.0187499
-0.17714
0.435291
-8.64183
-0.359277
6.02007
0.259813
0.157641
-0.866361
0.00235286
3.74388
0.573605
-0.613103
-0.916937
-0.0301385
1.61168
0.0854536
-0.166531
3.42466
3.16724
8.1468
-3.81588
-0.115931
0.162339
1.63517
0.539153
-2.23263
-0.869432
1.37645
0.6198
-0.503005
0.788803
3.02835
0.321377
0.274537
0.496763
-1.16449
-0.484869
4.59663
-1.65014
-5.58766
-0.209939
1.19215
-1.57645
-2.39584
-1.80011
-0.113576
-0.0182455
1.39713
4.20948
-2.53946
2.27063
0.738656
-0.0698046
0.394402
0.804244
-0.90823
-0.531469
6.36869
0.556648
-1.46054
-1.51346
-1.65664
0.0641227
48.9332
0.996
-1.82257
-1.00971
0.496438
-0.580104
-1.24303
-3.17069
0.0918343
-0.0452209
-0.213616
3.37987
-0.674534
-1.13054
11.3581
-0.253812
0.266591
-0.443923
-1.35748
0.974842
2.84762
-1.04319
-0.718344
-0.626405
26.7815
0.976699
-1.66716
1.95437
0.430999
1.77894
0.00971029
-0.358054
-0.563262
-3.17022
0.388471
48.0054
-0.510805
2.0397
-1.83698
-6.90945
-0.792598
1.48127
1.1196
0.538546
0.639682
0.113088
3.56223
6.45237
0.0611159
0.19472
2.67078
0.43253
0.307992
-0.460506
0.493531
-0.561845
-0.0886115
0.279614
0.676448
2.50047
0.0751927
-5.24687
-0.713741
0.15453
2.40098
6.17649
-0.347262
-0.390383
1.35469
0.077013
-0.173462
-0.148489
1.78521
0.27644
1.93204
2.31294
1.96589
1.41599
-6.29566
-3.89675
-0.611524
-1.05082
1.22462
0.416797
-3.17865
-0.0645342
0.216181
-2.82917
-3.05614
269.492
0.133878
-1.50018
-0.490969
2.10745
-1.21484
1.07678
-0.0269508
-0.983187
2.17491
0.0477064
1.38577
0.834222
-0.197572
2.35589
-0.0036475
1.38251
-1.56141
1.33405
2.1553
-1.74337
1.81831
-6.05202
0.739002
4.99976
3.61097
18.6354
0.825654
-4.24652
-33.2979
0.429541
-0.358218
-0.98206
0.0491551
-4.0558
-0.513475
0.223843
0.359393
0.358122
-1.66566
1.69962
-5.30355
2.55018
0.610286
-1.32996
0.0766851
0.335633
-0.814582
-5.00832
0.0548286
0.97329
-1.57645
