8.23983
0.0888163
-0.436052
0.851076
0.409944
-0.3311
-1.18603
0.849852
-8.88351
-0.23535
1.90619
0.324
0.210143
-1.56113
-0.0293621
47.814
-0.164461
1.16837
5.85658
-0.0759179
-1.03521
0.34085
-15.4987
-0.472423
-0.387654
0.0385125
0.937951
0.325408
-0.0679976
0.2192
0.149498
0.0348078
-0.944356
-0.237975
-0.13472
15.9726
0.737389
0.740023
0.585368
0.418536
-0.36731
-2.38336
-1.71482
0.615013
1.24172
-0.0947132
1.50695
13.0494
10.319
2.59133
0.115132
-0.0955204
2.40222
-0.170483
-1.8017
4.97036
-1050.26
-1.0912
3.31685
-24.7909
0.186368
1.18713
-3.72346
-0.842049
-0.055389
-0.518758
2.88933
1.30662
-5.03037
7.75404
-0.298994
-2.22771
0.699986
0.558431
0.430597
4.45586
0.716735
4.94574
-1.54734
-1.39224
-0.718691
0.567829
0.294928
6.79504
14.0132
-0.521798
-7.75421
0.988768
-1.37548
-3.53802
1.1005
-12.3108
4.24575
-0.43374
-1.71214
0.524179
-0.0160699
1.24411
-1.67267
-1.59399
1.26919
0.580226
24.1677
0.489179
-2.12159
2.42274
-2.8851
0.626218
-0.847402
0.73543
2.01876
1.88503
4.35035
0.795469
5.28556
0.630725
-0.326656
-0.319196
2.00273
0.118698
0.0106858
-0.395752
33.2639
-2.04971
-0.374132
-1.30491
-1.84132
1.29257
-0.0350196
-0.80559
0.414023
-0.0543895
-14.6397
-3.42722
4.42051
0.586109
-0.323828
1.98489
-0.237347
0.251054
1.73099
0.247329
-4.70719
1.2848
30.4144
-1.1086
-0.235052
1.29003
-179.515
-1.00614
-7.29406
-0.263882
-0.443983
-1.53259
-0.092388
-0.7588
0.0406337
0.91124
-11.3682
-3.17948
5.19555
-0.678781
1.77878
6.89431
0.234186
0.156078
-1.7932
-0.788419
-2.7008
-2.06951
-1.20255
-0.43334
0.503864
5.87207
1.88187
0.814183
-0.169328
0.760236
-2.51889
2.1736
-1.32542
2.40119
-0.914467
-0.0347994
-0.764875
0.823029
5.74445
-2.97307
-0.78813
-0.356167
-0.650173
27.1138
-0.994533
1.24851
3.00863
-0.269813
0.200428
-0.118219
0.171406
-0.316917
-6.42745
-1.84418
-0.468712
0.241674
-2.26182
-357.62
-1.70485
2.98772
0.621102
-13.2248
1.71831
3.48953
-2.09183
0.380223
2.87726
1.02115
-0.246611
1.96998
-1.07961
-2.5564
-0.161753
0.316797
0.21529
-3.29551
0.254506
1.52548
0.0454273
0.824833
-0.256717
-0.53318
0.187042
-5.48536
-1.29743
12.1021
0.214518
1.061
-0.194912
0.378653
-0.272353
0.483961
7.93122
-0.172652
21.7598
0.120924
-1.18358
0.71213
-0.159159
-1.56469
8.22447
-0.0899931
6.91182
-0.135638
0.0662107
0.106601
-5.51516
8.93278
0.651848
11.3411
2.06044
-0.435964
18.4329
-0.148119
-0.208858
-0.380894
0.0452821
-2.56131
-2.3921
0.0100453
0.997261
0.399466
1.03996
0.0723701
-0.276084
0.37042
2.10654
0.325706
15.7911
-0.799902
0.954839
-0.199742
0.37737
17.5135
0.746684
-0.998666
-0.510723
-0.27105
0.542093
-0.353525
0.512656
-0.306231
0.00355608
3.40818
-0.176413
2.33241
-3.03555
-1.31935
0.494872
0.554916
2.12439
0.652239
0.81043
0.900429
2.2983
0.559751
-0.583898
-1.22186
1.98415
0.978894
-1.44143
-1.79698
-0.338913
0.0288047
-0.183141
0.942423
0.337748
5.47789
-0.878705
0.0145168
2.09186
-9.32414
540.778
0.587776
-1.37481
0.819288
-1.18122
0.539571
-256.801
1.61376
-1.2786
-1.11286
-6.77889
0.631583
-0.743676
0.952353
7.7688
0.163221
-1.03769
-5.35234
-1.30897
-0.319333
-0.602761
-15.3862
1.26135
8.29387
12.1382
0.0138864
-4.51691
3.13513
-0.0533678
-0.110749
-0.125927
1.29878
-1.42012
-3.25521
0.0189593
0.0763102
1.5475
-0.0464215
0.174155
0.715693
2.6437
-0.856041
0.615319
0.0189479
1.67812
-0.249251
-3.74083
-2.9194
0.0566581
1.08772
0.420463
-0.367963
-0.271293
-1.47447
-4.08279
-0.383106
1.08345
0.638225
-0.210801
0.328346
0.325757
0.803331
0.750725
0.691544
-2.90482
1.29835
6.13936
1.79726
1.71706
-3.44911
-2.55902
4.4013
2.24613
0.850989
4.67131
1.59193
1.43897
-0.238754
1.48831
-0.249436
-0.635988
-0.459609
-0.314716
0.861127
-0.793532
-0.721063
-0.35579
-0.696749
-0.00531026
12.644
-1.71316
0.923945
0.498982
-0.656725
-2.76716
0.73367
-3.32519
0.393591
0.157684
0.374791
2.30567
0.479306
-0.369542
0.822724
-255.201
10.2654
0.883344
-1.98435
-0.56791
1.96252
1.28483
-1.81071
0.173711
-0.438856
-1.02091
-1.68001
39.1707
5.77257
1.10249
-7.57417
0.470927
0.139704
-0.138801
-0.170131
-0.705965
1.92438
-2.04733
-0.394374
0.203794
2.64798
-0.459988
4.42039
-0.430598
-1.83995
-0.456579
-0.895288
0.372978
3.18059
-0.349907
-1.72556
-0.450424
0.329136
13.5946
0.891277
-0.699274
0.345982
-4.35484
54.8423
-0.0493134
-0.199598
3.6093
-11.5038
-1.74527
1.71805
0.0393601
0.456645
0.323336
-85.1049
-0.598481
-2.35019
1.25225
-0.143166
-12.1536
0.864035
21.8896
-0.0927727
3.68179
0.148506
3.68788
1.59073
-0.131661
-0.566597
0.319309
0.770424
0.592365
0.148444
0.0646273
-56.6235
0.670561
-1.38726
0.00922921
-2.39546
-0.195262
-0.671021
1.0038
1.16
1.58163
0.845096
-4.00688
-0.419229
0.401398
-0.245451
0.342087
0.792508
-0.557358
3.42896
0.0609704
-2.39988
0.242687
-2.36686
-0.840701
-3.09118
-2.21324
-0.0822466
-4.08733
-2.57429
0.637013
7.07539
-2.12154
1.22651
-1.06387
0.792487
-1.57106
0.81508
0.286072
-0.640305
5.00814
0.264895
0.219185
0.668798
-0.73056
1.59784
-0.872344
-2.0306
0.131593
1.03722
-0.721769
1.13085
0.788341
-0.357583
-0.38118
-1.70384
-2.16798
-0.311492
-1.55419
3.01344
-0.661449
-5.56544
-5.97016
-0.251687
0.734411
-0.279413
1.19517
34.6087
2.6799
0.753259
0.038367
7.53875
-3.65757
1.41966
7.01278
3.57804
-2.99636
-3.60732
0.209835
0.281148
-0.636637
-1.05441
-7.04547
0.258307
3.16717
-0.217222
-1.95145
-0.625184
2.67441
-0.109193
1.98398
-0.0504006
-0.00348132
1.42742
0.648307
2.29367
-1.08074
-0.217164
0.0125998
-3.46392
2.00936
-0.173175
0.926036
-0.674724
14.436
-2.44305
-7.60365
11.1796
-33.6781
0.198118
8.63375
-0.322382
1.03467
2.49973
-1.24542
0.681103
0.474776
-4.84892
-1.22704
-0.695477
-206.071
-0.515489
0.228128
-1.12116
-0.671735
-0.2192
0.213047
2.02342
-1.31421
1.46666
-2.08213
-7.95256
-1.47192
0.555119
0.576986
0.764576
2.27195
-1.10653
0.172952
-1.18605
-0.114672
0.868178
-2.15589
-3.41082
-0.49294
1.58375
-26.0636
-6.36068
1.31857
-0.015581
0.620396
0.746589
-0.220541
-0.0988211
-1.79861
0.614522
-0.00725618
-7.85869
-1.73659
-1.50743
4.72625
-9.05555
64.3555
0.64702
-0.143597
-2.67598
0.120093
2.35431
-0.494579
14.9859
-0.421487
-0.0619601
0.611554
2.26394
0.982085
-1.4528
0.0630325
-0.488546
0.853262
-0.346879
-9.4342
-0.502355
-0.058846
0.694337
-1.54866
1.05779
-0.23471
0.43786
-0.538393
2.10199
-0.1076
-0.227338
2.94171
0.840324
-0.690293
0.411241
-1.88131
0.819732
-2.27245
-26.1686
2.39331
0.379868
1.41104
-1.07864
-0.437831
-0.138123
1.11232
1.65131
0.125542
0.836811
1.57342
4.70164
12.2748
-1.69207
-0.452251
-3.4906
0.745695
-2.37654
-0.592841
2.61949
-0.774889
2.28999
1.4873
0.243504
0.474128
1.56166
0.669916
-4.90632
-0.690967
0.472277
0.157616
8.14267
1.34865
0.895995
-0.688358
-1.52788
1.08595
0.334373
-0.0120516
0.905721
-1.12322
1.10318
0.41936
-0.564277
-3.97611
1.49897
-0.417428
-0.559383
-0.56827
-2.20604
1.8817
-1.24041
0.278638
3.62366
-0.270802
-3.74726
3.54922
1.26687
1.57119
-0.290014
-1.38057
-5.41323
-1.04188
0.910031
7.15561
1.74783
132.099
0.0333798
1.04847
15.4013
1.53926
-0.860101
4.42813
1.59513
-1.93176
0.874448
-0.738764
-1.09373
0.958758
-2.23986
1.6114
-0.361664
1.37433
16.3511
-1.64357
1.03218
0.435198
0.408389
0.335425
195.662
0.360168
-62.9025
-0.789223
-0.621768
-0.563512
-1.30361
-0.441389
-1.72141
-0.93598
-1.17586
5.63732
-25.8143
0.525772
-1.08705
-1.92502
-56.5516
0.979777
-3.22662
2.225
-15.784
2.43196
0.737834
0.775621
-0.821043
-4.66435
-4.16455
-2.36157
0.865228
-0.242257
-0.072188
-0.148165
-1.61839
30.5838
-9.13475
-1.50609
-0.294403
0.474553
0.891941
1.77297
3.86987
0.215937
0.745836
17.8312
4.09454
-22.5667
-2.23932
0.638203
-0.590941
27.2155
-0.395009
1.4498
1.12347
1.31027
-5.04366
-0.0985111
-7.21317
1.74192
0.380204
0.618195
-0.0713007
-1.25235
0.741673
-9.07439
-3.1157
-2.92014
-0.422462
1.9576
0.707731
3.03604
0.217045
-1.33525
-0.355939
0.830681
0.0389341
0.153843
-4.03516
0.792912
-0.691412
7.23285
-4.11223
0.454327
-8.31777
-0.453882
0.634895
-3.53648
0.201517
-0.1739
-3.28497
-0.147459
6.59088
2.8564
0.871308
3.49467
-0.799418
-1.95962
0.148614
0.393972
0.0596443
-0.527553
2.69907
0.789819
-0.153647
-0.428632
1.44015
4.55091
-2.12544
-0.378544
-1.44609
-5.09537
-0.569656
-2.17161
0.606182
-0.703762
8.55206
-0.356648
5.09532
-6.41741
-0.367584
-1.68886
-1.34561
-0.0304426
-0.418698
-0.323589
2.15775
1.91164
3.75451
-7.62194
-2.29333
-0.396898
-3.65138
-3.55827
-0.0645485
0.592759
-0.000645911
0.256509
0.840699
-1.56665
0.254712
-1.15173
-24.1584
0.946395
-0.266153
-1.69045
2.03023
-0.760904
-1.15171
1.34706
-0.445617
1.49637
4.403
-0.296614
3.14122
0.744161
-1.05776
-0.326528
-0.214973
0.732037
-1.40446
-0.782917
0.568526
1.48391
55.0272
-2.60771
-1.67265
3.00981
-0.900065
1.73617
-2.00847
0.390736
0.540368
-0.690957
0.837649
-1.23172
2.09763
0.871671
-0.968412
-1.846
-35.134
-0.558136
0.297236
0.759455
0.315717
-1.54975
0.103977
-3.93018
0.174222
-2.38597
-1.40579
-0.468892
-0.163186
-2.42922
-1.68236
1.06919
3.25366
-6.6652
0.486472
-8.99377
-0.818324
1.14196
0.361541
-0.187667
-0.735734
-1.68609
-0.414308
0.638334
1.52629
2.02391
-1.68038
3.92423
-0.372515
-0.582272
-0.455576
-4.25756
-0.609642
1.37653
-0.522961
0.106358
3.09495
0.886031
0.335689
-3.46828
-0.661875
0.246508
0.962076
-1.14053
-21.6133
-0.519949
1.68256
4.83519
1.50948
-0.423101
0.546163
-2.12514
9.55704
-1.74285
0.369627
1.30326
-0.201688
4.09605
-11.7603
-0.634724
-1.79045
-0.218761
-0.210389
0.165408
0.0276519
7.46095
1.0687
-5.83376
-0.394929
25.0499
-0.840657
-0.0780113
0.654049
0.343958
-0.477398
-0.293082
-3.93553
-15.5546
-39.0668
-1.58696
87.5279
-2.30948
-0.831878
-0.29419
-0.422567
-2.28794
-0.162789
-0.514392
-0.342469
-0.582892
-2.33545
-0.132154
2.30878
2.30114
-1.08656
-0.142744
-0.12898
-0.467978
-2.79767
0.61839
14.7971
-4.1673
-0.103634
1.12758
2.48203
-0.0978138
-0.873315
0.358498
-1.60275
2.27972
3.79696
3.17058
-19.7412
-0.0917956
3.58994
1.21562
-0.810136
-2.96869
0.151378
-0.350117
0.651987
-1.53524
0.0252021
-2.02614
-0.765976
0.677909
-0.191163
140.008
0.525992
0.758878
1.05538
-0.532671
0.369351
-4.11272
-0.687565
-0.118985
0.423934
0.633027
-0.164543
-3.21521
4.8393
-0.334208
-0.261583
1.86512
0.542912
2.00554
-0.867212
-5.74325
-2.9853
-1.84344
0.478671
5.4665
0.913392
1.09851
0.833231
-1.75372
-0.249132
-1.69377
5.63388
-0.748265
1.26299
-0.138523
6.55267
0.627967
-9.42414
0.673335
-0.551383
9.82882
-5.50823
8.08372
-0.885266
5.98427
6.90852
0.973725
-0.342774
2.67909
-2.00841
0.866527
-14.5474
-2.17819
0.768757
1.06259
-0.169131
7.45891
-1.40624
0.390979
0.313112
-0.301515
1.20487
-4.04933
-0.164894
-1.0715
0.935759
0.146875
0.127577
-0.378964
-1.14918
4.0872
-1.87025
1.06292
-4.48276
-0.336672
0.569132
1.70217
-0.336389
0.0456002
0.368241
1.24275
-0.621424
0.590291
-0.416035
-0.112252
0.446966
0.902963
0.0598214
0.532388
-0.11955
-1.3257
-0.290448
0.115573
-2.41998
-0.204563
-2.27734
-1.54727
-0.757713
0.00836499
-1.83111
4.71007
-0.537319
4.2414
-2.09077
-2.17015
1.6713
1.55367
-0.376763
0.872747
-0.910446
-15.1214
-2.17326
0.694443
0.886909
1.7924
5.08204
0.46558
3.49642
3.12066
2.39724
-0.0689495
-0.625632
2.12162
1.41096
8.46177
-1.68312
0.172218
0.188566
-3.68906
0.187758
10.444
5.51175
3.04652
0.115529
0.915309
-1.27629
-1.07936
-0.167672
-0.0619062
1.04727
-0.139785
1.03913
-13.3724
4.39716
1.02253
19.9432
3.70066
-1.35849
0.286684
1.05662
11.0396
-5.43541
-1.11033
-0.57399
-0.160274
2.45252
-5.07804
-1.5544
-0.434513
1.18733
1.2141
-1.5287
1.46692
0.881826
-1.50023
-1.00635
-0.401948
-19.2954
14.9479
0.328142
0.212511
-0.371781
2.0234
-0.598196
0.34163
-3.45992
-1.05299
-0.804012
0.393916
0.2656
1.39484
-1.34855
-0.453454
-6.74633
0.232809
0.225396
1.46638
-0.82234
1.92225
-1.20118
0.562826
0.536438
-0.685661
-0.376631
3.6569
0.989434
1.8401
0.215745
-0.130468
0.247516
0.494166
0.141811
1.54363
0.402389
-25.2959
-0.783273
-0.627377
28.8696
0.194042
1.63606
4.69596
2.5619
-1.58207
0.198101
1.0604
0.5337
-0.100121
-0.455359
1.70006
-1.01348
-0.296639
1.39724
-1.3058
-14.6112
-3.36511
0.511246
-0.149079
-88.4175
0.842942
0.162173
-0.802804
1.02117
1.12203
0.995293
-0.148998
1.18403
59.2671
-21.4339
-0.185221
-0.431354
-0.315962
0.00742242
-2.53678
0.135271
3.37628
-4.95202
7.79126
4.22428
-0.681738
-0.468227
0.327944
-0.355713
0.408549
-0.805218
3.63422
0.157229
1.38005
-0.431765
-24.3546
-4.29831
-0.248098
-3.9242
0.343919
1.12899
-0.270164
0.391202
9.79563
1.27649
-0.248053
7.84789
3.83173
-6.571
-4.68625
-2.65438
1.0035
-0.716395
0.347943
0.449269
0.469477
0.152888
24.401
2.46462
0.0400732
-0.473323
-0.387647
-4.17147
1.43634
0.14186
-1.85374
-0.573508
-2.97276
1.37467
-0.873786
0.266299
-5.96564
-0.743087
0.314496
-0.4818
-0.231925
-0.229732
-11.9389
0.30779
-1.11907
-1.53106
0.728051
0.896075
-1.22766
7.47337
-0.0432071
-1.75742
-24.7413
-1.08265
0.613103
-31.9989
-0.743375
-2.52525
-1.0134
-5.66163
0.737044
-0.254373
-1.20837
-1.09987
2.39007
0.614754
1.45185
3.26056
-0.148664
0.985812
-1.00596
3.08354
-0.882622
1.69552
-0.229491
4.23053
-0.348077
4.85925
0.174068
2.91558
-0.113119
2.2957
-0.123568
4.38862
44.5619
1.62433
-1.2591
0.276471
-0.247271
-8.79257
0.534193
-0.00663587
0.237296
-30.1177
0.997596
2.92028
-3.23302
-2.29868
-0.00753858
-0.441068
-0.0150119
0.888951
-0.330492
-1.0044
0.481023
1.88702
1.33468
0.501577
5.22531
2.64001
-0.550196
0.254588
-0.0264958
-0.983953
-0.160687
3.06784
0.367583
-5.61623
0.321894
-1.75625
0.677151
-4.79559
0.861449
4.18452
3.60365
9.64554
1.51259
0.964363
-0.230311
-1.96495
0.655382
1.6663
0.0594341
-0.687669
-1.13192
5.56296
1.80912
-2.30421
-0.730284
-0.554704
-0.414355
0.0677482
0.731071
1.76648
0.056354
0.490656
-0.256321
0.299006
-0.835569
-0.164149
0.661914
-6.02134
-11.9125
0.819947
-1.08191
-0.542843
-2.46549
-0.601643
-3.98461
-1.23141
3.37332
-0.636903
0.0201405
0.260323
11.9964
-2.08918
0.0902355
-1.03716
-1.70139
0.192534
-3.81378
0.701215
-0.195396
-0.0687127
1.33053
1.22012
-3.43388
-0.325065
-0.59139
-0.462393
-0.150733
1.67478
2.1008
1.07662
-0.79356
3.43921
-4.88189
-0.134756
7.54193
1.06681
-6.45199
2.05715
-0.147811
-0.4711
-0.0748055
35.08
-16.1907
0.966043
5.73274
-5.2505
1.10936
-5.89183
-7.53286
-2.18595
0.270854
8.28827
7.18905
3.02689
2.13427
-0.690086
1.19436
-0.270994
-1.7252
0.702536
3.31048
3.59164
-2.34294
1.49641
9.67666
1.01522
-4.28345
0.840688
0.399215
-4.44409
-1.19805
-4.58328
8.27855
1.15697
1.28187
-2.26702
0.187627
-4.74769
-6.39106
-7.32408
-3.14159
8.62574
3.65349
-1.15469
-464.209
1.1311
0.202207
0.569076
-7.58883
3.67006
-2.43899
-0.443423
-3.84872
-0.194119
0.236787
0.0881104
0.0727338
-0.746991
-0.389283
0.361735
0.438795
-0.183185
1.87254
1.05955
0.83821
2.54608
0.473776
1.95955
13.0282
9.40284
-0.234283
-0.683905
-0.00378527
0.634286
-0.242014
-0.243684
0.0945361
-1.21271
-2.90317
-0.61396
-1.80718
-0.246895
-33.9323
-0.792553
0.701355
-1.18881
0.0427989
-0.307032
-1.29995
-2.68144
4.61698
0.800624
-0.148349
0.923199
0.419061
2.92284
-2.28543
9.5633
-1.02121
5.15772
0.0132027
2.43524
50.1055
1.32684
-2.37693
-1.55656
-5.42556
0.0916385
-0.628791
-2.56673
-0.310028
1.08378
-3.38875
-0.450679
0.00187566
1.2891
0.285281
0.758815
0.437319
2.29197
-4.517
-1.24311
0.408388
1.72988
3.63401
-2.71638
-0.428949
-0.27655
17.2216
-0.315958
-11.9385
-1.49153
-1.27031
-1.73066
-0.687041
-0.526771
-0.666902
0.19586
0.581615
3.25436
1.52315
-1.05833
1.56907
-0.50035
-1.24629
-0.686222
-1.07368
3.77541
-0.799997
0.430317
-0.712491
-0.415261
3.39436
0.132294
-2.44509
-1.13889
0.0548183
-0.111716
-5.61474
0.961209
-1.9876
-0.523143
0.812045
-0.577116
-0.297229
-0.520647
10.765
2.52611
-1.04842
0.51305
1.12318
-0.216542
-1.17538
1.2425
-15.7244
-0.262235
-3.49451
-3.64872
-1.20002
0.138086
1.67132
1.58133
-0.371538
-4.02959
-0.0313085
0.684605
2.9737
0.458713
-0.844783
-2.00023
5.08968
2.55555
2.48243
-1.32709
1.41652
1.38836
4.60326
-0.299473
-0.0478635
0.0354986
-1.34305
-0.316267
0.179874
3.54682
-1.37628
0.535869
0.0289879
1.25675
0.913744
-0.0953927
-0.212937
-20.5523
1.15415
-1.58547
0.0444235
-0.549391
0.466208
1.67966
2.16503
-0.0402295
-81.4104
-0.289767
0.073443
0.161071
-16.6164
-0.393995
-4.08201
0.289364
-0.460286
-0.210613
4.47288
4.88137
-0.766243
-0.535471
2.90657
0.505947
13.0178
-0.97229
-0.961077
0.867574
0.347156
-1.42489
-0.582294
-6.24497
0.409691
0.0216629
-0.17627
-0.247896
-0.362183
2.39578
0.315124
-6.03239
0.967087
0.229115
-140.151
0.383099
0.570185
0.0294425
1.80973
-6.62519
-5.00634
3.26872
6.0938
5.16348
0.16868
-0.462475
1.32192
-3.11409
-1.94825
-0.82022
0.88288
0.187387
0.8051
-6.47207
0.66699
0.343149
3.01744
-2.68939
-0.893914
0.0558157
-38.7301
-0.517428
-0.26327
1.03884
0.752752
2.12391
-0.46504
1.03529
-0.301041
0.870386
2.06009
-0.796724
-4.20653
0.0404616
0.305205
-2.1089
-3.11075
-0.423534
0.826568
-0.0940271
7.50068
0.932069
-0.980997
-0.424957
7.09424
-0.656244
-8.10901
2.68063
0.75796
0.236398
-0.833028
-0.910989
-0.0453781
4.50822
0.911006
10.2301
-1.5969
-3.71028
-0.990492
-0.777051
2.79272
-2.17795
1.17812
1.51847
-0.0170143
-1.17036
-0.25445
0.252209
-0.378757
-0.0618357
3.45332
1.29047
3.50851
-2.11559
-0.270007
3.93719
3.26615
-0.165692
-2.96837
0.319261
-2.56601
0.768222
0.638211
-0.670779
-0.213781
-5.91644
-0.163103
0.709473
126.626
-1.5298
-2.40356
0.709899
-0.292371
0.957869
1.96623
0.943409
-15.6637
-0.560486
1.28989
2.84455
1.70667
0.131713
0.145969
-1.0972
0.833961
-0.181368
-0.666796
1.23685
-3.33428
1.04736
0.427928
-0.113941
1.27775
-0.654737
-0.416072
0.804763
0.0989185
-1.21263
1.60594
1.29704
0.0474259
-5.9064
-1.02406
0.44009
4.61574
-0.955805
-13.4264
-6.97596
0.0908486
0.0569107
-0.516306
-0.319459
-0.0583823
-0.162738
-0.773951
-1.12138
0.909637
21.6089
-12.5288
-1.25367
-20.4537
2.55478
-1.97087
4.95262
2.4596
0.465011
0.39017
-0.336112
4.43717
-1.25674
2.46953
-0.643988
1.07183
-0.990904
-0.210114
-0.266894
1.25698
0.300528
-0.491575
3.69334
-0.244349
-0.329593
1.58571
-5.07159
-0.520247
1.41896
-0.0275864
-2.8435
-2.31405
-2.52965
-0.796821
0.600327
0.382835
-0.0182228
-0.357217
-0.521288
-1.47113
-1.73401
0.46287
6.29349
-0.741597
-3.30865
3.75954
1.731
0.912187
-0.0808575
0.825074
-0.274506
0.651146
-1.51749
-1.52485
-0.695458
0.574124
1.66947
-0.741285
-1.53314
0.217547
-0.533519
0.113402
-12.9364
-4.00661
-10.1362
1.57362
0.70464
-1.41559
-3.63623
-1.80802
-2.97565
6.37732
0.504189
-3.79775
-0.29653
0.0774122
1.25491
-0.976226
0.597308
-0.481032
-0.451443
-2.01848
0.47219
5.34883
0.12362
-3.0772
0.843267
1.24537
3.86825
-1.93283
0.561156
0.787784
10.0153
2.6154
0.255433
1.40613
-0.845007
0.218386
-1.09403
0.489296
-0.370354
-21.6176
0.656379
-0.955524
1.24625
0.779988
-0.281413
-0.797952
-35.2777
0.423827
4.95714
1.13794
8.30377
-0.400253
-3.12786
0.0685898
0.649782
1.05501
0.730456
0.149674
-0.429207
0.401726
0.44765
-1.21504
20.3655
-0.293217
-0.778343
1.43727
0.368267
-25.5314
0.124459
1.21571
0.0630076
3.66371
-3.13791
-14.7211
-4.71729
-0.0937131
0.808454
-0.380743
-1.46286
-25.1189
-0.207899
-0.466744
-41.4824
4.17473
-2.392
-0.426343
1.33246
-0.453252
7.41426
-5.32783
-0.350007
1.97674
0.0561981
1.20951
0.54721
1.7566
-2.34159
-0.142877
0.9886
0.781821
0.238283
-0.360606
-3.91527
-0.328359
24.1518
-2.26617
-2.33206
-0.121431
-1.00992
0.503929
0.194274
-2.37665
1.71857
-5.47054
-0.3362
-1.2432
3.27799
-0.751255
0.255696
1.62023
0.230594
-8.30861
-0.65386
-12.4479
-1.59333
-0.622327
2.76296
-0.973924
1.04797
3.82309
0.0962209
1.9959
0.939934
-2.31398
0.271995
-0.848365
-0.0779277
-0.698262
-0.425951
-0.722579
12.5444
0.788532
-1.84641
1.4397
2.76966
97.2673
4.42441
0.349338
-0.498714
0.475437
-2.09205
9.66618
0.209144
-24.0217
-0.304881
-0.426378
-1.06832
-0.0203389
-1.36437
-0.272766
-4.35826
31.401
1.37853
0.0558633
57.2842
2.01322
0.910682
-1.0378
-28.3598
-0.146734
-0.249495
-0.299622
0.200544
-0.43181
4.7101
-0.171852
-0.0968304
-1.30127
-0.636726
-3.2944
2.34199
-28.8703
-11.2225
0.0375469
11.0752
1.23912
-0.531295
-5.48701
-4.09593
-0.3532
-1.7086
0.658777
-36.232
-6.36277
0.0359513
0.213317
-0.840017
1.5147
-0.0340621
-4.64263
-6.42031
-0.0234978
0.845187
0.395379
0.658254
-0.464333
-0.0633245
5.64362
0.957727
0.90313
-0.286138
0.429921
2.35034
-1.90483
-0.198702
-1.02393
-4.52336
-27.0107
-1.94323
0.0236832
0.187053
-4.58463
-1.80739
-0.202603
-0.517402
0.146773
15.8735
2.41809
-1.51817
1.06884
0.22532
-0.293532
0.379879
-15.3034
-5.55652
-0.442076
-1.22699
0.950978
0.922065
-4.17761
6.64349
-1.30237
0.891902
1.79061
0.781161
11.163
8.54418
2.08495
-0.439507
-1.21374
-3.41974
-1.021
0.134239
1.75957
-0.233906
8.7812
-0.470552
1.14021
-1.82093
0.810423
1.31575
-0.354616
-0.986624
-2.19527
0.221955
-0.506689
-3.33327
-7.13903
0.66261
-0.211154
-1.30288
0.077611
-0.505365
-0.5298
-0.347359
0.548381
6.18721
119.951
0.0982534
-0.738415
0.137695
-0.423819
0.513618
0.773174
0.532743
-0.358219
8.13659
0.249679
-0.307925
-0.737773
0.252283
-3.61323
-86.9607
2.90731
0.465951
0.804497
0.428837
0.698273
0.58618
0.47872
-2.11056
5.723
-0.575739
0.900951
2.708
-1.13342
-1.012
-0.391161
-1.80684
3.63926
-0.29318
-1.16465
5.81187
5.59403
-1.07571
-9.36756
0.758218
0.0374797
0.873949
4.90341
-0.780997
1.17349
4.52224
-0.0846811
-3.2221
-1.10411
3.883
-3.8944
3.52865
0.423657
1.45801
2.42682
-0.179798
-0.195528
2.25125
-1.40449
-1.27368
-9.26479
0.70964
-0.188337
-0.273637
0.0375457
2.18986
5.39649
-0.016828
1.89725
2.28755
0.255012
0.137738
-0.326607
0.932695
-0.204672
0.593054
0.75813
-0.088224
1.00583
-1.01875
-0.0618783
0.685431
0.852302
2.42475
0.446272
-1.12792
-0.741526
1.42969
-0.929391
121.69
-0.729061
2.24512
-0.44045
1.6378
-4.60242
1.28296
0.471845
1.9506
-5.38681
0.764894
3.06968
0.47063
0.06642
0.328478
1.32787
5.52093
-4.64894
-0.108811
0.628877
-1.83523
1.08421
-0.0232595
-3.75198
2.4812
-17928.7
-18.0039
0.403378
-0.563967
1.96124
0.91139
0.740533
1.60784
0.696111
1.93626
-0.49774
-1.16276
-1.97064
22.7889
-3.58267
0.458895
-0.120467
-0.808673
0.263507
3.42003
-5.28145
2.33455
-4.94732
0.494277
1.93276
-0.924335
25.6349
0.297747
0.78055
-0.388435
-0.291007
-0.00747068
3.7325
0.190605
1.03503
-0.0947961
1.07241
4.1592
0.701559
-1.48118
1.7504
-0.616468
-0.947462
-0.737094
-0.303321
4.24591
16.5961
0.931461
-21.8397
-1.75656
2.23253
-2.82909
0.334225
0.587574
1.57823
-0.699263
0.239354
-0.347086
1.42336
1.75245
-2.77375
0.793267
-2.57275
0.154076
3.44228
0.0303756
-0.226776
1.15163
-1.42725
-0.662056
0.904692
-0.57178
-6.77092
1.34808
0.342063
9.34782
0.451134
2.52758
1.6941
0.935872
-1.23792
-0.964631
-0.0455898
-1.57663
-0.117206
-2.28951
0.746888
-0.294912
-0.709166
1.43122
0.333701
-10.5094
0.157098
0.0583528
-28.2427
0.483745
-6.05656
0.0162898
0.251578
2.04471
0.792488
1.97365
0.674801
-1.08591
-0.556922
1.42109
5.11054
0.339634
-0.314667
-3.18458
0.94044
-2.37226
-3.35299
1.22878
0.205888
-22.2472
0.294137
3.92031
1.07391
1.1668
-2.02932
6.56215
-0.887309
-4.91769
-0.0228559
0.965153
4.94875
0.0543336
1.58418
3.04247
-6.8632
-0.179908
2.5097
25.096
2.51855
1.83555
1.51254
-24.682
1.16292
0.512386
1.06595
1.74624
-0.554511
0.403577
-3.34267
-0.608105
-0.0211925
1.57427
-0.444452
0.724476
-1.14156
1.06414
0.119525
3.63485
-0.221066
9.90087
1.0179
2.08366
0.214611
-1.15746
1.93355
-20.1229
8.88473
-0.229479
-0.203378
-0.607057
-2.80525
-0.479395
5.77027
-0.363504
0.48868
0.0666308
-2185.16
-9.08018
0.368394
-1.9353
-2.2988
-0.431206
-0.218077
78.4734
1.9678
0.717405
-0.676143
-0.0501761
0.0415044
0.0732606
0.870088
41.4572
-0.144793
1.82292
1.10885
0.655667
-3.54413
0.790832
-2.16726
-0.62981
-0.0658286
3.82664
2.92861
0.179729
-0.0713747
0.206729
-0.519273
1.06157
0.0409284
1.54757
-0.031333
5.98042
-4.13825
5.10762
-33.1061
1.13566
1.15023
2.5303
1.87508
-8.6208
0.00818593
-1.25613
0.0410616
1.401
2.40577
1.38607
1.53841
0.39138
0.274358
0.0492854
2.34779
0.816814
0.655148
0.648935
1.05157
3.47114
-0.763393
-0.0181828
-0.178603
0.876849
0.230517
-1.68251
-0.501117
2.7226
-2.04944
-0.14791
-2.09129
-0.110833
0.28368
-1.12387
15.2846
-4.82084
1.01369
-10.9313
-3.30552
0.484331
-26.2811
0.71765
-3.93864
1.19069
2.13877
0.269412
-1.10308
-0.509028
-0.229677
0.307106
-2.40315
-4.25497
-3.35936
1.86936
-7.87092
-0.680567
-6.63876
2.23104
0.236193
-1.53895
0.136253
-0.804995
-0.603405
0.0606779
-1.06239
-1.12228
-0.260849
0.184236
-1.20889
-3.05292
-1.25136
-1.46662
-0.32696
-2.60072
-0.326708
0.428908
-0.234555
-2.19039
-1.64991
1.66685
-38.6681
-0.272635
-2.66181
-23.0277
-13.8068
-0.697579
2.32548
3.1694
0.524792
-0.0126792
-5.66089
4.61006
0.276509
-2.59892
-3.89454
0.139253
0.672178
-0.0785412
2.80537
2.17149
-1.24279
2.49253
-1.04135
0.594906
0.139596
-8.00025
1.42664
0.932565
1.11206
1.03435
-2.95535
-0.490768
3.35762
3.26336
0.105754
1.52056
0.629284
-0.126112
-9.75772
0.98086
-0.35843
0.760206
2.64527
1.41866
-2.05883
4.82497
-0.422122
10.7463
-0.418614
0.697094
-19.3927
-0.675052
0.381606
-1.83077
-0.870317
-0.756562
-1.40316
-2.89281
-2.89391
-2.34707
12.0122
-1.85472
0.700058
-4.43155
-0.0956681
0.39856
3.15387
-0.994952
1.03149
-0.924546
0.750108
0.697991
0.10764
-0.907482
-2.83256
3.80097
-1.47938
-0.862291
-0.954361
-3.57116
0.592644
0.0514992
0.954922
4.97384
-1.7519
0.0786993
-2.33803
-0.0783307
-0.55351
0.191893
0.513724
9.58821
-0.483332
5.06218
-0.344964
1.09578
-0.169945
-9.36389
-0.0592578
-0.550101
6.12285
0.244076
-0.558624
0.123588
-2.28022
-2.4816
7.21324
-0.365332
-1.37224
0.470377
-2.89514
7.57177
2.47379
1.33808
-0.167097
-2.68586
-13.1897
0.115944
-2.63421
3.7238
0.187219
-0.243597
77.4521
0.283283
-0.120544
0.463121
1.55924
-1.19523
0.514081
-2.48504
-0.86795
-1.62633
-2.53696
0.511261
2.44448
17.1298
-1.13464
0.126517
2.38148
0.406279
-1.08787
12.0726
-0.886887
260.143
0.414314
-2.86868
-1.51548
-0.248716
0.0220875
-5.77569
-0.746774
-0.378584
3.19672
1.27236
1.02344
1.3066
-0.822929
-0.677364
-1.06813
-0.775042
0.945899
-2.09802
2.06678
-0.436901
-0.159365
0.776948
2.39589
-0.394694
1.06395
-1.24799
0.296884
-1.56788
-3.7614
-1.13958
-1.87999
4.84027
0.181494
0.583606
0.293112
0.0930889
-0.492522
3.04062
5.64302
-0.0685857
-0.491879
0.690174
1.85682
-5.32658
0.0713428
0.00884741
-1.1199
1.37035
-0.445258
0.397891
0.00497808
-0.767447
0.0102007
-6.19205
1.12608
-0.532362
-6.0062
2.63332
9.67537
1.19576
-1.25545
3.60528
3.15938
0.722609
-0.224694
0.565055
-5.04683
3.27318
0.294816
0.627557
1.14441
-0.94357
1.20347
0.271475
0.639061
-0.505744
1.38514
0.388346
-6.01725
0.321872
-0.00140147
0.284865
-12.8078
-0.4176
0.533446
6.10093
-0.817527
0.0498676
10.6386
-1.68453
1.68398
-11.1827
-0.942939
-0.851118
0.794982
-0.33241
3.96847
0.0539976
-0.472931
-1.77339
4.13798
0.393477
-5.36609
-0.0686677
-0.0534174
-1.51253
5.00044
-4.49961
25.4039
0.542879
0.737481
5.71974
-0.711862
-0.722262
1.52395
-0.161358
-15.6394
-0.797823
2.14023
-1017.62
-1.87043
-3.5896
-1.64892
0.717466
0.351732
-0.464305
0.378528
-1.14583
-6.52931
1.86895
-2.91021
0.982831
-6.27239
-1.16564
0.585668
-0.00406944
3.15031
-0.822394
-1.25953
1.04572
23.9166
-3.0003
-1.37831
-0.612861
-2.1541
-0.726664
1.37156
-7.97338
-1.99745
2.39612
-1.66223
1.64909
1.03538
0.0244473
5.44011
0.176977
0.214494
0.0437035
2.49684
0.583424
-1.66035
-0.998768
1.42051
0.271148
-0.31526
7.88465
0.26534
-0.191263
0.654738
0.11664
10.7013
0.615425
-1.76704
-4.67321
-5.06025
-4.69515
9.13413
-0.848862
0.367161
0.766121
0.663008
1.5131
0.188483
0.825527
-1.36096
1.25622
1.45615
-1.50945
0.102266
3.05607
0.294825
-1.41359
12.7734
-0.267229
0.1871
2.67104
-1.44618
1.64167
0.0367624
0.421049
0.868363
-0.109692
0.125582
2.30324
0.680008
-30.6013
9.75266
-2.16645
-12.4008
-8.88136
0.01228
-0.00426886
-1.4238
0.0922475
-0.233024
-0.245276
0.649426
0.657104
-1.08021
-0.156605
2.4116
0.811619
2.47136
-1.73379
-0.679829
-2.81069
-8.41143
1.43329
2.71512
767.483
0.241552
0.481195
0.366765
1.78083
-1.83854
1.3722
-0.296481
5.39121
-0.592763
-2.91766
-3.71329
3.36256
-3.35451
0.589873
-0.29491
-0.213519
-1.18328
-0.276473
-1.51552
-0.826845
-0.134371
4.35764
-2.46656
-9.58198
-0.865862
0.515514
-0.10163
1.51442
-0.252192
0.573399
2.37994
0.75725
-0.42388
-0.688545
-0.986859
2.68579
1.21865
-1.12052
0.634319
0.896529
3.46024
-0.172897
-0.339626
-0.00570392
-2.45892
1.31003
-0.174271
23.9138
-0.0845764
-0.485332
-0.66615
0.187665
-1.25893
2.03637
-0.871658
2.70004
1.83348
8.46278
2.96193
0.751682
-0.954011
-0.0117364
2.86643
-1.16332
1.50285
4.08601
7.43354
0.589036
-4.40416
-0.197699
0.309853
5.29843
0.312957
3.59854
0.322836
0.203133
-0.286509
-0.211673
0.0853554
-4.04858
-0.57551
121.611
-0.783438
1.42299
0.794363
4.95184
-0.354485
-0.711361
3.06871
4.91039
-1.94023
49.6501
1.2561
5.39096
0.200904
-1.624
1.00263
4.31428
-1.66156
2.9475
1.75796
-3.5764
-6.81963
2.61457
32.7317
-0.259974
5.23422
0.858095
-0.441491
-2.47888
-1.69963
-18.0895
-0.887424
6.69677
0.574514
0.824083
55.647
-5.05961
0.26024
1.46457
0.837153
2.86998
-1.18757
1.42472
1.10876
0.648098
13.4788
0.424077
4.66984
0.0552764
-0.312671
-0.617985
1.72043
-2.96776
3.26639
-5.21736
4.05327
0.120088
3.48113
0.754014
0.217048
0.217032
6.25222
-0.332017
-10.9086
2.88082
-2.94517
-1.05012
-5.84195
-0.783049
-8.13428
0.945573
1.39576
-1.26826
0.945521
0.148543
0.725711
0.416764
-0.1418
-3.59377
-0.440632
1.59375
2.10362
7.78939
-2.68778
-1.37169
2.27732
0.172786
7.79164
0.236333
3.56285
-115.474
-0.559148
0.556766
6.97258
9.20541
-0.52906
-1.25366
-0.603801
-1.12841
1.04382
-0.0262384
-18.177
0.0123296
-1.82015
3.95217
-0.00974159
10.6862
0.472273
-4.21666
-4.58073
-0.840097
1.11349
-0.0670577
-0.470159
-1.34173
-2.00501
1.14054
0.359441
0.906479
0.579179
-0.272047
-0.585345
-0.24067
-1.74661
-0.0696098
-2.91845
0.336909
1.22797
2.32221
0.249149
0.36127
0.624128
-17.5623
0.697072
7.92126
-0.166577
3.14075
-114.961
-0.304725
-2.11061
-0.562956
-0.541583
2.12344
1.63781
-6.87326
0.7033
-0.137522
3.70236
-0.605857
4.41657
0.37837
1.52402
-1.05087
-0.904591
0.746698
0.0470721
-1.19702
1.46268
1.83134
33.1134
1.52235
-0.285416
-1.29913
1.04005
-6.69351
1.54321
-1.63685
-0.463276
1.77607
0.781003
-0.0444031
2.22373
4.12722
-2.75288
4.91237
-0.437051
-0.114884
5.02562
-7.60935
0.240379
0.248054
1.5596
-4.33261
-0.318381
-2.53861
-0.186347
-0.434445
0.658871
0.390536
-0.0798042
-0.113059
2.00998
0.248497
2.21203
-0.16881
0.531972
0.144221
1.69592
0.0162042
1.13528
-0.169373
5.68815
-1.09759
-1.17206
0.463959
3.5806
-1.8238
-1.37394
1.44073
0.660471
0.0375687
0.375995
1.14167
-0.259872
1.8909
1.87596
0.133242
-1.37737
0.788311
-0.381883
-0.990287
-0.454693
50.5054
-0.505493
-2.56812
1.83842
-2.02214
0.660034
2.4209
0.475953
-0.966465
-0.217014
-8.21774
-5.12741
-37.0808
-5.16054
-1.35189
-9.72213
3.20778
-0.463471
-3.21956
-1.74603
0.576825
3.54865
-0.1102
-0.640032
0.0923717
0.511198
0.109864
-16.4497
-4.679
-0.108323
0.731152
0.0488363
0.337643
1.0399
-0.184395
-7.04091
-0.472523
1.19163
-0.557962
9.50827
-0.0116018
-0.613336
1.54873
-2.95112
-0.239356
0.336029
7.9959
0.60091
-0.49047
-0.278373
-0.321821
-1.21905
-0.329524
0.00899153
1.59604
363.343
0.847042
0.515039
0.572134
-0.141782
0.421422
-0.303676
-6.97114
-0.726033
-0.0833699
1.66802
1.33509
-2.14201
0.140208
0.0775503
-1.2553
0.117707
-11.7567
-0.21937
1.30371
-0.198386
0.496883
-1.65627
0.230559
1.93996
0.583764
0.644544
-1.56306
-133.874
4.69921
0.337148
-0.400194
1.76784
1.44876
-0.54706
-0.219598
-0.873882
-7.91491
-0.596325
-0.185007
-13.0093
-0.769828
1.38442
0.30225
-2.54571
0.955573
1.92098
-1.27765
0.469532
-2.49156
0.334011
-0.883209
-0.10667
-0.159463
-0.794105
0.370911
-0.309017
-0.567268
-0.255022
0.381233
-0.300503
0.116829
-0.297882
-0.109085
3.76397
-1.55243
-28.3201
0.726102
0.147634
3.71725
2.99565
0.858895
1.69933
7.16567
-0.00467477
-0.632565
-17.2557
0.596551
4.31803
-0.728594
-2.62145
-0.854238
-0.0112886
1.352
1.75195
-6.59797
-1.93933
-1.32232
2.48357
0.333155
-1.00295
-1.50582
-1.04276
-1.43763
8.3054
-0.826517
0.953325
6.11194
0.809824
-0.628094
0.708505
-0.443112
-0.0665721
3.64262
-0.789141
-1.79467
-0.040825
-0.682164
-2.50587
8.10775
0.993194
-2.48835
-0.237673
-20.4259
0.486812
-8.56465
-0.915308
-0.624882
0.363865
1.40001
-1.17203
-6.83619
6.13388
2.00787
0.534596
-0.176808
-0.547318
-5.08014
-8.36519
0.122257
1.18214
-4.4044
-0.376231
-1.7021
-0.293978
-0.623207
0.904312
-0.585288
-1.3486
-8.79013
-0.864
-1.80963
-1.87152
2.95229
6.31734
7.25596
-0.430785
-0.0506746
2.0592
0.143656
0.375216
2.63913
0.627158
-0.106815
1.32122
-0.063967
1.76704
2.81063
0.400223
0.0274088
0.293663
0.905997
-0.0512696
2.55111
-2.1062
-1.45006
7.64919
-0.147985
-0.106764
0.326907
1.46657
-2.13877
5.41018
-0.194649
0.0722002
-1.23924
0.554359
4.51168
-5.47777
5.98355
0.649296
0.0706419
-3.95689
-1.7515
0.330921
-0.118348
0.444973
2.2342
3.7414
-0.396609
-0.599199
-1.28069
-0.0981694
0.703935
-4.27233
-0.369075
-0.485707
0.477502
0.293426
1.32636
-0.0230236
0.323809
-1.11525
1.53479
-0.695228
-1.33552
0.383227
0.0863262
-1.32984
-9.31933
1.49544
0.609999
1.93085
-1.4403
2.60461
-0.212112
0.497503
0.66097
0.736258
-0.992477
0.405062
-0.297001
2.00456
0.721774
-1.81621
6.39005
-0.403847
-3.9124
0.388499
1.03009
2.38297
0.218316
2.68174
-10.3525
1.47532
-1.63588
-1.51335
0.519306
1.73918
-1.13722
-0.220115
-0.0253273
-2.10184
2.67034
-0.711626
0.716367
1.57935
1.97996
-2.22977
3.36015
0.160385
1.05674
0.109793
-0.370314
0.48113
-0.327945
-1.58405
2.33648
2.44727
0.737131
-0.232036
0.26068
1.60556
10.6888
-0.0725507
5.0513
0.202817
-3.22225
0.207841
-1.02938
0.474414
4.99193
-2.14593
-1.955
1.14207
-0.563015
-1.40029
1.97739
-1.15832
-12.7968
-1.23816
-0.308672
1.01725
-0.853929
-7.44171
-1.61181
-0.0235379
0.557216
0.502495
-4.2442
0.000303769
1.72917
-0.686087
0.568655
-0.335355
1.13833
-0.831259
-59.1829
5.84183
3.71901
-0.499906
0.377183
-0.851903
0.545943
-1.82532
-0.291021
-2.5392
-0.0294412
-10.726
-1.61615
0.449892
0.620783
4.46037
174.393
-2.38341
0.180518
0.384792
1.6615
1.07724
-0.206477
-0.0699206
-0.377291
0.998922
1.44121
0.136337
-0.367558
-0.253667
0.387167
-0.728563
-23.5833
1.06674
-0.399682
-0.940161
-0.528275
3.65531
-1.04431
0.673139
1.03645
-2.08052
-0.562049
-1.59839
26.5735
-1.61682
33.4977
11.7555
-4.53635
-3.16041
1.7387
-0.179953
2.29929
-0.660327
0.705545
-0.150051
-3.89486
-0.230886
0.159764
-0.173263
0.000319893
-1.26602
-0.587828
-0.309919
9.38536
0.214896
-0.275653
2.8819
-8.12441
0.697739
-12.5985
-2.05927
0.453823
-1.14936
0.52107
1.17186
-0.338649
2.26348
-0.0836782
-2.59596
6.06262
0.128509
0.159113
-0.248031
-5.45031
1.49042
0.897452
2.16964
0.510151
0.276803
-0.59598
0.996319
-0.806918
-4.21972
0.0603727
-0.134339
1.43705
7.79124
-1.67714
-1.16425
-0.812865
-32.0041
-1.73936
1.60933
2.65373
-1.50696
-1.13038
0.546118
1.67771
0.0721617
-2.19354
-5.03935
-0.986878
-2.15148
1.1481
6.55669
15.5125
-0.580542
-0.251793
-1.92163
-0.377016
0.0549454
-0.29029
-6.36085
1.14033
0.444383
0.869482
7.22534
-2.31038
0.315007
2.64989
0.401422
-0.125669
1.1549
0.797979
-0.457446
-0.849907
-1.1673
1.74381
0.0599752
-0.0730887
0.521935
0.602837
0.836684
-3.59399
0.101449
-0.192759
-1.06546
-0.294787
-2.95328
0.5752
0.21113
-1.39291
0.560661
-0.962851
7.06488
-4.29242
1.44057
0.886513
5.45383
-3.27893
0.977663
2.99029
-2.91259
-4.57919
-5.91
-0.793605
-0.387842
1.91944
0.156267
-0.0390538
-0.511412
0.00762046
1.68162
-5.28598
-0.767619
0.165334
8.49618
-0.782433
1.49852
-5.38033
-0.324315
0.212112
-0.374357
-0.919556
-0.529694
-6.32016
-0.89641
-0.773928
-1.73593
-1.16506
0.769566
-0.600779
1.5258
-0.236699
1.01746
0.264089
0.667962
-0.00599548
-28.9095
-0.410891
0.182861
-2.13764
0.0823326
-92.3836
-0.362542
2.41584
-0.167485
2.28044
1.39111
0.70161
0.622564
1.34214
-0.543403
0.926174
-1.04185
-2.04935
0.971764
1.73579
0.875176
0.525612
0.629468
2.57013
0.601827
-0.40094
-1.57307
0.298986
-0.929267
-0.00979317
0.98182
0.786322
-4.59646
-1.05235
-0.5656
0.322389
-0.134687
0.117782
1.72794
-5.9466
-0.106838
0.825158
0.792193
-0.766458
0.151197
0.910684
1.12407
0.100348
-1.13583
-0.300574
-2.35783
1.76862
-3.251
0.0263053
0.421428
-5.99223
1.17082
-0.76856
-1.29466
0.429243
-7.5031
-2.30605
0.654762
0.461259
-1.00073
-2.57147
-3.54215
1.86677
2.55672
27.5205
-0.203166
2.76372
-0.913738
-5.89706
27.651
0.775244
0.952605
-1.6863
-1.71851
-0.880756
0.460475
-6.20053
-0.0735584
-0.467981
-0.968733
0.506879
0.161144
-1.33618
1.03313
-0.815472
6.44543
0.745441
-64.4708
-0.305536
0.216795
-170.471
1.66073
-0.919439
-2.36946
-1.53981
2.93389
-10.8376
0.56545
0.248078
2.809
-0.571271
-28.8362
-5.13121
-0.578271
0.52422
-0.792472
1.16357
0.0922391
3.26487
-0.527761
-1.42024
-0.650988
1.13197
-15.7752
0.327736
1.16097
-0.967285
4.99422
2.32366
-0.620707
0.9217
16.0774
0.695185
1.45886
0.391541
-1.1067
2.47719
0.348785
-0.678322
0.182976
6.23128
1.14981
-0.462767
0.0111096
0.146117
4.83388
0.107386
2.03205
0.399383
0.505564
-0.736459
-0.765552
0.104116
0.516475
-0.603261
-3.89926
0.330106
-1.80903
0.992618
0.134589
-0.649209
0.46968
1.0213
1.03974
14.9946
-0.0906122
0.289939
1.07873
-4.71686
0.81396
-0.50384
1.49443
-3.4768
-1.76102
-0.284153
0.516058
-33.4059
2.44738
-0.280769
-2.27585
-2.16863
1.25879
0.463289
-2.2629
-0.914633
0.245608
0.690502
0.42397
-0.219587
-1.13273
-0.0378655
0.644655
-4.13315
0.0632212
0.190146
-2.11338
-0.226151
-0.439345
0.764916
0.326149
-1.77099
-0.381775
0.00835736
-1.70422
-1.32543
9.16495
20.423
-5.04398
-1.69761
-4.12873
-0.585079
-0.723881
0.189647
-2.41427
-0.325006
-0.621591
20.8589
-0.267748
2.05768
1.06107
-0.327107
-0.682203
2.30276
0.957163
1.34041
-0.105488
2.3576
0.373278
0.678251
-6.7895
1.4916
-2.02886
-0.613612
4.37847
0.576225
5.19607
-1.46406
0.290479
-5.6816
-2.99744
0.105611
3.80907
1.55475
-0.0612232
0.193435
1.51402
0.0843559
-17.3391
-0.591923
0.286203
-9.21535
0.00824865
0.0130122
2.76513
22.3702
-0.148192
-0.911811
0.325755
1.05406
-0.167186
0.677348
0.0338225
-0.581226
-0.782337
-1.94365
7.7586
-0.794308
0.904049
-0.642729
-1.78989
5.67532
-0.197966
0.274963
2.72468
-0.810695
-0.142203
1.32878
2.72417
-4.82131
-2.45601
-0.801183
0.460757
-2.78673
1.64032
-22.2584
-1.63958
5.29196
-2.21927
-0.861596
0.51631
0.526354
0.395418
-0.23926
-27.8492
0.954633
12.0783
2.67489
-0.857649
-1.07461
-1.28508
-0.584254
-0.564091
125.588
0.352642
-0.830444
-0.583376
-23.7378
-1.03236
0.690449
0.689546
-3.30366
3.27949
-1.02647
-2.58412
0.594506
0.60028
0.393523
0.969307
-18.9452
-3.24217
-1.5677
-20.3908
-0.419335
-0.696807
1424.36
-0.158279
-16.7245
-1.96284
0.208245
-1.18886
-0.325913
0.238894
6.71946
-1.26675
-0.0117775
0.194077
-0.45961
-3.07048
-0.183444
-1.77209
1.1764
8.14832
0.593332
-27.1042
-66.9406
2.48801
0.0827941
5.38514
2.52198
1.05846
-6.71716
-0.0948233
-3.8864
0.550942
0.222159
2.28477
-1.7522
1.26466
0.755298
-0.199109
-0.493504
1.32474
-1.21101
0.191163
0.895297
27.6146
16.9066
0.283733
-0.425339
-1.06674
-2.24585
0.303022
-0.529557
0.0203104
-6.30556
-10.5367
0.916763
-0.777649
0.0944359
-0.00923577
0.0329661
2.19093
-40.4712
173.768
2.32768
0.619689
-0.797739
-2.87364
0.120042
-0.679023
1.23871
0.437374
9.97694
1.383
-0.015833
-0.029347
2.49709
0.5541
1.93194
-0.430061
-0.548028
-0.34413
0.657932
-1.47041
-4.94695
-0.0960485
-3.24276
0.261587
-1.28782
0.832475
0.477864
-0.881394
-0.667977
-0.057689
-6.24989
1.9003
-0.111234
1.20075
0.0403311
0.0762574
0.784538
0.658231
-0.310298
0.0462875
13.9356
-1.43474
10.4643
-0.0362398
0.632564
-1.96803
4.60383
3.38469
-2.65781
0.088487
14.1373
-0.0420875
0.817428
-0.188829
-0.300633
-0.160185
-0.0464551
-3.61963
7.05562
17.4247
-2.90125
-1.31561
10.5053
-3.19969
-1.41435
-1.94072
0.706349
-0.883186
0.291141
0.560949
28.5341
0.37088
-0.922808
1.01593
-1.54937
1.3745
-12.4845
-0.393588
89.4013
1.36148
1.11213
-0.29397
3.19371
23.9848
-0.86554
0.148964
0.951
-0.535816
0.420855
-1.17264
1.11882
-0.12921
-123.108
0.0967287
-1.52368
1.45488
1.5763
0.356889
3.53761
-1.17262
-0.646301
-0.117364
0.10862
7.68772
-4.03327
-0.795777
0.549635
-0.460301
0.357118
-0.831099
1.54108
1.8935
0.68264
-1.47306
0.11862
2.25673
0.0645651
0.562276
-1.50172
0.354663
1.37114
0.268629
0.677631
0.836431
-3.49832
-0.76396
10.2055
-3.25745
0.15438
0.0822461
24.176
0.511371
2.1175
1.28413
-141.51
0.112771
-1.15914
2.39623
1.87264
-0.578048
1.53901
-0.00226345
0.592318
5.10993
1.16019
-13.3427
0.878662
-0.217066
-0.803235
-0.442446
2.26348
0.298682
1.18849
-1.2226
-1.36927
-2.47929
-1.27642
12.554
4.84825
-0.0111389
2.52087
-3.60538
-7.76852
2.77027
0.375123
22.6368
0.345617
-1.27361
-0.110189
1.57021
2.71286
-0.0217292
0.294007
-0.788951
-0.194531
-0.59882
1.20334
1.71928
1.1578
0.249805
-0.562269
-2.09084
-20.798
-1.27157
-2.44781
0.884377
-0.513522
-1.32382
-1.07769
-0.856866
1.44217
1.064
0.919745
7.25964
-1.89468
8.33764
-0.37341
0.224314
1.20943
-0.317814
0.592333
-1.33127
1.6825
-1.97086
0.0250858
1.51116
-0.477264
-1.40845
-2.7682
0.374019
1.46675
3.0823
39.2396
0.181319
-1060.97
-0.503438
-0.485284
1.01053
0.285304
-0.219398
4.38767
-0.818367
-7.43081
-0.4805
1.06582
2.23895
5.93483
-2.20209
-0.479943
-2.08716
-11.2695
14.8837
-0.29594
0.772563
1.18771
0.0233178
1.03402
-4.6956
3.97601
0.384255
1.60113
0.622543
1.35445
0.0780701
0.083825
3.49939
0.120089
-1.10059
3.6111
-0.881419
0.54651
0.428518
1.08454
-1.9739
-0.682764
0.290528
0.393905
1.51206
0.342402
1.44718
1.75467
-4.20682
-0.365144
-2.26928
-0.619311
-1.3722
-9.81959
-0.785925
-0.013067
1.14648
-0.52174
-0.131374
7.63685
1.62664
-0.201177
2.66361
1.90093
-26.9287
-0.197335
0.46538
-3.03573
-0.454314
1.25116
1.73992
1.49489
-0.634971
0.448752
1.06137
-1.5971
-0.646089
1.98852
-0.353205
-0.176205
0.914504
-1.33632
2.6948
-0.188429
0.249137
2.60675
6.10326
0.46919
0.534694
0.205568
-1.55487
0.00915106
0.390518
7.02707
-0.0956285
-6.23484
27.6293
-0.830144
-0.532083
-1.14311
-0.844521
-0.376768
-0.248253
0.0852689
-0.357514
-0.653835
4.733
1.90441
-0.306003
-2.17841
3.34048
2.76018
0.16907
0.806929
1.12504
0.653925
-0.0559655
4.95177
-7.84574
0.482116
-3.1161
-0.310441
6.35643
-0.0138156
-22.372
1.29648
-1.02669
7.0992
-1.25692
-1.50672
3.61259
-0.310029
0.433689
42.3717
0.0166289
-0.134203
-1.21964
-0.0529746
-0.383899
1.33765
-1.25213
-3.29794
17.9385
1.29501
0.0205889
0.231294
-2.49832
-1.84598
0.348491
1.6339
-40.1731
-0.566301
-6.71839
1.77178
-36.0435
1.31838
0.348899
-0.396597
-4.12673
-11.6832
-0.000409449
0.624341
8.33018
12.1068
-0.0317487
-1.92267
0.024764
-0.328189
6.56545
-3.06213
-0.897769
-0.135939
1.35655
1.73344
-0.361011
-0.396076
4.41738
13.7864
0.57743
-1.58819
-8.5961
-4.16015
0.00174914
-1.15591
-1.72323
-0.534322
-1.74169
1.24617
1.25896
-0.0197385
3.53151
5.7278
2.69526
2.42917
8.14106
-13.2629
-0.667999
1.80676
2.5477
0.145148
-147.978
0.499918
-0.11927
0.94806
-0.0984305
1.10377
0.517776
-2.04696
2.37725
-0.0329283
2.02265
0.316575
1.01308
0.159466
1.15419
-4.84768
0.0548602
-5.62979
-90.6387
7.34376
3.94733
1.60719
0.811126
1.46677
0.500839
-1.08732
-2.15885
22.1402
0.71803
3.85164
3.75209
1.21623
-1.81105
1.04894
3.70678
-1.34208
-0.32808
28.8364
-2.29081
-17.3916
-0.608759
-4.76658
0.0677551
-0.057676
1276.76
0.821876
0.903845
-0.327893
2.53752
-96.1469
0.347146
-0.125959
0.256444
-0.127701
4.38464
1.50317
-0.12599
-1.70593
-0.550786
-6.2165
-2.65377
-0.799251
0.752122
4.63628
0.637832
0.16549
-2.63924
2.23734
-1.84568
0.33962
1.75236
-1.91121
-1.10243
3.1812
7.17932
0.197657
-0.131372
-8.48938
-3.27459
-0.785249
6.122
0.702503
0.568185
0.591604
-1.30124
-3.20015
2.27407
11.3128
0.1053
2.46018
0.848067
-3.42291
2.24077
-0.253299
-0.0981552
-1.39976
-46.8127
-5.10198
0.0968848
1.29015
0.0299565
1.0956
0.0517755
0.740203
6.41933
-1.21708
0.511744
0.686518
-32.68
3.52255
-4.60026
-0.99254
0.292322
8.59545
1.03067
-2.17836
0.770095
-154.701
1.99615
13.8259
1.29615
-0.49187
0.502897
-6.54208
-1.00152
0.996484
-0.290478
0.0778753
0.212992
0.855463
-0.359483
-0.79693
-0.110607
-0.202108
-0.743131
-2.63102
-0.744961
-0.210636
-47.5604
-1.11406
0.499384
-1.41721
-0.498711
4.77736
-4.54879
0.109014
1.30092
-0.0976932
1.3494
-0.267157
0.47073
-2.8302
-1.16437
8.95331
0.735271
-1.6271
7.25734
-3.69285
-17.8558
-1.04439
-1.9646
-4.05516
1.21394
-1.04583
0.577269
-0.031859
0.000875417
0.371111
-0.334845
-3.35204
-12.8331
-0.869892
0.291934
9.03833
-1.0279
-0.885695
-0.122505
0.0575342
9.5655
-0.90081
-5.44007
1.54841
0.15883
-0.78383
-1.86452
4.21399
-0.00729609
1.22653
0.330874
-0.251286
-0.226969
-0.00291443
-0.0808854
2.66839
-0.606638
10.0081
-4.56011
13.9792
-0.131449
-1.05348
4.35769
-2.68023
-1.54856
0.4877
4.03388
-0.316125
-0.684388
0.349738
-1.26523
0.259096
0.473829
-0.0983484
-5.54944
0.825282
2.38445
1.5621
-46.1368
-3.58208
-2.85521
-1.63662
0.393282
1.20631
3.40857
-3.69268
-0.400375
-0.673133
-0.738311
-0.560275
28.1145
4.36049
-0.576115
-2.30013
60.5042
-0.122936
0.00581434
1.18828
-0.343227
0.0506024
0.750079
-1.01699
-2.4981
15.0751
-0.103141
0.390995
0.173096
37.6932
-29.4327
-1.89527
-0.931073
0.21812
-1.49465
0.136266
0.0295633
-2.45809
1.08999
-0.765202
-0.568523
1.93175
-3.23954
-0.464032
0.826444
1.84937
-0.668955
-0.341906
0.122753
0.825653
2.92771
-2.57642
-2.15561
-0.111471
-3.02706
-0.697305
0.643344
-1.6663
-39.6422
1.89133
1.11396
-125.993
-1.82688
1.28182
-0.464829
-0.594684
-1.75353
2.70528
1.14054
-0.0694611
-0.565941
-2.51108
-52.9134
0.102271
0.20562
2.14039
0.414279
1.24772
0.214789
1.17847
0.600738
0.872575
-1.62858
-0.644026
0.305201
2.63509
0.444906
11.0329
-1.20938
-1.21778
-0.286245
0.240375
-1.62325
2.75134
0.343418
1.2854
3.63724
1.4123
1.31585
-2.43091
2.45527
-0.129985
-0.583219
-3.17376
2.51299
4.49344
-0.186799
1.31699
-0.325402
-0.963611
-0.793
-0.645198
1.04206
-1.99152
-1.20023
12.1663
-0.916806
-0.359036
-2.58379
-0.603517
-0.0822836
1.60229
-1.22545
-0.219285
-2.04179
8.39124
-8.75532
-0.685596
0.0812398
-0.774523
8.57488
-0.0283784
1.26531
3.19854
0.070828
-0.36656
0.309965
0.412159
0.253395
-1.03597
0.355561
0.735905
-0.218149
-0.0110264
-0.0530857
-0.459101
5.05842
-6.45111
-4.44824
-0.316685
16.1995
-1.16479
0.440293
0.3518
-1.77893
14.962
6.61512
-2.61199
-1.32808
-2.15522
0.813594
11.6766
0.937182
-6.08565
-13.9297
4.02744
0.0228362
2.60405
-1.35687
0.114537
1.59846
-0.24366
0.854771
-0.314879
-0.714747
-23.5933
-1.9286
1.49838
2.90786
-0.23341
0.64859
-3.09245
1.05915
2.48172
2.93643
1.7754
5.68431
-0.200955
-0.541033
5.22308
-1.06309
1.31822
-1.69824
-2.22953
0.868355
0.0335453
-0.902126
0.856345
-0.247903
-0.547086
-6.83511
-0.124733
29.6433
-4.58748
-11.2643
0.0965947
-1.49764
-0.409949
-0.558191
-0.213286
2.79323
0.48986
4.74162
-0.812217
-0.482017
-0.159279
0.684296
-17.7542
1.60523
0.743885
0.65582
5.96238
0.155852
-1.32852
-0.796543
4.14739
0.553633
-0.709985
-2.97337
1.01908
-0.429369
-3.68495
-1.69976
-7.53084
-0.488025
2.8603
0.611172
0.0883368
1.53154
20.3415
2.51309
-23.5157
2.82166
-1.32833
0.797369
0.897499
-3.75258
0.315685
-1.40149
1.77404
-0.156698
0.982531
5.37371
0.786617
-1.13439
-0.747768
-0.621181
21.1188
-1.14403
1.40886
-0.530401
-2.20502
0.544585
-4.24052
-6.55896
1.66064
0.587333
-0.306729
-1.56638
0.0972282
10.4492
0.829101
9.15559
-34.8484
-1.29281
-0.0355357
-0.749093
-0.581264
1.80987
2.03869
-2.49428
1.88201
0.225087
-2.14021
-0.0151362
0.406538
16.217
0.570824
1.11723
1.91216
-0.318295
0.853227
1.58395
5.16576
0.0176761
1.24569
-11.1962
-0.69295
0.697867
0.655069
-5.90398
-1.16849
-0.338297
0.480972
556.183
2.33682
4.75148
-8.07998
1.35514
1.4521
-2.05331
-0.747152
0.166353
0.331056
0.151085
-1.39498
2.9777
35.5415
3.2377
-0.458406
-0.725005
-6.24071
0.368358
-2.71488
2.6104
-3.21803
13.4436
6.66483
-0.0731019
-0.633484
0.0403412
-0.279155
-7.44177
1.00952
0.986806
0.0730623
0.12198
0.588926
1.43829
-1.42077
5.81586
-4.24824
0.851038
2.24597
0.126482
0.172901
-2.85837
-0.228258
-2.92802
-1.50258
-0.218335
0.839214
-2.20065
0.965189
0.415337
-0.586561
2.27429
-0.670966
-0.110783
0.505786
-1.79903
-4.45189
0.211752
-0.0960472
-1.90536
-0.415136
1.39282
3.32675
0.416329
0.190409
-0.578324
-6.23309
0.358194
0.198257
-1.68243
23.103
-1.04628
0.011497
-0.605768
0.890394
1.86585
-0.63951
0.579896
1.4493
-1.21436
-1.48603
-2.26192
-0.0239284
0.235164
-0.00316105
1.36953
1.82474
1.19448
0.0251382
1.48108
2.9374
-2.77101
0.474642
3.62355
-0.837651
0.472484
-0.495438
-4.00285
-1.80666
2.42109
-5.06968
0.746179
0.622862
-0.631957
-12.116
0.370094
-0.560339
-11.8605
1.80624
0.878439
14.5382
-1.3913
0.00816878
-4.4731
10.8128
0.0583447
17.0025
-0.777943
-0.400515
0.633972
0.145151
-6.9204
-0.668318
0.209922
-0.347499
2.1724
0.0866949
-0.00466957
0.388899
3.83476
35.7613
1.46333
-0.729903
-1.12644
0.732305
10.1191
-0.880286
-0.88213
2.11641
1.88339
0.290625
0.496831
-1.65817
0.387379
-43.4546
1.89571
-1.42565
3.06314
0.964663
-13.6898
-19.9807
-0.96104
1.40106
1.48446
1.80637
0.289236
-0.587345
0.207108
-0.706067
17.5142
2.15834
0.144164
0.45106
-1.30099
2.04442
-0.163218
0.830849
0.331807
3.64459
-0.477081
-0.628176
-0.466565
-4.43538
0.876623
-181.4
7.69421
0.0852513
-2.4124
-0.829324
2.02541
-11.4342
0.73297
-4.00435
0.117382
2.56659
-1.24251
-0.374408
-73.0507
8.42252
3.89323
-0.843595
-1.3999
0.431944
-0.376533
-1.03967
19.4622
0.818403
-0.115573
1.27428
-0.459518
-1.76181
-1.43819
-17.8338
0.326585
0.314185
9.40061
1.51052
0.014799
-0.861833
-16.8318
0.148821
0.671568
0.292835
-0.0477918
-0.599641
-1.44761
1.19428
0.181978
-0.0826657
0.821659
0.463043
100.148
-0.126793
0.159768
2.60861
0.23092
-0.067833
0.798826
-2.09271
1.37025
0.234409
-0.476959
-2.22065
1.55062
1.31093
-0.266141
-1.41186
12.115
-137.532
-0.128682
8.02509
-0.625023
-0.0233348
0.701857
-0.700751
-0.372934
7.19238
-9.39661
-0.580054
0.20241
-0.932924
-0.875326
0.213192
0.830725
2.94667
-0.572414
0.163117
0.415314
1.15865
-0.851768
-0.62253
-1.95674
1.31228
1.74175
-1.17525
1.01434
0.923655
2.94342
0.219249
-1.18122
1.77277
4.07843
-0.612908
-0.0243024
0.174723
0.00833655
0.869478
0.00821
-0.225075
-0.0722161
-228.292
0.641286
0.45354
0.929903
-1.91587
-1.2969
-2.24103
0.787862
0.156549
-1.23009
1.59501
0.358868
-0.6474
-1.79534
-3.1111
3.70372
-0.348333
-0.873962
2.72741
2.19728
0.616629
-2.39683
-0.0866484
4.94187
-0.0299267
-201.696
0.519795
-0.870219
0.182205
-0.786644
0.187628
0.714222
0.622653
-36.8925
0.486533
-0.00258707
-0.0781061
7.7877
-0.181674
-0.357638
-0.329243
-0.0466077
-4.28519
0.00799877
-0.583214
-0.195683
-0.362579
-0.804476
-0.86689
2.82955
21.98
-0.753819
1.5804
0.0251432
-0.533845
-0.0802885
-14.4349
-0.557985
-3.40605
4.99415
0.875266
0.578453
-1.40356
1.39818
0.0187196
2.10764
0.632606
-0.143256
-1.43619
-2.09144
-0.39207
-0.741836
0.753254
-6.53817
2.94721
-4.17018
0.534441
0.128488
-1.86968
0.494283
18.7405
-0.768994
-1.5339
-0.549049
1.17233
-1.64033
8.91224
1.99323
0.0495203
0.770316
-0.279403
-21.4079
-0.332925
-2.02708
3.09733
-13.3939
-4.26093
-0.36278
0.456806
0.357359
0.282565
0.768308
0.559108
-1.22968
-0.186065
-3.73696
1.98877
-1.32515
3.43247
0.0842211
2.30377
-4.41645
-1.80894
-0.235113
-3.89985
1.59337
1.73301
0.0110693
-0.373866
0.811763
-0.0576454
-4.03913
-1.00136
-7.2219
3.97538
0.479001
2.80505
-2.38485
3.95157
0.531626
4.8582
-0.233655
-0.132932
-0.147495
-0.617538
4.21155
0.176316
3.48357
-0.473813
0.29521
-0.161061
2.69107
-0.293755
0.400469
25.8086
-0.765917
-0.824275
-0.130212
-1.11669
-0.0770939
2.4846
-0.530304
1.21868
-1.73598
0.0118643
-3.44462
-0.208745
-1.50383
-2.70125
-5.31063
-3.37497
0.0079942
2.04051
-1.10634
-6.82591
0.623559
1.03571
2.87631
5.6215
-0.579231
-1.32371
0.419718
1.41955
0.0731107
-0.21142
0.882821
-0.800341
3.70676
-0.498449
0.48134
0.509988
16.2212
2.10292
21.3711
0.413774
0.724634
-0.221913
-0.685174
0.908467
0.0651649
-1.99677
-0.770923
-0.283677
-0.595243
-0.511316
-0.865664
-0.486718
0.275669
1.71917
-0.333937
15.9308
1.49973
0.943833
-0.268632
-0.187713
-0.49413
-1.9808
0.793905
0.985653
-0.171529
4.51639
-0.496475
-0.610915
-0.746472
2.42263
-0.30588
-1.03781
-131.819
-3.40872
0.137452
-0.201395
0.986771
-1.59527
-1.43452
-0.4379
-6.2337
0.162703
0.651573
0.480094
2308.15
-0.115018
-0.384575
4.51904
-0.427401
0.472848
0.146972
0.127294
-0.319378
1.04933
-0.304911
-137.536
-0.707802
6.46228
-0.513449
-1.80357
-0.359231
-1.22776
-1.67903
4.01049
1.18803
-1.10283
0.3234
-5.49678
0.746105
-10.0578
-1.24957
-78.1415
-6.58758
0.152521
0.395246
-0.198939
-1.04838
2.92664
-1.93577
2.48391
-0.734726
-1.24771
0.538697
-0.708619
-0.0750936
1.5402
-1.03198
-1.13059
0.343931
-0.0205884
-1.19013
4.79055
-0.039368
-4.71747
-0.681144
1.1553
-0.490124
-4.29729
0.334537
0.153515
-20.8438
0.397945
4.72418
1.33323
-6.81218
-0.268089
2.9102
-0.105315
0.963593
-0.847792
-0.0644537
-0.338417
-0.530095
-0.0500751
-0.0378175
-2.79762
-0.29488
-1.01497
0.301546
0.766081
1.35439
-38.1048
-1.89139
0.426218
0.308958
0.946437
0.0817159
-3.02849
0.461163
-0.243296
2.7627
4.23721
-0.870244
-3.23736
0.127339
2.31418
-3.70337
-2.87349
-1.8403
1.08327
-0.0127179
-1.98174
-0.0289272
2.68541
0.379971
1.79798
0.0868942
0.175501
-0.696098
5.59369
2.07134
-0.24666
-3.85812
1.06628
-0.38236
-0.682581
1.27738
4.44734
-5.76685
0.610685
-0.25816
4.12256
0.841887
0.96248
-2.34445
-1.74269
1.35192
6.16338
-1.46874
0.0154083
-1.35763
0.975239
-1.3429
-0.684217
0.191228
0.309616
2.41979
-0.192957
-0.357655
-0.724526
-0.225184
1.05839
-0.272896
3.69951
0.191056
0.708431
-0.141499
0.312959
-2.12584
-0.299798
1.04646
1.27228
0.598831
-2.27067
-1.15083
-0.616471
1.48503
0.0745475
1.62354
-1.28643
18.2023
-0.674013
-0.898984
-0.306715
-38.2872
2.7422
-2.08365
0.379409
0.942861
-1.25966
0.766178
5.4709
0.155555
0.0364512
3.21278
0.622267
1.66567
1.98239
0.339564
-0.481757
-15.4803
1.26927
-0.04977
-0.337429
-0.12728
1.55158
-0.19288
1.26603
-0.962697
0.679497
-4.04532
-0.62826
-0.61832
1.17943
3.82251
-0.375805
0.188402
-0.0271632
1.33917
-0.52323
-0.0879501
0.529717
0.783727
-0.834143
0.85507
0.249214
0.0471146
0.936993
0.258061
0.122708
-0.327007
-5.22287
0.951302
6.01414
0.668163
-0.0868435
-1.6291
-0.502624
0.19649
2.62053
-0.0084647
0.247907
-0.218507
0.263548
0.0867058
-6.87473
0.455971
9.76774
0.656941
0.525222
-2.98659
-0.165727
-0.158112
0.707729
1.1273
-0.677275
-1.24086
-0.719148
0.351977
-0.0388443
-0.0330836
-1.24756
9.22662
1.28972
-1.77977
-1.45493
2.38158
2.76034
0.341419
0.137512
-0.64394
-3.37191
-13.2064
-2.34218
-2.70249
0.376279
-0.819905
0.0609792
1.01281
-3.12672
141.214
-1.06524
2.19581
0.792767
-0.918331
4.95901
0.737826
0.21334
1.19354
-0.421764
0.800557
9.75374
-3.57271
-0.233268
-1.03401
0.511533
-0.0855962
-1.02963
0.431356
1.08658
-1.09412
-0.412377
1.26171
1.76773
-0.131795
-1.01673
-1.0538
-6.52579
0.800198
-2.14397
0.947844
0.0472934
-0.671507
0.745514
-3.30321
0.881482
-3.32842
2.77652
-0.465347
0.828787
-3.38911
0.778871
1.36507
-0.495265
-17.1383
3.8095
0.510211
2.75366
-0.629025
0.331752
1.12783
5.80762
-0.706618
-0.482004
-0.655947
1.78422
0.375292
4.00889
-1.07584
5.86559
7.6257
-6.35273
-0.266245
0.246802
0.713632
-0.462023
-2.82274
0.241198
-12.7606
-1.00197
-1.7334
-2.7914
0.608284
1.03689
-0.929859
0.645636
-0.921654
18.2978
0.355493
-0.593934
16.3459
-0.704812
0.761003
-0.757012
-1.46407
-2.54905
5.2385
-1.18862
0.352534
-0.045539
0.502899
0.673235
0.0922664
2.31087
-1.28838
1.72856
2.24701
0.803364
1.69834
-0.0810277
-1.09274
-0.342981
3.71515
1.52189
-3.72487
2.01935
-0.688663
0.164584
0.390954
0.763085
-0.169614
1.75969
0.465633
0.305146
-0.123945
-4.7767
34.6187
3.88968
-1.15225
6.21991
-1.03641
-0.650774
4.15996
-0.211485
0.965518
32.5348
1.55487
0.666739
9.17355
4.88665
-0.556512
-0.95778
2.32752
-2.97779
3.61151
-16.393
-0.104492
-1.95742
1.8918
1.75461
-2.01672
17.6089
0.722019
-1.96962
-0.36491
1.12593
2.94634
8.57043
-5.75734
-0.225826
7.77147
-0.0572105
-0.565456
0.277723
0.813226
0.437158
0.48254
-0.198163
0.0304988
-0.865521
-2.96306
1.41113
0.485637
0.293455
3.78342
1.56334
-0.209441
-0.31724
0.139464
3.05895
0.244563
3.35666
-0.0855459
-0.648621
-1.17247
-0.201095
0.221574
-7.1851
2.54937
0.412035
0.965718
-1.39907
1.78057
0.865148
7.20307
-1.07899
-0.685916
4.10102
3.1803
-0.588636
-0.522324
0.0680542
5.74383
-1.13421
-7.12769
-0.116645
-0.1813
-2.94488
-8.92848
-1.42208
1.26146
-0.0654151
-5.2102
-0.119449
0.671534
0.425529
-1.77377
-0.0651028
-1.53337
-0.539095
-8.4318
5.06171
-1.49007
2.22891
-0.140566
0.50141
1.02335
-3.89305
-0.101838
-2.28955
-0.198663
0.688895
1.48139
0.684591
1.33114
0.809336
0.0398034
4.0323
0.392546
0.326054
-0.822308
2.00812
-1.22005
-0.194365
3.30412
-0.548466
-3.11702
-0.242268
-3.9955
3.60825
-5.58841
2.65885
0.0700445
-0.940307
-10.5672
0.0171863
0.829194
0.396069
-0.0977506
0.203967
-1.2336
-8.46275
-2.96447
0.760305
0.381322
-0.927575
0.606876
0.443461
-3.982
0.509025
-4.22629
-0.295974
2.04867
-0.19014
-2.05587
-0.547057
0.860016
-0.878571
-0.586213
-2.68763
-0.476594
-0.804619
0.677571
0.614835
-10.0693
-5.46769
-2.81998
-19.2518
-1.78768
0.313887
-0.0682405
-0.00698611
0.385561
2.38407
1.64423
1.10601
0.306275
-1.28095
-23.3175
0.275881
-2.15073
-3.16803
0.0951326
-0.210611
1.19192
1.05174
-9.22424
-0.805933
0.369185
-0.909209
-0.962664
-0.122161
1.30357
7.34977
-0.342085
-1.76499
1.56232
0.345481
0.527725
-0.0495249
-2.72563
-80.7658
8.82117
-0.135121
-0.460301
-0.0319289
1.60643
10.1417
0.0135587
2.95676
-1.29287
-0.0342013
-0.154926
0.0970718
-0.682686
-0.941453
-0.403281
11.255
-15.004
1.87735
-0.683145
-1.75008
3.23886
0.1197
-0.966553
1.08617
-1.01617
0.666185
-0.0858408
-0.224213
1.15139
2.04653
0.63861
-0.765307
0.151081
0.163606
0.628727
-0.253435
-5.90598
-0.578989
0.0364379
0.426799
-15.3416
-0.863218
-0.116546
0.642481
-4.08151
-8.37481
-0.915059
2.03389
-1.85214
-1.55014
1.4194
0.336018
-0.315364
2.3189
-9.2648
-0.514682
30.6011
-1.60117
154.617
-5.89775
1.02107
-1.78332
0.246799
-1.29964
-0.671322
4.26241
1.06719
2.22371
1.13108
0.474395
1.22669
-3.16887
0.368318
-12.1425
-1.62841
0.332684
2.07784
0.297157
0.285172
-0.119194
2.05499
0.521652
-1.05902
-9.02753
0.119714
-7.62471
-2.14028
-0.343197
-0.363534
2.77001
3.2111
0.284965
15.6076
-0.200257
-0.39402
3.4315
-0.847235
4.99287
-0.790479
0.424761
2.29266
-0.669638
0.85297
0.643301
-0.0218054
-0.144221
0.294401
1.16139
-2.38369
-0.351086
0.814167
0.402983
1.64989
1.99172
-1.61875
-0.393777
-4.34715
-31.1474
0.237142
-0.234791
13.8006
2.05503
0.866506
-1.47514
-1.42792
-0.845373
10.7578
0.352406
-0.150111
-0.894996
-0.663604
0.840091
-0.700775
0.492613
0.197102
0.939578
1.84673
-1.70196
3.22341
2.50713
4.23687
-36.7613
0.508511
-0.107184
0.108722
0.287176
-0.555567
-2.55742
0.162434
2.31429
1.10977
1.7506
0.290485
-0.0404096
2.59335
-0.450429
1.22587
-0.320048
0.996705
-1.25702
5.72776
-1.85377
3.84275
1.73978
0.249379
-0.398509
0.981598
1.14736
-0.139444
1.68615
0.695582
1.02198
-1.06182
-1.3479
0.407079
2.41967
1.731
0.833031
-0.353921
-0.816188
0.182115
2.48002
-16.2022
10.285
0.404567
-3.81398
-0.209773
-29.0522
384.098
-0.0732709
0.954799
-0.841743
0.220625
-1.68425
-6.86394
-5.03718
-0.625776
1.06034
0.426561
-2.1054
1.94702
-10.2322
1.11133
-3.49755
0.32419
-0.571851
-0.773527
-0.0948152
0.0585019
-3.34824
-0.0201871
-2.77562
-1.31698
-0.576808
0.482969
-0.141138
1.41624
-1.26004
-0.511879
0.558905
-76.6247
-0.0765726
-1.48817
5.62078
0.0128388
2.25171
-2.03531
1.22119
0.811707
-3.98205
-0.237426
-1.16372
0.327477
-2.77895
-2.88757
-0.281035
-4.62088
0.694771
2.17073
-2.43673
-0.801644
-0.0108796
-1.28704
0.240495
0.416796
0.0506017
0.111844
-0.485854
-5.76551
-2.46154
-1.91207
0.419948
1.23493
-1.14023
-1.06175
3.43202
-1.0605
-0.687539
-0.54755
2.68984
-1.47001
-2.59577
0.998271
2.55701
-2.06735
-0.513255
-6.15681
-3.59924
-0.0797181
-0.301826
-2.48001
0.726242
-0.871157
-0.663044
0.802768
-12.4273
-1.10726
2.54208
1.20855
0.0402151
-2.14423
-0.55978
36.0962
-5.71466
-0.128209
-0.190197
-0.270935
8.49702
-12.4719
3.18961
0.883691
-0.023323
-5.11458
1.31996
-8.52638
0.191171
2.80096
31.0131
-0.489926
-3.71717
2.24499
-0.474137
-0.75736
-0.875414
1.86348
0.0072088
-6.20575
-1.61869
2.34459
3.05179
1.81978
2.01653
5.89134
-0.235417
-0.586183
3.06178
-1.1835
-0.103905
-0.455022
3.48134
-3.26197
-0.338587
-0.864628
0.810778
-0.30837
2.02666
4.14336
0.639552
1.33052
0.555327
16.9015
10.6216
-1.90831
-2.29105
0.132001
-0.743181
-0.0610407
0.0361409
0.36542
0.426567
-0.651191
0.680176
-0.0537605
-3.26002
3.13843
-6.39324
3.94267
13.6653
0.0653524
-0.0571987
-1.69673
-0.0665959
-0.297364
-2.51099
-0.0517147
-0.262749
0.900142
-0.819232
-2.73451
-1.8771
-0.125163
0.668341
0.0464129
0.72762
-18.5096
-2.67531
1.02617
3.19153
0.250073
-0.861048
15.3212
-0.307667
1.47378
-2.51359e-05
1.06407
-4.78953
10.4408
-0.366356
-1.58504
-0.506456
0.429201
0.514968
-0.770523
-3.28926
0.306534
0.44719
9.28394
0.698779
-0.870046
-1.86026
-0.85834
0.0936072
2.23522
-0.916864
1.05763
-0.678056
-0.206557
0.0956248
2.71549
0.381484
9.68527
1.88696
-1.72094
1.81003
4.60983
-0.0614565
0.418976
-0.299427
1.09524
0.582015
4.84179
1.47644
-4.80612
0.687589
-4.58941
-0.103721
-0.216873
0.440185
-1.29581
3.12835
-0.231154
-0.375192
-32.3385
-0.869053
1.03647
0.161963
-6.74145
-0.680313
-1.39197
-0.646418
0.45114
-3.75345
-0.203623
-2.20264
0.536619
0.568599
0.19431
1.7428
-1.64177
5.87065
-3.34371
-0.037298
-0.537819
-0.795414
-1.15806
0.701828
1.02741
0.306415
0.385735
16.9171
0.805468
-0.0970557
0.503316
28.461
0.734805
0.40396
0.11145
-0.882994
-1.53347
1.02744
-0.337438
-2.22168
0.365296
1.70238
-11.1669
0.697089
2.43373
0.66439
-6.53041
-0.233266
-36.1487
0.449435
-2.22323
-1.29536
0.312692
0.0780258
-0.586356
0.10121
3.95677
-0.508451
2.7943
4.72861
-0.0570056
-0.545869
-0.692794
-4.49606
0.160212
1.87321
-0.832601
2.16362
-1.71884
-1.05354
0.236652
0.287167
1.20342
11.2457
-2.49646
12.1651
-1.12317
-0.0705512
-0.768178
1.19166
-3.36916
-1.25231
-3.23739
-0.356976
-2.13289
3.00762
3.07227
-0.34489
-1.85524
0.4712
-0.625692
-3.07436
-0.0372958
-0.958772
-0.0161873
-0.138118
-4.93512
0.275915
-1.03239
-1.93247
-1.19847
-0.388643
-0.590037
-3.2392
-0.919551
-0.0728928
-0.69088
-1.37677
-0.668607
0.284308
-15.1323
3.47583
-0.325978
-0.176932
-1.19364
-118.196
0.322566
0.10205
2.01719
0.0638235
-0.264813
0.426717
0.355821
-1.06275
0.793452
0.557919
0.092659
5.72803
0.127823
-1.21798
-0.916819
0.541702
-0.492449
-0.912268
-0.0412781
-8.6948
-0.0843456
-1.56848
10.2432
0.0837333
-0.688344
-0.0908173
1.59744
2.43693
0.21062
4.38815
-1.52333
16.7923
0.645744
0.620915
2.00707
-0.684304
-0.0844994
-1.37467
-4.0172
-0.684976
-0.698128
-0.234803
-0.272915
2.25853
0.971943
-1.49742
-0.957142
-0.3753
-0.981184
0.0111111
0.188906
-0.581135
0.50142
1.51711
-4.18694
1.15865
-3.85971
-1.08295
0.825943
-0.189184
17.5619
-0.829716
-0.381632
0.428499
1.10251
-0.497424
-4.65887
-5.27804
0.605152
-0.356677
-0.38223
46.995
-35.7374
-2.36254
1.48872
-0.244619
1.34147
-0.881525
4.28735
0.153413
1.9618
24.2696
0.517504
4.02133
-1.57962
-0.587368
-0.345056
1.56062
0.429319
-1.1588
-23.1633
5.16938
-12.1662
0.602903
-72.373
2.42589
-0.200686
1.12442
-0.694701
-2.08285
-0.283539
1.67652
-1.1351
0.0375289
2.7994
0.0963466
-3.01744
0.281777
0.407468
-0.182229
0.342973
-3.23871
-2.49399
0.715625
-7.17976
1.22449
-1.64947
66.2757
-1.08995
0.772206
-2.64516
2.61152
-0.0314491
10.1343
1.56096
-1.75278
-0.572389
0.441187
1.20352
-0.822482
0.369549
-40.9869
-0.845667
1.83059
-0.199664
-6.36244
8.27028
0.659435
-0.00727738
-2.19788
0.544268
-3.00844
-15.5893
0.19173
0.421349
2.90974
0.37118
4.53293
-1.19444
-3.04234
9.16765
-0.499713
0.604621
-4.54771
0.0269102
-0.411111
2.37854
3.17168
2.12935
0.100545
0.170398
-0.470968
0.289154
0.462514
0.109795
-0.343046
-1.33111
3.74324
4.74625
-0.359147
-0.352943
0.308319
-3.51866
-0.912919
11.1139
50.4402
-0.797544
-0.11612
5.64345
-0.583003
-0.377829
-1.27524
-1.04062
0.468095
-0.743109
-1.58967
0.262775
-1.92549
0.360435
5.92188
3.08271
1.70423
-6.31454
-0.627908
-0.046968
0.625767
39.5386
0.96099
0.518184
1.37687
1.52465
-0.544071
-1.83917
1.33905
0.935165
-0.0766665
-4.7133
-1.40581
-101.389
-0.964024
4.62759
-0.125041
2.96382
-1.03438
-0.00231467
-0.76195
-0.632178
-0.0266716
-0.661477
-0.136558
-0.607191
-1.24533
-0.117786
0.890575
153.556
0.975294
0.382714
-0.110722
-0.941769
1.52457
-0.191608
1.22737
-5.24711
-0.107938
-1.76577
-0.627959
0.163279
-3.01516
-1.38845
-0.750031
1.4963
-0.871226
-3.13673
1.45551
-0.772843
-4.05779
0.253243
2.95238
2.31289
-20.3756
1.65232
-0.709951
-2.10801
8.80327
4.46437
0.183403
-18.4222
-0.382067
-1.7594
-2.15361
-0.597094
0.134557
5.59483
-0.462652
3.13719
1.03764
-0.218314
-25.6148
2.09768
0.197416
-1.54492
-38.2038
-0.234344
1.04744
-0.29272
2.05539
-0.836615
-0.742953
3.73655
0.0131057
-2.64854
0.236126
5.8061
-0.366966
-0.0504453
0.0615127
3.86081
-0.117179
-1.13987
1.76081
1.29674
0.957019
2.87043
61.0363
0.0837931
-1.97055
1.88259
-0.302955
-0.341878
-0.184421
-4.69727
-1.15352
0.313635
-2.50009
-0.0800179
-0.985626
0.195783
0.15913
0.560242
1.37426
-0.863486
1.10004
-4.37275
-0.224829
0.894514
-3.54015
-0.234912
-1.23954
5.23694
-0.601016
2.95761
0.0646045
-12.3818
-7.3449
-0.0128962
0.85806
-0.997668
-0.800233
-1.62891
1.78804
-0.00839134
0.259529
-0.670847
-1.05117
0.935115
-0.803451
-1.98985
-0.391287
-4.33809
1.57143
-0.461695
0.0104886
-0.0263687
-7.12889
-10.5111
-6.21674
3.45768
-0.465362
-1.4906
-4.64331
-1.02615
-1.76805
2.5271
-0.2418
-0.455892
-0.840108
-0.785123
-6.26779
1.43246
-0.80133
29.9308
0.643178
-16.594
-6.26342
0.561712
-1.67362
0.193998
-5.91798
3.09841
0.689328
-3.29636
0.923385
0.0911462
1.1391
-0.746763
-0.787856
-0.201192
-4.9029
0.464034
0.710674
-26.2717
-0.499652
-2.80861
1.17243
-0.84726
1.1979
-11.3834
3.60585
0.9155
0.359323
423.638
0.312553
4.76889
-5.5918
-2.01032
-0.722744
1.81675
1.33087
5.78251
-0.259582
-2.26947
0.346175
-7.53283
-2.01457
0.940656
12.2922
-0.127992
-0.265574
0.0653605
0.32711
-2.47703
-1.20412
-27.1178
-4.68169
-1.49946
-4.59286
0.348926
-0.431913
0.449398
-0.867454
5.7839
0.956993
0.0028493
-74.1384
4.89197
-0.800865
1.69783
0.248302
-0.957546
1.07563
11.6774
-25.0723
-1.34246
-0.540635
-2.76733
19.5121
-3.50336
-1.77967
44.7883
-4.04504
2.98424
-10.95
0.392143
0.59699
-2.96101
1.7864
-2.43932
0.132104
0.602612
-0.832063
-30.7431
0.387312
-0.748394
-0.768272
-3.16081
-0.474423
-0.109364
-2.20378
-0.536375
-2.09511
0.914579
3.74358
-6.40073
-0.836645
0.349446
-0.807278
1.55493
-0.880885
0.559402
8.35161
7.85294
0.0866411
5.34797
-4.64199
-0.734609
3.36078
-1.11642
0.318071
0.401607
1.16243
-0.764633
-1.3996
-1.70898
-1.36327
0.466489
1.69509
-0.294562
0.262729
-0.08497
-1.98415
-0.408914
-0.395854
2.07411
0.0150272
1.21082
3.55045
-0.48054
0.247835
-0.735316
0.446071
1.15394
-4.94204
-0.238691
0.0914244
-3.2909
0.507925
0.970185
-2.07356
0.754549
-1.16777
33.2763
2.63441
14.416
2.09139
-1.2147
0.00864638
-0.192258
0.420767
-0.69033
-12.1796
1.88461
-0.203838
-0.612364
10.7641
1.80772
122.001
0.745071
0.119475
-19.5854
0.108025
1.54909
-0.797302
0.903961
-0.951496
-1.17145
-0.83606
0.472749
-1.04127
2.90112
1.95316
0.46745
-0.411764
3.78888
-1.35522
0.0450572
-0.633597
-2.22188
0.367193
7.36426
-0.75188
-0.52773
19.1312
0.521987
0.145725
-2.45578
-0.8342
-1.0291
-2.57915
-0.14418
-0.791371
-2.138
-2.96495
-1.67105
0.27431
-0.284547
4.5646
-0.105902
-0.597829
-0.314181
-346.116
0.221236
17.2291
-0.888909
-1.10008
-0.277464
-1.32233
-0.049972
0.0200065
1.54171
1.26616
-3.4087
0.808491
-19.083
-0.459717
0.148324
1.34952
-0.260067
72.3413
-1.95873
-0.377844
-0.0176227
0.470306
0.94544
4.39987
2.04209
1.27023
-19.7198
-1.09531
-21.2552
-0.842051
-3.23451
0.640626
0.0459658
-0.237722
0.939053
-0.756001
-0.70392
0.752324
-0.486878
-6.33427
36.1599
-1.82492
-0.932741
1.01612
1.79677
-1.37966
7.96239
-0.511215
-0.307827
4.10606
0.128745
1.90227
0.576894
-1.30118
3.34911
1.46888
0.0829131
-0.580217
2.55063
1.29908
-0.0242634
36.2741
0.271745
-0.687721
46.8727
-505.243
0.744569
1.60424
-0.468692
4.02612
17.8351
7.14783
-2.35478
-1.12958
-4.98125
0.177902
0.868667
-0.393963
0.912753
0.0210952
0.0970701
-14.1952
-2.52584
0.476639
0.154285
-1.23646
-0.388226
16.8632
1.62241
0.5317
-0.805363
-1.51994
-4.65442
1.16865
0.752973
0.393434
-2.97623
-0.4111
-0.947101
-0.377853
-20.6965
0.362032
0.0948009
0.663522
-10.4268
-32.5514
-0.070267
-0.987061
-0.875882
0.276685
1.15974
-0.541261
-0.436772
2.07177
1.25559
-1.51143
2.29135
-4.65166
-0.549663
0.471953
0.00912431
-0.830181
-0.474155
-1.19225
-0.434819
0.667912
1.65212
0.258419
-100.669
-1.36765
4.97081
0.0807484
-5.43001
-0.89862
-3.77259
171.422
-1.86258
0.856839
-0.331792
2.51125
0.824426
0.387271
0.0586598
-31.1565
0.498717
-0.614869
-1.8765
5.74671
1.25325
51.5765
0.452021
3.91002
-5.0675
2.64047
-1.71753
2.52665
-0.395291
1.04127
0.431407
-0.624194
0.592147
37.7729
0.69007
-0.14826
1.39108
1.01587
0.683757
-0.017323
28.8487
-6.7367
1.53399
-0.892233
1.01298
-0.984715
-1.60808
-0.895302
-11.74
-1.46982
-0.821532
-1.15257
-0.642321
2.99917
-0.500365
2.73478
-0.353439
4.31015
0.240379
2.42559
0.64627
0.442846
-19.333
0.647377
-1.13951
0.472351
0.648998
0.590767
-3.17158
-4.26555
-2.64711
1.17214
-1.12776
-0.16053
0.831643
0.445856
-0.42406
-0.0706263
-1.70145
8.40482
2.86818
0.226601
0.014166
2.51142
-2.25451
4.23106
-1.6397
0.747163
3.54107
-0.635524
5.89849
0.561269
0.546768
-0.105457
-1.26014
-4.65965
-0.942908
0.0100996
-0.499839
-2.18007
-3.29551
0.347751
4.12768
-0.216797
-0.240376
-0.255322
-0.24514
-0.613656
0.843531
-0.622604
0.478908
0.781098
0.876808
-0.125386
-0.71172
-1.32756
0.379181
-3.53058
-0.0664399
1.0702
2.09442
0.349679
60.1823
-1.52079
0.196409
-0.749916
-2.27254
0.272572
0.0683797
1.43803
-0.795188
-0.127571
-0.439063
2.47752
1.16586
-1.57934
-0.169158
-0.304314
-0.895753
0.0110865
-2.71439
-1.25334
0.441605
-8.65886
-2.32742
-0.657358
-0.82513
2.21267
0.319408
1.46742
-0.194646
-1.03553
0.644046
-0.881086
-7.40345
0.345413
-0.044881
-1.12981
5.32132
-0.971866
0.862204
-3.318
-11.3744
-1.7017
-7.39425
-24.461
-0.714043
2.1724
-33.0752
-1.31908
-0.0652364
-0.655912
20.0566
33.3883
1.7365
0.56538
3.1547
-1.83902
-0.0418287
-0.0886438
1.68376
-0.0556202
2.2479
0.531025
-0.310433
0.0455684
-1.11864
-0.0968825
0.795091
-0.437574
0.233808
-2.48763
0.429582
2.69574
-0.4503
1.08772
1.40583
-0.175372
1.06509
-1.54488
-15.9966
1.69069
-0.503776
-0.248378
5.42231
-0.634413
0.225907
1.09817
-4.32694
2.98795
-15.6175
2.42368
0.291554
-0.616407
2.27693
0.0693516
0.618575
-0.0861438
9.79777
2.1254
0.0670639
-1.85619
1.60708
0.951695
1.38715
0.22028
-1.35192
-39.7827
0.394295
0.0383762
16.5132
1.25416
-7.07529
-1.96833
-0.810116
0.815914
-8.43292
-1.43899
-5.35311
0.156475
-26.4699
6.72974
3.93675
2.02056
1.33338
-4.11759
3.98488
-0.100497
-0.349008
-0.349635
-0.0773104
1.84435
-60.6616
1.65022
-4.42048
0.386488
0.578206
-1.26966
1.60291
-0.233374
-0.389859
-3.83616
-0.682973
4.32859
7.79809
-2.53733
0.0473195
-2.51258
0.51556
9.81202
-2.42594
0.891126
4.21265
4.90285
1.96692
-1.06329
-2.74852
-1.70417
-0.192422
2.12011
0.304902
-0.11276
0.441827
1.49032
-0.213528
-1.23221
-0.455332
2.3995
1.19163
-0.434022
-0.781767
-0.477081
0.425138
-3.70049
-6.23166
2.70764
-1.87782
0.587424
-0.0464432
-8.68839
2.19208
1.49362
0.294226
0.499656
-0.814591
-24.7215
0.554592
1.54078
-8.94203
-0.0292677
-0.103099
6.30688
-0.895296
12.2871
0.220407
-0.3268
-0.168766
-4.84553
1.07869
3.06234
1.60782
-3.85677
0.100733
-1.1172
0.323266
0.133613
0.807349
1.75946
0.409745
-2.70916
0.419316
0.100813
-0.406991
-0.0190755
8.8942
0.583442
-0.0121366
0.127331
2.07595
-0.189894
4.61547
32.395
-0.29663
-0.0322034
5.27538
0.0844658
0.319808
-1.6418
-0.440594
7.15532
0.256773
0.166201
-0.0411828
2.64904
-3.20191
0.024512
10.6593
-1.43814
6.88978
-1.83737
0.283523
-1.2853
5.13004
-27.5399
-0.912599
0.541103
-0.102437
0.411643
1.09745
2.37435
-0.895127
-0.0893588
-2.88432
-4.56097
1.00303
0.522495
0.331736
0.565674
-6.9609
-4.79229
0.820897
0.114651
0.640412
-0.122754
-0.822155
-1.70587
-0.695498
-0.0638302
1.42275
-1.11492
1.3075
-2.51723
0.612867
-0.0628539
-0.999851
-1.56739
-9.19489
0.536562
-0.219861
0.630458
0.448943
-0.257341
-2.81175
0.70167
0.851561
0.591507
10.9563
-0.300228
-1.18608
-7.5562
3.33774
0.133691
2.60024
1.95401
-5.42026
-0.187504
4.65415
0.89484
-1.07525
0.208565
0.278912
1.14138
0.779926
-0.0651023
0.702663
-0.517199
-0.086445
1.20545
0.0253549
-0.956472
1.18924
-3.43713
2.00664
55.9705
0.0888342
1.54241
3.09324
0.53786
-16.0523
-0.109105
0.895339
-1.35812
0.320993
-0.796648
0.293721
-1.13654
-1.77167
-0.0859104
-2.14015
-0.0189318
-3.53421
-0.479494
-2.39038
1.83507
0.332076
-1.41098
-1.67541
0.642606
2.11575
5.12227
-1.08191
1.18058
0.521206
0.921359
-2.66923
0.958436
-1.79841
-1.57019
-1.59438
0.455079
-0.707733
1.00408
0.537567
0.169048
1.11363
4.44492
4.33582
0.856114
-0.955213
332.4
-0.606409
0.951542
0.98514
-4.02812
0.171547
-2.1319
-0.0395544
0.726201
-0.21449
1.48103
3.03803
-11.3453
-0.368
0.183651
-0.00814192
-4.31368
-2.39701
-0.506738
-1.41097
-0.986815
2.90242
-0.39084
-1.45466
-0.48464
0.396273
1.43784
-0.691571
-1.53994
-0.55378
2.27626
-0.947886
-2.96686
1.18988
120.616
0.114194
-0.925202
11.749
-0.306518
11.0529
-0.0650819
0.96094
-0.264543
0.28877
0.326545
0.934918
8.12743
-0.963322
-0.183617
0.206355
-0.142674
0.470601
-0.848219
-0.114681
-2.81343
-0.053667
-1.59386
0.0301704
-0.0238833
-2.98392
-3.02829
-0.0826653
14.029
3.21495
-3.13647
0.407749
-0.0197595
-10.3243
0.489459
-0.295857
0.50432
-0.346421
0.992516
0.615133
-0.352636
-0.689585
0.554152
2.70086
0.661048
-0.17375
0.927318
-0.94939
-0.889306
-0.2925
6.38142
0.245557
1.93018
-1.26261
0.652986
0.140817
-0.356033
1.75672
2.22532
0.886511
0.917751
1.16228
0.416887
2.68946
-0.551379
0.922942
-1.96454
-3.40832
0.857914
-0.166847
-0.270263
-0.87339
0.0570866
1.25724
0.093997
-0.016819
1.67208
-0.194149
4.27798
-0.477153
-0.135209
0.146205
0.856776
-0.370077
-2.72444
4.38021
2.05944
-3.90969
1.43915
7.87984
-0.605857
0.289705
-2.48093
-1.61898
-0.995655
0.627655
-2.55713
0.18158
1.42905
0.40243
-1.06777
1.46534
2.32141
-14.1976
-0.380825
-1.12349
-0.709156
2.95386
0.712656
-0.95041
-1.94601
-0.650029
-0.313241
-5.24036
-0.336291
1.17964
6.42152
1.27156
9.49361
-4.71801
-2.82168
0.992745
37.3649
-1.38669
24.6925
-0.64146
0.662095
1.41387
0.693633
0.974652
-1.07365
-1.12022
-0.654077
1.47179
-1.95699
0.144598
0.386695
-0.329844
9.88976
-1.3895
1.36212
2.04314
0.501723
0.287666
-4.84517
-0.365284
8.2711
1.18492
-0.145143
1.11056
0.436647
0.69092
-0.853453
-2.86643
0.350025
-1.09694
0.807548
0.111828
0.671531
-0.548428
-2.37293
0.823439
1.02791
-7.16475
-2.12306
-0.926275
0.0367619
-0.248289
-10.6099
0.765431
-0.900486
-0.076725
-0.655023
4.6597
0.835257
0.107228
1.14721
-0.48513
-0.891591
0.778243
0.0728549
-1.72687
-0.735988
-3.5502
0.647782
0.267692
-0.682241
28.3638
-8.70061
1.51137
-0.818126
-0.424203
21.98
0.115599
0.982134
50.9638
-3.23101
-1.17181
-0.161944
0.151868
-8.92346
0.733548
-2.67654
3.20049
0.811461
0.0125278
0.781743
0.456103
0.820276
-1.05009
0.185423
1.03489
-0.749062
-0.838085
-0.295635
-0.288372
-3.86768
0.776261
0.774036
15.0318
0.514493
-1.30747
13.5607
-0.27543
3.9355
-1.03977
0.889673
3.41612
0.575501
-0.877941
-0.205123
-0.238923
1.11008
-0.977937
0.801222
-3.61494
0.34692
1.86958
-0.100229
-67.6726
0.617537
-40.7759
-0.363659
-1.13456
0.0858899
0.380859
0.372905
0.0209809
1.6912
1.40015
0.00226256
-0.308842
-2.25346
-2.67958
-1.95541
0.521094
-0.40123
-1.33377
-2.09676
-0.693273
1.46875
-0.339211
0.393516
1.35083
0.328622
-0.641586
2.12393
-0.0895837
0.187676
0.495029
-0.475426
-2.02301
-2.25217
0.54196
-0.499306
0.187132
-1.89675
-0.923272
0.131333
0.69287
-0.16749
0.886586
-0.184055
-2.88393
-0.783615
0.441646
-0.601992
1.93596
0.573222
-0.461002
1.74852
-0.32042
0.353358
-12.9484
-1.9071
-6.99238
-4.59516
0.733121
-0.954904
-0.222502
0.934004
0.819849
0.891436
2.6682
0.223633
-0.393079
-2.77219
4.34324
-0.671818
1.89692
-1.50274
-0.196451
-1.48024
-0.652729
2.74486
-3.49821
-0.403034
-2.67153
-0.299628
0.298593
-1.2881
-2.46751
-1.60515
-0.415439
-12.0504
1.85708
1.61105
2.02743
-7.90444
-1.62954
-0.0855999
1.12031
1.66304
-0.0342602
-1.37
-0.00593943
-0.0446091
3.79046
-0.427119
1.77643
0.573677
1.89634
-1.69288
-1.10338
-0.500666
0.0518014
1.77753
0.877915
-1.43424
-0.38981
1.80217
0.0390616
0.63672
0.449613
-0.108229
0.516696
2.11156
-1.83396
1.43551
0.250987
-1.01866
0.650183
0.949473
-3.38042
0.564736
2.67959
-31.525
0.988352
-0.308468
-3.57837
-1.50517
0.433767
2.97817
-0.118353
-1.1304
30.3579
-0.707378
-0.121503
-2.51257
-0.349329
-3.57162
-1.28792
-1.83845
-0.197291
0.855399
1.9389
-0.450445
-1.26365
0.0472991
-1.63563
-0.518488
5.42514
0.299776
-1.04567
-0.987388
1.14761
-3.61068
-0.665482
0.156983
3.60671
35.8251
-12.312
-1.00145
3.1104
3.09659
0.394412
-2.80044
4.65605
-0.208024
-0.0515396
0.230885
-1.23215
1.67599
1.58427
-0.0294015
-0.223728
11.6226
-0.0862292
4.37412
4.50918
0.0921989
0.586388
-1.11563
48.9484
-1.00244
-0.858233
-0.00626964
-0.48519
0.657543
-1.31217
-1.57108
-3.6673
4.47473
-0.818989
-0.292448
-0.266305
0.707258
-0.498156
1.34831
5.99731
1.60577
0.155706
0.146403
0.55022
10.0751
-0.943113
-10.9015
0.696747
1.53697
-2.49536
1.48674
-0.0635796
0.891792
0.0274955
0.0793748
2.794
-0.459035
1.18641
0.717628
-0.17263
-1.06083
0.159945
-1.36603
-1.09208
-15.7775
0.685247
1.45143
-0.149106
-0.281805
2.92691
1.07502
-0.168394
-0.26979
-0.24319
0.525001
2.26833
-0.12281
1.09149
-5.92091
-0.852749
-0.534414
4.13319
-0.211494
16.9702
-3.56516
0.424626
-0.277233
-0.828425
0.143871
-2.57215
-0.484258
-84.5152
-1.35398
7.99785
-0.454187
3.68147
-0.0404354
1.38951
17.0832
-44.3383
-0.985723
1.25911
0.105903
-0.53967
-5.12211
1.98113
-0.634289
-0.213163
-0.0983423
-0.986271
0.0952886
0.648826
5.65196
3.31531
3.03328
0.168336
-3.14551
0.0226298
6.8097
0.487027
-2.65611
18.4138
-3.84611
-2.15172
-0.280489
-0.15879
0.633224
1.23858
-2.34572
0.153105
-4.13738
-0.270044
0.57869
-1.10059
-0.62741
0.100253
0.844225
1.23431
0.252641
0.421288
-2.49583
3.31753
-6.48311
-0.628663
-0.317909
1.04913
8.57853
-0.231817
-0.931544
1.09205
0.428294
0.0970594
-0.0405598
-16.2031
-0.316048
-0.778296
0.973655
0.0733289
-0.606822
-0.825427
0.294976
0.716206
-2.99251
-0.440364
-0.542709
6.5639
-0.913475
-0.621076
2.11066
5.84088
-18.7054
0.296097
7.97772
3.52972
0.842403
1.55248
20.2401
1.10342
-0.395806
-1.09847
-0.41285
8.049
-0.0144604
-1.05841
2.05671
-0.150129
-12.575
-0.701437
0.764849
-0.899642
-1.44797
2.46215
1.73287
-2.95444
-11.5235
-2.31539
-0.802494
-1.34318
0.429572
1.08014
10.4835
0.148757
-0.550865
7.65802
2.03794
1.08601
-0.4709
0.140615
6.91222
-27.0862
0.05359
1.30733
-1.76376
0.0196779
3.33535
-13.2656
0.0882233
-0.572681
-0.3904
11.0726
4.35712
-0.336411
-3.14997
-0.949333
1.27904
1.43908
2.80633
1.118
0.0755839
-0.611993
-1.68267
-0.0209488
1.33054
1.09203
-4.03965
-0.371741
1.03394
0.858445
-0.0511633
-4.53223
0.499068
-1.11674
0.830269
-0.275893
1.38908
0.000485563
0.939233
-3.16243
-0.320429
2.91044
1.60913
2.1192
-0.269457
0.0248551
-0.143757
3.01029
0.348516
-0.681958
2.24374
-0.921893
0.123149
-11.2305
2.05761
3.20401
-1.01891
0.958836
-0.13685
-0.155673
0.756273
0.354025
-0.57972
-0.0531409
-2.15051
0.227181
-0.416099
-0.19797
-1.22424
-0.257747
-7.3438
0.242956
-0.532076
2.95213
-1.69603
-2.23809
-2.6246
-1.00504
2.10869
-0.201261
-1.78706
-4.73269
1.26843
-3.63159
1.11732
0.510797
-0.165921
-0.0669342
-2.37099
-0.539422
2.29355
-1.43623
-0.0551024
1.62782
1.55643
13.283
-0.671639
-0.0151486
0.671698
-1.6927
-1.70708
0.630652
0.0696533
0.593749
-1.2622
0.60814
0.506281
3.49174
1.63916
-0.18432
-4.29221
-1.02883
-2.22507
-2.37364
-1.20478
-0.859
-0.202615
0.0916353
0.490292
-6.02753
-0.928266
0.561675
1.32845
-0.28223
-0.40391
1.3729
0.161215
-0.788327
0.44961
-0.30527
-1.43037
-0.563918
-0.0730159
-0.422482
-1.0247
1.16735
-0.0233028
-1.56542
0.138323
1.26549
0.790989
0.467729
3.1669
0.262622
-0.38074
2.56816
-3.1092
-2.90252
-11.8925
-0.313942
-0.753292
1.69765
-0.964668
1.73964
-0.77979
-4.43823
-0.065752
-1.00976
-0.296313
1.99421
-0.277471
0.819881
-6.30792
-2.70024
1.15616
-24.7455
0.910058
-0.95301
-0.0975021
1.75924
-1.27535
0.995406
-0.892395
-1.03686
-0.0714503
8.80756
0.285177
-20.046
0.967429
2.00521
1.22133
-0.661039
-6.97525
0.613821
-1.83966
-0.19536
-4.10398
-4.24951
5.57429
28.3514
-3.82351
0.0725546
1.29845
0.125993
214.408
1.13077
-0.745591
-3.29649
1.21897
0.926706
0.365424
2.02239
-0.59538
0.313132
0.03996
-0.423176
0.516694
0.0405448
4.53898
-1.61448
-0.081747
-2.80788
-0.778026
0.00755034
1.70162
-2.16242
-8.83194
-0.452797
-7.55385
0.487162
0.463753
1.86135
-1.00388
-0.179862
-0.37574
0.423969
-3.75889
0.6792
-0.204156
-0.254103
0.813196
0.146332
0.231709
-0.472475
-1.78728
4.12922
0.104807
1.24245
6.91952
-10.6913
-34.0151
1.36119
-0.772765
0.663724
4.71036
1.68924
-3.46403
1.32097
-1.99918
-0.083231
-14.2464
-0.00275291
-1.40361
-0.510291
0.181093
0.0711141
0.771275
-0.605835
-2.17098
0.273355
-8.39681
0.544449
3.23019
0.030518
0.488743
1.45697
-1.37083
-2.76227
0.461015
3.41947
0.289576
-0.158405
0.76633
0.0152145
-0.253184
0.259047
0.115883
1.18601
-1.31867
0.591876
-1.23497
0.0321332
0.903012
0.338357
0.91893
-1.21399
0.0750692
17.1885
-0.193677
-0.166283
-1.70598
0.79679
-1.46445
0.955145
3.72453
-63.8154
-0.103181
-2.051
-0.360233
-2.84514
-1.47918
-0.395767
0.529393
0.225583
-3.52231
5.1413
1.65252
1.06915
-1.27377
-33.087
-23.064
-1.4272
-3.92608
1.31969
0.803204
0.375834
0.39382
-1.78839
1.0462
-0.0249161
-6.60783
0.687367
-0.0939682
2.48352
0.390971
-0.570241
-4.37777
1.63451
-1.4701
0.22139
-0.569096
-0.358507
0.273929
1.9456
-0.601989
-0.234018
-0.851395
-0.426102
0.292215
-18.2285
-3.17396
-3.07087
2.95021
-0.530282
-0.589599
-0.156447
1.87637
2.22064
8.17063
0.0278329
0.884557
-1.09191
-0.694332
0.991751
-0.606669
4.02586
-0.60278
0.971682
1.50411
-0.148802
0.143579
-0.0955678
0.165272
0.229114
-0.727363
12.8454
-1.5081
-0.170812
-2.02451
-3.28277
-0.606618
-5.39496
-3.74875
-0.588548
1.03652
0.781062
-0.29724
-0.580906
-0.534673
0.168306
-0.3472
1.0747
-77.8243
1.80313
-0.261477
-0.573386
-0.920456
-3.0091
0.137705
5.12862
-0.947064
1.33026
-0.344696
-1.00851
0.580326
-0.525706
-0.459961
0.882259
-1.54013
2.89933
0.165368
-1.401
-4.46647
1.12519
1.49384
1.35269
-10.0646
1.40736
-0.00234228
-0.323542
-0.887041
2.10784
-1.69991
1.8161
1.59824
-0.412214
-0.988281
-0.608973
2.95821
0.488922
1.01036
0.459099
0.114006
1.69116
2.44489
-0.0633491
6.4744
-8.50914
4.42186
-10.3902
0.926776
-2.34564
-1.57959
4.68531
1.28777
0.71191
1.17388
-0.887699
-2.79599
4.76488
13.3773
0.612882
-1.14029
0.637603
-0.805817
0.205151
-0.738235
1.58222
-1.07986
-0.409376
-0.318156
0.346071
-0.753873
0.725055
-0.821615
-0.105403
-0.0500826
-0.861982
-1.84914
1.35645
-3.18884
4.85056
-0.102261
-0.478221
0.073753
-2.17482
-0.861371
0.0680368
0.066213
-2.84115
1.79015
-1.71614
0.802343
-1.21916
3.9075
-1.09315
0.494719
107.9
-0.590386
0.348867
-0.630542
-1.69304
0.553569
-0.196847
0.314159
2.33137
1.60588
-0.589587
2.13847
10.1505
-1.91254
-13.1872
-0.407641
-0.38163
-2.29322
0.414985
-3.10732
-4.17587
0.704678
-0.354317
-1.67133
0.458465
-4.44825
0.583203
2.09052
-2.01762
0.922163
1.35669
0.692852
-0.365363
3.27037
-0.306302
5.69632
-0.666391
-1.62935
-7.98038
-0.120586
0.0135308
-0.914474
263.758
2.84586
-0.327246
-0.594474
0.53052
-1.11314
-0.582739
0.474611
-0.177636
-0.756171
39.1943
3.09575
0.588948
-0.69595
5.51399
-0.898314
-20.0372
0.366651
-0.512193
0.29181
-3.74615
-0.627386
-2.53946
0.125542
-5.02835
-1.60116
-2.12625
-1.77906
-3.99267
10.5118
0.778667
-21.9086
1.07896
6.73363
-0.877162
1.0103
-1.9257
-0.294449
-0.451717
-5.92641
-0.181689
-0.569245
0.42832
0.0461541
-3.61785
-0.594805
1.99285
-5.28059
0.276461
2.67084
4.08928
-0.332237
1.11481
0.318301
-0.745832
-0.619277
0.172728
0.115751
0.816658
-1.8637
12.4014
-122.833
-4.18807
0.105557
1.85376
-0.0124376
-0.122771
0.990812
1.16973
-0.793943
-0.0801807
0.815445
0.0813782
-0.793011
5.52178
-0.0695593
-0.927514
-5.17239
0.246221
-0.0945442
-1.75488
0.633695
-1.09484
0.925019
-1.20222
-0.822506
1.53731
-5.67704
0.11536
0.693347
0.195555
0.547267
-6.22102
0.18433
-1.97683
-2.93798
-0.00748162
-1.32561
-0.950094
-0.843421
0.300822
3.62951
-0.814732
1.88672
-3.01388
-2.37613
1.60212
2.36223
0.432121
0.151293
0.71876
-1.58223
-0.947381
-1.94038
-0.831973
337.055
-14.9383
1.59201
5.41045
-1.34374
43.5638
-1.19026
3.03641
-0.108351
-20.1907
0.84696
-0.516924
4.61693
-0.824832
0.926242
1.10184
-0.343664
0.503796
-1.6829
0.714243
-6.19902
15.8616
0.992857
-0.90687
0.370156
0.137441
1.11928
-4.32172
-2.27554
2.77045
0.263523
3.17663
-0.615454
0.636383
0.360048
-1.02759
0.405956
-0.732533
14.1191
0.377801
0.17135
-0.310503
-9.54325
14.3264
0.988538
-1.51833
-97.5861
4.63016
1.10163
3.35276
0.449073
1.1045
-0.599168
0.39597
-7.30806
0.162982
-0.894917
1.53548
-0.393199
0.120059
-2.02832
1.80162
0.936665
3.6216
-0.197296
1.19468
19.801
4.39515
-0.343966
0.0946458
17.5499
-0.24048
1.93796
-8.25892
-0.455647
-4.62982
-0.832393
3.30175
1.30525
-0.00650295
-7.00381
-3.05118
-10.5764
1.63555
0.682115
1.77741
24.3243
0.604031
0.838761
1.01078
-0.211369
-3.96831
-0.332274
0.807947
-2.84926
0.224507
3.17963
-0.662445
0.0301111
-1.46348
6.33584
2.24945
-0.115416
-1.2834
0.83005
4.78096
1.13025
-3.30786
-0.646039
0.191467
1.47048
-4.74768
-5.62906
0.861013
0.0451795
-0.439138
-0.13884
0.189221
0.489507
0.631049
-0.700496
-0.221197
-1.47069
0.167128
-5.96901
-0.388209
0.546232
-1.92891
0.499718
0.0916748
4.37558
-0.71084
0.29419
-1.25062
-0.438499
-0.248189
-3.53742
-0.151358
1.01441
1.85533
-1.42279
-0.296603
2.30998
-1.58998
-0.770465
0.789236
-7.8399
0.276083
0.974839
-0.967504
-0.613726
8.99334
-2.02624
-1.91185
-13.6991
0.343193
-0.70025
3.59118
-1.20843
0.576606
-0.731328
0.706796
-4.22554
0.581572
0.246044
-0.191483
0.773774
0.0851591
-2.28274
0.128589
-1.43238
-1.76051
-0.0933065
7.10831
-1.09436
-2.44206
-1.01785
2.08726
-0.0341604
-0.741139
-1.78607
-2.09311
1.38717
-0.83749
3.3392
-0.496509
-5.68613
1.34136
0.0754172
-0.359278
-0.0614664
0.0652148
1.83677
-0.681571
-5.37486
-0.823629
-4.35638
-4.87314
-0.496183
0.978335
0.179359
-1.88353
-0.510808
1.04987
-0.442001
-3.09399
0.0555301
0.987638
0.276242
-0.779737
2.1048
1.51567
0.329841
0.376944
0.0579539
0.887565
14.787
-0.659129
-37.8953
0.560478
0.199281
-1.24044
0.204853
-5207.04
-0.84201
-1.47307
-1.73715
-2.05742
-0.495941
-0.864119
0.673552
0.716821
-0.0624621
-0.20456
-0.182103
1.13878
-0.198836
-1.22316
0.138024
-6.83377
-0.0981007
101.544
0.905404
5.62723
-0.514179
-0.964334
-0.139921
-2.01872
-0.484722
1.19532
-2.1313
-2.89742
-1.56914
-0.858951
-0.410836
-0.40548
-0.0383207
-0.758459
-0.603195
4.17916
0.399299
0.760082
-0.511215
0.449809
0.763408
1.08506
-0.416418
0.0569458
-0.669928
-6.5199
-3.17633
-2.24417
-0.35302
1.2218
1.19498
4.31472
13.6706
-310.958
3.70839
-1.7396
-5.04082
-1.35089
0.384407
2.84826
-4.77109
-0.582986
-1.75554
-2.93995
1.45883
-1.31199
2.75491
0.50885
4.1361
1.43783
-1.52441
20.0922
-0.141263
-0.281503
-4.2803
-0.593059
3.01393
-0.383897
-1.60574
0.507776
-0.356837
0.0227448
-0.827964
1.23483
-0.188364
-1.18505
-0.684351
-0.526145
-1.5194
4.61983
1.39499
-8.94732
13.8169
-2.0132
-3.69251
-2.6544
-0.983237
-0.427144
-1.08342
1.8652
-1.61152
1.03924
-0.214561
0.395872
0.398947
-0.0402408
-3.09916
-0.51767
0.315698
4.90413
1.02559
-5.2944
3.77214
1.39557
-0.353415
-0.263655
1.01537
5.07627
0.251602
-7.40325
-1.05739
-0.376692
-1.53772
-1.64579
-2.43347
-1.04248
0.758668
1.29478
-0.412667
-0.916513
0.00076983
3.94803
-1.06374
2.97048
-0.165053
2.03971
0.413553
-1.58858
3.06181
5.04249
-2.02571
3.71972
-1.04951
1.16307
-0.306888
-0.292723
0.554083
-1.64912
2.30843
0.785418
0.492177
0.208146
-17.5842
12.413
4.06153
1.48381
2.85639
-2.16192
-3.24677
-0.0579986
0.614688
-4.05064
3.33586
-0.779006
1.07665
2.2905
5.04442
0.500532
0.332821
-1.91764
0.0619104
-2.63725
-3.00932
-0.81383
5.4931
-0.965418
-0.328878
5.76439
-3.17721
-1.08101
1.72528
-0.0640318
0.82618
1.15489
-0.0872057
3.22261
-0.522003
1.7388
0.449251
0.108823
-6.08668
0.0162298
1.94383
-3.9073
2.22641
-0.815953
-0.430314
-3.63393
1.85218
-0.186222
0.0749297
-0.321283
-0.726633
1.34649
0.295596
-2.89758
0.14453
-2.58786
12.7067
1.22606
-8.63913
1.86923
0.611441
-1.15951
297.022
-0.586181
-1.75087
1.12485
-3.08444
-0.561281
-0.426559
1.74371
0.372226
-0.576912
1.83882
-1.63407
-1.09982
-0.784556
-94.5575
-0.985707
-2.03371
0.885752
-0.166216
2.82529
-0.496493
-0.286858
-3.82663
-0.694483
1.8402
-2.31576
0.215598
0.0985818
-1.79875
-0.91352
0.368458
4.61151
0.824601
-0.944101
0.889165
0.443459
-1.63158
-0.208588
-2.02844
-1.53118
1.67359
2.22265
1.29118
0.61467
-0.825021
-0.158417
-0.855261
-0.924818
-1.0385
-0.281735
-1.7102
-2.67328
0.219219
-0.135414
-0.710396
0.595394
-0.166252
1.57048
-8.94578
0.275328
0.327203
0.0611423
1.25842
0.739745
-0.3391
-0.64583
0.796126
1.69377
2.27523
0.313134
-0.387074
-2.44294
1.86398
1.57768
2.32095
0.222248
1.65083
0.410327
1.91692
0.917631
0.926936
-0.919152
-0.722126
-1.1621
-7.64729
0.140258
1.65793
0.12697
-0.459523
-0.126061
-0.124087
0.0932424
-3.39096
6.6351
-3.84837
0.537725
-0.0146547
-1.63368
1.5326
13.5033
10.2582
0.446129
-0.283642
0.130777
0.542115
-2.06996
0.0597658
-0.441183
0.415381
-0.718912
-0.373526
-0.609189
-26.9592
2.4877
-1.81563
0.153367
1.71079
0.425101
0.55304
-1.26735
0.147572
-0.860599
2.08318
-1.68522
-0.268367
-0.0198289
-3.0911
-0.846145
-0.770137
-0.012734
-0.0881766
4.51725
-0.288048
0.231544
0.742572
-16.5482
0.74792
-4.28052
-0.684952
2.25416
0.555262
-0.0786976
1.0532
-0.347999
0.306996
-13.0907
-0.625052
0.899767
-0.69513
-0.00899598
-1.01626
-0.205086
0.199285
-68.3379
-0.747087
-0.0528406
0.205458
0.429998
0.635765
-0.143869
1.13
-3.2536
0.0752461
-0.262241
0.763938
-0.329574
-1.38279
-0.623416
0.308398
0.158432
-0.410221
5.64912
0.895391
4.48485
-1.34688
1.23177
-0.335068
125.158
-0.430181
1.23062
0.119822
-1.21979
1.1797
4.13108
-9.41926
0.200075
0.380463
0.477556
1.57959
5.70085
2.02033
0.109045
-18.1136
0.802311
0.733197
-0.143085
-0.947799
0.0244993
-7.6393
-0.127859
-2.08416
3.80975
-3.04679
-0.201045
-2.94532
-0.333051
2.87121
-0.142572
4.326
-0.347696
7.93265
-3.4248
-0.43086
1.91608
-0.925721
0.816428
-4.77708
0.0889307
0.0611197
0.346332
-0.331615
-0.263771
0.689225
12.5447
-4.14969
1.5615
1.16993
-1.93826
-0.595588
0.610374
-1.4614
5.51453
-1.42776
-0.487139
-0.249602
0.720873
-0.85757
0.152756
5.26954
0.123976
1.08091
-2.19749
2.40017
134.721
-0.11044
-0.303628
-8.61188
1.18041
1.04063
1.5771
-4.36253
-0.57297
1.79683
1.56975
-0.133258
-3.45218
-0.409007
-0.785302
-1.09324
-1.98042
1.85046
-66.0059
3.17392
0.860115
0.814901
