0.53952
0.573165
0.489378
0.632327
0.425236
0.600394
0.575088
0.443955
0.469097
0.375629
0.494407
0.40059
0.54894
0.419375
0.604477
0.43775
0.671944
0.53022
0.424171
0.284498
0.393233
0.583221
0.777573
0.357059
0.363263
0.408571
0.515788
0.334328
0.60327
0.377381
0.57614
0.473724
0.496371
0.603448
0.463583
0.445416
0.54516
0.326894
0.43997
0.457434
0.48494
0.477595
0.482558
0.513747
0.455004
0.423381
0.423939
0.591892
0.418665
0.289962
0.411371
0.546288
0.486021
0.496621
0.52424
0.6379
0.531699
0.583716
0.364185
0.460426
0.413145
0.515072
0.583196
0.577749
0.483254
0.420379
0.540772
0.606894
0.454471
0.499733
0.382004
0.575278
0.509733
0.544498
0.504245
0.350564
0.468919
0.535704
0.630791
0.585983
0.407769
0.563195
0.635788
0.543468
0.48949
0.365828
0.365366
0.351553
0.407555
0.624992
0.375767
0.424434
0.551506
0.450793
0.560034
0.5132
0.495818
0.582277
0.460592
0.579711
0.475179
0.580054
0.365848
0.378168
0.447838
0.421787
0.564704
0.598949
0.661911
0.417967
0.483675
0.473784
0.327873
0.547484
0.557065
0.560924
0.363688
0.469503
0.481456
0.623441
0.517363
0.500198
0.581528
0.583365
0.484943
0.449918
0.565026
0.478872
0.430296
0.498414
0.370454
0.471274
0.376266
0.642746
0.511874
0.643105
0.375105
0.584573
0.400958
0.598104
0.479333
0.630504
0.57722
0.51846
0.422477
0.561271
0.403157
0.454175
0.482434
0.482476
0.581776
0.513976
0.538439
0.501722
0.429798
0.4967
0.345967
0.483952
0.390582
0.446632
0.542107
0.518863
0.596631
0.335799
0.557285
0.591291
0.492268
0.570746
0.447467
0.477479
0.502915
0.690873
0.674253
0.497202
0.488139
0.469918
0.448566
0.53372
0.541427
0.551715
0.516912
0.390591
0.600451
0.4459
0.507479
0.486383
0.507336
0.37873
0.466604
0.595373
0.509242
0.438767
0.404446
0.52434
0.415349
0.476647
0.431953
0.372607
0.527115
0.412755
0.30953
0.454483
0.434464
0.576085
0.441053
0.570345
0.421323
0.542157
0.235193
0.29456
0.649738
0.357361
0.619268
0.50555
0.392553
0.631632
0.729149
0.515276
0.560428
0.350907
0.511989
0.662479
0.619769
0.505324
0.766877
0.516047
0.523883
0.548674
0.511742
0.39189
0.4805
0.599144
0.503168
0.418759
0.454559
0.460896
0.449019
0.595455
0.655931
0.590611
0.442082
0.463926
0.38755
0.652593
0.506202
0.479756
0.6302
0.500612
0.484681
0.493615
0.415978
0.39418
0.413958
0.564232
0.493245
0.501457
0.613929
0.505516
0.511649
0.560571
0.489476
0.527461
0.556597
0.465613
0.47612
0.562521
0.538325
0.513136
0.575937
0.376141
0.491489
0.389491
0.518215
0.442206
0.56701
0.598898
0.442561
0.521156
0.498649
0.526642
0.340466
0.510577
0.402601
0.601342
0.404643
0.445097
0.619161
0.564769
0.423688
0.704451
0.431299
0.477208
0.622925
0.445606
0.495767
0.380902
0.390578
0.506869
0.398143
0.513648
0.741684
0.538938
0.49398
0.509126
0.460432
0.499887
0.624048
0.440116
0.524932
0.508089
0.392386
0.55523
0.556649
0.579146
0.371718
0.429374
0.550069
0.57989
0.551515
0.592656
0.626393
0.414578
0.469814
0.421979
0.418393
0.615424
0.470648
0.474127
0.531787
0.541632
0.604747
0.608636
0.441826
0.298153
0.441939
0.593315
0.572018
0.56739
0.589469
0.404782
0.465238
0.404123
0.411224
0.530936
0.595722
0.475956
0.51865
0.45179
0.48374
0.53862
0.754903
0.619651
0.463027
0.417481
0.419599
0.679147
0.51432
0.423665
0.48225
0.362127
0.516635
0.465211
0.508318
0.462008
0.381209
0.520709
0.472546
0.436661
0.421303
0.424924
0.460049
0.608471
0.474333
0.372903
0.556395
0.624717
0.431115
0.481136
0.60371
0.510976
0.540239
0.351334
0.350614
0.394767
0.543912
0.36445
0.449574
0.496184
0.56487
0.589582
0.356049
0.576809
0.602244
0.424423
0.559576
0.407718
0.407552
0.390987
0.62772
0.561923
0.500249
0.492322
0.469627
0.456139
0.54559
0.492996
0.426643
0.561264
0.355796
0.418152
0.4733
0.57054
0.588822
0.372959
0.462721
0.558843
0.407303
0.366325
0.576269
0.486118
0.523526
0.679764
0.538082
0.492489
0.394573
0.354346
0.630877
0.50211
0.545042
0.375672
0.500217
0.397355
0.583052
0.61889
0.460201
0.64447
0.338501
0.572731
0.614318
0.346354
0.590858
0.693653
0.581002
0.467651
0.667008
0.548148
0.464181
0.521884
0.477981
0.483337
0.534922
0.529874
0.526685
0.522992
0.591037
0.553237
0.457001
0.518159
0.537302
0.576265
0.627929
0.588595
0.579714
0.554051
0.584728
0.573247
0.553017
0.564219
0.562266
0.365045
0.501473
0.394187
0.494118
0.737313
0.408673
0.665384
0.514173
0.476122
0.622921
0.340407
0.625848
0.614955
0.550564
0.478621
0.577251
0.425071
0.490352
0.600221
0.418928
0.646991
0.657756
0.48834
0.634118
0.555578
0.498913
0.503287
0.519712
0.333172
0.419668
0.402554
0.459391
0.582327
0.455953
0.454735
0.368706
0.441675
0.487536
0.405065
0.505148
0.675514
0.447938
0.594787
0.424521
0.489728
0.609121
0.656114
0.528229
0.583682
0.420304
0.599051
0.584366
0.479761
0.556057
0.575914
0.618761
0.679275
0.579629
0.45387
0.56045
0.575444
0.553186
0.345402
0.389278
0.51126
0.527491
0.441082
0.371664
0.501995
0.519278
0.358613
0.483809
0.549212
0.435388
0.466595
0.609921
0.555127
0.428504
0.561036
0.566317
0.403222
0.370105
0.467123
0.440533
0.403024
0.602034
0.408333
0.447856
0.50402
0.478885
0.529474
0.595991
0.46569
0.439134
0.679789
0.511821
0.527666
0.543801
0.456769
0.622535
0.456085
0.597142
0.580886
0.596671
0.449205
0.414685
0.515948
0.538874
0.567394
0.429703
0.469346
0.395503
0.70965
0.529995
0.500959
0.466447
0.490811
0.392617
0.539051
0.731836
0.480669
0.535005
0.445993
0.390584
0.448224
0.526701
0.496191
0.370998
0.511349
0.406674
0.523139
0.611961
0.52416
0.427021
0.562022
0.426484
0.441426
0.594589
0.558848
0.547701
0.481379
0.70788
0.536618
0.520656
0.565328
0.487339
0.403557
0.54152
0.444478
0.472933
0.457978
0.359164
0.431441
0.413711
0.388874
0.542269
0.535896
0.599797
0.490869
0.478468
0.360942
0.488069
0.506679
0.410272
0.448678
0.548548
0.379785
0.525824
0.470594
0.309304
0.344529
0.610811
0.64039
0.503465
0.50039
0.43112
0.583866
0.622714
0.611731
0.554151
0.432547
0.457399
0.543818
0.529928
0.514766
0.554212
0.490472
0.441473
0.399931
0.348145
0.46822
0.497161
0.608745
0.526208
0.546365
0.476084
0.634183
0.556198
0.651908
0.450689
0.525059
0.464569
0.432797
0.599294
0.466033
0.573248
0.382501
0.58431
0.544967
0.50601
0.423453
0.51032
0.630548
0.450815
0.616417
0.489434
0.390127
0.615301
0.507384
0.5296
0.559777
0.438376
0.543115
0.324874
0.635572
0.521669
0.581003
0.46489
0.387154
0.620372
0.488436
0.594091
0.601647
0.383755
0.471379
0.63952
0.648055
0.661473
0.591441
0.589303
0.60927
0.592517
0.525201
0.542183
0.460867
0.569462
0.489106
0.5618
0.482902
0.421449
0.597799
0.457632
0.472944
0.48512
0.543247
0.477862
0.685597
0.433482
0.576578
0.537657
0.455843
0.408499
0.444069
0.51965
0.470501
0.653955
0.473261
0.571728
0.534193
0.470933
0.524693
0.390434
0.633191
0.419026
0.519301
0.716664
0.432584
0.562188
0.521042
0.483547
0.449211
0.608896
0.498839
0.444713
0.324851
0.522105
0.311473
0.474438
0.581193
0.575218
0.453592
0.569414
0.470122
0.506124
0.570511
0.495191
0.539927
0.37208
0.494038
0.508619
0.52001
0.534061
0.471074
0.450887
0.583772
0.599917
0.451269
0.344049
0.381325
0.431509
0.369557
0.637198
0.540757
0.571747
0.503904
0.436751
0.418672
0.473245
0.508159
0.518559
0.537778
0.61109
0.514413
0.457852
0.481328
0.338005
0.568806
0.426331
0.321237
0.590952
0.409251
0.393955
0.438747
0.584026
0.513081
0.636294
0.553519
0.423254
0.537159
0.48658
0.509096
0.3547
0.642498
0.484867
0.469671
0.508065
0.640015
0.465009
0.365173
0.523737
0.31352
0.683424
0.478661
0.452039
0.470614
0.531915
0.502101
0.489207
0.541688
0.59008
0.493593
0.5654
0.491736
0.461146
0.45116
0.625828
0.429237
0.398321
0.375253
0.54688
0.4909
0.46705
0.524135
0.504886
0.550569
0.401856
0.473356
0.465965
0.545158
0.504696
0.372561
0.491155
0.529968
0.395068
0.549881
0.551832
0.470319
0.460392
0.646235
0.426192
0.545921
0.66843
0.468849
0.498348
0.588965
0.391851
0.535367
0.407388
0.49643
0.558267
0.536944
0.494511
0.451647
0.577395
0.48075
0.472142
0.459681
0.510247
0.479331
0.389708
0.345628
0.433564
0.536327
0.596542
0.584455
0.415955
0.435055
0.503157
0.325548
0.660514
0.468516
0.517917
0.444645
0.481951
0.556398
0.486915
0.500391
0.674565
0.476692
0.590644
0.292258
0.59066
0.496565
0.551828
0.61112
0.387289
0.519168
0.584581
0.543289
0.412495
0.470072
0.465794
0.533371
0.590503
0.429087
0.535506
0.530815
0.628571
0.570219
0.733713
0.539559
0.606546
0.40457
0.456926
0.659718
0.423383
0.428014
0.468507
0.454791
0.663217
0.657507
0.522645
0.597378
0.506843
0.496928
0.562573
0.440951
0.552736
0.505374
0.429449
0.53474
0.525025
0.64786
0.469056
0.443331
0.434129
0.290432
0.649309
0.552109
0.419017
0.558674
0.402307
0.534191
0.438382
0.610702
0.480443
0.524062
0.491232
0.582693
0.666908
0.487611
0.435762
0.447077
0.406643
0.697842
0.538574
0.280532
0.52464
0.420024
0.424666
0.370955
0.474223
0.379616
0.411822
0.499622
0.508754
0.630792
0.501383
0.416762
0.495968
0.362967
0.360607
0.485826
0.394943
0.477211
0.470135
0.303745
0.591468
0.634004
0.523362
0.611503
0.638378
0.418308
0.652775
0.491404
0.473192
0.287445
0.42162
0.504404
0.58617
0.461822
0.557528
0.45295
0.487698
0.488075
0.418027
0.461775
0.474668
0.64872
0.566125
0.45114
0.521343
0.511936
0.697456
0.534037
0.420924
0.509653
0.598736
0.5009
0.579867
0.601622
0.430589
0.462423
0.617741
0.627695
0.416047
0.60307
0.551231
0.470068
0.579345
0.554946
0.541647
0.641768
0.717882
0.533684
0.661085
0.387201
0.303529
0.585069
0.483194
0.42511
0.497724
0.473129
0.430231
0.683818
0.328078
0.497458
0.408937
0.473166
0.512525
0.559582
0.643469
0.507086
0.430275
0.405186
0.364485
0.535283
0.627175
0.45108
0.439191
0.462023
0.40631
0.462776
0.427987
0.724573
0.492995
0.580621
0.629107
0.57334
0.476563
0.499435
0.623434
0.640327
0.319652
0.488638
0.657466
0.502019
0.48898
0.396884
0.603152
0.437357
0.399845
0.617261
0.60916
0.451008
0.479923
0.396129
0.608853
0.476628
0.546157
0.550708
0.676078
0.594395
0.451863
0.417572
0.520637
0.591574
0.499434
0.486201
0.491084
0.464448
0.527296
0.378823
0.603295
0.504453
0.368083
0.419765
0.639002
0.530888
0.638249
0.494589
0.359314
0.527132
0.457635
0.33131
0.653975
0.606776
0.510767
0.543027
0.397936
0.580673
0.449986
0.353339
0.512573
0.415386
0.403736
0.382918
0.429664
0.668083
0.39166
0.607687
0.432038
0.452437
0.76143
0.606048
0.495576
0.534625
0.55048
0.494643
0.483019
0.578066
0.739157
0.509176
0.440838
0.550043
0.500025
0.518844
0.52619
0.572907
0.561371
0.469948
0.541767
0.747089
0.491248
0.636312
0.482123
0.492658
0.471633
0.611144
0.495852
0.450728
0.470621
0.407009
0.643777
0.355513
0.533788
0.637636
0.584068
0.432388
0.704193
0.53728
0.541005
0.496826
0.543744
0.430416
0.4149
0.523629
0.466929
0.496567
0.666422
0.525385
0.411219
0.382086
0.559417
0.523623
0.556706
0.392767
0.572035
0.51568
0.570831
0.458175
0.286795
0.534797
0.492345
0.490607
0.545996
0.470525
0.581912
0.568666
0.509643
0.561028
0.555053
0.557407
0.57886
0.488416
0.676419
0.434095
0.448534
0.302763
0.53264
0.620615
0.528716
0.470007
0.514309
0.430612
0.625086
0.583442
0.625903
0.621486
0.294571
0.498069
0.605768
0.398368
0.49299
0.641581
0.576538
0.649273
0.707365
0.525303
0.459657
0.497611
0.416352
0.622923
0.575963
0.540317
0.547982
0.404405
0.417549
0.596856
0.504724
0.406993
0.614422
0.526399
0.601642
0.494727
0.432748
0.477517
0.414196
0.402471
0.629751
0.616736
0.558041
0.679932
0.453641
0.539363
0.523931
0.445721
0.615171
0.297998
0.566628
0.43101
0.47078
0.391187
0.597516
0.436885
0.545492
0.536715
0.456365
0.549029
0.487057
0.611043
0.538499
0.447886
0.581106
0.36845
0.529388
0.521998
0.570345
0.460451
0.449489
0.536743
0.509128
0.558116
0.737897
0.430215
0.247995
0.336921
0.704203
0.502548
0.481079
0.515813
0.453691
0.234477
0.602541
0.549193
0.441819
0.415504
0.406471
0.452554
0.439692
0.481529
0.328011
0.399546
0.393023
0.656374
0.461679
0.46026
0.632856
0.461119
0.406207
0.457572
0.547118
0.39974
0.473467
0.500398
0.447826
0.449043
0.462322
0.30977
0.569577
0.575429
0.436555
0.585634
0.510723
0.470554
0.55929
0.469355
0.479405
0.542489
0.424587
0.338886
0.532428
0.518498
0.390224
0.530643
0.695694
0.510094
0.553884
0.614131
0.530751
0.660573
0.528328
0.452387
0.46274
0.439737
0.659353
0.563373
0.510843
0.470064
0.39365
0.354448
0.2631
0.663108
0.34194
0.434108
0.613241
0.514447
0.496065
0.612173
0.527969
0.450017
0.446974
0.4817
0.438913
0.436225
0.51384
0.532845
0.254236
0.360736
0.63281
0.681013
0.46068
0.560377
0.567186
0.498598
0.537611
0.517145
0.489118
0.521691
0.530388
0.462793
0.446142
0.560151
0.531194
0.427056
0.564218
0.47145
0.591213
0.634068
0.452184
0.66576
0.638852
0.496071
0.360807
0.49177
0.504459
0.473039
0.612935
0.409739
0.552789
0.361383
0.459486
0.490351
0.400241
0.544424
0.429339
0.484941
0.544679
0.381858
0.329432
0.49471
0.661417
0.434957
0.414683
0.423569
0.319744
0.618806
0.385612
0.231294
0.550143
0.442375
0.584839
0.31069
0.343133
0.641788
0.651899
0.594498
0.586439
0.53165
0.559105
0.454832
0.348008
0.593857
0.389477
0.589929
0.488121
0.392824
0.531012
0.600037
0.434681
0.550591
0.549897
0.536334
0.481496
0.534838
0.36848
0.663735
0.370196
0.507304
0.612175
0.510535
0.292173
0.549717
0.602691
0.484837
0.497726
0.428801
0.563291
0.619753
0.625386
0.481496
0.565065
0.566396
0.465155
0.496064
0.381473
0.48571
0.545188
0.434249
0.631699
0.397229
0.38223
0.48423
0.481642
0.324864
0.361896
0.653615
0.334652
0.53687
0.615651
0.306249
0.582387
0.609169
0.537169
0.416177
0.399462
0.448225
0.531471
0.556582
0.453848
0.391723
0.416082
0.461085
0.568238
0.462307
0.39419
0.689332
0.505889
0.681685
0.595581
0.398279
0.467748
0.559428
0.531916
0.465171
0.575917
0.352832
0.538685
0.62771
0.481827
0.451222
0.476955
0.501438
0.375743
0.47014
0.44382
0.503917
0.687528
0.547867
0.691229
0.559787
0.456853
0.618752
0.578656
0.58034
0.514352
0.494897
0.485871
0.405762
0.453454
0.419714
0.487812
0.667744
0.385962
0.46396
0.544394
0.574667
0.562684
0.416854
0.483823
0.741133
0.50373
0.581912
0.458796
0.478111
0.521354
0.419185
0.530731
0.629521
0.531515
0.482609
0.587974
0.485602
0.538599
0.383187
0.429673
0.522941
0.441032
0.46579
0.547839
0.615568
0.543807
0.519369
0.415852
0.331067
0.477191
0.547405
0.342483
0.570168
0.609216
0.50747
0.576258
0.427821
0.402784
0.585779
0.645796
0.64829
0.606536
0.604673
0.497515
0.516336
0.481894
0.567976
0.642891
0.471081
0.456982
0.631218
0.453232
0.44867
0.461394
0.340749
0.440719
0.554419
0.434088
0.51778
0.340228
0.53461
0.409922
0.570443
0.357253
0.462671
0.478684
0.298985
0.373012
0.573985
0.373699
0.516223
0.498606
0.678128
0.585405
0.437454
0.545887
0.546824
0.508571
0.601015
0.233463
0.520493
0.420099
0.46273
0.472058
0.495754
0.447641
0.464522
0.574213
0.550787
0.427536
0.509476
0.509119
0.335015
0.663877
0.382698
0.574128
0.494055
0.588757
0.439318
0.580285
0.520456
0.587066
0.638047
0.449999
0.815252
0.487468
0.430699
0.600759
0.614895
0.43448
0.525137
0.339573
0.382669
0.644838
0.521136
0.618596
0.583209
0.514651
0.47568
0.503189
0.553287
0.48208
0.386232
0.479444
0.351549
0.363606
0.48758
0.57897
0.514433
0.470191
0.539842
0.524541
0.465023
0.472952
0.542304
0.400964
0.316103
0.526225
0.639747
0.431334
0.478258
0.669183
0.594963
0.48959
0.428338
0.315474
0.583229
0.506103
0.513187
0.603579
0.521465
0.523779
0.658025
0.418934
0.67691
0.437961
0.518449
0.612078
0.507131
0.50418
0.459493
0.525426
0.465229
0.423605
0.564781
0.504495
0.661138
0.4168
0.573285
0.507751
0.501943
0.572198
0.510764
0.642459
0.541168
0.406467
0.52748
0.442259
0.549023
0.499745
0.473311
0.665444
0.372634
0.569472
0.435937
0.431188
0.487303
0.622358
0.537264
0.524279
0.546868
0.474787
0.427837
0.487177
0.423294
0.457757
0.538473
0.381495
0.582627
0.523209
0.442902
0.439302
0.376491
0.444414
0.454746
0.537896
0.635321
0.453835
0.52666
0.52002
0.331594
0.48769
0.43903
0.644725
0.638302
0.207208
0.560134
0.692405
0.339982
0.642348
0.529199
0.460802
0.560626
0.354545
0.558333
0.477032
0.554838
0.440823
0.468835
0.614009
0.365632
0.60239
0.571911
0.437897
0.684287
0.476618
0.373368
0.426491
0.454732
0.482093
0.426381
0.486752
0.646928
0.452198
0.375955
0.562955
0.480782
0.433469
0.63325
0.565215
0.514134
0.700762
0.48746
0.461443
0.415402
0.392025
0.507452
0.464039
0.723494
0.591274
0.704939
0.405945
0.554634
0.489134
0.725456
0.438921
0.547773
0.426111
0.602964
0.500238
0.447298
0.774508
0.358421
0.48221
0.503765
0.640719
0.442203
0.502315
0.530436
0.470375
0.61478
0.509904
0.585412
0.414643
0.529597
0.278793
0.6562
0.366711
0.426617
0.423308
0.505566
0.603313
0.564537
0.638654
0.694582
0.666915
0.414219
0.404714
0.530772
0.399951
0.505384
0.605724
0.49634
0.493303
0.36318
0.506502
0.493437
0.336986
0.590745
0.489228
0.500511
0.36178
0.448426
0.493015
0.465773
0.536341
0.549847
0.411833
0.470872
0.435089
0.53954
0.494598
0.579878
0.617975
0.536403
0.454528
0.545736
0.563988
0.521759
0.433167
0.378338
0.576051
0.420337
0.577723
0.485453
0.525753
0.567022
0.478687
0.479719
0.532108
0.471747
0.57795
0.40199
0.369362
0.389442
0.395934
0.643328
0.474603
0.471478
0.43953
0.454965
0.476745
0.519574
0.540913
0.517615
0.494216
0.482681
0.440589
0.39851
0.449476
0.33186
0.566313
0.556597
0.324269
0.517738
0.67279
0.563346
0.630278
0.559622
0.595365
0.488667
0.495663
0.534915
0.634168
0.358431
0.568717
0.431976
0.52349
0.622178
0.415672
0.599133
0.554425
0.476562
0.440459
0.36705
0.307098
0.272166
0.480009
0.541224
0.512085
0.488317
0.529473
0.455872
0.398923
0.492589
0.627504
0.650045
0.502854
0.708689
0.482539
0.471305
0.689272
0.498464
0.346792
0.431835
0.71859
0.520811
0.545454
0.336415
0.612546
0.562266
0.644376
0.471175
0.596232
0.541129
0.390295
0.586625
0.278428
0.46897
0.483439
0.52794
0.396083
0.61041
0.743129
0.460053
0.5871
0.514118
0.502788
0.604611
0.468811
0.494952
0.621529
0.550394
0.687873
0.429266
0.525296
0.518324
0.570541
0.482371
0.491291
0.556727
0.440592
0.419213
0.565225
0.612029
0.485428
0.456355
0.551699
0.664622
0.339206
0.495359
0.543793
0.539136
0.615065
0.634731
0.358748
0.492917
0.656871
0.389587
0.522381
0.556019
0.494119
0.555254
0.595669
0.54055
0.371957
0.533042
0.562725
0.556766
0.591557
0.493462
0.400143
0.367807
0.43434
0.48417
0.623503
0.484527
0.656851
0.496997
0.457589
0.446378
0.531356
0.4904
0.702659
0.553861
0.470519
0.420748
0.469884
0.512577
0.412782
0.46785
0.534864
0.618434
0.458391
0.547203
0.408898
0.65812
0.53423
0.58342
0.353473
0.41846
0.528976
0.576383
0.464221
0.49282
0.47832
0.423653
0.426362
0.54225
0.493289
0.469726
0.494451
0.613584
0.713016
0.534742
0.475013
0.536251
0.526531
0.432303
0.491428
0.614085
0.546492
0.618051
0.486235
0.697941
0.230991
0.517742
0.466773
0.569477
0.537909
0.465529
0.625876
0.485963
0.459535
0.44023
0.570124
0.530543
0.523467
0.519394
0.363917
0.481874
0.559077
0.477967
0.448434
0.361632
0.617129
0.540458
0.42032
0.537871
0.493387
0.552456
0.455708
0.556779
0.445365
0.569468
0.540999
0.344891
0.404623
0.567992
0.422556
0.468366
0.375315
0.465844
0.413298
0.555435
0.572961
0.495738
0.394931
0.38271
0.595722
0.608179
0.530337
0.695511
0.43369
0.486748
0.551439
0.476955
0.410042
0.440886
0.513621
0.60006
0.511156
0.398328
0.608581
0.591627
0.401066
0.451359
0.503265
0.406246
0.428931
0.618095
0.523313
0.553245
0.526467
0.462031
0.525233
0.53898
0.355568
0.570123
0.502299
0.381359
0.404623
0.521697
0.644944
0.523056
0.345335
0.387536
0.527218
0.514375
0.550097
0.480478
0.516632
0.556273
0.433292
0.535942
0.505523
0.488569
0.518153
0.432803
0.637836
0.577919
0.644086
0.672058
0.556005
0.704635
0.417679
0.612788
0.418393
0.366991
0.673847
0.521928
0.538551
0.316169
0.451898
0.326381
0.573299
0.404529
0.50455
0.663089
0.437465
0.474443
0.446225
0.50464
0.648835
0.634427
0.410224
0.695071
0.207729
0.563861
0.322671
0.462546
0.391309
0.357121
0.514386
0.382597
0.393581
0.362454
0.580148
0.547691
0.367803
0.490495
0.358063
0.555866
0.428774
0.461808
0.640057
0.56325
0.448304
0.332417
0.437789
0.452294
0.427909
0.380785
0.616538
0.449579
0.358574
0.459245
0.57295
0.384081
0.478204
0.607421
0.570747
0.408844
0.413161
0.494703
0.361845
0.415983
0.641076
0.503371
0.508551
0.557036
0.537897
0.583495
0.385845
0.537665
0.672912
0.605279
0.580992
0.487757
0.491288
0.504023
0.621024
0.515014
0.474411
0.457445
0.646927
0.532141
0.394145
0.554597
0.516631
0.504771
0.477854
0.51017
0.557184
0.399306
0.576849
0.447504
0.399789
0.51688
0.381699
0.518142
0.719638
0.481684
0.553608
0.645315
0.365786
0.508909
0.44186
0.573257
0.504564
0.409629
0.333107
0.573803
0.513335
0.496928
0.529055
0.506229
0.449652
0.439662
0.574894
0.345845
0.384186
0.567221
0.361583
0.591375
0.324052
0.560739
0.5009
0.430685
0.66645
0.573197
0.422931
0.588958
0.610828
0.302904
0.671466
0.502942
0.421029
0.601884
0.473556
0.35944
0.467201
0.532713
0.335235
0.305715
0.390504
0.494381
0.666241
0.584048
0.421937
0.619807
0.462306
0.262188
0.449884
0.504634
0.474387
0.625998
0.469282
0.458992
0.570009
0.570085
0.45856
0.380922
0.542617
0.566786
0.4188
0.532217
0.450689
0.713372
0.472866
0.554421
0.469075
0.351888
0.460489
0.594819
0.610858
0.525561
0.67861
0.619221
0.328784
0.580262
0.504563
0.370414
0.331103
0.439005
0.602938
0.48818
0.447447
0.572034
0.355265
0.438796
0.556127
0.654556
0.36494
0.508975
0.635062
0.448717
0.578086
0.50124
0.524277
0.465953
0.524332
0.424739
0.588725
0.360366
0.519768
0.507564
0.445967
0.573329
0.287619
0.663646
0.573999
0.494027
0.640464
0.629339
0.440339
0.520198
0.531101
0.641839
0.594219
0.597858
0.51744
0.463613
0.539557
0.588308
0.600103
0.464046
0.557119
0.555304
0.479669
0.45153
0.470105
0.484727
0.343794
0.40629
0.548139
0.543694
0.532724
0.496215
0.520453
0.55554
0.544983
0.46505
0.319803
0.611631
0.433319
0.564301
0.404485
0.360537
0.504256
0.357246
0.506536
0.509566
0.472889
0.555478
0.530052
0.543258
0.337839
0.455439
0.574291
0.507911
0.429573
0.524428
0.58202
0.530776
0.548551
0.542604
0.514369
0.537084
0.547986
0.339533
0.4292
0.297589
0.629231
0.470861
0.490806
0.583848
0.406145
0.462722
0.564535
0.428002
0.458013
0.508534
0.550694
0.478323
0.528931
0.734839
0.387903
0.411367
0.544813
0.659919
0.406816
0.406053
0.407456
0.5509
0.540931
0.404566
0.388421
0.542128
0.601979
0.379488
0.583713
0.509618
0.30318
0.496091
0.503563
0.403389
0.464403
0.403272
0.559893
0.521575
0.559088
0.506127
0.5773
0.567178
0.363548
0.567704
0.69172
0.460408
0.445034
0.556988
0.614157
0.386554
0.475769
0.404741
0.525208
0.341384
0.585905
0.648287
0.629342
0.493075
0.569142
0.740937
0.636197
0.51175
0.430545
0.571222
0.549443
0.324671
0.316867
0.481667
0.632038
0.437224
0.495452
0.396348
0.47996
0.416839
0.34861
0.361035
0.474829
0.568996
0.426098
0.569209
0.499066
0.441557
0.54915
0.491828
0.485543
0.575632
0.48526
0.548203
0.33696
0.578266
0.513727
0.549892
0.488447
0.624238
0.377722
0.519067
0.700194
0.701308
0.469449
0.427308
0.455179
0.595271
0.520729
0.420341
0.700342
0.568207
0.372135
0.488743
0.607855
0.515366
0.469569
0.614194
0.24639
0.393133
0.587979
0.565349
0.640589
0.592556
0.60766
0.436989
0.660224
0.48997
0.369402
0.420581
0.518791
0.338256
0.510506
0.563959
0.474591
0.369318
0.434465
0.522327
0.615625
0.560396
0.492916
0.322367
0.372895
0.473844
0.659222
0.455697
0.545004
0.512069
0.348838
0.487531
0.430227
0.63632
0.392393
0.410865
0.550488
0.380068
0.593205
0.496079
0.414984
0.544754
0.40172
0.580347
0.609465
0.497693
0.415153
0.710824
0.410455
0.398973
0.561392
0.500055
0.511997
0.466206
0.651992
0.471619
0.415764
0.543032
0.489903
0.468547
0.573691
0.369292
0.4933
0.466573
0.685521
0.557834
0.547733
0.378813
0.541984
0.464927
0.424529
0.558009
0.467577
0.598323
0.504216
0.496988
0.455208
0.438996
0.419477
0.697529
0.698248
0.459643
0.582962
0.522364
0.613813
0.305072
0.491019
0.564562
0.614382
0.456611
0.595239
0.463077
0.623128
0.434701
0.609459
0.562783
0.641649
0.500912
0.570647
0.46184
0.567022
0.402581
0.597893
0.508761
0.518429
0.560366
0.494499
0.606105
0.471856
0.33101
0.51394
0.547219
0.514663
0.584643
0.561258
0.457015
0.42009
0.617981
0.527228
0.627279
0.605062
0.581825
0.453413
0.43154
0.672922
0.633284
0.70201
0.474078
0.55602
0.430159
0.555174
0.572155
0.361336
0.467012
0.494276
0.390106
0.385641
0.709394
0.610351
0.638443
0.404936
0.514827
0.472747
0.620665
0.656224
0.436076
0.433803
0.554999
0.417932
0.48437
0.573121
0.317815
0.458595
0.38717
0.485825
0.550008
0.461669
0.507194
0.494942
0.537169
0.547668
0.496387
0.418844
0.518867
0.50305
0.640578
0.550471
0.501946
0.488591
0.407594
0.505812
0.547235
0.538258
0.443624
0.574942
0.66861
0.572871
0.669676
0.659658
0.627882
0.441127
0.51198
0.707558
0.428517
0.36384
0.457229
0.653184
0.505713
0.495542
0.655595
0.352625
0.579912
0.430843
0.50146
0.548772
0.585333
0.471263
0.40386
0.430179
0.304661
0.631519
0.515662
0.547282
0.335546
0.502512
0.322512
0.625497
0.484104
0.501564
0.59965
0.365511
0.625147
0.728737
0.426691
0.546853
0.588384
0.411321
0.607525
0.651601
0.424389
0.256894
0.474506
0.400909
0.673643
0.648607
0.46314
0.447748
0.506499
0.50465
0.525501
0.495102
0.421453
0.387129
0.607653
0.50961
0.583618
0.283858
0.448377
0.47641
0.654858
0.599868
0.763524
0.691778
0.611539
0.383697
0.46237
0.615868
0.565405
0.376817
0.599356
0.508687
0.49762
0.412844
0.396641
0.448214
0.68553
0.60643
0.57993
0.480331
0.546246
0.560054
0.552053
0.476037
0.640685
0.580175
0.485824
0.572189
0.576212
0.532522
0.449723
0.547798
0.615582
0.479552
0.486988
0.43869
0.544409
0.531404
0.450717
0.519108
0.468906
0.504958
0.654648
0.379641
0.710181
0.423872
0.531257
0.506626
0.43091
0.505778
0.495915
0.518949
0.374731
0.371076
0.597821
0.643969
0.318232
0.371062
0.395476
0.41505
0.729952
0.57139
0.62652
0.64899
0.400328
0.340179
0.448735
0.312389
0.751057
0.478315
0.511103
0.611812
0.351892
0.59282
0.37079
0.643348
0.467381
0.652418
0.603993
0.412988
0.525639
0.477711
0.56561
0.489984
0.545732
0.406675
0.434706
0.581165
0.579816
0.439433
0.639801
0.714956
0.42067
0.504601
0.390041
0.399618
0.494837
0.402705
0.345311
0.471023
0.406077
0.470537
0.440418
0.47105
0.513393
0.573516
0.435483
0.498473
0.42241
0.471468
0.49672
0.449999
0.538429
0.516477
0.418801
0.419871
0.573994
0.529754
0.582046
0.452269
0.623358
0.56777
0.59472
0.541495
0.710748
0.626139
0.502713
0.550718
0.488882
0.543067
0.555953
0.570839
0.608699
0.452421
0.502912
0.566813
0.400804
0.59979
0.541584
0.559551
0.503679
0.473154
0.487381
0.567302
0.443198
0.513101
0.425388
0.481192
0.51257
0.455763
0.496466
0.475395
0.521317
0.524981
0.423733
0.553174
0.476463
0.328431
0.517954
0.505815
0.628611
0.525779
0.407436
0.512275
0.460133
0.625159
0.620042
0.43311
0.412234
0.427613
0.401945
0.453084
0.342167
0.477346
0.489832
0.50258
0.47141
0.588985
0.460231
0.438766
0.530163
0.411284
0.361716
0.593219
0.423034
0.549996
0.29276
0.293512
0.535331
0.510938
0.720022
0.542024
0.368889
0.637528
0.338917
0.586056
0.540914
0.505376
0.560313
0.53906
0.498844
0.499776
0.464263
0.413633
0.698762
0.540242
0.593693
0.402652
0.464419
0.529499
0.467994
0.395748
0.588475
0.592631
0.478517
0.544078
0.357079
0.435364
0.584983
0.487136
0.47345
0.588746
0.463858
0.43114
0.625646
0.520764
0.466776
0.519288
0.588246
0.583722
0.629123
0.559987
0.467196
0.429483
0.425919
0.479913
0.491608
0.462969
0.504184
0.444561
0.525815
0.717573
0.527986
0.439717
0.519547
0.52444
0.454404
0.433055
0.533589
0.510843
0.515692
0.535873
0.572842
0.401168
0.514925
0.560731
0.528217
0.607298
0.549463
0.421549
0.473344
0.483467
0.458607
0.548511
0.281593
0.483943
0.548823
0.590885
0.623444
0.600169
0.381976
0.556676
0.573764
0.567294
0.519007
0.488775
0.703104
0.318265
0.593571
0.503081
0.44662
0.626993
0.547131
0.514843
0.638802
0.620327
0.389058
0.455236
0.571687
0.451889
0.652338
0.430987
0.478777
0.519097
0.497478
0.505646
0.566423
0.467967
0.474261
0.281854
0.508952
0.4686
0.483027
0.539778
0.593358
0.457496
0.584191
0.537636
0.443899
0.53117
0.386716
0.506026
0.576481
0.438775
0.603335
0.568555
0.427236
0.45976
0.492304
0.397053
0.569237
0.465847
0.512521
0.560408
0.575817
0.554904
0.600876
0.45189
0.408506
0.507562
0.637731
0.480556
0.602099
0.555722
0.498434
0.488158
0.488949
0.465358
0.49585
0.503725
0.449054
0.424325
0.500878
0.573791
0.392085
0.489138
0.484981
0.507
0.372007
0.583003
0.660767
0.547639
0.504482
0.450618
0.403727
0.743376
0.501777
0.463582
0.520208
0.498321
0.559435
0.333522
0.583797
0.703258
0.523483
0.628299
0.594269
0.610709
0.436504
0.499996
0.420317
0.273267
0.605408
0.521596
0.569291
0.689403
0.553291
0.392618
0.584226
0.501742
0.71228
0.412193
0.600452
0.668597
0.483821
0.731383
0.401117
0.480302
0.537355
0.684821
0.592989
0.51769
0.437918
0.465021
0.380923
0.550848
0.487671
0.440986
0.45143
0.552021
0.63594
0.536053
0.682792
0.647382
0.556859
0.468144
0.481218
0.458109
0.613246
0.41893
0.499555
0.382017
0.419865
0.636654
0.427107
0.542778
0.388777
0.39065
0.44614
0.584539
0.383982
0.483899
0.532694
0.515514
0.732128
0.493211
0.536325
0.50493
0.53055
0.544927
0.505478
0.513473
0.563473
0.447299
0.532183
0.688182
0.481706
0.489013
0.371802
0.378472
0.32073
0.476561
0.550623
0.530821
0.42656
0.621496
0.506068
0.595365
0.528344
0.601848
0.511375
0.528479
0.441164
0.510276
0.518594
0.601171
0.50204
0.364814
0.410807
0.423918
0.436665
0.296345
0.386486
0.374331
0.423957
0.540223
0.605949
0.664859
0.469995
0.647729
0.611906
0.513458
0.622502
0.596363
0.293098
0.581008
0.351493
0.516207
0.592106
0.514974
0.391325
0.362922
0.365375
0.48964
0.383824
0.65619
0.585604
0.558993
0.481778
0.565713
0.433612
0.539129
0.566567
0.465141
0.658879
0.512836
0.703233
0.487622
0.59495
0.399784
0.600862
0.604891
0.397956
0.461538
0.365637
0.515151
0.533507
0.711383
0.628472
0.663246
0.569262
0.474747
0.598683
0.329923
0.337512
0.396768
0.339645
0.41525
0.614124
0.519361
0.481959
0.604549
0.617261
0.650878
0.584152
0.343483
0.46128
0.527299
0.320469
0.462202
0.508281
0.614597
0.419877
0.576763
0.541788
0.527775
0.499878
0.559291
0.244076
0.642794
0.633321
0.706638
0.290702
0.453442
0.555878
0.350607
0.382821
0.475924
0.566418
0.541026
0.419887
0.629795
0.592036
0.496315
0.472398
0.424571
0.38401
0.4544
0.346354
0.457201
0.480506
0.370165
0.538127
0.576306
0.616385
0.493873
0.46049
0.594922
0.579974
0.328298
0.377577
0.534228
0.41123
0.500568
0.41855
0.656529
0.405216
0.598023
0.446842
0.59658
0.429383
0.505649
0.543796
0.526054
0.482641
0.545946
0.522635
0.386798
0.418765
0.46038
0.32065
0.604277
0.526201
0.684808
0.424595
0.443372
0.600856
0.459601
0.466246
0.394515
0.668027
0.578428
0.382172
0.378901
0.704093
0.517973
0.563741
0.437287
0.578189
0.404114
0.530465
0.517715
0.678572
0.558398
0.341775
0.703223
0.30793
0.431918
0.519392
0.521427
0.426422
0.57196
0.584446
0.553617
0.490767
0.380115
0.620568
0.511811
0.582223
0.508776
0.556179
0.477965
0.635834
0.606273
0.616254
0.400357
0.577859
0.559138
0.525857
0.31789
0.447823
0.493302
0.454773
0.733904
0.526156
0.484302
0.474608
0.486813
0.507926
0.489836
0.656747
0.465699
0.557705
0.356319
0.471592
0.494758
0.350125
0.664347
0.456542
0.461284
0.645228
0.56627
0.502194
0.487653
0.46723
0.632353
0.463294
0.348558
0.449869
0.660286
0.532977
0.510508
0.481017
0.616089
0.425889
0.421416
0.523784
0.562723
0.497785
0.403849
0.510865
0.596032
0.486274
0.406321
0.403409
0.445875
0.489355
0.342776
0.675241
0.513644
0.605473
0.401192
0.427765
0.505591
0.540826
0.628024
0.560434
0.48471
0.44668
0.495979
0.516202
0.502178
0.381516
0.638399
0.390888
0.582647
0.599812
0.584308
0.339932
0.525962
0.651344
0.453969
0.535534
0.451158
0.53189
0.37556
0.421735
0.546878
0.35826
0.559381
0.584471
0.405611
0.64762
0.516768
0.598224
0.307475
0.363078
0.536679
0.330392
0.582504
0.444568
0.633701
0.579021
0.4187
0.276073
0.556998
0.489119
0.496414
0.447271
0.400513
0.43724
0.617841
0.549716
0.480512
0.493623
0.36378
0.404695
0.447335
0.465642
0.548
0.451938
0.574011
0.495906
0.652914
0.635388
0.615173
0.432837
0.418483
0.40427
0.555473
0.411119
0.619602
0.504717
0.467506
0.473914
0.605462
0.669269
0.575019
0.538295
0.587684
0.718559
0.367942
0.549865
0.452306
0.471569
0.541619
0.49206
0.433968
0.417823
0.533313
0.310183
0.528935
0.536965
0.604925
0.479715
0.636876
0.558173
0.471587
0.293017
0.609591
0.633879
0.501602
0.558047
0.548179
0.359342
0.513971
0.597239
0.428387
0.501597
0.57554
0.504255
0.447206
0.608385
0.650571
0.560815
0.472015
0.44965
0.481319
0.635363
0.436895
0.601276
0.479003
0.479856
0.568987
0.412711
0.580298
0.51049
0.541069
0.507205
0.575307
0.602707
0.53479
0.545385
0.438704
0.550362
0.462305
0.339949
0.396557
0.433466
0.53231
0.641264
0.537105
0.40843
0.559774
0.620711
0.524537
0.479301
0.706935
0.560632
0.500629
0.427977
0.506428
0.416778
0.459847
0.675942
0.255668
0.451179
0.559312
0.519589
0.584907
0.54039
0.575835
0.425719
0.58967
0.546111
0.647947
0.493355
0.581541
0.592184
0.441712
0.682523
0.549568
0.52403
0.454811
0.480188
0.537821
0.5336
0.524233
0.518075
0.532933
0.614953
0.428644
0.576622
0.418723
0.27261
0.477316
0.503852
0.493289
0.53685
0.553255
0.647477
0.657243
0.447159
0.528977
0.343081
0.470024
0.547073
0.399127
0.520762
0.634534
0.590677
0.474955
0.487141
0.508593
0.693059
0.461406
0.409181
0.555015
0.364059
0.488401
0.270776
0.330373
0.546665
0.493633
0.392634
0.575815
0.438459
0.655004
0.500469
0.611553
0.506529
0.446608
0.596075
0.549956
0.413306
0.642934
0.430379
0.430435
0.35282
0.721759
0.597105
0.642611
0.453884
0.516976
0.460193
0.442511
0.638758
0.348381
0.397682
0.579849
0.432881
0.506225
0.389273
0.442707
0.403273
0.394129
0.394311
0.489219
0.36026
0.43472
0.561493
0.574155
0.389186
0.518144
0.581099
0.691553
0.485834
0.524397
0.535104
0.442872
0.551275
0.576171
0.420043
0.403369
0.658928
0.579728
0.51204
0.397729
0.438621
0.387063
0.512938
0.50924
0.429491
0.563425
0.461013
0.535069
0.635584
0.270029
0.509257
0.363516
0.475039
0.372583
0.468785
0.587365
0.445802
0.562019
0.384407
0.580758
0.4378
0.324639
0.55399
0.455284
0.503586
0.424599
0.42271
0.474273
0.35645
0.462519
0.477877
0.442535
0.397076
0.449711
0.539504
0.402118
0.476789
0.488351
0.486356
0.452872
0.487543
0.473683
0.676723
0.579952
0.525758
0.535115
0.517708
0.508634
0.30921
0.508868
0.306342
0.420106
0.333158
0.68561
0.410362
0.550194
0.533962
0.50228
0.376061
0.556247
0.585446
0.648109
0.445076
0.675686
0.385323
0.530608
0.431594
0.513021
0.395992
0.498078
0.555926
0.380395
0.486086
0.640988
0.349951
0.380029
0.376161
0.595337
0.544476
0.455177
0.423943
0.346897
0.518073
0.549537
0.591601
0.386032
0.63148
0.603291
0.519522
0.388545
0.491213
0.577271
0.588114
0.398801
0.380524
0.535007
0.481186
0.567155
0.565422
0.62569
0.571481
0.444496
0.527955
0.599386
0.530977
0.562483
0.498522
0.4491
0.625611
0.628858
0.453491
0.512575
0.486072
0.442975
0.413943
0.579992
0.553406
0.48749
0.52588
0.342024
0.380137
0.577916
0.521793
0.375971
0.524697
0.552536
0.657976
0.405981
0.408949
0.360967
0.491543
0.486663
0.21564
0.46041
0.60562
0.447648
0.384655
0.554444
0.310695
0.599964
0.32394
0.309974
0.544693
0.543362
0.483055
0.563732
0.46381
0.427002
0.544279
0.480528
0.56072
0.504199
0.468274
0.551194
0.66628
0.385213
0.488327
0.518987
0.485392
0.430344
0.579201
0.498961
0.487205
0.438867
0.433707
0.405626
0.614393
0.477634
0.562074
0.529974
0.395753
0.456454
0.486291
0.507759
0.640899
0.395625
0.533578
0.496652
0.665392
0.444289
0.640196
0.630741
0.439122
0.496569
0.358839
0.44656
0.470348
0.515701
0.519867
0.575653
0.532284
0.514679
0.328687
0.574458
0.408682
0.555211
0.588611
0.613051
0.579385
0.515046
0.620554
0.570101
0.386346
0.437041
0.407962
0.582158
0.51515
0.511591
0.3274
0.271162
0.496609
0.55735
0.432252
0.42487
0.577517
0.553429
0.539023
0.63066
0.529209
0.439565
0.522759
0.56395
0.457057
0.83901
0.560141
0.708269
0.343626
0.472183
0.465818
0.534784
0.602685
0.417422
0.549616
0.494868
0.440837
0.538416
0.479247
0.480084
0.518054
0.536229
0.465194
0.579731
0.467929
0.59706
0.491496
0.416897
0.382991
0.595211
0.49814
0.369709
0.489958
0.473961
0.277864
0.385308
0.434356
0.465394
0.482137
0.469793
0.463407
0.423442
0.638175
0.488211
0.440706
0.432734
0.560832
0.53443
0.54564
0.519093
0.700282
0.331508
0.605128
0.625834
0.498396
0.398963
0.474712
0.433262
0.433783
0.574133
0.630621
0.487074
0.51748
0.500575
0.35392
0.564657
0.558305
0.497265
0.382407
0.746518
0.648932
0.59811
0.475459
0.373412
0.430755
0.502097
0.38153
0.45798
0.577667
0.500145
0.417571
0.282998
0.495892
0.445554
0.564143
0.556631
0.469044
0.510687
0.54955
0.608358
0.384615
0.42332
0.44083
0.497505
0.660143
0.60188
0.578985
0.569635
0.544315
0.609556
0.390363
0.534289
0.500306
0.423075
0.57562
0.650874
0.485698
0.462681
0.422252
0.397779
0.425321
0.555669
0.406187
0.763064
0.530429
0.506596
0.542468
0.533361
0.349623
0.423056
0.414614
0.370907
0.443983
0.29672
0.456719
0.556903
0.560892
0.465088
0.581963
0.442679
0.538077
0.380213
0.545646
0.588431
0.401411
0.58641
0.50048
0.382562
0.427058
0.559769
0.446321
0.522963
0.520575
0.488051
0.69613
0.504824
0.522616
0.570346
0.474416
0.297876
0.482909
0.491636
0.433997
0.309217
0.451211
0.278206
0.421422
0.41618
0.515987
0.365604
0.640917
0.41697
0.478569
0.511654
0.361292
0.485076
0.382609
0.5628
0.579722
0.526757
0.525643
0.53283
0.500886
0.329173
0.461634
0.378825
0.409475
0.350008
0.560398
0.359952
0.508581
0.537738
0.421815
0.440504
0.36606
0.484939
0.249804
0.449364
0.455439
0.405354
0.573037
0.633865
0.597514
0.488682
0.456409
0.44678
0.403293
0.62536
0.379322
0.380986
0.688467
0.506879
0.463862
0.417086
0.574139
0.49545
0.417971
0.475103
0.508066
0.420131
0.615776
0.46209
0.435189
0.594806
0.46923
0.383338
0.41577
0.766661
0.352287
0.435579
0.433988
0.69214
0.520841
0.426433
0.259367
0.600572
0.328695
0.565066
0.517943
0.544015
0.57187
0.644857
0.499617
0.545081
0.400567
0.289609
0.572658
0.44283
0.62017
0.260671
0.495869
0.500093
0.459658
0.523059
0.313438
0.473833
0.417866
0.444513
0.487049
0.663501
0.605049
0.452131
0.464346
0.640544
0.479229
0.59709
0.602377
0.525579
0.633855
0.578658
0.45918
0.617965
0.525318
0.554547
0.636199
0.395843
0.535898
0.615413
0.498753
0.392941
0.449771
0.527081
0.521308
0.521766
0.4767
0.444874
0.498842
0.451061
0.590104
0.380194
0.435116
0.5587
0.45319
0.550292
0.563191
0.469461
0.588909
0.467934
0.473078
0.550411
0.506484
0.528462
0.515931
0.474917
0.629319
0.427526
0.523711
0.579569
0.476125
0.493549
0.627808
0.226591
0.52911
0.444748
0.379612
0.447594
0.480149
0.481357
0.270577
0.582811
0.47783
0.39943
0.518831
0.543219
0.505363
0.363414
0.433947
0.511262
0.501312
0.500466
0.390981
0.459144
0.392192
0.480242
0.439454
0.501956
0.537959
0.519696
0.44246
0.516174
0.498492
0.603196
0.485624
0.342364
0.41117
0.434037
0.41516
0.454186
0.526688
0.634237
0.55882
0.414081
0.482288
0.685248
0.553038
0.349329
0.398615
0.453029
0.54413
0.470394
0.56843
0.466693
0.650918
0.416815
0.462446
0.420714
0.470684
0.454139
0.509597
0.546483
0.579912
0.558683
0.516064
0.649759
0.625765
0.515217
0.369418
0.636365
0.423823
0.615903
0.63128
0.449239
0.572099
0.487136
0.453917
0.515746
0.460908
0.384207
0.563237
0.454938
0.502688
0.581969
0.432665
0.420213
0.625384
0.753014
0.329414
0.453635
0.367576
0.463089
0.446713
0.503929
0.383032
0.426824
0.542566
0.610959
0.5069
0.555069
0.587651
0.585288
0.555306
0.688461
0.582009
0.412177
0.524631
0.450105
0.332197
0.585188
0.526287
0.463529
0.387602
0.525306
0.437347
0.470363
0.416673
0.567314
0.566882
0.345477
0.460811
0.595902
0.532447
0.445589
0.435751
0.689792
0.510629
0.64062
0.557231
0.38293
0.470148
0.665396
0.449841
0.377598
0.615497
0.392518
0.55493
0.545053
0.56367
0.465572
0.385494
0.525095
0.346035
0.545065
0.483011
0.386756
0.571954
0.507803
0.713201
0.538066
0.410268
0.503684
0.39474
0.473643
0.539322
0.512172
0.486959
0.524633
0.585701
0.453985
0.569639
0.426309
0.516421
0.601827
0.529977
0.644419
0.468805
0.497272
0.628905
0.502146
0.496848
0.419171
0.450903
0.625343
0.48237
0.56227
0.648536
0.674465
0.603821
0.572966
0.674941
0.457417
0.575093
0.252449
0.654534
0.518311
0.361277
0.375722
0.474238
0.472913
0.647776
0.588315
0.484565
0.612333
0.383767
0.630737
0.48191
0.422293
0.440508
0.404052
0.500452
0.666105
0.51952
0.42818
0.47409
0.455253
0.515216
0.55788
0.735866
0.682254
0.581069
0.409573
0.504365
0.416282
0.467947
0.515513
0.363605
0.562777
0.397783
0.56006
0.574981
0.564088
0.405256
0.466083
0.366822
0.568931
0.524714
0.387838
0.529195
0.424282
0.519093
0.529912
0.498586
0.644049
0.542109
0.350115
0.549138
0.384686
0.294543
0.517506
0.414148
0.408683
0.379971
0.484977
0.543572
0.342641
0.384801
0.599144
0.560285
0.537428
0.502048
0.508543
0.509922
0.413698
0.387764
0.444435
0.506104
0.426819
0.483617
0.536776
0.554938
0.511059
0.758605
0.491226
0.599666
0.463653
0.617445
0.591321
0.558389
0.405137
0.592711
0.403225
0.334832
0.603145
0.682297
0.548763
0.464134
0.372631
0.513356
0.475721
0.412669
0.466255
0.408363
0.292657
0.582973
0.444467
0.498485
0.448781
0.481827
0.565591
0.573997
0.627723
0.391636
0.461999
0.680984
0.587283
0.542235
0.469248
0.568116
0.415572
0.51229
0.45083
0.556815
0.487177
0.396515
0.411962
0.552655
0.69134
0.556935
0.521641
0.535381
0.567338
0.33346
0.562949
0.359445
0.220607
0.421075
0.407391
0.46651
0.506389
0.327978
0.659818
0.555887
0.55597
0.411024
0.646276
0.378415
0.483877
0.641866
0.517912
0.613805
0.452655
0.389235
0.419809
0.261029
0.485158
0.509784
0.524474
0.515841
0.402532
0.32202
0.455404
0.529061
0.529388
0.494811
0.326997
0.433781
0.545916
0.614036
0.502836
0.59918
0.379979
0.597956
0.425135
0.613177
0.520526
0.613914
0.493957
0.315668
0.596902
0.606005
0.375561
0.498636
0.606975
0.575408
0.495034
0.658947
0.590212
0.56206
0.519138
0.434173
0.330176
0.458434
0.561091
0.471338
0.434167
0.443171
0.439772
0.272972
0.476015
0.454378
0.501628
0.434431
0.601319
0.629416
0.464341
0.530954
0.582702
0.520045
0.567092
0.532442
0.475949
0.548815
0.51305
0.418522
0.46614
0.604629
0.365473
0.435931
0.606226
0.582442
0.509617
0.584844
0.438711
0.354069
0.418408
0.540255
0.554457
0.514129
0.460631
0.609072
0.480839
0.57718
0.566152
0.393136
0.504813
0.509112
0.413488
0.47285
0.424716
0.557924
0.430812
0.545712
0.487894
0.606019
0.502259
0.348501
0.509559
0.398196
0.447197
0.461451
0.381523
0.706551
0.490876
0.737261
0.467778
0.475505
0.470683
0.517301
0.447129
0.447254
0.523003
0.491942
0.701419
0.599921
0.571439
0.431448
0.361103
0.537742
0.587979
0.458383
0.508277
0.654668
0.524419
0.452067
0.700499
0.349745
0.712192
0.570085
0.517034
0.304731
0.404475
0.441432
0.542459
0.541372
0.485276
0.53039
0.590806
0.657857
0.495968
0.489754
0.536731
0.500944
0.430488
0.616584
0.658476
0.562323
0.626266
0.493147
0.510654
0.494791
0.628657
0.540302
0.533186
0.525848
0.532486
0.530061
0.365997
0.403371
0.605069
0.598604
0.577354
0.640019
0.470862
0.570593
0.527012
0.430101
0.688669
0.450097
0.573613
0.594617
0.578125
0.653027
0.399084
0.567265
0.652949
0.550488
0.361018
0.466199
0.594246
0.361981
0.497356
0.503374
0.447903
0.281931
0.395925
0.565337
0.455941
0.442548
0.504695
0.556363
0.532418
0.710547
0.596892
0.326859
0.370303
0.684797
0.418377
0.516986
0.316488
0.506498
0.532996
0.527497
0.577926
0.413007
0.544875
0.486797
0.422606
0.460978
0.414928
0.515292
0.314922
0.514011
0.402112
0.495083
0.475727
0.634509
0.548253
0.435148
0.38317
0.639035
0.58856
0.479126
0.531173
0.370907
0.608192
0.334899
0.538214
0.41339
0.578563
0.512171
0.549844
0.411297
0.495323
0.536273
0.304143
0.388401
0.603251
0.463479
0.330127
0.442554
0.531563
0.35512
0.524862
0.569954
0.576432
0.574827
0.505864
0.414542
0.355799
0.555282
0.461106
0.458019
0.424817
0.537842
0.419762
0.760525
0.278569
0.520489
0.442588
0.531545
0.581983
0.556541
0.481617
0.455131
0.555133
0.528632
0.384643
0.713083
0.505415
0.57945
0.520726
0.544233
0.636343
0.61282
0.378754
0.347527
0.37603
0.685678
0.441865
0.381136
0.356657
0.593571
0.366323
0.629333
0.439542
0.509319
0.594208
0.503434
0.5187
0.466516
0.60508
0.512609
0.449049
0.686566
0.562554
0.584916
0.633724
0.43001
0.537482
0.738434
0.568214
0.509895
0.590255
0.596898
0.477349
0.536995
0.470496
0.413792
0.494416
0.373712
0.543194
0.61335
0.519977
0.455518
0.376132
0.576491
0.561256
0.39583
0.424214
0.494201
0.291219
0.622255
0.622106
0.480444
0.579768
0.599141
0.447359
0.581189
0.737746
0.47344
0.441997
0.535685
0.477738
0.437885
0.381296
0.640639
0.533917
0.537551
0.654291
0.537497
0.39649
0.652858
0.571317
0.287536
0.504562
0.474146
0.439671
0.41903
0.404517
0.439958
0.449266
0.525273
0.419309
0.443208
0.685931
0.461772
0.487331
0.516437
0.340786
0.535451
0.517803
0.589396
0.609902
0.398264
0.672914
0.569229
0.579258
0.552096
0.525226
0.625548
0.565746
0.541423
0.552135
0.569735
0.535803
0.454681
0.61746
0.599839
0.349003
0.374854
0.553514
0.539442
0.474718
0.514321
0.395295
0.53095
0.405771
0.438517
0.73171
0.550735
0.443737
0.527513
0.527036
0.595632
0.456382
0.544137
0.429094
0.547306
0.608468
0.571803
0.418897
0.553036
0.542955
0.454725
0.56981
0.668503
0.54041
0.517753
0.672557
0.290186
0.610206
0.362578
0.645666
0.662018
0.567894
0.431579
0.589243
0.372972
0.428879
0.400151
0.553252
0.26928
0.499353
0.502836
0.579724
0.687033
0.571183
0.418155
0.341656
0.467919
0.328266
0.431534
0.439586
0.552907
0.547604
0.365276
0.430147
0.455699
0.429183
0.409047
0.549173
0.499825
0.614471
0.603872
0.555205
0.460266
0.654175
0.527195
0.557548
0.582525
0.461644
0.496036
0.606271
0.559117
0.539107
0.449881
0.309875
0.425452
0.589711
0.494394
0.709592
0.594135
0.529099
0.481645
0.577577
0.478733
0.586058
0.472015
0.319543
0.565087
0.632548
0.567522
0.550653
0.470287
0.40919
0.525806
0.476783
0.586449
0.513095
0.458568
0.45153
0.438463
0.39068
0.38777
0.492644
0.491939
0.428901
0.477445
0.529823
0.529558
0.464122
0.578501
0.419106
0.571126
0.428614
0.518416
0.397376
0.344611
0.530457
0.637283
0.463751
0.522499
0.413405
0.416151
0.462964
0.51984
0.469056
0.563189
0.509054
0.40736
0.574438
0.617698
0.526028
0.625089
0.503925
0.401528
0.495402
0.388928
0.515155
0.492013
0.488814
0.464677
0.634415
0.510036
0.427205
0.441018
0.567751
0.4114
0.546302
0.465009
0.439807
0.339175
0.261479
0.510681
0.51322
0.339263
0.613286
0.333329
0.567151
0.46092
0.438275
0.419167
0.514326
0.358524
0.547994
0.371994
0.511731
0.480407
0.412325
0.485601
0.470905
0.475093
0.53161
0.532639
0.399531
0.564819
0.445292
0.557729
0.406841
0.430759
0.463087
0.594607
0.48108
0.523876
0.517979
0.534131
0.398121
0.559885
0.528607
0.552028
0.446046
0.576324
0.421896
0.462253
0.551318
0.52427
0.505085
0.493908
0.46796
0.53677
0.389538
0.396653
0.541895
0.360567
0.457075
0.461617
0.488442
0.55727
0.522764
0.401819
0.521693
0.574617
0.486464
0.668141
0.3503
0.458013
0.578645
0.583951
0.504991
0.517089
0.394315
0.563474
0.388886
0.481502
0.472158
0.436063
0.4425
0.474792
0.414258
0.430537
0.491074
0.60459
0.5551
0.5808
0.49267
0.412031
0.576771
0.395978
0.431245
0.542756
0.330601
0.495329
0.399693
0.496394
0.363762
0.440248
0.593644
0.580992
0.562601
0.502683
0.387562
0.543332
0.612797
0.491319
0.390494
0.365672
0.63968
0.613945
0.57958
0.613916
0.530365
0.586409
0.385234
0.491792
0.552603
0.605624
0.452673
0.500141
0.573553
0.486117
0.630257
0.619931
0.344964
0.516625
0.535896
0.63216
0.459503
0.625311
0.528529
0.557342
0.596303
0.449159
0.462509
0.441802
0.462025
0.585167
0.428458
0.337513
0.49706
0.657995
0.384984
0.616784
0.354745
0.47072
0.561391
0.432598
0.574759
0.612416
0.562333
0.379954
0.560163
0.47831
0.53111
0.433084
0.630784
0.515246
0.529119
0.527968
0.363992
0.637299
0.364711
0.529066
0.447124
0.46334
0.55554
0.463762
0.454155
0.510424
0.534225
0.427508
0.622464
0.433904
0.507945
0.457202
0.543816
0.437174
0.358378
0.439874
0.497004
0.48102
0.619164
0.468273
0.43782
0.404552
0.293844
0.57448
0.525361
0.426742
0.378037
0.367207
0.401911
0.629612
0.525376
0.667975
0.456953
0.631162
0.447498
0.585893
0.394121
0.438138
0.664198
0.49029
0.483221
0.525796
0.4206
0.534976
0.617675
0.423831
0.364008
0.557466
0.411079
0.494675
0.423857
0.320993
0.254817
0.472403
0.463996
0.386704
0.621952
0.687522
0.477275
0.39794
0.340916
0.634929
0.468236
0.528038
0.375788
0.449381
0.420447
0.787637
0.538226
0.634841
0.470828
0.606982
0.319418
0.451073
0.414086
0.403262
0.468684
0.392946
0.436163
0.51255
0.458637
0.504862
0.526374
0.41044
0.365117
0.554833
0.543702
0.565006
0.553371
0.549697
0.513501
0.360251
0.500226
0.405044
0.50662
0.597725
0.495329
0.490415
0.503768
0.428542
0.452736
0.552398
0.473706
0.287545
0.427492
0.375265
0.594627
0.495907
0.370069
0.470816
0.623892
0.467975
0.464824
0.596146
0.572039
0.602719
0.486941
0.48006
0.462785
0.659642
0.475577
0.395921
0.561521
0.413586
0.259222
0.550718
0.430568
0.552349
0.482573
0.667185
0.520254
0.425606
0.572476
0.517846
0.33066
0.473121
0.443825
0.526863
0.379634
0.554793
0.384512
0.487624
0.588504
0.474606
0.271883
0.35102
0.447638
0.435057
0.461364
0.421402
0.549851
0.578223
0.451272
0.554239
0.480374
0.564099
0.366037
0.681515
0.427927
0.506411
0.413404
0.497965
0.432204
0.530619
0.459423
0.423242
0.508847
0.438371
0.528335
0.412174
0.593797
0.457182
0.372746
0.61728
0.524656
0.523664
0.472742
0.514748
0.527505
0.593144
0.510912
0.587115
0.503381
0.388052
0.533492
0.512926
0.509423
0.391995
0.546149
0.445653
0.505445
0.565943
0.506193
0.471222
0.487513
0.607509
0.461298
0.515502
0.455846
0.693828
0.648076
0.630157
0.565176
0.343058
0.402145
0.417267
0.581457
0.499078
0.44461
0.560208
0.519622
0.68848
0.398151
0.310237
0.562826
0.518474
0.449204
0.535336
0.364449
0.378873
0.510979
0.569842
0.509861
0.380852
0.555386
0.610458
0.365773
0.609684
0.470162
0.486249
0.570755
0.388234
0.460824
0.687267
0.321298
0.64247
0.455322
0.468485
0.383553
0.42982
0.382569
0.552741
0.51171
0.535717
0.384285
0.438436
0.579703
0.563214
0.582894
0.47474
0.53375
0.535071
0.666481
0.59913
0.449002
0.597264
0.3651
0.339059
0.424357
0.557375
0.481008
0.461655
0.475281
0.610886
0.398676
0.412306
0.38525
0.502881
0.438723
0.615092
0.452223
0.642256
0.433171
0.414987
0.617322
0.530005
0.487745
0.623847
0.688682
0.582727
0.260167
0.389177
0.474225
0.527009
0.321738
0.536748
0.712875
0.409867
0.582718
0.645134
0.344522
0.414984
0.450355
0.492282
0.484834
0.49398
0.451643
0.671257
0.571772
0.616505
0.391215
0.60435
0.526477
0.412484
0.428029
0.391735
0.421939
0.42433
0.542787
0.512924
0.478687
0.506536
0.531338
0.556289
0.407477
0.504532
0.497554
0.583953
0.394762
0.514258
0.632481
0.346361
0.577496
0.468423
0.354844
0.542931
0.479623
0.414952
0.551241
0.682135
0.583353
0.547655
0.392688
0.526471
0.484144
0.418681
0.617409
0.614763
0.429063
0.506866
0.458083
0.636275
0.263987
0.43558
0.455024
0.488173
0.515904
0.528257
0.535048
0.479868
0.412315
0.459281
0.549083
0.55483
0.490578
0.50246
0.449829
0.582483
0.27575
0.498829
0.554089
0.429827
0.406319
0.460084
0.47264
0.554456
0.462968
0.393447
0.503828
0.567683
0.506309
0.378311
0.475318
0.398513
0.555289
0.644553
0.581742
0.546218
0.538787
0.496911
0.504251
0.541333
0.528645
0.499376
0.511261
0.641886
0.613224
0.478061
0.627971
0.473743
0.696301
0.520562
0.525497
0.480938
0.606935
0.644333
0.518779
0.68394
0.581704
0.676146
0.675648
0.650786
0.631501
0.429237
0.52778
0.368096
0.430833
0.484254
0.637498
0.455954
0.468393
0.474682
0.512693
0.502742
0.473421
0.346918
0.575396
0.502976
0.483149
0.609737
0.477833
0.463282
0.542442
0.60738
0.423068
0.498633
0.527491
0.64507
0.685611
0.373038
0.561208
0.465254
0.440664
0.645885
0.538765
0.417429
0.398954
0.467171
0.607482
0.583926
0.507385
0.521893
0.346064
0.718555
0.514005
0.655891
0.363961
0.624567
0.409099
0.522489
0.692413
0.542885
0.542474
0.571285
0.664511
0.541127
0.580283
0.357481
0.482401
0.388436
0.603035
0.282187
0.345532
0.470697
0.559702
0.581156
0.464623
0.545232
0.481121
0.36142
0.511823
0.553601
0.519174
0.542372
0.458308
0.505663
0.416505
0.389819
0.526325
0.517605
0.524811
0.538602
0.533521
0.331133
0.578042
0.581391
0.533113
0.460609
0.490101
0.458299
0.754295
0.409389
0.58494
0.513991
0.423019
0.5662
0.480215
0.595986
0.594084
0.536893
0.533944
0.4499
0.351255
0.386443
0.526909
0.424401
0.532898
0.660626
0.391797
0.630655
0.416412
0.426284
0.513392
0.408121
0.545514
0.613683
0.512366
0.530536
0.610215
0.463936
0.288548
0.342998
0.590113
0.479047
0.337794
0.453063
0.547396
0.441629
0.569871
0.405814
0.406743
0.415904
0.543068
0.45489
0.385083
0.561096
0.694498
0.4985
0.534965
0.682895
0.383364
0.681457
0.541051
0.51817
0.577718
0.471329
0.460062
0.492656
0.503553
0.498802
0.620236
0.410868
0.538316
0.609423
0.497197
0.432032
0.56924
0.60587
0.558868
0.455334
0.65015
0.466976
0.422871
0.382349
0.47871
0.511732
0.495616
0.544021
0.479313
0.433549
0.363086
0.474099
0.415158
0.462062
0.579096
0.380483
0.466273
0.416826
0.34756
0.510432
0.59858
0.399256
0.421144
0.625156
0.512353
0.326198
0.339386
0.593815
0.496691
0.440576
0.405211
0.686493
0.62994
0.341549
0.449509
0.490245
0.454254
0.45868
0.459254
0.391844
0.415778
0.551629
0.545387
0.565386
0.6002
0.448922
0.402517
0.572445
0.606743
0.546376
0.563219
0.627
0.491888
0.567794
0.475549
0.596887
0.477457
0.54757
0.433112
0.508056
0.555921
0.526885
0.562864
0.387455
0.439124
0.462193
0.426563
0.324886
0.484848
0.426736
0.417589
0.453701
0.498963
0.542866
0.635629
0.544766
0.449167
0.314956
0.597499
0.37762
0.33961
0.539748
0.593164
0.597297
0.383976
0.552989
0.521797
0.684828
0.57787
0.428256
0.543491
0.463952
0.509661
0.37589
0.55803
0.636088
0.56218
0.496996
0.372897
0.480187
0.645989
0.5295
0.648494
0.573576
0.468181
0.580274
0.609304
0.484458
0.378991
0.369388
0.385531
0.556261
0.451748
0.41956
0.400521
0.548552
0.439993
0.505928
0.345061
0.418771
0.518874
0.338279
0.580416
0.52358
0.656192
0.579907
0.587759
0.488116
0.371775
0.514318
0.632426
0.636029
0.632128
0.553011
0.637218
0.392652
0.590581
0.334601
0.559732
0.368231
0.521451
0.497591
0.444502
0.597653
0.51001
0.516123
0.671517
0.557632
0.448336
0.570063
0.648439
0.501874
0.350383
0.47782
0.494654
0.349237
0.537938
0.652329
0.541051
0.429469
0.562352
0.647635
0.320212
0.635602
0.615254
0.445592
0.547481
0.551649
0.444739
0.589169
0.594149
0.418749
0.431765
0.500936
0.529795
0.572454
0.394831
0.332289
0.561573
0.528386
0.579237
0.471048
0.424045
0.513005
0.550534
0.792058
0.573937
0.330789
0.550062
0.567463
0.319946
0.428621
0.38373
0.460381
0.568556
0.662746
0.503495
0.607692
0.392564
0.693171
0.604254
0.554723
0.429806
0.624914
0.497186
0.436628
0.49538
0.485043
0.433815
0.608286
0.441393
0.468984
0.543365
0.506589
0.424104
0.609089
0.409286
0.58601
0.439056
0.613011
0.549055
0.400376
0.260616
0.488939
0.574698
0.410792
0.473092
0.6193
0.499705
0.481731
0.606407
0.564049
0.421342
0.58427
0.59006
0.369211
0.545597
0.357557
0.414906
0.425861
0.635329
0.486569
0.443064
0.469267
0.650413
0.736281
0.532044
0.527448
0.31201
0.539385
0.339958
0.322932
0.561337
0.566739
0.654461
0.501024
0.496603
0.516754
0.43888
0.602441
0.560066
0.541944
0.514702
0.517682
0.410428
0.487923
0.500468
0.455049
0.4541
0.452136
0.502798
0.623753
0.422102
0.376664
0.606144
0.478086
0.567694
0.67146
0.533593
0.488148
0.423085
0.421415
0.551833
0.59718
0.491844
0.46267
0.469206
0.395055
0.466951
0.320639
0.526501
0.582031
0.352673
0.384225
0.605985
0.616386
0.431743
0.547751
0.484881
0.434109
0.357613
0.384149
0.435349
0.598318
0.564812
0.320004
0.523761
0.480648
0.578738
0.665038
0.487868
0.596338
0.56949
0.50571
0.471217
0.509323
0.632624
0.604579
0.569985
0.393134
0.492993
0.454157
0.498153
0.377959
0.416133
0.515969
0.602731
0.433734
0.474913
0.532612
0.561538
0.433683
0.457465
0.532593
0.471814
0.412247
0.515685
0.754782
0.688703
0.375861
0.441878
0.501354
0.498474
0.4446
0.524399
0.385094
0.512077
0.397215
0.471433
0.66901
0.440447
0.461627
0.505327
0.403192
0.563738
0.437486
0.418159
0.545916
0.332445
0.4569
0.442557
0.613009
0.539161
0.384024
0.329987
0.53152
0.475505
0.523668
0.442087
0.580789
0.439513
0.553674
0.448852
0.486012
0.384594
0.515289
0.590772
0.486454
0.701909
0.490339
0.600327
0.332487
0.603839
0.463511
0.391484
0.472654
0.526963
0.612585
0.514162
0.573998
0.398761
0.489004
0.433878
0.575922
0.413044
0.545681
0.435106
0.609884
0.53488
0.538492
0.460117
0.624261
0.406583
0.472424
0.583393
0.43573
0.452084
0.482875
0.584955
0.385579
0.577832
0.437151
0.524254
0.611353
0.444108
0.610715
0.52953
0.551316
0.431429
0.537293
0.505843
0.581179
0.452532
0.451456
0.328258
0.539661
0.561152
0.536851
0.42494
0.231384
0.584645
0.562753
0.4682
0.602719
0.358247
0.336177
0.379821
0.66818
0.464566
0.516291
0.620266
0.622007
0.582682
0.532423
0.46965
0.401622
0.426987
0.616466
0.52165
0.676658
0.606726
0.605043
0.499791
0.6193
0.462924
0.486297
0.468853
0.568705
0.440215
0.560718
0.552393
0.634304
0.42684
0.554955
0.480683
0.489817
0.446876
0.472075
0.481641
0.591833
0.614526
0.581275
0.590594
0.41387
0.561102
0.344588
0.393033
0.418814
0.421098
0.447631
0.62775
0.599717
0.514529
0.646021
0.666074
0.500922
0.488511
0.558547
0.346184
0.488546
0.481815
0.432799
0.379745
0.471364
0.551936
0.478416
0.461429
0.480182
0.554971
0.507678
0.500133
0.395803
0.494399
0.642713
0.553992
0.472732
0.45564
0.443081
0.389595
0.537804
0.519037
0.577063
0.499047
0.449924
0.594689
0.404497
0.496834
0.489173
0.548368
0.458544
0.481732
0.500534
0.588488
0.408287
0.487248
0.649555
0.45993
0.553608
0.257408
0.654261
0.541256
0.448307
0.672947
0.539689
0.367671
0.466984
0.516268
0.51844
0.502841
0.425689
0.401798
0.532665
0.558471
0.435941
0.411663
0.499952
0.611327
0.616178
0.664879
0.387586
0.493165
0.404292
0.611533
0.396721
0.529813
0.409394
0.481721
0.369991
0.581435
0.410504
0.632293
0.543163
0.486773
0.45439
0.422699
0.543423
0.43997
0.524301
0.414582
0.593961
0.329342
0.445886
0.727964
0.51651
0.443236
0.566117
0.500221
0.530555
0.398929
0.685548
0.382279
0.32995
0.476259
0.443802
0.569768
0.274704
0.438506
0.452694
0.405141
0.667748
0.398778
0.540922
0.400051
0.593501
0.640975
0.518803
0.515561
0.477108
0.430159
0.291058
0.401039
0.380231
0.547963
0.440184
0.430873
0.481338
0.564424
0.47246
0.391433
0.495419
0.508438
0.663211
0.358956
0.570146
0.524792
0.457438
0.572363
0.652466
0.306515
0.576472
0.643238
0.551706
0.367092
0.550866
0.458543
0.632241
0.367821
0.344214
0.519857
0.450867
0.341429
0.452175
0.52628
0.410997
0.653802
0.555472
0.546356
0.537875
0.521479
0.475196
0.537701
0.485999
0.653352
0.523239
0.461285
0.571997
0.61078
0.560257
0.500576
0.483228
0.481114
0.46806
0.53409
0.5444
0.635407
0.612872
0.523109
0.53154
0.491867
0.420431
0.464656
0.404683
0.432396
0.403435
0.623081
0.487658
0.720332
0.476365
0.591884
0.355422
0.443293
0.562257
0.450707
0.496365
0.55581
0.540509
0.570678
0.499109
0.52221
0.504357
0.384595
0.570282
0.560995
0.591187
0.476714
0.521855
0.467749
0.518352
0.560169
0.673593
0.444363
0.401741
0.498366
0.398244
0.388191
0.653834
0.489941
0.494114
0.49549
0.452541
0.47517
0.601693
0.609299
0.44162
0.735007
0.388049
0.592695
0.368052
0.542187
0.404714
0.334132
0.68122
0.387132
0.581842
0.492364
0.513319
0.539662
0.453438
0.46423
0.529935
0.620813
0.615477
0.409344
0.384254
0.447328
0.50079
0.391556
0.427925
0.37468
0.411604
0.597772
0.52609
0.402754
0.482664
0.470561
0.493653
0.321622
0.454882
0.64172
0.614396
0.663091
0.421515
0.479753
0.324052
0.487013
0.465888
0.565033
0.633006
0.569615
0.341696
0.582142
0.433813
0.474397
0.453991
0.569727
0.383249
0.37441
0.580949
0.493938
0.468156
0.65803
0.333556
0.512329
0.658855
0.488604
0.682415
0.470874
0.423459
0.60164
0.287844
0.527525
0.420908
0.511494
0.451532
0.521533
0.410131
0.662774
0.565003
0.608513
0.607222
0.599974
0.562199
0.557054
0.692087
0.542133
0.590506
0.553401
0.610519
0.437599
0.496588
0.486581
0.437219
0.537232
0.480425
0.387058
0.45978
0.462704
0.402972
0.367851
0.51322
0.559799
0.539906
0.467774
0.539139
0.714916
0.45594
0.522275
0.563148
0.476258
0.331225
0.588112
0.478711
0.459456
0.803391
0.623899
0.395105
0.530688
0.595802
0.579323
0.45171
0.548596
0.484656
0.571621
0.420392
0.509626
0.61454
0.428698
0.512246
0.579654
0.404152
0.454023
0.574538
0.60809
0.590871
0.61924
0.408168
0.408889
0.444918
0.61622
0.555554
0.456202
0.440887
0.701023
0.503332
0.480689
0.606425
0.538077
0.61381
0.465774
0.574918
0.60361
0.343668
0.531412
0.551022
0.433179
0.327882
0.456246
0.654946
0.598922
0.401422
0.327256
0.443408
0.477928
0.600782
0.619346
0.61222
0.22391
0.531943
0.395547
0.36749
0.380144
0.410901
0.381836
0.409457
0.572422
0.577398
0.708803
0.505013
0.596541
0.752082
0.625741
0.431989
0.665637
0.651782
0.580957
0.560325
0.508457
0.597172
0.425416
0.39225
0.410432
0.341606
0.435116
0.415671
0.365208
0.519431
0.460835
0.431958
0.455067
0.456631
0.702227
0.301371
0.404446
0.506184
0.466475
0.40639
0.35156
0.465027
0.510024
0.465267
0.458893
0.599085
0.275176
0.535098
0.434125
0.347328
0.521636
0.425815
0.558828
0.495359
0.516341
0.503462
0.523052
0.503567
0.58323
0.593195
0.439702
0.644415
0.327856
0.299454
0.463394
0.347954
0.640052
0.542806
0.464248
0.47419
0.341112
0.469966
0.507857
0.625478
0.480268
0.525543
0.46848
0.381604
0.498491
0.381111
0.453239
0.484813
0.465946
0.499198
0.540933
0.421503
0.562702
0.366843
0.539821
0.441893
0.510584
0.465399
0.744536
0.628465
0.477335
0.450284
0.523062
0.468538
0.462537
0.496422
0.590483
0.605839
0.538015
0.522133
0.526996
0.5405
0.453738
0.536285
0.573485
0.416396
0.533519
0.560528
0.68868
0.579318
0.573064
0.360478
0.677772
0.408969
0.616248
0.676743
0.503088
0.42233
0.623743
0.778713
0.463223
0.515449
0.461412
0.47108
0.577825
0.455254
0.524173
0.365062
0.740992
0.652526
0.374315
0.583354
0.607017
0.441675
0.611514
0.599869
0.548022
0.46253
0.405108
0.422322
0.373777
0.483841
0.507444
0.407802
0.629802
0.527769
0.430394
0.458448
0.490608
0.64913
0.50545
0.47642
0.540753
0.692721
0.461041
0.36437
0.587114
0.396566
0.539025
0.539636
0.571618
0.628467
0.435605
0.487452
0.554409
0.43776
0.590145
0.510447
0.51323
0.47373
0.558716
0.438786
0.655587
0.566644
0.59741
0.447303
0.566024
0.486909
0.443809
0.583024
0.611629
0.492391
0.423214
0.538501
0.604686
0.543463
0.419579
0.51342
0.57213
0.609869
0.539326
0.388963
0.507299
0.313042
0.459532
0.496448
0.480206
0.54203
0.39025
0.593789
0.358365
0.350722
0.494
0.470373
0.54098
0.588594
0.593752
0.582945
0.535083
0.53673
0.464015
0.582161
0.402994
0.515404
0.637908
0.621478
0.586249
0.499029
0.476386
0.547083
0.461939
0.518836
0.634068
0.549613
0.613159
0.25314
0.419389
0.515408
0.49608
0.399627
0.485105
0.347129
0.461897
0.493574
0.598417
0.330544
0.342741
0.380505
0.528316
0.606365
0.436361
0.471253
0.450977
0.463015
0.525227
0.601994
0.512359
0.398256
0.441427
0.491289
0.500411
0.604639
0.439565
0.430761
0.467599
0.515751
0.565609
0.565501
0.507713
0.50729
0.310434
0.414896
0.529238
0.579007
0.612601
0.554044
0.480811
0.450609
0.525657
0.520487
0.572599
0.486719
0.491067
0.630524
0.400699
0.523052
0.558632
0.483865
0.419946
0.497972
0.372057
0.704972
0.523793
0.600639
0.388084
0.513903
0.678216
0.328984
0.52343
0.43906
0.519874
0.407781
0.524497
0.378737
0.367026
0.349115
0.43065
0.487919
0.60501
0.544572
0.452615
0.411287
0.396344
0.560523
0.413332
0.502953
0.428817
0.564894
0.499387
0.567947
0.453192
0.445833
0.546924
0.330012
0.575448
0.489749
0.436719
0.374832
0.356757
0.368199
0.398879
0.537292
0.637671
0.440147
0.428416
0.595942
0.541285
0.508138
0.488712
0.507362
0.723419
0.473972
0.730695
0.457629
0.526133
0.4215
0.581308
0.427665
0.554192
0.611161
0.455634
0.363731
0.532356
0.602963
0.622853
0.313886
0.714669
0.431595
0.506929
0.635767
0.705196
0.339413
0.728772
0.400554
0.512926
0.430072
0.497351
0.412543
0.501867
0.537598
0.533042
0.533255
0.410616
0.612733
0.557264
0.543565
0.503982
0.410419
0.408252
0.496837
0.482505
0.619313
0.243574
0.510623
0.514028
0.606245
0.4658
0.513966
0.464715
0.355606
0.458509
0.511925
0.295237
0.465613
0.545585
0.64843
0.451077
0.520506
0.487571
0.443151
0.614249
0.489701
0.404574
0.347543
0.396942
0.512
0.466065
0.409813
0.445931
0.504946
0.613629
0.558045
0.48985
0.596497
0.583563
0.605281
0.499724
0.408167
0.671954
0.549857
0.546409
0.525857
0.435679
0.588863
0.426906
0.476599
0.548544
0.582076
0.494773
0.386503
0.632541
0.398307
0.468134
0.527178
0.36002
0.545577
0.402097
0.464988
0.47332
0.531105
0.400642
0.409479
0.394202
0.416609
0.506329
0.31439
0.496204
0.52896
0.444479
0.416664
0.688819
0.455742
0.511725
0.605913
0.313182
0.499821
0.687149
0.498832
0.37472
0.58656
0.507466
0.550072
0.539024
0.51182
0.486036
0.463129
0.292957
0.488458
0.368733
0.571825
0.523815
0.493526
0.50799
0.544998
0.695123
0.537933
0.399642
0.624041
0.398439
0.47486
0.565439
0.634961
0.63632
0.632725
0.477392
0.423675
0.442374
0.603068
0.60842
0.645273
0.570123
0.433208
0.457005
0.395015
0.483168
0.468112
0.431882
0.600865
0.454925
0.455381
0.396047
0.504393
0.336998
0.571861
0.557658
0.638909
0.381032
0.349851
0.558687
0.470717
0.499649
0.475461
0.450457
0.501419
0.427887
0.501178
0.458477
0.43622
0.497317
0.459241
0.427278
0.50523
0.460795
0.38195
0.599232
0.481774
0.506605
0.529561
0.419601
0.573757
0.57652
0.495978
0.573379
0.571175
0.553074
0.606941
0.547731
0.514883
0.607147
0.444973
0.577147
0.608745
0.497738
0.329876
0.466686
0.429377
0.491555
0.65308
0.501985
0.494646
0.420879
0.408697
0.542983
0.5342
0.323903
0.483659
0.561573
0.462273
0.612541
0.463849
0.421717
0.585075
0.488489
0.482664
0.513799
0.382099
0.379093
0.482979
0.643289
0.582702
0.29036
0.483023
0.437089
0.416357
0.475237
0.631191
0.469172
0.446998
0.291054
0.604366
0.420454
0.608919
0.570822
0.448847
0.576084
0.543713
0.658836
0.482498
0.526633
0.394761
0.56185
0.2713
0.577948
0.447832
0.542819
0.462977
0.587706
0.513377
0.53505
0.504923
0.435001
0.328107
0.380328
0.493188
0.492555
0.610532
0.49539
0.593805
0.409449
0.437109
0.446905
0.547266
0.625543
0.512713
0.365895
0.411506
0.527017
0.591177
0.458296
0.718263
0.41579
0.558659
0.469171
0.512228
0.603792
0.424633
0.433836
0.411926
0.556421
0.472354
0.499977
0.375792
0.597719
0.402633
0.430571
0.67646
0.553157
0.661842
0.398251
0.380781
0.444133
0.577047
0.557511
0.502651
0.561629
0.528252
0.431933
0.440236
0.534698
0.46972
0.479391
0.628727
0.472787
0.4694
0.398998
0.534278
0.499129
0.36751
0.519298
0.584331
0.405776
0.562349
0.558035
0.674026
0.64907
0.513462
0.46956
0.507978
0.367669
0.509294
0.496778
0.531184
0.543514
0.578505
0.520257
0.672377
0.639403
0.431161
0.547947
0.367689
0.535116
0.698035
0.414731
0.551983
0.547328
0.493278
0.561776
0.499772
0.556808
0.457773
0.341485
0.467168
0.479717
0.6475
0.544606
0.430823
0.608054
0.61326
0.571817
0.439375
0.407623
0.675175
0.572928
0.487427
0.400149
0.427371
0.552594
0.491628
0.569459
0.415304
0.49222
0.492949
0.519928
0.510223
0.363522
0.628788
0.578672
0.562283
0.409994
0.513051
0.271246
0.545852
0.548297
0.431916
0.513887
0.517607
0.692395
0.507491
0.453631
0.390023
0.429004
0.601118
0.450902
0.579895
0.473745
0.422614
0.637461
0.523575
0.513142
0.381259
0.395892
0.657627
0.488396
0.55888
0.595049
0.545638
0.502656
0.704908
0.479223
0.488955
0.634279
0.547819
0.447017
0.391137
0.514346
0.586895
0.569229
0.752976
0.577514
0.472785
0.483324
0.356923
0.421019
0.404857
0.565331
0.556831
0.407461
0.567888
0.518326
0.420932
0.522778
0.400144
0.729888
0.583006
0.451579
0.629465
0.539252
0.538729
0.55781
0.433459
0.318129
0.581219
0.459489
0.374487
0.507449
0.501829
0.362048
0.529613
0.465573
0.489263
0.565582
0.480252
0.471802
0.442148
0.587088
0.545763
0.492278
0.36717
0.539584
0.539765
0.653673
0.366985
0.285733
0.497513
0.283321
0.529087
0.434427
0.367153
0.362757
0.408884
0.574535
0.477255
0.604872
0.557236
0.540807
0.387519
0.503218
0.674775
0.482721
0.399111
0.715234
0.482317
0.457815
0.745579
0.429483
0.478747
0.496863
0.504874
0.530238
0.314754
0.488997
0.467488
0.51107
0.44285
0.510684
0.3653
0.502346
0.611134
0.573241
0.410202
0.565825
0.650275
0.389353
0.411145
0.372861
0.46024
0.359838
0.332771
0.620938
0.535319
0.557674
0.428303
0.456604
0.573025
0.637123
0.523931
0.461123
0.394477
0.52151
0.551441
0.518434
0.360923
0.324047
0.620366
0.323328
0.503059
0.431847
0.490488
0.40099
0.486868
0.43406
0.650021
0.597355
0.521703
0.60085
0.424366
0.463031
0.373388
0.620695
0.534839
0.491759
0.577144
0.479305
0.496324
0.387746
0.452153
0.514203
0.387298
0.42441
0.40164
0.404807
0.445268
0.520409
0.439359
0.358641
0.535117
0.397086
0.615405
0.530073
0.507448
0.494749
0.321313
0.358761
0.608517
0.413475
0.436435
0.340768
0.522877
0.407431
0.534598
0.346101
0.524402
0.49996
0.502112
0.572192
0.580869
0.399988
0.425194
0.47363
0.701839
0.48856
0.586934
0.534234
0.33906
0.407617
0.57093
0.348339
0.543214
0.621408
0.500782
0.453942
0.550287
0.434182
0.45164
0.511144
0.415436
0.436135
0.452058
0.545101
0.531711
0.61282
0.451398
0.373479
0.265561
0.491539
0.560111
0.614187
0.610543
0.511515
0.477209
0.319953
0.605223
0.592907
0.601293
0.612071
0.580762
0.543022
0.778534
0.486449
0.598227
0.476376
0.573033
0.440852
0.505191
0.438501
0.552011
0.42303
0.585708
0.411704
0.460313
0.425187
0.397314
0.444262
0.515765
0.651044
0.483192
0.582812
0.3889
0.457511
0.617198
0.600967
0.33767
0.423791
0.583976
0.505501
0.649728
0.52649
0.415905
0.464686
0.501939
0.50012
0.503169
0.641688
0.578793
0.638118
0.362765
0.629169
0.398419
0.440355
0.49679
0.469559
0.476947
0.438805
0.489889
0.508719
0.618973
0.633902
0.490279
0.569003
0.453951
0.449847
0.48828
0.441028
0.445307
0.46792
0.450823
0.581699
0.481178
0.522648
0.489951
0.469367
0.612634
0.346434
0.537837
0.505244
0.53733
0.524066
0.570384
0.563491
0.53354
0.469264
0.566011
0.480686
0.531548
0.461263
0.505741
0.438642
0.566435
0.380138
0.515268
0.33284
0.38829
0.455433
0.319175
0.432021
0.512948
0.593375
0.422032
0.422759
0.478348
0.473779
0.450635
0.59611
0.428666
0.508505
0.486156
0.571746
0.580393
0.52912
0.684529
0.468209
0.531568
0.622203
0.327914
0.516266
0.357399
0.456497
0.669622
0.475569
0.592543
0.346913
0.529404
0.553146
0.532345
0.476158
0.465548
0.435506
0.292364
0.545538
0.394759
0.434435
0.447554
0.552294
0.350311
0.409844
0.529487
0.491566
0.463527
0.471289
0.49205
0.656906
0.523136
0.373094
0.463063
0.464013
0.411602
0.506272
0.481312
0.648163
0.537071
0.453717
0.475521
0.386558
0.474074
0.613438
0.573791
0.572652
0.495691
0.407867
0.439116
0.720233
0.524388
0.485571
0.408568
0.500868
0.54829
0.484972
0.470799
0.519066
0.344165
0.367957
0.448538
0.505334
0.517936
0.544544
0.259793
0.458026
0.418079
0.598065
0.413479
0.49073
0.396761
0.483574
0.452257
0.542665
0.488158
0.410513
0.587386
0.485385
0.442863
0.333909
0.577393
0.609822
0.60188
0.566691
0.484461
0.603536
0.513192
0.588966
0.499392
0.428766
0.488445
0.468412
0.458104
0.487704
0.466805
0.519172
0.479583
0.512156
0.497596
0.514984
0.53731
0.440574
0.472843
0.635496
0.433158
0.446185
0.735365
0.363049
0.574824
0.455755
0.257637
0.460455
0.564861
0.549295
0.531112
0.348597
0.391445
0.35679
0.525284
0.565964
0.567996
0.568829
0.570248
0.530495
0.600846
0.553789
0.586098
0.737405
0.471149
0.524993
0.426995
0.414942
0.599281
0.527073
0.327286
0.623298
0.516985
0.411516
0.431581
0.620196
0.704572
0.547187
0.460241
0.429933
0.557503
0.462367
0.306225
0.440961
0.428722
0.540667
0.378825
0.620356
0.650118
0.593914
0.604301
0.571812
0.668561
0.510935
0.463003
0.477074
0.438952
0.4319
0.58705
0.449019
0.298779
0.4237
0.362224
0.487849
0.505702
0.532604
0.672212
0.470167
0.551717
0.566222
0.592905
0.613975
0.574465
0.60757
0.488964
0.25092
0.56832
0.589847
0.484409
0.400389
0.654888
0.661273
0.473524
0.478333
0.604589
0.345155
0.607877
0.687009
0.408035
0.651102
0.639812
0.420056
0.377938
0.619115
0.522299
0.580666
0.619318
0.47903
0.559526
0.648836
0.63781
0.583614
0.572202
0.647009
0.462898
0.624348
0.686023
0.441668
0.444944
0.464747
0.571313
0.681749
0.441904
0.626842
0.356372
0.612985
0.443651
0.442218
0.606594
0.520633
0.388868
0.429785
0.405956
0.441248
0.511491
0.488261
0.497006
0.347507
0.510729
0.592107
0.43
0.24833
0.670707
0.555424
0.541392
0.459851
0.562803
0.479148
0.52639
0.59105
0.445815
0.42261
0.489834
0.451163
0.636074
0.541336
0.454177
0.524244
0.5517
0.308747
0.572887
0.569557
0.542194
0.390183
0.44212
0.49474
0.39661
0.363459
0.423034
0.611965
0.580567
0.480974
0.48166
0.325624
0.484416
0.54411
0.422767
0.413304
0.571877
0.511519
0.43869
0.550157
0.500517
0.388604
0.513639
0.58999
0.642461
0.54634
0.518496
0.454729
0.465759
0.493312
0.600692
0.697171
0.543872
0.475678
0.41825
0.590216
0.64275
0.305498
0.586611
0.559063
0.292036
0.518689
0.601429
0.61113
0.378938
0.639626
0.469994
0.531745
0.41035
0.6802
0.528529
0.601918
0.570838
0.526915
0.442105
0.557813
0.561125
0.570407
0.478452
0.449797
0.333769
0.307522
0.516494
0.672239
0.649719
0.696893
0.394946
0.623499
0.461494
0.674731
0.625849
0.418844
0.585764
0.638323
0.492466
0.517299
0.460113
0.480511
0.520458
0.436724
0.385837
0.509216
0.355835
0.519696
0.440614
0.411836
0.402663
0.476036
0.501969
0.52515
0.368078
0.666138
0.35443
0.34712
0.431666
0.602495
0.460354
0.37778
0.500803
0.535141
0.556395
0.502167
0.533086
0.44997
0.59464
0.529052
0.501513
0.447205
0.479463
0.374986
0.64761
0.280555
0.358174
0.533974
0.512207
0.52588
0.605577
0.498867
0.553143
0.511477
0.599582
0.601333
0.553661
0.480363
0.617046
0.513078
0.694817
0.368231
0.586045
0.501721
0.509758
0.469016
0.61282
0.560568
0.45723
0.423312
0.358662
0.532254
0.546239
0.503149
0.374035
0.522045
0.513302
0.579909
0.404269
0.447354
0.298254
0.450478
0.463192
0.395805
0.48412
0.559957
0.628081
0.464971
0.461087
0.397606
0.641367
0.432688
0.444135
0.555898
0.611547
0.457619
0.41843
0.330915
0.687796
0.435541
0.506104
0.405544
0.539779
0.437601
0.542581
0.595243
0.506243
0.432553
0.720141
0.549413
0.482939
0.545803
0.600941
0.489714
0.502507
0.433838
0.52125
0.529903
0.315958
0.453416
0.503181
0.66011
0.517436
0.580657
0.559727
0.591694
0.460953
0.485988
0.423465
0.447142
0.39985
0.496631
0.348789
0.54274
0.536735
0.579152
0.532091
0.45001
0.603719
0.350334
0.463825
0.535237
0.69976
0.575428
0.570933
0.364619
0.393991
0.338642
0.627624
0.625933
0.36092
0.471457
0.507056
0.455826
0.64543
0.500203
0.615969
0.67516
0.462532
0.425053
0.498881
0.623105
0.518857
0.368414
0.517967
0.443962
0.599913
0.531448
0.509276
0.518978
0.399148
0.673269
0.485491
0.548691
0.571905
0.578095
0.499936
0.479624
0.579382
0.501469
0.406102
0.432454
0.344735
0.487411
0.441451
0.427005
0.575505
0.524144
0.533845
0.612775
0.413573
0.556841
0.573413
0.301908
0.45588
0.501593
0.512266
0.464859
0.546177
0.405606
0.348946
0.38727
0.470116
0.57439
0.424056
0.599819
0.392993
0.637514
0.498047
0.581159
0.461532
0.350246
0.401665
0.397254
0.348077
0.529216
0.544082
0.37879
0.647639
0.495996
0.433292
0.551548
0.645233
0.553273
0.40785
0.522949
0.653015
0.544093
0.498603
0.49126
0.47372
0.34541
0.633555
0.382198
0.478954
0.52297
0.568563
0.630994
0.497928
0.425341
0.671089
0.616238
0.594244
0.620666
0.403752
0.415099
0.465367
0.580529
0.548978
0.487814
0.431476
0.391065
0.485545
0.51261
0.687376
0.42226
0.572388
0.580514
0.473238
0.512149
0.414528
0.622765
0.376904
0.423408
0.480545
0.481861
0.512581
0.205621
0.510525
0.550507
0.527747
0.547266
0.597961
0.491062
0.372122
0.627283
0.548609
0.411324
0.519618
0.476813
0.413829
0.610789
0.46617
0.63754
0.565479
0.624813
0.433421
0.453796
0.623966
0.682363
0.590242
0.561405
0.470568
0.55634
0.461102
0.437006
0.569691
0.623735
0.522347
0.547383
0.596266
0.466165
0.494459
0.489112
0.407982
0.529606
0.520413
0.334605
0.521631
0.525424
0.577279
0.601437
0.647329
0.493102
0.50023
0.437589
0.603954
0.458319
0.405183
0.366054
0.583616
0.508335
0.478287
0.458008
0.552568
0.369911
0.65755
0.504559
0.570442
0.313267
0.463879
0.532824
0.379266
0.418885
0.545895
0.462921
0.558231
0.632217
0.48485
0.528187
0.459702
0.394656
0.463077
0.481766
0.536521
0.47741
0.43136
0.788451
0.340157
0.658195
0.517715
0.351473
0.613801
0.368934
0.602041
0.649696
0.524042
0.60596
0.43818
0.461465
0.369269
0.632472
0.536922
0.527128
0.472507
0.416285
0.430545
0.453057
0.610892
0.534204
0.521497
0.385728
0.453546
0.437623
0.374864
0.585257
0.674139
0.412233
0.546307
0.30353
0.573949
0.578009
0.544157
0.522862
0.495763
0.663923
0.506423
0.636899
0.528507
0.455114
0.530472
0.456261
0.397005
0.548521
0.625184
0.397192
0.500814
0.466277
0.362407
0.662294
0.4106
0.564435
0.586589
0.54816
0.450064
0.437875
0.398459
0.61555
0.485952
0.360544
0.460702
0.333488
0.318206
0.613419
0.580576
0.559483
0.506865
0.540922
0.606448
0.443828
0.291835
0.439743
0.432294
0.346716
0.356191
0.622341
0.53618
0.432718
0.553199
0.510667
0.485829
0.457909
0.461781
0.603929
0.426383
0.490746
0.354682
0.527501
0.42249
0.408564
0.458107
0.308368
0.658905
0.58734
0.451161
0.435772
0.410809
0.553153
0.497934
0.553999
0.277073
0.489569
0.524592
0.497551
0.326748
0.395924
0.548418
0.617203
0.441075
0.467309
0.335205
0.558741
0.44035
0.51778
0.606
0.344451
0.566994
0.29417
0.533693
0.370719
0.55324
0.428593
0.364475
0.473375
0.533849
0.65355
0.368755
0.525696
0.371312
0.354335
0.370606
0.422264
0.443035
0.459179
0.524384
0.565172
0.397009
0.368398
0.601672
0.707322
0.514531
0.399558
0.621252
0.320864
0.425549
0.576477
0.399303
0.447104
0.504244
0.315636
0.6166
0.447475
0.329491
0.564392
0.693994
0.413471
0.42688
0.421118
0.536972
0.40669
0.415996
0.518228
0.554672
0.488462
0.4687
0.474779
0.478198
0.461762
0.441174
0.526163
0.497678
0.486444
0.574543
0.61415
0.506978
0.442072
0.665884
0.271355
0.489556
0.500924
0.593504
0.359955
0.598463
0.637035
0.537367
0.325279
0.378011
0.535391
0.567609
0.400681
0.344189
0.378724
0.481078
0.650868
0.485415
0.477568
0.547904
0.666647
0.36475
0.472592
0.487105
0.424851
0.399242
0.576445
0.722293
0.502946
0.361583
0.735664
0.47554
0.588651
0.593799
0.381475
0.439536
0.550643
0.542239
0.501575
0.525176
0.337225
0.517628
0.5033
0.613747
0.545603
0.453516
0.351828
0.549919
0.355215
0.480961
0.555381
0.393798
0.544312
0.556825
0.432645
0.50727
0.409795
0.377597
0.535921
0.581986
0.586085
0.580173
0.616801
0.423267
0.609575
0.67558
0.409439
0.38634
0.401017
0.681127
0.369782
0.618258
0.438948
0.511044
0.547376
0.590952
0.473068
0.555142
0.379687
0.517873
0.377252
0.519618
0.387117
0.528691
0.567648
0.423624
0.510208
0.433589
0.712122
0.539745
0.468787
0.440695
0.333072
0.436107
0.536092
0.397231
0.456404
0.522302
0.409213
0.506997
0.485281
0.520914
0.620441
0.533822
0.378006
0.5809
0.472414
0.632676
0.585177
0.518678
0.493237
0.457126
0.252075
0.517224
0.396002
0.573895
0.417966
0.633103
0.490464
0.672275
0.444847
0.555802
0.432863
0.488208
0.483876
0.533334
0.513195
0.469851
0.538576
0.622572
0.467502
0.493509
0.509629
0.542314
0.466031
0.2958
0.406894
0.501623
0.466413
0.520004
0.590039
0.5455
0.434256
0.381543
0.449987
0.404485
0.421868
0.439567
0.369112
0.554322
0.459088
0.418683
0.298964
0.58634
0.448475
0.556869
0.470019
0.558743
0.570408
0.462648
0.598785
0.643534
0.491911
0.446649
0.58333
0.703317
0.336323
0.549678
0.279132
0.526768
0.609173
0.5215
0.422866
0.521096
0.588957
0.511511
0.622595
0.604324
0.479744
0.614554
0.458557
0.459786
0.58584
0.672149
0.539546
0.409733
0.607046
0.461424
0.535677
0.534504
0.36626
0.411085
0.459073
0.408224
0.569543
0.565798
0.28983
0.541529
0.361965
0.577352
0.645366
0.416362
0.480885
0.63305
0.567066
0.567404
0.321587
0.538779
0.448902
0.509222
0.518451
0.556235
0.558491
0.527789
0.40816
0.450834
0.401832
0.349499
0.479686
0.63886
0.458764
0.570413
0.729109
0.429413
0.666926
0.472906
0.625588
0.438796
0.557839
0.476517
0.458084
0.711963
0.249455
0.66425
0.470731
0.517707
0.475337
0.59516
0.408013
0.491311
0.381398
0.458563
0.579198
0.480368
0.546918
0.444757
0.514759
0.606572
0.587327
0.701646
0.525794
0.588255
0.472034
0.516231
0.490735
0.475513
0.441363
0.504418
0.381918
0.53178
0.532427
0.512154
0.507875
0.652744
0.524569
0.525438
0.585472
0.445533
0.490761
0.456242
0.369323
0.598118
0.592157
0.415977
0.654171
0.65093
0.578751
0.407594
0.629214
0.539708
0.55989
0.362012
0.501643
0.410618
0.584173
0.714037
0.519929
0.415742
0.319037
0.357517
0.415684
0.479028
0.546122
0.638961
0.546198
0.379866
0.489281
0.543433
0.558045
0.433444
0.467899
0.596012
0.605416
0.454111
0.518932
0.546683
0.445131
0.469965
0.556902
0.526024
0.493564
0.613946
0.34183
0.553611
0.468981
0.448733
0.500888
0.450563
0.456096
0.589775
0.400322
0.452222
0.417905
0.672808
0.389995
0.43645
0.443167
0.569277
0.343662
0.577593
0.456155
0.585054
0.493882
0.605659
0.528595
0.584942
0.411243
0.494835
0.422006
0.567423
0.503378
0.324936
0.551901
0.47119
0.310003
0.553978
0.50362
0.527004
0.546008
0.509541
0.642838
0.375448
0.49541
0.451157
0.452065
0.553216
0.384762
0.475472
0.48775
0.607548
0.365373
0.530465
0.490869
0.630517
0.509506
0.574545
0.597163
0.311843
0.576476
0.660863
0.481484
0.391006
0.430376
0.446725
0.433964
0.446392
0.5919
0.422512
0.504032
0.291296
0.48257
0.52405
0.561557
0.553605
0.570406
0.536896
0.512706
0.598021
0.551875
0.520554
0.571357
0.50672
0.40576
0.475134
0.425211
0.366372
0.530326
0.642549
0.449017
0.516479
0.525978
0.478821
0.505608
0.496015
0.511375
0.553639
0.538734
0.482389
0.661745
0.527816
0.49994
0.548784
0.633922
0.528852
0.465041
0.572939
0.393416
0.589306
0.58402
0.712513
0.684612
0.432249
0.471438
0.519141
0.485948
0.582561
0.482756
0.395388
0.767752
0.452406
0.435239
0.505782
0.621142
0.393726
0.32037
0.235186
0.652228
0.330122
0.618026
0.444754
0.436586
0.575048
0.560916
0.40779
0.504806
0.312744
0.511066
0.514836
0.58065
0.462891
0.298447
0.519341
0.419177
0.469478
0.535072
0.352316
0.392933
0.448932
0.45622
0.566405
0.450137
0.602058
0.453692
0.476803
0.519513
0.338902
0.654303
0.548542
0.462261
0.485155
0.460086
0.736633
0.672392
0.533256
0.404972
0.617634
0.30246
0.670897
0.595982
0.45822
0.442507
0.564133
0.295263
0.548358
0.605789
0.39187
0.462568
0.483747
0.575678
0.422998
0.416058
0.714179
0.443875
0.596991
0.482613
0.58155
0.62087
0.51333
0.597076
0.553231
0.525361
0.354605
0.47318
0.713594
0.660142
0.562731
0.607154
0.508471
0.557711
0.3572
0.58831
0.544395
0.429673
0.528843
0.479179
0.52647
0.579778
0.462113
0.491051
0.475777
0.541205
0.433422
0.619057
0.599228
0.474497
0.602585
0.514208
0.691835
0.513328
0.458982
0.55809
0.533374
0.471074
0.503562
0.469193
0.598469
0.221926
0.642344
0.508137
0.431139
0.646063
0.736607
0.562338
0.44189
0.479213
0.399496
0.57893
0.567473
0.332679
0.44829
0.37806
0.590438
0.450691
0.51612
0.416926
0.347671
0.447757
0.596451
0.388243
0.564114
0.519428
0.538174
0.625066
0.429903
0.445697
0.52869
0.547217
0.496197
0.60703
0.596891
0.422817
0.597002
0.408796
0.437475
0.331711
0.411304
0.460669
0.40258
0.505875
0.561898
0.383323
0.626227
0.585142
0.504287
0.515557
0.441605
0.364897
0.391076
0.470733
0.62078
0.52564
0.404338
0.442233
0.610904
0.622643
0.530412
0.583371
0.360566
0.277151
0.608669
0.588035
0.524439
0.348904
0.517791
0.674059
0.503913
0.583025
0.470145
0.422146
0.525941
0.612582
0.56686
0.448935
0.381838
0.561445
0.523257
0.493568
0.442334
0.63031
0.706301
0.572919
0.534686
0.562071
0.432788
0.611418
0.412198
0.470973
0.558995
0.577176
0.566023
0.583289
0.649569
0.356913
0.623668
0.575521
0.545453
0.477963
0.548126
0.409426
0.657681
0.336415
0.496121
0.451432
0.595896
0.516225
0.513464
0.327309
0.297498
0.584922
0.440046
0.301214
0.555341
0.727315
0.566547
0.581549
0.548925
0.429368
0.529452
0.44431
0.366092
0.550224
0.450499
0.627918
0.459221
0.521112
0.421215
0.29179
0.41199
0.585674
0.402752
0.444195
0.399776
0.546998
0.555707
0.433204
0.508809
0.51248
0.434222
0.457864
0.536219
0.528347
0.573111
0.694957
0.525166
0.571527
0.466351
0.450026
0.496231
0.51727
0.57978
0.429607
0.318334
0.326753
0.560374
0.394909
0.619433
0.499661
0.399019
0.495434
0.669305
0.512507
0.473213
0.59435
0.373741
0.514268
0.440672
0.485673
0.401516
0.376662
0.474346
0.566622
0.622536
0.597192
0.523872
0.366782
0.567573
0.428855
0.558039
0.448982
0.427052
0.561204
0.48735
0.385111
0.588383
0.403222
0.48532
0.573312
0.468337
0.619254
0.321662
0.501362
0.429045
0.545022
0.690057
0.474234
0.47317
0.56154
0.45772
0.512203
0.595888
0.330501
0.483529
0.389071
0.528309
0.595522
0.445988
0.418416
0.43902
0.52939
0.59185
0.509024
0.567446
0.458243
0.460736
0.398952
0.44478
0.519404
0.66064
0.440952
0.415237
0.31035
0.463716
0.550271
0.402446
0.562116
0.3613
0.539114
0.472793
0.521165
0.661629
0.550342
0.429596
0.349584
0.43327
0.466267
0.428995
0.454211
0.491778
0.606671
0.54048
0.531106
0.396663
0.443474
0.582022
0.462541
0.470259
0.347741
0.341786
0.329476
0.369616
0.548016
0.355449
0.503263
0.337083
0.617234
0.440173
0.656114
0.624768
0.418768
0.59331
0.480624
0.632596
0.430413
0.545952
0.434455
0.419218
0.62843
0.518482
0.427038
0.539565
0.652032
0.557276
0.240957
0.432341
0.381967
0.438785
0.43143
0.625326
0.455163
0.409226
0.47312
0.545847
0.400654
0.485148
0.524259
0.418344
0.520297
0.57217
0.353869
0.400449
0.351086
0.566242
0.528622
0.553578
0.634109
0.383757
0.681704
0.363513
0.578538
0.523942
0.686779
0.621021
0.447253
0.39893
0.435966
0.442077
0.404044
0.373982
0.47151
0.551781
0.65057
0.442336
0.34661
0.4756
0.544569
0.416208
0.491648
0.376096
0.529071
0.647499
0.33785
0.742825
0.415657
0.498773
0.501181
0.58764
0.653088
0.467139
0.455065
0.51713
0.675918
0.720665
0.6213
0.448507
0.565951
0.539004
0.584323
0.704733
0.672744
0.456943
0.384749
0.469244
0.527573
0.5916
0.47391
0.700146
0.548613
0.491052
0.411875
0.698302
0.373326
0.574184
0.567239
0.593227
0.467368
0.338591
0.527736
0.555294
0.547566
0.395402
0.656506
0.462226
0.519842
0.546912
0.529652
0.442423
0.471197
0.554947
0.566475
0.587191
0.568198
0.554927
0.414571
0.568457
0.402639
0.452601
0.577767
0.418112
0.488376
0.497488
0.47562
0.419631
0.551585
0.459056
0.499024
0.53217
0.469996
0.438734
0.377224
0.611847
0.60491
0.532868
0.497323
0.414479
0.53312
0.618753
0.718165
0.458545
0.624115
0.367934
0.496222
0.496689
0.621227
0.697962
0.491952
0.588627
0.573685
0.455861
0.550803
0.487817
0.529787
0.383559
0.553887
0.448805
0.439719
0.547598
0.609092
0.431702
0.429801
0.622435
0.504183
0.524742
0.398231
0.498719
0.569239
0.425438
0.445696
0.544914
0.49654
0.615372
0.592471
0.382715
0.441813
0.333168
0.64693
0.443695
0.481515
0.294769
0.478667
0.656684
0.426609
0.329619
0.512701
0.572383
0.494098
0.395937
0.399539
0.563786
0.413323
0.607746
0.32912
0.447963
0.494844
0.650901
0.444981
0.556843
0.615489
0.584859
0.378237
0.541616
0.473945
0.42147
0.459268
0.427453
0.447034
0.541619
0.47828
0.44223
0.52762
0.55505
0.554178
0.625001
0.450841
0.628263
0.634497
0.576998
0.61619
0.599882
0.487388
0.549934
0.488685
0.372444
0.459961
0.473468
0.513222
0.514075
0.465543
0.505677
0.401922
0.523056
0.52573
0.347425
0.455108
0.602818
0.731342
0.493574
0.552307
0.464422
0.699718
0.600973
0.600462
0.518136
0.394041
0.635217
0.552313
0.335217
0.533669
0.515206
0.608705
0.455574
0.362742
0.406538
0.294326
0.5865
0.557598
0.521825
0.447213
0.482177
0.441829
0.46805
0.488088
0.513239
0.341077
0.438091
0.436409
0.630144
0.447952
0.475607
0.41578
0.493691
0.480748
0.449479
0.642162
0.490529
0.507904
0.556048
0.414089
0.471019
0.573423
0.424418
0.624885
0.541376
0.396793
0.432119
0.492668
0.511525
0.534161
0.445478
0.454688
0.644637
0.575868
0.581029
0.598339
0.573863
0.518685
0.441394
0.601976
0.546277
0.489376
0.511026
0.434423
0.323619
0.609528
0.504291
0.312863
0.613918
0.579828
0.54037
0.644577
0.627624
0.525268
0.476493
0.478768
0.546418
0.481053
0.66307
0.570504
0.262379
0.612234
0.491281
0.609584
0.489738
0.648406
0.585759
0.492915
0.470966
0.478062
0.551987
0.519779
0.593487
0.585505
0.520098
0.465122
0.302821
0.626466
0.533789
0.636821
0.442518
0.426888
0.515061
0.648625
0.570744
0.55261
0.492589
0.541278
0.397945
0.435942
0.613493
0.360086
0.459518
0.558449
0.465348
0.447999
0.481962
0.677494
0.617312
0.539044
0.420518
0.347412
0.44624
0.637721
0.540829
0.424437
0.545726
0.445771
0.686677
0.457812
0.623027
0.6485
0.520414
0.557764
0.470843
0.498613
0.342191
0.494346
0.558
0.636321
0.488659
0.519382
0.515048
0.460222
0.481334
0.517073
0.397888
0.414288
0.439336
0.577086
0.394524
0.482032
0.490763
0.447225
0.497084
0.479734
0.611487
0.561068
0.49329
0.616367
0.589678
0.549253
0.638583
0.638666
0.658909
0.431332
0.452131
0.605547
0.562224
0.34846
0.437004
0.536879
0.504061
0.535393
0.556798
0.557372
0.4165
0.64361
0.608058
0.407152
0.610771
0.615632
0.509846
0.416358
0.40456
0.473874
0.588853
0.441873
0.510118
0.425689
0.670492
0.540104
0.537766
0.399506
0.493401
0.500482
0.513863
0.515262
0.646871
0.390153
0.531891
0.455614
0.587704
0.461102
0.4498
0.542685
0.625047
0.346736
0.516316
0.538391
0.768799
0.625737
0.653413
0.574669
0.619181
0.356768
0.44173
0.383208
0.632132
0.388408
0.550197
0.532579
0.327202
0.424465
0.520683
0.493915
0.411632
0.475599
0.463038
0.644609
0.376386
0.55397
0.435372
0.28274
0.576873
0.568404
0.579011
0.463252
0.54319
0.453355
0.447048
0.480167
0.571684
0.715725
0.609977
0.607418
0.431733
0.509368
0.541401
0.474146
0.578595
0.547918
0.481355
0.588595
0.395298
0.542316
0.444309
0.538037
0.393483
0.400251
0.583443
0.380407
0.48522
0.550445
0.442326
0.506641
0.4948
0.655554
0.419662
0.490967
0.51155
0.553197
0.442278
0.359704
0.491762
0.515425
0.386101
0.497377
0.399848
0.642719
0.504346
0.372268
0.535853
0.409387
0.516731
0.401773
0.528512
0.553005
0.483009
0.391245
0.480053
0.551351
0.528676
0.568266
0.630983
0.356026
0.41023
0.497576
0.37013
0.552773
0.501896
0.600174
0.347228
0.494256
0.655242
0.513376
0.452397
0.501874
0.427681
0.416913
0.508859
0.45893
0.495333
0.313414
0.482296
0.518295
0.460311
0.589915
0.542275
0.323446
0.431978
0.400314
0.518185
0.492579
0.60627
0.596959
0.474192
0.341256
0.386726
0.60286
0.484708
0.519825
0.585376
0.554283
0.423946
0.517645
0.411178
0.556762
0.59012
0.636923
0.398221
0.385858
0.566929
0.564751
0.545464
0.427271
0.381939
0.472715
0.534272
0.489187
0.553557
0.549222
0.459582
0.433021
0.325306
0.520483
0.655035
