0.122649
0.169918
0.729649
0.331166
0.477115
0.571835
0.705029
0.0860072
0.656019
0.905484
0.371496
0.836567
0.776048
0.0211376
0.168325
0.572439
0.279233
0.545858
0.0173017
0.583179
0.0646429
0.754654
0.233157
0.193293
0.493226
0.756047
0.479138
0.49426
0.257893
0.239268
0.471797
0.584917
0.616809
0.580468
0.0839539
0.159259
0.931865
0.754052
0.501858
0.024284
0.686006
0.369351
0.651955
0.213852
0.67838
0.0982145
0.12096
0.680137
0.577269
0.840005
0.0527608
0.453507
0.765764
0.970267
0.22611
0.99461
0.918855
0.939875
0.813285
0.0179424
0.133804
0.0534795
0.713423
0.111777
0.985475
0.399022
0.272751
0.251365
0.53815
0.282193
0.48153
0.00588523
0.214718
0.0178591
0.114256
0.548522
0.259028
0.140477
0.902262
0.135893
0.239596
0.831703
0.74877
0.639112
0.201218
0.159098
0.674932
0.0642171
0.399912
0.326858
0.98646
0.343229
0.436887
0.0286961
0.845767
0.526464
0.576023
0.853705
0.701668
0.848058
0.279945
0.936537
0.95178
0.925213
0.881923
0.29042
0.781925
0.0111441
0.830226
0.861151
0.738611
0.144774
0.260434
0.856702
0.547801
0.0881118
0.587904
0.623628
0.704587
0.945156
0.341636
0.760044
0.0394158
0.61281
0.213132
0.496286
0.838501
0.992311
0.0565693
0.0778181
0.08691
0.92542
0.793058
0.108891
0.346334
0.818053
0.441541
0.936633
0.916148
0.0491585
0.077921
0.269545
0.902376
0.676876
0.82428
0.646132
0.187432
0.258761
0.0600852
0.131838
0.0129601
0.378223
0.151512
0.977601
0.823965
0.764042
0.994451
0.891774
0.446211
0.721584
0.598408
0.248449
0.758309
0.449376
0.495809
0.887488
0.359
0.148137
0.793687
0.28185
0.809048
0.565043
0.698306
0.601655
0.742493
0.646457
6.50839e-05
0.656518
0.296364
0.65894
0.624291
0.631016
0.110417
0.811177
0.408033
0.944785
0.714217
0.867266
0.884437
0.189353
0.969434
0.252274
0.331877
0.857892
0.798294
0.950338
0.618143
0.149701
0.538703
0.289012
0.540154
0.375554
0.662891
0.164785
0.182797
0.00857281
0.425977
0.0363917
0.20874
0.0326086
0.326359
0.205957
0.512642
0.469377
0.520307
0.603275
0.0528965
0.568725
0.903759
0.03444
0.292556
0.5942
0.226655
0.170204
0.0756727
0.117887
0.016809
0.418164
0.129179
0.662566
0.345451
0.20123
0.063329
0.0225449
0.55524
0.476671
0.75144
0.00272278
0.390382
0.967934
0.464306
0.203023
0.82013
0.406665
0.934629
0.125488
0.9404
0.925113
0.606644
0.796017
0.288776
0.898078
0.316772
0.492619
0.737219
0.276452
0.339593
0.496669
0.762162
0.517432
0.563199
0.191122
0.667245
0.304841
0.128552
0.696941
0.49004
0.540384
0.434761
0.661897
0.507188
0.715792
0.38828
0.1087
0.0151544
0.357885
0.227309
0.445521
0.365263
0.353772
0.407734
0.0931333
0.937103
0.660507
0.774618
0.659979
0.115197
0.200077
0.600722
0.388825
0.567818
0.123018
0.744077
0.614558
0.797921
0.547204
0.0099059
0.338997
0.53464
0.266412
0.304051
0.591109
0.956131
0.668515
0.997593
0.0641672
0.783439
0.567149
0.403962
0.3883
0.169572
0.163297
0.875059
0.30964
0.143219
0.713437
0.8827
0.72648
0.674181
0.456171
0.853052
0.917968
0.635123
0.175995
0.40814
0.0501789
0.875931
0.666114
0.139451
0.0347245
0.0427567
0.96578
0.85009
0.642261
0.810467
0.234196
0.265938
0.251623
0.907214
0.593749
0.101164
0.278176
0.152361
0.310463
0.793889
0.924232
0.069179
0.827837
0.584638
0.900721
0.24302
0.949207
0.430544
0.872227
0.151972
0.859845
0.725472
0.985176
0.784065
0.648229
0.27989
0.578337
0.963373
0.950077
0.510307
0.391621
0.333182
0.691486
0.458542
0.847824
0.690562
0.510108
0.924314
0.565705
0.542215
0.115876
0.625262
0.673576
0.971477
0.914133
0.527443
0.951085
0.192492
0.921717
0.10362
0.772541
0.447408
0.0969716
0.71965
0.416218
0.510107
0.382825
0.220677
0.917496
0.235575
0.201815
0.344377
0.375113
0.984122
0.985916
0.240384
0.783795
0.906995
0.183448
0.191588
0.0961431
0.963389
0.640372
0.838807
0.563972
0.0138574
0.35271
0.686339
0.444939
0.672912
0.348267
0.449103
0.0737708
0.982161
0.365542
0.585922
0.996851
0.968427
0.510853
0.99756
0.48138
0.269321
0.115081
0.85826
0.0814197
0.138084
0.471537
0.557847
0.13734
0.0829585
0.37779
0.0763337
0.885752
0.362877
0.756733
0.26901
0.265818
0.666051
0.894728
0.638015
0.245636
0.0626834
0.774758
0.493584
0.498624
0.17513
0.836627
0.907819
0.192706
0.282516
0.46931
0.63556
0.391556
0.512163
0.306518
0.976671
0.702899
0.513823
0.597873
0.293807
0.158377
0.11728
0.676246
0.147904
0.405918
0.898408
0.916719
0.494909
0.8909
0.688462
0.133259
0.482314
0.267345
0.627778
0.603026
0.630232
0.504389
0.0657914
0.831662
0.772209
0.444531
0.528452
0.730928
0.415391
0.555673
0.101884
0.49661
0.163992
0.644312
0.314009
0.542181
0.696163
0.927078
0.236551
0.223644
0.310928
0.375082
0.787386
0.613408
0.243234
0.152479
0.702778
0.544722
0.412367
0.48768
0.392162
0.820766
0.809043
0.882483
0.812555
0.600221
0.782783
0.339023
0.939308
0.239168
0.663318
0.643959
0.605093
0.461279
0.693617
0.789363
0.0761195
0.787026
0.579802
0.644822
0.286446
0.289445
0.143016
0.0584855
0.116767
0.538846
0.814981
0.908205
0.348534
0.100646
0.933158
0.218148
0.219155
0.176765
0.000519626
0.490817
0.0270522
0.418092
0.971983
0.787481
0.570499
0.0385305
0.0644457
0.948539
0.841746
0.0537989
0.0657457
0.525052
0.234265
0.643175
0.302
0.557967
0.358985
0.650992
0.630908
0.0757239
0.613867
0.437019
0.535423
0.0858339
0.0255961
0.449731
0.728528
0.632408
0.103727
0.80144
0.932798
0.118962
0.944363
0.00568107
0.611366
0.212265
0.426059
0.100181
0.499454
0.125561
0.795605
0.297018
0.573597
0.523842
0.391959
0.71779
0.511267
0.514422
0.755724
0.797055
0.305053
0.716117
0.378119
0.65213
0.227562
0.991762
0.222599
0.670233
0.176616
0.552346
0.675733
0.272703
0.102202
0.486142
0.429182
0.266717
0.920404
0.741074
0.0458637
0.342881
0.404764
0.82013
0.610643
0.545898
0.018075
0.283634
0.305815
0.327946
0.669617
0.153048
0.286895
0.951702
0.77263
0.761891
0.573755
0.372188
0.709016
0.00237136
0.431311
0.592656
0.513741
0.491955
0.914085
0.127125
0.057243
0.372028
0.817917
0.347272
0.673723
0.409034
0.553785
0.849239
0.656145
0.174066
0.673372
0.72036
0.570868
0.425563
0.580197
0.859456
0.348291
0.725854
0.906471
0.918469
0.649006
0.81917
0.0834361
0.567914
0.31234
0.638184
0.646935
0.692754
0.646719
0.959032
0.0718629
0.816419
0.956054
0.88035
0.596733
0.0150986
0.706779
0.368594
0.166787
0.277269
0.975756
0.216465
0.781127
0.608448
0.78598
0.749593
0.0727898
0.0710075
0.296905
0.553021
0.683175
0.744858
0.887631
0.156781
0.122812
0.626958
0.428794
0.0208381
0.45436
0.554855
0.613612
0.0146905
0.812363
0.109236
0.397258
0.835319
0.915526
0.35927
0.319974
0.107241
0.164956
0.467262
0.86263
0.137075
0.396267
0.239803
0.759708
0.0479405
0.0111189
0.343616
0.286043
0.110727
0.107429
0.207131
0.508371
0.0528782
0.816025
0.683425
0.0755378
0.712864
0.700333
0.905484
0.692926
0.0906806
0.556079
0.938271
0.52428
0.310866
0.937838
0.810144
0.581205
0.673027
0.322474
0.243973
0.0465888
0.442486
0.986332
0.329449
0.439049
0.676298
0.820004
0.875386
0.723284
0.751793
0.734235
0.115433
0.724275
0.649369
0.732144
0.642718
0.486271
0.940286
0.751582
0.217315
0.161239
0.0645222
0.0386292
0.692681
0.403094
0.29269
0.0267121
0.479631
0.526853
0.907901
0.799518
0.414118
0.465603
0.99513
0.450125
0.791894
0.0785518
0.882874
0.65995
0.821586
0.0426666
0.0591316
0.161997
0.439212
0.466789
0.314158
0.382544
0.901693
0.725305
0.198025
0.338866
0.883415
0.699266
0.592453
0.0796116
0.955819
0.673405
0.473112
0.766476
0.821778
0.26121
0.688863
0.49511
0.959183
0.766581
0.935098
0.62974
0.325537
0.8456
0.895251
0.676474
0.38004
0.867592
0.832021
0.347277
0.252963
0.309392
0.511206
0.679214
0.764124
0.325081
0.238121
0.986975
0.961824
0.446365
0.700188
0.562405
0.688279
0.473271
0.17876
0.820476
0.613666
0.954342
0.176926
0.860899
0.423548
0.329604
0.484762
0.908516
0.0673982
0.574135
0.765044
0.960374
0.821824
0.947165
0.705182
0.255494
0.502278
0.789686
0.178396
0.354015
0.55148
0.947111
0.440764
0.0306539
0.490426
0.703477
0.63149
0.624901
0.85625
0.637164
0.431044
0.624737
0.256615
0.738392
0.073889
0.175876
0.497922
0.815592
0.636219
0.894945
0.318151
0.666819
0.970385
0.21893
0.467283
0.865972
0.400666
0.847554
0.590214
0.129914
0.613216
0.33886
0.40902
0.0663728
0.568145
0.216472
0.372145
0.284509
0.954555
0.0611806
0.505186
0.167462
0.139462
0.917564
0.397711
0.502315
0.886927
0.282034
0.798089
0.237409
0.721539
0.192503
0.337473
0.145632
0.776208
0.158049
0.607353
0.527296
0.612566
0.402423
0.783966
0.355916
0.866253
0.106845
0.807195
0.679131
0.901104
0.890628
0.830453
0.516147
0.926208
0.934118
0.278793
0.97939
0.427705
0.105086
0.871632
0.585059
0.200989
0.780962
0.83897
0.55441
0.865828
0.255422
0.209708
0.850905
0.352358
0.575337
0.370204
0.409769
0.52453
0.175635
0.441858
0.814524
0.642495
0.974309
0.738362
0.0341993
0.758609
0.772696
0.435184
0.886112
0.113915
0.398933
0.383316
0.919387
0.0925842
0.462729
0.962801
0.367176
0.95901
0.691375
0.203993
0.790419
0.323109
0.33041
0.779837
0.788797
0.649499
0.164121
0.533186
0.597463
0.960092
0.393738
0.0606494
0.0893977
0.710457
0.363836
0.608818
0.387641
0.400033
0.3153
0.698665
0.339853
0.2756
0.737673
0.99715
0.056913
0.195767
0.172632
0.987839
0.760874
0.749938
0.567585
0.909781
0.675147
0.695008
0.484289
0.659772
0.627205
0.0328508
0.0284023
0.280094
0.583416
0.165813
0.584676
0.143143
0.31529
0.819103
0.0281933
0.826137
0.780907
0.310255
0.649735
0.242162
0.225675
0.497283
0.604638
0.125759
0.249702
0.788322
0.197001
0.198339
0.598504
0.10457
0.0789069
0.966148
0.809052
0.0322535
0.71759
0.304945
0.340108
0.673722
0.908743
0.903744
0.846602
0.227236
0.244112
0.886118
0.890758
0.1226
0.235205
0.0818251
0.842407
0.86756
0.117523
0.532633
0.888306
0.588527
0.482738
0.901909
0.982441
0.768083
0.987394
0.00394992
0.91949
0.799202
0.0500037
0.13141
0.351628
0.818996
0.164073
0.16123
0.000357946
0.698866
0.1191
0.45386
0.202326
0.117653
0.837682
0.688566
0.589308
0.112864
0.913566
0.329287
0.612527
0.394367
0.387902
0.189793
0.910902
0.735694
0.350791
0.331208
0.478893
0.869821
0.0299519
0.51577
0.15569
0.167091
0.962167
0.863006
0.233136
0.839928
0.376189
0.882157
0.720901
0.0976483
0.194586
0.330278
0.926074
0.379686
0.139198
0.480245
0.0689734
0.0599374
0.759594
0.457106
0.392074
0.590755
0.16126
0.863501
0.00548739
0.413021
0.561758
0.482971
0.0874563
0.78823
0.226562
0.410058
0.215195
0.417731
0.915536
0.463433
0.889778
0.930229
0.696479
0.616459
0.744437
0.387022
0.250179
0.821455
0.650782
0.439675
0.904772
0.870544
0.780342
0.960163
0.304916
0.657631
0.614167
0.350814
0.458501
0.681448
0.551837
0.551499
0.931916
0.12638
0.940162
0.433727
0.111958
0.112253
0.464576
0.96394
0.0522553
0.421497
0.522295
0.608313
0.714911
0.365912
0.681518
0.0343179
0.0503585
0.588296
0.0375576
0.55489
0.882897
0.117659
0.273006
0.992183
0.945094
0.490887
0.739558
0.961798
0.496349
0.267163
0.784791
0.965576
0.0409674
0.811972
0.885105
0.321059
0.906765
0.301306
0.60955
0.75676
0.44057
0.948867
0.878017
0.591392
0.812152
0.413503
0.897085
0.637851
0.789686
0.0932932
0.219829
0.39354
0.160447
0.918085
0.900465
0.480742
0.929187
0.643785
0.1754
0.686098
0.148595
0.328331
0.63001
0.0376609
0.743087
0.398432
0.69232
0.0907304
0.40647
0.734329
0.474102
0.628167
0.419855
0.711956
0.556342
0.193857
0.788784
0.8219
0.0454408
0.865331
0.58432
0.974977
0.0209368
0.247607
0.844626
0.0164159
0.92345
0.368306
0.310253
0.384655
0.217438
0.726026
0.99327
0.815426
0.188165
0.660449
0.888908
0.0247017
0.533087
0.163238
0.70634
0.391554
0.67803
0.641602
0.406585
0.759096
0.837652
0.608462
0.580445
0.00224025
0.75366
0.150096
0.674473
0.367677
0.945163
0.878487
0.0808529
0.635462
0.0117009
0.194496
0.856787
0.713086
0.0156564
0.571404
0.945771
0.650651
0.867571
0.437053
0.258442
0.527394
0.732679
0.526116
0.762275
0.941601
0.21294
0.450301
0.161244
0.643045
0.0356709
0.0703288
0.0589248
0.353231
0.453438
0.145148
0.337798
0.1666
0.942193
0.995447
0.406579
0.726673
0.144169
0.583328
0.925095
0.205078
0.563344
0.729981
0.477908
0.027193
0.16525
0.138954
0.704942
0.303529
0.796547
0.653802
0.787593
0.52706
0.916667
0.663449
0.516165
0.738788
0.37326
0.903758
0.919182
0.970558
0.361374
0.935009
0.513721
0.238215
0.945023
0.366886
0.441049
0.0408839
0.907663
0.238273
0.292609
0.553512
0.709615
0.840643
0.422903
0.278793
0.0964364
0.421757
0.509696
0.618578
0.709941
0.560306
0.485763
0.870395
0.84614
0.220142
0.564314
0.75667
0.381645
0.451859
0.652308
0.426612
0.6077
0.00538551
0.138703
0.57596
0.181295
0.564421
0.910995
0.01936
0.193935
0.445121
0.952135
0.803925
0.19535
0.169454
0.366318
0.319624
0.272521
0.798763
0.947767
0.35982
0.510966
0.984699
0.119065
0.700143
0.548686
0.771164
0.309011
0.450821
0.823086
0.888986
0.604426
0.620523
0.513433
0.970646
0.192448
0.401248
0.25808
0.339777
0.0122722
0.505167
0.295195
0.082667
0.867044
0.285605
0.71259
0.488499
0.622922
0.654488
0.627427
0.872356
0.0646603
0.235011
0.137085
0.70941
0.413195
0.497442
0.231765
0.0685683
0.774584
0.52291
0.136987
0.91599
0.121528
0.698513
0.0159827
0.0591115
0.455043
0.209797
0.0200905
0.634491
0.107425
0.274848
0.398074
0.141202
0.687396
0.237992
0.98736
0.337537
0.799496
0.959317
0.792429
0.823197
0.663936
0.416365
0.545049
0.0113374
0.297801
0.56286
0.83115
0.363083
0.577964
0.721203
0.409433
0.338285
0.780245
0.0445542
0.243179
0.356161
0.975032
0.763267
0.181332
0.222427
0.759202
0.390408
0.476014
0.748819
0.427
0.132394
0.885928
0.668479
0.943578
0.231991
0.119408
0.157235
0.505755
0.62985
0.104267
0.245771
0.482965
0.403544
0.977537
0.809322
0.961216
0.134933
0.866174
0.526722
0.704564
0.341345
0.235748
0.805145
0.24844
0.0262095
0.730196
0.985111
0.099995
0.371625
0.580103
0.705532
0.101421
0.689019
0.544507
0.872663
0.278139
0.513472
0.352541
0.710528
0.716367
0.689794
0.263619
0.563131
0.871613
0.440677
0.8616
0.878808
0.285012
0.683992
0.889046
0.761278
0.968474
0.701594
0.818227
0.966112
0.108721
0.0483346
0.107986
0.819868
0.537227
0.188654
0.528346
0.525208
0.326912
0.589314
0.522392
0.190956
0.522205
0.179244
0.948432
0.911876
0.408528
0.478805
0.4917
0.758512
0.807869
0.0372485
0.997475
0.780814
0.983032
0.80392
0.555823
0.45756
0.0845518
0.869625
0.618305
0.532352
0.327649
0.792082
0.160886
0.180779
0.794672
0.0749655
0.99337
0.985311
0.880294
0.883618
0.978535
0.506658
0.797412
0.801069
0.0446786
0.303273
0.512865
0.373004
0.490506
0.254047
0.161345
0.846139
0.884692
0.891006
0.977313
0.326223
0.703512
0.276115
0.578486
0.493282
0.234612
0.604748
0.92715
0.905512
0.865359
0.252447
0.289711
0.160576
0.988573
0.184456
0.219764
0.0941295
0.871557
0.521221
0.120493
0.579056
0.0768767
0.318157
0.820168
0.112565
0.682553
0.214081
0.247367
0.478517
0.568535
0.187916
0.554527
0.553988
0.515084
0.11456
0.649541
0.466155
0.552946
0.723941
0.202066
0.440506
0.826989
0.756579
0.846532
0.925605
0.752699
0.107779
0.96665
0.0131869
0.183196
0.312786
0.481716
0.344038
0.0440616
0.317492
0.23463
0.117579
0.971438
0.793155
0.583141
0.492545
0.0988427
0.697205
0.703206
0.532825
0.629642
0.982519
0.916953
0.340122
0.210925
0.660311
0.453859
0.516277
0.55276
0.391375
0.745258
0.47414
0.032868
0.700117
0.348099
0.196857
0.165197
0.277524
0.509245
0.130269
0.422588
0.883645
0.238019
0.249215
0.775836
0.516804
0.479853
0.702401
0.887251
0.94376
0.91189
0.517109
0.77603
0.759376
0.252267
0.808189
0.211094
0.961763
0.435251
0.9282
0.496771
0.903734
0.107023
0.628409
0.766025
0.447005
0.600696
0.15384
0.609635
0.453796
0.719451
0.318428
0.728447
0.372085
0.564782
0.0162102
0.336932
0.79517
0.470709
0.807616
0.962866
0.41159
0.428229
0.631544
0.92987
0.834838
0.697612
0.25766
0.682454
0.259333
0.505806
0.701946
0.879386
0.794271
0.614976
0.843279
0.15884
0.463478
0.335037
0.229685
0.142677
0.229124
0.353149
0.348935
0.72802
0.720895
0.0881001
0.226659
0.299294
0.569423
0.574914
0.342713
0.126379
0.0115359
0.979011
0.728035
0.994048
0.63231
0.469913
0.393605
0.790439
0.330603
0.49844
0.592934
0.27983
0.655146
0.571231
0.941047
0.166039
0.0906931
0.861221
0.186322
0.541785
0.42997
0.797783
0.00558377
0.29727
0.518089
0.916868
0.0851211
0.565183
0.091001
0.397586
0.947171
0.00261637
0.556801
0.951134
0.437869
0.00263413
0.0150871
0.0510352
0.932652
0.795326
0.920929
0.296883
0.531096
0.00221013
0.140709
0.289746
0.666565
0.367172
0.000356608
0.475293
0.476899
0.0763471
0.794336
0.595541
0.269483
0.929373
0.326749
0.703619
0.735043
0.422296
0.833652
0.0656057
0.955694
0.991531
0.246285
0.0335066
0.419218
0.848232
0.575353
0.363877
0.367081
0.25908
0.322483
0.124062
0.0109486
0.214987
0.57095
0.825148
0.0626608
0.241825
0.806972
0.706616
0.215938
0.871757
0.827168
0.0374091
0.743313
0.890784
0.267973
0.163382
0.246486
0.944956
0.5383
0.999407
0.308796
0.117628
0.155732
0.319901
0.799946
0.532777
0.805997
0.0343904
0.799238
0.400645
0.711101
0.541434
0.426987
0.863873
0.167768
0.0374872
0.665881
0.843261
0.187894
0.526188
0.8448
0.296926
0.0385781
0.343169
0.645894
0.0257399
0.86163
0.803485
0.0491765
0.668727
0.390715
0.520707
0.783693
0.777824
0.736699
0.872727
0.815733
0.941766
0.155237
0.73954
0.846261
0.599664
0.240955
0.159251
0.354379
0.358176
0.924053
0.992935
0.522542
0.870505
0.511197
0.515888
0.492466
0.37523
0.564876
0.427323
0.377063
0.209203
0.124937
0.864282
0.810856
0.538478
0.332004
0.296167
0.545516
0.387755
0.323324
0.747756
0.643507
0.141928
0.964062
0.641209
0.615112
0.0486381
0.897026
0.0577661
0.774984
0.0305735
0.105574
0.700419
0.0250938
0.138862
0.971356
0.998669
0.0316269
0.218898
0.172416
0.250964
0.652871
0.448241
0.928839
0.47083
0.760955
0.129876
0.501902
0.616994
0.0188308
0.926511
0.646917
0.479777
0.430198
0.202326
0.28648
0.906027
0.747932
0.553529
0.105399
0.919369
0.248676
0.370333
0.385688
0.184188
0.568799
0.448876
0.232742
0.129677
0.830087
0.486838
0.644253
0.75958
0.211087
0.63184
0.612209
0.995499
0.459575
0.144324
0.814888
0.514486
0.0794697
0.379814
0.358362
0.0291869
0.516789
0.538901
0.592584
0.311151
0.537696
0.48279
0.10136
0.87167
0.0299806
0.0299589
0.612852
0.892329
0.0287228
0.853725
0.580927
0.948321
0.197482
0.865899
0.549612
0.406799
0.0870143
0.929166
0.853853
0.631519
0.01178
0.177329
0.669107
0.711502
0.566679
0.0816306
0.558324
0.189529
0.857698
0.782458
0.35443
0.935973
0.114193
0.864842
0.0553194
0.0415138
0.130028
0.605289
0.210958
0.441205
0.0570325
0.325051
0.581802
0.391268
0.527303
0.575569
0.396176
0.264066
0.459622
0.83625
0.802339
0.177462
0.727207
0.760314
0.788106
0.40988
0.115578
0.954224
0.335277
0.455956
0.635456
0.170079
0.514723
0.939771
0.700309
0.633986
0.956532
0.819933
0.323816
0.189016
0.212469
0.695842
0.200615
0.817237
0.248509
0.266384
0.134247
0.896112
0.165173
0.716262
0.0679879
0.871119
0.463622
0.0326687
0.224983
0.67586
0.195382
0.91379
0.309927
0.646642
0.311342
0.35464
0.0707067
0.45998
0.838319
0.425293
0.938628
0.0247448
0.254644
0.838039
0.102783
0.697659
0.92438
0.18625
0.839004
0.730103
0.716185
0.18761
0.78686
0.720147
0.22929
0.743258
0.198055
0.917367
0.346499
0.403606
0.983957
0.546397
0.321742
0.0890206
0.155216
0.571645
0.195936
0.233117
0.427519
0.369808
0.146541
0.388283
0.288343
0.114655
0.259041
0.653854
0.572701
0.971961
0.226982
0.859679
0.942616
0.770063
0.424518
0.470771
0.93551
0.127653
0.653393
0.787412
0.239696
0.216153
0.365865
0.721163
0.338245
0.69632
0.24548
0.658209
0.872056
0.841067
0.347233
0.511567
0.214006
0.538366
0.434303
0.752944
0.492478
0.515487
0.296017
0.15007
0.296871
0.650734
0.505439
0.168819
0.651309
0.2097
0.808113
0.990331
0.635666
0.984427
0.878055
0.206994
0.814099
0.00664814
0.00378092
0.26889
0.918089
0.287549
0.0653556
0.332004
0.00988832
0.0996207
0.341443
0.395034
0.578263
0.0107872
0.870051
0.49333
0.11543
0.212906
0.623751
0.64276
0.0846394
0.818132
0.214185
0.495928
0.673241
0.545789
0.494678
0.997079
0.166486
0.563965
0.785905
0.315555
0.471453
0.814913
0.728366
0.0221667
0.536021
0.728527
0.406401
0.776168
0.881009
0.257132
0.549895
0.046583
0.899611
0.247137
0.678512
0.840691
0.150812
0.554572
0.105099
0.701016
0.725223
0.424371
0.0741266
0.912907
0.504051
0.555751
0.0110137
0.896754
0.344721
0.192787
0.150786
0.00723482
0.958963
0.391214
0.670488
0.698315
0.518353
0.356654
0.0585271
0.414617
0.314898
0.11922
0.723937
0.221393
0.575163
0.65446
0.906261
0.576742
0.699618
0.386671
0.638193
0.677524
0.666848
0.479877
0.902658
0.277307
0.466347
0.752555
0.996822
0.989608
0.533935
0.919205
0.469724
0.968002
0.0591565
0.295779
0.558274
0.0176433
0.481961
0.394159
0.747945
0.0683962
0.732867
0.916408
0.587654
0.36179
0.00168935
0.642255
0.0700951
0.412874
0.718698
0.338896
0.344863
0.950089
0.641198
0.0228813
0.0764937
0.664273
0.56951
0.238043
0.926323
0.17091
0.349031
0.205514
0.17771
0.472835
0.998524
0.132988
0.909436
0.175435
0.556403
0.177406
0.0414072
0.430598
0.543018
0.731675
0.438385
0.153216
0.75281
0.201402
0.688224
0.455307
0.839541
0.257847
0.516858
0.874077
0.23318
0.860445
0.627309
0.13443
0.189806
0.954705
0.337688
0.592377
0.0560907
0.643639
0.245297
0.768838
0.426456
0.434003
0.481398
0.524869
0.0513305
0.659644
0.383251
0.377211
0.855514
0.826448
0.755067
0.541138
0.951485
0.00651083
0.694271
0.756173
0.257378
0.78889
0.319891
0.445818
0.396
0.0829262
0.970195
0.837703
0.570816
0.335884
0.570279
0.284557
0.667533
0.694199
0.159006
0.0443019
0.964501
0.187836
0.979249
0.470879
0.569223
0.187189
0.265262
0.11391
0.518165
0.865023
0.81438
0.208885
0.837831
0.041717
0.734085
0.950539
0.69059
0.106433
0.255493
0.676925
0.911548
0.35188
0.264926
0.453074
0.144175
0.354422
0.00971235
0.740137
0.732577
0.44903
0.284548
0.983689
0.32593
0.0208509
0.0215016
0.574951
0.563433
0.549048
0.529348
0.158784
0.472318
0.0374335
0.314714
0.516438
0.532239
0.749914
0.345371
0.979372
0.410437
0.792657
0.380672
0.679566
0.796102
0.961403
0.410038
0.96428
0.670623
0.969742
0.840719
0.458194
0.823019
0.417125
0.612854
0.908568
0.0056219
0.0247088
0.363659
0.870859
0.341543
0.299975
0.803022
0.161
0.429071
0.080748
0.0079406
0.900146
0.993811
0.705421
0.0201242
0.898435
0.341088
0.864673
0.2854
0.462665
0.651341
0.672907
0.669721
0.771444
0.20137
0.973369
0.307832
0.449387
0.71433
0.334028
0.888924
0.504481
0.540252
0.232744
0.379605
0.391337
0.514034
0.35697
0.067703
0.555406
0.865792
0.198811
0.339
0.733382
0.174111
0.810087
0.149887
0.773127
0.229977
0.950118
0.827896
0.439044
0.960669
0.323338
0.933525
0.138647
0.859775
0.232886
0.483876
0.702076
0.262054
0.994657
0.123481
0.13375
0.338801
0.744783
0.800796
0.905691
0.888267
0.869211
0.359826
0.0530677
0.342954
0.880419
0.0933048
0.648136
0.366217
0.0128375
0.853807
0.659251
0.888459
0.611196
0.627734
0.643501
0.330854
0.206826
0.608876
0.977437
0.443334
0.33433
0.546276
0.609392
0.973526
0.109564
0.487444
0.734215
0.0833685
0.500399
0.713276
0.86834
0.807779
0.361429
0.604764
0.967751
0.141276
0.615933
0.0519473
0.317551
0.749103
0.552652
0.68952
0.669731
0.502787
0.817147
0.316755
0.661827
0.678978
0.229776
0.146406
0.966273
0.845984
0.623026
0.561176
0.357231
0.2749
0.184638
0.589209
0.30392
0.700307
0.700601
0.812492
0.578309
0.936889
0.150712
0.583568
0.37833
0.21919
0.512333
0.654728
0.699389
0.127316
0.724987
0.246831
0.127258
0.0153987
0.565158
0.547797
0.270758
0.364701
0.839399
0.198094
0.00590974
0.300715
0.642854
0.775367
0.273198
0.473493
0.424237
0.134745
0.971726
0.901665
0.877968
0.915933
0.549645
0.490619
0.0367564
0.032511
0.127144
0.490602
0.806701
0.670993
0.740439
0.865979
0.171625
0.624224
0.802878
0.576515
0.649714
0.761235
0.788869
0.267839
0.725672
0.408222
0.0107181
0.442499
0.973958
0.416036
0.136476
0.415437
0.657771
0.970501
0.653868
0.296938
0.615211
0.733573
0.0927816
0.909922
0.265548
0.87545
0.654286
0.422986
0.278153
0.878281
0.54186
0.0210986
0.693976
0.78817
0.240514
0.0660518
0.580381
0.709336
0.138399
0.811246
0.296746
0.837141
0.0359433
0.191531
0.46889
0.998316
0.448645
0.838643
0.289705
0.509129
0.296449
0.0751411
0.91218
0.896136
0.106831
0.982231
0.766486
0.589
0.667827
0.95577
0.558202
0.748789
0.985463
0.665188
0.589803
0.815257
0.167431
0.685843
0.648028
0.738419
0.61802
0.929021
0.927781
0.0178518
0.740901
0.456779
0.887196
0.14066
0.665428
0.421085
0.273017
0.538011
0.703868
0.257188
0.201307
0.24116
0.0828256
0.407313
0.662939
0.70052
0.649985
0.739051
0.339554
0.143644
0.820932
0.408203
0.513391
0.017125
0.990629
0.622178
0.139492
0.82884
0.38654
0.980017
0.983229
0.645396
0.188109
0.659848
0.928432
0.888019
0.389385
0.524388
0.106079
0.410609
0.953189
0.518584
0.0114814
0.356888
0.317883
0.808439
0.0562452
0.41891
0.199224
0.692616
0.483353
0.014995
0.21398
0.113787
0.859156
0.948223
0.379186
0.778653
0.700673
0.392777
0.657543
0.606669
0.612548
0.899062
0.978362
0.0791616
0.663623
0.542836
0.523529
0.632729
0.852984
0.620623
0.394445
0.582427
0.280372
0.383961
0.340323
0.188867
0.0831427
0.398225
0.208291
0.88527
0.0248552
0.115907
0.75544
0.810835
0.668686
0.296367
0.932528
0.579329
0.848069
0.829838
0.604967
0.539132
0.319351
0.397398
0.721734
0.014447
0.365157
0.00385295
0.385898
0.487061
0.187308
0.758958
0.236882
0.182735
0.315176
0.0749296
0.545709
0.833636
0.246644
0.634093
0.878202
0.734488
0.077541
0.718078
0.931303
0.80036
0.0612202
0.656122
0.93464
0.842206
0.628753
0.840469
0.979625
0.344729
0.304001
0.786048
0.84453
0.77154
0.735122
0.61273
0.78505
0.914635
0.459313
0.853508
0.721138
0.598065
0.401816
0.111573
0.0438374
0.656673
0.0203453
0.492957
0.568147
0.52637
0.635668
0.337363
0.0536817
0.957687
0.187573
0.184987
0.194217
0.723014
0.428777
0.497193
0.43665
0.12272
0.579637
0.95839
0.732167
0.467499
0.532068
0.508476
0.0565052
0.353844
0.786577
0.0917529
0.877362
0.755467
0.0625666
0.680036
0.716656
0.993209
0.726169
0.874117
0.481347
0.255914
0.275261
0.467109
0.652719
0.229943
0.707484
0.142398
0.970751
0.729307
0.930028
0.0736384
0.573896
0.14437
0.861639
0.908989
0.207991
0.656032
0.596222
0.48969
0.0601169
0.0743759
0.168076
0.926164
0.869268
0.904729
0.96212
0.303775
0.487127
0.837519
0.685553
0.504597
0.186842
0.787599
0.753534
0.319308
0.329433
0.328868
0.790416
0.311541
0.986551
0.804878
0.215508
0.631402
0.681258
0.438344
0.230532
0.219869
0.348042
0.773236
0.273131
0.384621
0.138388
0.0926819
0.62169
0.562424
0.924128
0.862953
0.462095
0.934315
0.799023
0.525957
0.64407
0.366814
0.977218
0.33628
0.50676
0.573558
0.0694989
0.618942
0.639782
0.303982
0.52471
0.484481
0.0230603
0.364708
0.200945
0.321403
0.568325
0.179587
0.631747
0.40365
0.23574
0.929034
0.0357195
0.782753
0.345159
0.830463
0.848703
0.829431
0.823973
0.299826
0.307663
0.865319
0.469484
0.259066
0.062275
0.268395
0.0465648
0.133837
0.0179664
0.200815
0.540618
0.747099
0.612999
0.11887
0.147527
0.702891
0.898678
0.87442
0.768288
0.535131
0.42855
0.366621
0.704919
0.151894
0.7786
0.182211
0.900466
0.4383
0.13111
0.77084
0.0604818
0.511502
0.781582
0.706512
0.123253
0.488829
0.598622
0.223492
0.254674
0.893093
0.714918
0.190059
0.430685
0.35434
0.293705
0.170146
0.99135
0.170681
0.745834
0.363706
0.718173
0.876619
0.820487
0.622979
0.0684164
0.268855
0.51673
0.993716
0.421661
0.608703
0.628624
0.376744
0.435412
0.927763
0.215143
0.963533
0.905456
0.698869
0.555224
0.556056
0.576083
0.50564
0.792064
0.191224
0.995015
0.878287
0.979407
0.577418
0.263606
0.00631242
0.512525
0.607643
0.0568572
0.654819
0.760695
0.00202517
0.898254
0.0835711
0.325086
0.281678
0.846126
0.0986569
0.841429
0.585418
0.61187
0.276259
0.152087
0.0777669
0.97317
0.826165
0.414874
0.0976577
0.110673
0.167375
0.130271
0.967213
0.283889
0.946525
0.894684
0.192779
0.827479
0.537434
0.0716133
0.288643
0.704443
0.831479
0.567853
0.74884
0.36656
0.896812
0.966918
0.864288
0.169275
0.601649
0.772288
0.679971
0.448968
0.0336971
0.22001
0.92759
0.132278
0.193642
0.711609
0.239413
0.603264
0.403798
0.478035
0.303966
0.854261
0.78034
0.603766
0.287594
0.696171
0.314842
0.413665
0.210405
0.165779
0.162469
0.756569
0.891892
0.0598403
0.923395
0.617694
0.400861
0.722688
0.532763
0.37217
0.954795
0.446961
0.0634707
0.875794
0.183291
0.902711
0.734727
0.404063
0.334753
0.332098
0.865856
0.530886
0.070459
0.434608
0.796215
0.624121
0.129096
0.177249
0.00401618
0.37284
0.50049
0.607429
0.113732
0.2037
0.43097
0.191685
0.216929
0.549967
0.174485
0.475688
0.196584
0.571798
0.952317
0.840802
0.51111
0.361963
0.107306
0.857141
0.350701
0.0847562
0.422505
0.895775
0.133584
0.471731
0.474012
0.113227
0.0901466
0.125977
0.627296
0.165436
0.0344757
0.0637229
0.758217
0.708074
0.410057
0.650611
0.345417
0.213914
0.10237
0.779194
0.569993
0.360353
0.337925
0.899146
0.270068
0.342159
0.95754
0.873978
0.799757
0.233094
0.400876
0.0253214
0.270294
0.898604
0.527576
0.972139
0.510913
0.0499634
0.804768
0.717786
0.052215
0.583825
0.00694394
0.0290888
0.147853
0.282351
0.216654
0.541369
0.422689
0.826158
0.116392
0.670486
0.247237
0.619965
0.0753535
0.682865
0.938063
0.529847
0.830151
0.938477
0.889312
0.818512
0.325585
0.0576685
0.738246
0.534417
0.928255
0.654559
0.612353
0.711383
0.379293
0.317618
0.821411
0.973549
0.858326
0.098605
0.437135
0.678133
0.953547
0.196877
0.907213
0.383878
0.455565
0.506294
0.0096837
0.180898
0.217539
0.841658
0.366493
0.888712
0.071686
0.00244257
0.669357
0.110752
0.401971
0.291087
0.463012
0.0687979
0.602961
0.0154742
0.485673
0.629374
0.682264
0.110505
0.357836
0.231873
0.7845
0.958474
0.981091
0.947243
0.742781
0.324947
0.969572
0.704829
0.932348
0.0150332
0.368313
0.0479421
0.962413
0.259576
0.863734
0.496947
0.0669343
0.233316
0.679472
0.749017
0.632607
0.665286
0.8621
0.219765
0.0408523
0.809501
0.150923
0.683195
0.0271151
0.591707
0.0179923
0.498731
0.92092
0.43201
0.651179
0.789608
0.488436
0.866303
0.995987
0.273945
0.438901
0.860651
0.800841
0.723066
0.979134
0.747267
0.724659
0.361848
0.827242
0.530041
0.73223
0.22023
0.766914
0.33937
0.458522
0.436882
0.795616
0.894415
0.172739
0.90495
0.0705525
0.695929
0.0904086
0.191702
0.78103
0.471158
0.709738
0.270848
0.589459
0.176534
0.698124
0.846681
0.918698
0.0931224
0.70624
0.647618
0.872875
0.589156
0.889275
0.404002
0.432836
0.74505
0.385304
0.83834
0.455399
0.916755
0.525752
0.0788086
0.335996
0.537127
0.0875213
0.808512
0.59374
0.0124689
0.864427
0.189416
0.452495
0.858945
0.629752
0.313304
0.285304
0.543971
0.0432081
0.450776
0.845958
0.559892
0.0545911
0.667959
0.0324179
0.676559
0.17166
0.0899208
0.732952
0.117189
0.858882
0.997072
0.536703
0.506019
0.0529971
0.489292
0.904126
0.180583
0.0259382
0.241877
0.166302
0.0863006
0.769303
0.163406
0.551238
0.622873
0.859926
0.960504
0.634386
0.0435107
0.00444916
0.786465
0.212893
0.278245
0.732227
0.524542
0.860558
0.226739
0.0592223
0.713104
0.303789
0.915572
0.398405
0.696108
0.45746
0.617692
0.0307801
0.971592
0.381684
0.671613
0.530732
0.762958
0.693136
0.805102
0.583614
0.0583919
0.933296
0.159245
0.535069
0.415065
0.125354
0.726375
0.131783
0.0251224
0.0247625
0.768626
0.582205
0.364422
0.387327
0.0879047
0.0822656
0.323547
0.664264
0.294383
0.0826059
0.340711
0.824973
0.896985
0.0568374
0.661342
0.16385
0.94971
0.569845
0.538815
0.844043
0.872215
0.714985
0.721003
0.164483
0.0684342
0.131804
0.850037
0.921163
0.145803
0.942923
0.00634422
0.302739
0.348883
0.140084
0.277207
0.266027
0.630131
0.753872
0.305679
0.749584
0.358608
0.0768706
0.814783
0.0926993
0.69245
0.262326
0.297855
0.0410867
0.196752
0.74485
0.768324
0.366161
0.365543
0.550128
0.67694
0.747872
0.701084
0.0695725
0.993672
0.73597
0.218687
0.134725
0.833468
0.594592
0.389462
0.0650151
0.854444
0.152073
0.222234
0.0800922
0.604748
0.642632
0.440711
0.331905
0.827361
0.378547
0.460588
0.558345
0.893859
0.0887206
0.447657
0.694702
0.628283
0.27922
0.382389
0.875186
0.0565737
0.10908
0.415253
0.256965
0.487652
0.344837
0.423145
0.614865
0.867532
0.993183
0.529526
0.266147
0.772441
0.464649
0.294572
0.640454
0.60163
0.563162
0.58824
0.727718
0.532553
0.415988
0.00638296
0.20277
0.303674
0.564346
0.661976
0.694798
0.742955
0.953605
0.770231
0.366398
0.668978
0.339375
0.544492
0.583356
0.0187282
0.726252
0.332024
0.353828
0.119668
0.662768
0.854022
0.724341
0.398537
0.531186
0.987793
0.238778
0.63609
0.11481
0.262376
0.662916
0.422908
0.637981
0.559783
0.687395
0.689828
0.813038
0.256428
0.451345
0.17705
0.0712325
0.943428
0.151074
0.224407
0.696591
0.0768582
0.35586
0.223823
0.837452
0.48235
0.0572109
0.0419337
0.873119
0.0316836
0.0091993
0.420793
0.114634
0.387509
0.124306
0.178473
0.789913
0.247417
0.0893077
0.496224
0.393704
0.688114
0.945398
0.888104
0.180372
0.0983669
0.0910507
0.952144
0.46924
0.785875
0.438878
0.7052
0.863854
0.0448717
0.681589
0.36855
0.0225711
0.580709
0.658337
0.716587
0.541453
0.413962
0.491408
0.501136
0.323566
0.344918
0.783151
0.649828
0.732149
0.771202
0.991828
0.695799
0.298109
0.0444273
0.879106
0.671031
0.933268
0.960188
0.346119
0.0865302
0.866486
0.639587
0.223429
0.885136
0.966125
0.626405
0.795229
0.799183
0.053592
0.0445699
0.631182
0.443787
0.282178
0.0949067
0.250391
0.951929
0.905082
0.883356
0.300043
0.890482
0.756975
0.83647
0.313764
0.624109
0.714277
0.951797
0.20808
0.909814
0.188636
0.434673
0.934559
0.15852
0.472865
0.379221
0.0542143
0.997215
0.344553
0.956514
0.331933
0.168059
0.804114
0.879541
0.123619
0.727745
0.964448
0.931979
0.677274
0.435986
0.920528
0.190793
0.290404
0.27704
0.629895
0.763158
0.327307
0.529934
0.368595
0.823541
0.637512
0.634689
0.84984
0.311272
0.135808
0.393167
0.481436
0.572541
0.878811
0.549883
0.0886367
0.650198
0.545516
0.432417
0.555931
0.892566
0.910961
0.661304
0.77753
0.527798
0.773164
0.69002
0.804033
0.198261
0.402727
0.487829
0.602526
0.941632
0.4494
0.568917
0.0987387
0.419388
0.346935
0.993734
0.550974
0.413325
0.561668
0.272441
0.443357
0.726814
0.955423
0.291691
0.326208
0.036111
0.471971
0.626674
0.938427
0.241059
0.169837
0.708956
0.80399
0.172833
0.142744
0.27153
0.803849
0.744221
0.391265
0.916774
0.206485
0.796868
0.502916
0.337558
0.734475
0.937578
0.799239
0.1101
0.608944
0.896211
0.122551
0.66883
0.525639
0.621148
0.835733
0.324395
0.271219
0.101199
0.0382939
0.408147
0.500778
0.317973
0.072361
0.888308
0.100679
0.749029
0.683172
0.32913
0.806512
0.324871
0.759043
0.73572
0.305085
0.96355
0.423135
0.680648
0.111268
0.942904
0.870008
0.837693
0.983377
0.00645282
0.189041
0.502385
0.651712
0.724765
0.418059
0.364491
0.0293452
0.146276
0.116622
0.376199
0.916969
0.972809
0.200624
0.349966
0.287548
0.594364
0.9683
0.396305
0.543812
0.430387
0.97117
0.605183
0.402844
0.67213
0.409539
0.772146
0.216706
0.130687
0.297168
0.415282
0.244325
0.301739
0.948765
0.921201
0.524796
0.701214
0.0708344
0.153187
0.161403
0.152548
0.523685
0.164832
0.823625
0.0685622
0.781497
0.355878
0.644259
0.328357
0.328202
0.208615
0.182575
0.467102
0.238471
0.0335432
0.212808
0.345801
0.522921
0.46948
0.469736
0.926694
0.45094
0.0190576
0.547794
0.3319
0.95858
0.00533558
0.534096
0.998518
0.826389
0.0148178
0.00457505
0.859057
0.965567
0.308714
0.290651
0.374606
0.741747
0.656096
0.71462
0.638501
0.624016
0.544329
0.297258
0.265625
0.871433
0.384672
0.481682
0.40843
0.727801
0.9413
0.132713
0.922984
0.424115
0.213613
0.619081
0.780812
0.892069
0.994166
0.543799
0.525262
0.645051
0.563686
0.751454
0.551079
0.927783
0.882648
0.924692
0.79551
0.583461
0.263989
0.41883
0.0276407
0.718097
0.0885031
0.225357
0.174898
0.204455
0.534003
0.0727832
0.303409
0.380162
0.56866
0.856258
0.149702
0.442638
0.301376
0.743923
0.0692395
0.48235
0.0371795
0.56489
0.412615
0.749561
0.559354
0.286891
0.559449
0.510669
0.914468
0.605391
0.935803
0.0797872
0.629883
0.67353
0.522284
0.639485
0.320491
0.80563
0.742183
0.0904193
0.173032
0.306792
0.723458
0.16049
0.119637
0.356935
0.182808
0.5965
0.570471
0.76746
0.418622
0.660202
0.468208
0.309779
0.862293
0.0297894
0.910365
0.782668
0.470831
0.210079
0.571386
0.854476
0.000664251
0.790989
0.213149
0.519678
0.341853
0.44468
0.424893
0.499122
0.979
0.965573
0.762263
0.560331
0.0513589
0.452135
0.197396
0.227734
0.0877343
0.890951
0.441018
0.101011
0.375789
0.887497
0.603092
0.629738
0.0804585
0.51778
0.826401
0.0499669
0.0489162
0.643399
0.119766
0.837651
0.0325578
0.400808
0.45272
0.758225
0.528874
0.773737
0.225945
0.893019
0.212988
0.484718
0.132585
0.122343
0.011625
0.164978
0.96168
0.881372
0.198995
0.618018
0.509875
0.736659
0.798617
0.68595
0.0607936
0.835155
0.297555
0.933094
0.118887
0.649669
0.866569
0.220875
0.658341
0.999298
0.483806
0.873139
0.136046
0.0936113
0.540099
0.10167
0.145342
0.587301
0.525714
0.726717
0.73509
0.308296
0.533114
0.00441416
0.123748
0.626402
0.735722
0.0483386
0.493812
0.269653
0.302626
0.361175
0.607931
0.898595
0.874083
0.298477
0.65002
0.760451
0.648902
0.76225
0.624864
0.329995
0.125093
0.429026
0.166495
0.785072
0.798574
0.685166
0.183499
0.464214
0.776413
0.970312
0.539324
0.832183
0.822575
0.185646
0.214746
0.876134
0.253142
0.44331
0.0711251
0.928618
0.16851
0.922063
0.526768
0.540677
0.492309
0.625825
0.930247
0.804707
0.327296
0.058714
0.0762001
0.266848
0.289917
0.343958
0.729181
0.805755
0.206633
0.204612
0.924254
0.34055
0.211671
0.0402555
0.579987
0.43635
0.649131
0.593293
0.127516
0.490378
0.929991
0.387544
0.62169
0.613584
0.710606
0.195463
0.506625
0.198768
0.433916
0.672481
0.864174
0.832268
0.804348
0.380167
0.741855
0.226628
0.454968
0.565486
0.855235
0.509653
0.619842
0.101444
0.563003
0.00274589
0.661041
0.223752
0.152052
0.779129
0.839704
0.386305
0.931842
0.249985
0.691868
0.44164
0.865446
0.941818
0.106301
0.136181
0.0587419
0.878476
0.943591
0.767826
0.644912
0.661951
0.42977
0.927797
0.850937
0.771731
0.15645
0.151153
0.384514
0.806349
0.28187
0.610791
0.958275
0.624788
0.318598
0.757213
0.654341
0.580283
0.985374
0.0482023
0.963134
0.46421
0.170524
0.115266
0.399326
0.301478
0.686376
0.33229
0.454565
0.887971
0.678546
0.710194
0.796866
0.780909
0.187208
0.231965
0.732563
0.408944
0.24234
0.526731
0.326745
0.843566
0.220306
0.48945
0.706744
0.568935
0.110432
0.883326
0.0815238
0.0242695
0.358675
0.882614
0.184551
0.710889
0.499086
0.160559
0.132622
0.913076
0.686289
0.705753
0.187484
0.455108
0.243981
0.734097
0.366956
0.00179252
0.592019
0.495408
0.189699
0.02102
0.460584
0.56477
0.621104
0.197545
0.603406
0.439158
0.24168
0.569248
0.648079
0.478435
0.164561
0.421306
0.0418317
0.954137
0.822557
0.70942
0.943227
0.18583
0.62078
0.898747
0.45839
0.408355
0.957995
0.227367
0.814485
0.547758
0.264281
0.877734
0.299965
0.88175
0.646434
0.931076
0.383231
0.483472
0.294245
0.571218
0.0577812
0.225189
0.954835
0.297939
0.767888
0.250234
0.159586
0.126259
0.265932
0.474506
0.275923
0.326562
0.368263
0.589586
0.297644
0.359345
0.145086
0.912958
0.182311
0.654604
0.841369
0.440965
0.748212
0.875135
0.426858
0.749332
0.0687006
0.599795
0.666501
0.565858
0.0167477
0.000205747
0.947028
0.490253
0.341766
0.314525
0.656326
0.505768
0.285218
0.715341
0.961034
0.634075
0.298156
0.715051
0.542197
0.814862
0.606132
0.459336
0.812926
0.300051
0.0244031
0.254615
0.84594
0.46323
0.0649298
0.304268
0.579143
0.830343
0.658423
0.955441
0.646797
0.699265
0.0580184
0.566623
0.611284
0.263715
0.170603
0.397799
0.56122
0.489757
0.808319
0.420615
0.517218
0.87861
0.453371
0.585015
0.274691
0.92387
0.0273456
0.519511
0.0476384
0.73963
0.95148
0.761513
0.298716
0.672262
0.2324
0.00769516
0.595404
0.355279
0.321112
0.356694
0.272645
0.735145
0.639621
0.620697
0.567735
0.166124
0.674241
0.260617
0.0889388
0.293222
0.778186
0.822324
0.756566
0.631399
0.845603
0.608217
0.391985
0.492957
0.00812752
0.117516
0.0100991
0.168383
0.812911
0.156918
0.584571
0.452755
0.973783
0.806494
0.998828
0.122701
0.906887
0.188286
0.372586
0.669179
0.687046
0.510199
0.67205
0.309051
0.765984
0.647487
0.0875099
0.33243
0.409177
0.799015
0.116089
0.460669
0.121552
0.955099
0.547746
0.827872
0.787045
0.196186
0.953237
0.162181
0.442576
0.583956
0.0538245
0.905487
0.799278
0.7043
0.16059
0.51431
0.22495
0.0894601
0.258988
0.641708
0.979919
0.817688
0.240753
0.890248
0.278615
0.814981
0.115675
0.39815
0.111782
0.735498
0.0415837
0.69232
0.746766
0.964647
0.869862
0.499354
0.118819
0.179691
0.199881
0.00389501
0.784664
0.144072
0.159263
0.306733
0.236416
0.849156
0.174182
0.455338
0.831477
0.815236
0.667811
0.758468
0.700648
0.105567
0.134546
0.48411
0.226911
0.394952
0.49788
0.275216
0.172126
0.988593
0.59243
0.467966
0.555266
0.947058
0.443162
0.199027
0.897187
0.0975069
0.581536
0.946516
0.542904
0.576662
0.679103
0.637986
0.208776
0.253181
0.440682
0.320249
0.59097
0.730488
0.0342986
0.731647
0.381501
0.168949
0.802547
0.0274577
0.093591
0.640571
0.965212
0.932416
0.0799097
0.610712
0.257329
0.248298
0.572601
0.119233
0.628087
0.915607
0.676203
0.716184
0.338111
0.671589
0.353227
0.821506
0.0258894
0.185996
0.56315
0.270049
0.964955
0.78375
0.0110253
0.93684
0.104613
0.341245
0.250128
0.796342
0.287489
0.500623
0.138704
0.055167
0.882259
0.282675
0.50479
0.331237
0.980971
0.761745
0.112345
0.673071
0.215289
0.431424
0.0899802
0.678935
0.478567
0.942961
0.47988
0.464025
0.641331
0.213119
0.745139
0.830275
0.362796
0.617116
0.350556
0.0323686
0.883405
0.716755
0.973522
0.0381426
0.191838
0.30386
0.732455
0.40389
0.059918
0.513568
0.921195
0.795718
0.401648
0.398465
0.146036
0.976578
0.41617
0.139256
0.170863
0.653039
0.602517
0.455845
0.0349663
0.0633377
0.477076
0.697978
0.62319
0.434322
0.579006
0.429832
0.501439
0.50412
0.917323
0.439151
0.800409
0.982938
0.604861
0.329054
0.711464
0.108176
0.154141
0.988135
0.881584
0.0628852
0.299801
0.0496305
0.94654
0.907798
0.689362
0.179474
0.566043
0.485049
0.182755
0.881185
0.721424
0.363145
0.561423
0.146436
0.461068
0.903515
0.316411
0.35654
0.643609
0.75344
0.91446
0.463191
0.102084
0.0416288
0.990623
0.726757
0.758468
0.0230352
0.650611
0.716011
0.938133
0.359466
0.257504
0.392044
0.00486731
0.321541
0.403138
0.897501
0.652609
0.36382
0.308727
0.105348
0.0994477
0.385413
0.651969
0.472886
0.0387682
0.88877
0.175813
0.689304
0.673588
0.754115
0.699735
0.86003
0.311678
0.739358
0.0369244
0.368524
0.805458
0.597142
0.435362
0.394869
0.212864
0.0928238
0.528886
0.618051
0.220414
0.648933
0.333767
0.621582
0.551038
0.991344
0.890934
0.665118
0.376344
0.406879
0.974197
0.951846
0.921861
0.137134
0.506885
0.455186
0.406444
0.34333
0.506213
0.38015
0.261868
0.0152555
0.465182
0.00457043
0.460255
0.415746
0.95133
0.0221763
0.61622
0.121402
0.121494
0.610776
0.36465
0.629782
0.999802
0.76087
0.0371189
0.761402
0.326284
0.378006
0.719823
0.818359
0.0459994
0.239874
0.879282
0.516136
0.969995
0.939132
0.551199
0.145431
0.602365
0.836598
0.921022
0.029994
0.801236
0.116735
0.456517
0.126392
0.940854
0.0772612
0.71406
0.282983
0.0885842
0.564663
0.818235
0.177745
0.832306
0.223818
0.352318
0.946026
0.624364
0.167874
0.094733
0.866882
0.588139
0.467788
0.449551
0.795957
0.808974
0.152176
0.459671
0.128507
0.255264
0.308539
0.52778
0.481158
0.107103
0.466762
0.127196
0.74745
0.774097
0.273694
0.243105
0.180764
0.032364
0.0513358
0.581584
0.378316
0.181021
0.156894
0.912579
0.889774
0.994666
0.085871
0.623224
0.280624
0.520649
0.40321
0.655436
0.189403
0.834822
0.244948
0.648744
0.793783
0.0297193
0.165119
0.124074
0.426424
0.673664
0.33989
0.901419
0.359464
0.36342
0.881982
0.274818
0.227235
0.818159
0.530767
0.55886
0.619625
0.156463
0.00359343
0.915564
0.211815
0.894743
0.526677
0.468357
0.776661
0.0451686
0.683407
0.867049
0.649699
0.120344
0.866508
0.0960934
0.997824
0.423343
0.909644
0.486588
0.614555
0.674291
0.483756
0.824818
0.179308
0.663684
0.622568
0.0277201
0.945881
0.499526
0.307759
0.11541
0.856051
0.307968
0.88378
0.846325
0.0158311
0.539299
0.640065
0.241148
0.451531
0.813216
0.118456
0.813382
0.926093
0.405734
0.468475
0.30933
0.407549
0.837561
0.844069
0.45665
0.324207
0.779407
0.742614
0.103286
0.0171565
0.758494
0.129158
0.328144
0.530688
0.454299
0.933738
0.908635
0.00463904
0.137667
0.293327
0.881424
0.107732
0.870226
0.937775
0.931045
0.0546154
0.180404
0.0647199
0.742284
0.377265
0.215086
0.554483
0.168597
0.588065
0.884562
0.553804
0.668566
0.710546
0.731987
0.386861
0.670184
0.116266
0.532379
0.982344
0.719428
0.663468
0.731573
0.0538612
0.992298
0.474342
0.450399
0.124078
0.19148
0.221174
0.987571
0.0956984
0.359853
0.144322
0.546581
0.868632
0.728863
0.542564
0.683854
0.874943
0.542592
0.723309
0.0301747
0.212819
0.676391
0.659682
0.884001
0.137879
0.77697
0.375572
0.92891
0.313548
0.219542
0.588988
0.609629
0.699438
0.194275
0.828067
0.539564
0.00411928
0.142159
0.250904
0.041442
0.951372
0.159083
0.127089
0.781928
0.380794
0.132344
0.471041
0.0972356
0.567121
0.678037
0.969497
0.572692
0.709083
0.479133
0.15091
0.693782
0.88819
0.607283
0.955097
0.794752
0.979282
0.727159
0.447923
0.364792
0.0256599
0.767736
0.577534
0.208912
0.958359
0.3936
0.493906
0.584852
0.696793
0.270748
0.179202
0.738972
0.540392
0.201348
0.808306
0.139507
0.240521
0.36258
0.441398
0.957631
0.590297
0.444403
0.126765
0.184345
0.116922
0.914447
0.264167
0.309662
0.305709
0.0761545
0.867611
0.251229
0.494645
0.315765
0.110954
0.630273
0.389427
0.898279
0.89836
0.387504
0.26654
0.971598
0.051414
0.850554
0.0299147
0.827617
0.641195
0.854285
0.0075886
0.861134
0.831409
0.428423
0.829945
0.630492
0.870896
0.362633
0.000585364
0.682425
0.332449
0.00241717
0.40353
0.738553
0.810626
0.691683
0.503797
0.989424
0.75351
0.0372176
0.378882
0.79731
0.320426
0.710505
0.921205
0.420781
0.756391
0.813728
0.000195262
0.448176
0.100241
0.315733
0.459727
0.625656
0.66145
0.013053
0.413663
0.506897
0.893742
0.59971
0.219169
0.810204
0.563794
0.352679
0.0531721
0.175904
0.681163
0.679148
0.459472
0.959243
0.960658
0.254661
0.308731
0.215184
0.788823
0.0420285
0.0261465
0.730956
0.138958
0.359593
0.865757
0.0959288
0.719974
0.0107002
0.588616
0.778361
0.167666
0.846628
0.745917
0.0732737
0.326029
0.97188
0.457539
0.819624
0.872895
0.978804
0.160296
0.839101
0.689232
0.389475
0.295962
0.160162
0.644238
0.0644037
0.803266
0.952946
0.777233
0.293904
0.0255446
0.562832
0.329167
0.109071
0.170478
0.598696
0.557015
0.931803
0.652859
0.368378
0.817947
0.829884
0.876986
0.376833
0.820072
0.562756
0.602158
0.586635
0.204756
0.411582
0.781613
0.816633
0.472673
0.00492174
0.439789
0.309894
0.631395
0.406605
0.991209
0.0798079
0.484511
0.459152
0.611776
0.24315
0.0781713
0.514615
0.523561
0.926687
0.0659983
0.381437
0.989923
0.401835
0.462253
0.623633
0.550271
0.428174
0.958899
0.726257
0.633113
0.0959976
0.436976
0.453918
0.721017
0.131282
0.976972
0.748638
0.219311
0.200742
0.256317
0.417201
0.0881683
0.423198
0.122714
0.73045
0.0900992
0.406102
0.976915
0.887863
0.605825
0.68841
0.733297
0.486735
0.773412
0.645393
0.115761
0.979149
0.0699067
0.515555
0.173179
0.310549
0.211458
0.219424
0.664845
0.126452
0.696024
0.685247
0.592896
0.130085
0.719644
0.264839
0.084783
0.301254
0.299411
0.957254
0.212934
0.0795438
0.938651
0.158187
0.557635
0.51322
0.246299
0.775021
0.468562
0.425455
0.715637
0.203207
0.374818
0.404482
0.98869
0.917599
0.165963
0.842916
0.961866
0.51715
0.869249
0.19911
0.0745327
0.853711
0.551945
0.401401
0.0828902
0.412838
0.771524
0.0422461
0.0429466
0.0897467
0.888949
0.297586
0.563756
0.766504
0.278174
0.847381
0.569141
0.153109
0.754077
0.362811
0.715504
0.867329
0.465708
0.166724
0.616317
0.0144378
0.845249
0.675576
0.450594
0.0629448
0.967394
0.3086
0.181887
0.726849
0.579604
0.224691
0.253686
0.146028
0.0503959
0.947301
0.492924
0.847442
0.208687
0.496424
0.250552
0.870484
0.389106
0.804798
0.210853
0.805921
0.551925
0.0992363
0.451717
0.241553
0.926228
0.630199
0.34794
0.797299
0.764339
0.0924329
0.858768
0.292566
0.246336
0.661839
0.178259
0.000268956
0.80642
0.550268
0.170058
0.941898
0.857364
0.0283526
0.443339
0.959906
0.473501
0.070812
0.308921
0.217055
0.68368
0.129073
0.607824
0.823018
0.968963
0.42909
0.921292
0.638685
0.920088
0.9306
0.813028
0.776522
0.070031
0.376761
0.350967
0.875643
0.179326
0.325326
0.506343
0.513889
0.936886
0.705823
0.399589
0.913129
0.586304
0.219245
0.492053
0.841742
0.555253
0.121576
0.414743
0.919254
0.130565
0.8503
0.354179
0.638378
0.679615
0.210296
0.923377
0.751266
0.184107
0.985057
0.844546
0.288017
0.958604
0.839832
0.13913
0.611003
0.624968
0.10044
0.909357
0.439254
0.676132
0.696534
0.220906
0.740032
0.477612
0.428771
0.54513
0.473266
0.231218
0.339701
0.146446
0.238266
0.389419
0.828332
0.629937
0.416932
0.106474
0.144924
0.488399
0.0957204
0.608237
0.838148
0.268443
0.198159
0.63963
0.810478
0.241773
0.345433
0.409192
0.984689
0.0193651
0.115295
0.414443
0.716114
0.15047
0.876417
0.139625
0.429655
0.641483
0.179621
0.526794
0.351366
0.716891
0.888903
0.209262
0.381999
0.699487
0.58953
0.35872
0.270703
0.252505
0.229946
0.448388
0.343842
0.513458
0.00712248
0.80759
0.585594
0.938519
0.915879
0.290033
0.218887
0.515905
0.532516
0.169574
0.868797
0.914683
0.0289048
0.202862
0.583459
0.0978289
0.308328
0.0660272
0.523915
0.900546
0.868529
0.709669
0.00425505
0.480377
0.536361
0.928344
0.163477
0.777333
0.744346
0.172072
0.183386
0.0412303
0.350649
0.621306
0.341571
0.919933
0.115084
0.305228
0.920272
0.854933
0.465624
0.786888
0.102259
0.867311
0.90967
0.107068
0.401441
0.973961
0.805277
0.429951
0.232758
0.155989
0.809412
0.544766
0.163261
0.182408
0.418795
0.14419
0.850594
0.815084
0.0262885
0.936857
0.219121
0.596729
0.900256
0.191183
0.0066769
0.132685
0.680663
0.502623
0.301561
0.568075
0.254598
0.3973
0.351478
0.852213
0.262626
0.0210764
0.941342
0.858335
0.689151
0.522733
0.589221
0.94372
0.854516
0.95005
0.189414
0.0170516
0.15967
0.38381
0.435236
0.518911
0.798015
0.701635
0.184244
0.278992
0.661883
0.574268
0.0943659
0.320007
0.307614
0.0533946
0.475945
0.132199
0.234192
0.13304
0.893533
0.511385
0.163052
0.895482
0.0401145
0.97396
0.424289
0.94564
0.629325
0.239277
0.0567347
0.672009
0.248304
0.977168
0.572017
0.0431285
0.431686
0.59862
0.427977
0.970702
0.708503
0.43218
0.67297
0.277117
0.49753
0.25748
0.684269
0.748081
0.848016
0.409296
0.811878
0.101219
0.913335
0.0383201
0.590642
0.648127
0.382585
0.604612
0.191989
0.378812
0.963505
0.241678
0.30156
0.780568
0.399617
0.687047
0.636218
0.263918
0.81153
0.42168
0.0156151
0.170647
0.67983
0.356939
0.0979818
0.266475
0.243688
0.684119
0.551679
0.875429
0.0906351
0.656668
0.194223
0.61522
0.280305
0.376674
0.27601
0.482401
0.406057
0.841353
0.0602462
0.97085
0.88727
0.277165
0.753185
0.364334
0.741969
0.322757
0.925605
0.419093
0.760798
0.0595556
0.249574
0.660059
0.941911
0.84208
0.722365
0.487773
0.21111
0.928781
0.786442
0.484048
0.707741
0.107435
0.761708
0.683891
0.535978
0.864251
0.820621
0.338349
0.0408515
0.649362
0.0519308
0.736214
0.952791
0.898261
0.824052
0.108664
0.643678
0.602802
0.180497
0.355811
0.148043
0.279338
0.0393563
0.372046
0.327695
0.516563
0.844939
0.89143
0.805878
0.231879
0.506963
0.0268867
0.183088
0.121359
0.0919839
0.758553
0.0925543
0.322293
0.0901627
0.476595
0.286784
0.255087
0.111399
0.960438
0.00143878
0.178152
0.667828
0.756541
0.0594822
0.849103
0.0306717
0.39639
0.70336
0.480699
0.920411
0.0895599
0.0288407
0.0218091
0.568735
0.966975
0.599893
0.762411
0.203154
0.388509
0.71493
0.905964
0.631558
0.737825
0.642384
0.590093
0.881353
0.195081
0.625576
0.853696
0.969545
0.613153
0.657251
0.20036
0.195829
0.452262
0.93318
0.118278
0.866277
0.0970333
0.908333
0.578155
0.232663
0.353542
0.301098
0.00430555
0.49026
0.784977
0.929805
0.330304
0.889572
0.295194
0.536635
0.807987
0.0159299
0.230258
0.778387
0.50491
0.86219
0.678612
0.269211
0.636854
0.907292
0.768927
0.281337
0.743751
0.616872
0.967937
0.686224
0.403246
0.857178
0.764374
0.596934
0.828642
0.0724785
0.00387639
0.505632
0.928539
0.787208
0.546787
0.456896
0.794063
0.28199
0.107841
0.823245
0.175131
0.0381527
0.0747785
0.825416
0.327201
0.785632
0.981218
0.244222
0.140803
0.417516
0.0359102
0.387225
0.16284
0.500568
0.81281
0.79224
0.905134
0.120744
0.729823
0.267344
0.6044
0.0180657
0.353158
0.486275
0.710232
0.704603
0.642099
0.687886
0.163741
0.997417
0.99769
0.183961
0.78813
0.265841
0.118951
0.88255
0.611169
0.976724
0.141327
0.311921
0.914761
0.76541
0.992303
0.517144
0.463413
0.364055
0.225378
0.437491
0.375505
0.0380713
0.381742
0.104726
0.111181
0.628318
0.99327
0.28273
0.169897
0.439383
0.214311
0.456689
0.399218
0.77754
0.504858
0.740582
0.863134
0.306613
0.255048
0.0763339
0.520615
0.0931508
0.429753
0.724557
0.509626
0.447286
0.630626
0.579238
0.573463
0.782169
0.0483353
0.267276
0.528894
0.718642
0.955412
0.714924
0.0517562
0.715089
0.23478
0.179699
0.306702
0.423419
0.233714
0.367097
0.903789
0.735614
0.479677
0.791866
0.6244
0.721967
0.713937
0.0249472
0.590112
0.15924
0.73049
0.817427
0.787003
0.547814
0.809811
0.64573
0.80944
0.0210424
0.486321
0.218264
0.525654
0.613425
0.0808315
0.569105
0.234744
0.38891
0.179139
0.0919552
0.392645
0.00497304
0.0784808
0.19641
0.713072
0.62679
0.40686
0.0638379
0.447294
0.589599
0.616773
0.513315
0.931484
0.873391
0.054328
0.436909
0.548532
0.995698
0.7151
0.212011
0.537808
0.195155
0.746485
0.436773
0.525123
0.27641
0.0883174
0.15934
0.128747
0.878143
0.423703
0.285351
0.887045
0.528593
0.623473
0.259994
0.379219
0.141869
0.112465
0.546033
0.571616
0.714161
0.784512
0.379156
0.885602
0.188948
0.185271
0.20444
0.485537
0.717788
0.325755
0.916672
0.0319177
0.94781
0.561865
0.282974
0.309092
0.274582
0.0719186
0.865115
0.361806
0.12157
0.399561
0.433765
0.171345
0.813446
0.836862
0.736785
0.550452
0.224513
0.85368
0.913674
0.385224
0.486448
0.805228
0.609966
0.119488
0.168512
0.459778
0.616436
0.448984
0.691633
0.890585
0.722478
0.524193
0.655056
0.597574
0.421047
0.975597
0.246328
0.710646
0.530792
0.166158
0.134418
0.342177
0.0119834
0.104226
0.0300864
0.884557
0.955724
0.245897
0.41187
0.791419
0.535794
0.27798
0.391029
0.359253
0.650941
0.16874
0.111682
0.678807
0.980135
0.0397502
0.896471
0.411287
0.558267
0.453629
0.15304
0.739804
0.995264
0.703015
0.108292
0.847512
0.753993
0.768316
0.147832
0.894845
0.0245219
0.397036
0.975665
0.742449
0.643136
0.825744
0.198659
0.845728
0.0692846
0.0660026
0.162316
0.80212
0.923839
0.425259
0.956245
0.15268
0.185393
0.519211
0.162652
0.133589
0.421803
0.9086
0.988803
0.267636
0.892014
0.584475
0.410654
0.826385
0.884932
0.724455
0.521769
0.344956
0.0703843
0.809525
0.747573
0.316469
0.131042
0.656707
0.424676
0.934007
0.638895
0.98624
0.589064
0.00532248
0.556773
0.570294
0.952792
0.878751
0.312412
0.0401337
0.919505
0.0462149
0.943551
0.264982
0.194509
0.907671
0.0877611
0.532587
0.840857
0.586652
0.736683
0.201115
0.431344
0.493077
0.743758
0.165902
0.815527
0.0704571
0.526406
0.472809
0.685747
0.592042
0.603158
0.261344
0.967319
0.454888
0.324949
0.452803
0.61278
0.851898
0.0753977
0.197885
0.841638
0.387663
0.411398
0.01959
0.585116
0.771464
0.0829496
0.254471
0.875765
0.515702
0.00637813
0.201212
0.326608
0.154844
0.370646
0.191199
0.492086
0.16184
0.841327
0.43147
0.768111
0.977848
0.906261
0.23487
0.20179
0.60776
0.802339
0.413116
0.930031
0.507816
0.102168
0.901955
0.393675
0.16079
0.256311
0.818925
0.579479
0.175783
0.421835
0.297114
0.582266
0.059208
0.407354
0.735363
0.165759
0.295665
0.0814396
0.167947
0.801608
0.0851267
0.0841653
0.86491
0.106252
0.25833
0.0158479
0.0767739
0.555672
0.505997
0.724289
0.0519231
0.87566
0.299131
0.0496912
0.567788
0.273434
0.65521
0.998931
0.683233
0.544898
0.345663
0.298261
0.163026
0.5663
0.0892396
0.512228
0.938527
0.421799
0.798239
0.219427
0.413166
0.747651
0.823216
0.3116
0.726869
0.264152
0.378753
0.446763
0.0592381
0.0488989
0.648781
0.561066
0.444565
0.166451
0.404323
0.55556
0.628929
0.753543
0.97751
0.657104
0.425877
0.665091
0.000291221
0.247369
0.496216
0.0703389
0.0301719
0.306913
0.131953
0.862622
0.862885
0.0852366
0.575666
0.978799
0.506514
0.641635
0.734631
0.44
0.215022
0.870734
0.402796
0.504833
0.122237
0.302344
0.80064
0.306666
0.56946
0.0254095
0.369484
0.921486
0.589271
0.61435
0.268025
0.331621
0.821692
0.923249
0.338479
0.219295
0.742416
0.455576
0.830447
0.104543
0.0406846
0.0172223
0.753665
0.852934
0.579864
0.227534
0.206369
0.994321
0.10878
0.811983
0.69278
0.245396
0.987073
0.452627
0.568928
0.90329
0.0827496
0.256268
0.0768894
0.818096
0.85291
0.949271
0.648643
0.058749
0.806227
0.962524
0.455995
0.414868
0.163959
0.276523
0.694942
0.939263
0.899434
0.807784
0.432714
0.899947
0.477292
0.192697
0.593798
0.00155621
0.785314
0.92879
0.86607
0.434638
0.924019
0.237608
0.987615
0.254715
0.881895
0.895846
0.514995
0.474481
0.585327
0.225893
0.229809
0.921724
0.498913
0.933874
0.736241
0.878332
0.709718
0.429032
0.43039
0.434271
0.322414
0.455625
0.243937
0.682878
0.804562
0.526474
0.710141
0.825073
0.654275
0.880978
0.768168
0.0707375
0.137093
0.0214657
0.0798445
0.212863
0.794274
0.737765
0.717462
0.847386
0.619367
0.744951
0.0973359
0.518518
0.110547
0.373502
0.655213
0.341758
0.428703
0.311117
0.628964
0.806687
0.439969
0.253949
0.542583
0.0575008
0.0295437
0.940913
0.653405
0.715616
0.493213
0.78335
0.280575
0.626447
0.514669
0.9351
0.09457
0.318744
0.909921
0.852718
0.10147
0.652993
0.373097
0.256106
0.156702
0.454993
0.517642
0.906524
0.814964
0.887673
0.918998
0.168232
0.558568
0.0705354
0.193898
0.214593
0.806892
0.830343
0.680397
0.688452
0.424979
0.433191
0.513921
0.245049
0.0184865
0.337971
0.0483647
0.715305
0.392726
0.211454
0.0873246
0.555579
0.901736
0.0991637
0.426891
0.131101
0.724304
0.353509
0.145182
0.454314
0.551456
0.937162
0.000551928
0.912913
0.896661
0.457465
0.53466
0.828098
0.85727
0.815145
0.0515622
0.34054
0.243531
0.892395
0.81159
0.994872
0.598793
0.142283
0.509733
0.754878
0.778711
0.310607
0.592043
0.208433
0.924854
0.516114
0.108331
0.997858
0.314012
0.384963
0.732186
0.527775
0.612716
0.386402
0.145777
0.655355
0.409403
0.610899
0.25139
0.159717
0.895781
0.287751
0.417567
0.527202
0.554229
0.831174
0.196783
0.0925039
0.478402
0.262879
0.384775
0.363667
0.27718
0.772207
0.868124
0.859561
0.623935
0.885528
0.0849208
0.835507
0.619046
0.324273
0.980083
0.606548
0.907314
0.891631
0.667968
0.944931
0.576097
0.553626
0.434732
0.28136
0.36595
0.839445
0.754646
0.637542
0.733265
0.503023
0.410219
0.725705
0.362868
0.44397
0.0662626
0.240556
0.355151
0.717959
0.442339
0.718351
0.493567
0.268107
0.964609
0.530357
0.689161
0.129299
0.083901
0.604163
0.323149
0.302567
0.667531
0.722643
0.158957
0.428828
0.572476
0.039481
0.632872
0.62872
0.970171
0.481175
0.487703
0.392625
0.72036
0.593423
0.185335
0.833114
0.30387
0.156386
0.589428
0.738013
0.961238
0.466151
0.785089
0.129561
0.904127
0.892802
0.303139
0.0431917
0.146269
0.419127
0.616547
0.244247
0.736021
0.984511
0.718182
0.0145448
0.278017
0.158894
0.483647
0.0314847
0.639896
0.91061
0.950627
0.954928
0.90383
0.874854
0.655789
0.512278
0.912122
0.847819
0.779329
0.66715
0.361001
0.403056
0.54217
0.565034
0.22514
0.135166
0.536608
0.220193
0.47423
0.571945
0.371675
0.84732
0.417997
0.155909
0.0723469
0.0115786
0.651619
0.682534
0.448114
0.68971
0.253011
0.404557
0.471609
0.377649
0.608626
0.784428
0.380632
0.677347
0.736153
0.122128
0.504732
0.634403
0.170122
0.43064
0.956709
0.42197
0.0382052
0.810483
0.525156
0.874864
0.758871
0.928084
0.0302616
0.626766
0.430687
0.176822
0.704098
0.104833
0.274496
0.747152
0.939908
0.95851
0.965013
0.612178
0.102489
0.367233
0.100155
0.712746
0.552555
0.466061
0.875279
0.17294
0.129432
0.386117
0.944884
0.870616
0.0450389
0.321408
0.874553
0.212217
0.422771
0.954753
0.137756
0.506868
0.991636
0.509058
0.641466
0.298059
0.111172
0.798091
0.835706
0.69495
0.217819
0.751663
0.858385
0.85828
0.778466
0.958235
0.390079
0.953442
0.210737
0.434399
0.164381
0.106901
0.249813
0.882442
0.837667
0.11944
0.644453
0.577728
0.325671
0.234922
0.555588
0.336503
0.140183
0.376319
0.783077
0.00776037
0.803146
0.588385
0.102717
0.0222321
0.39185
0.52115
0.167475
0.785568
0.711093
0.609434
0.194499
0.346146
0.747972
0.0159947
0.0713476
0.681396
0.913104
0.681292
0.588822
0.167272
0.298053
0.138851
0.730036
0.0168244
0.690701
0.695829
0.770948
0.545392
0.515245
0.63393
0.300475
0.547563
0.0470805
0.152606
0.040932
0.516881
0.259595
0.6575
0.903326
0.221641
0.272887
0.901043
0.377029
0.743654
0.595789
0.524462
0.928365
0.622391
0.902862
0.252574
0.335274
0.511613
0.90675
0.782346
0.0518065
0.692717
0.631659
0.117386
0.981769
0.998319
0.942706
0.473372
0.119303
0.936757
0.134078
0.0605819
0.0280206
0.985502
0.541003
0.0917256
0.190952
0.707147
0.0494257
0.725339
0.951001
0.260346
0.785153
0.702169
0.624707
0.410728
0.641666
0.93587
0.928451
0.830394
0.342329
0.957599
0.092182
0.502608
0.836453
0.970721
0.906237
0.770219
0.626693
0.337151
0.875909
0.988142
0.463131
0.987183
0.0384499
0.023925
0.281666
0.82291
0.689674
0.814469
0.594203
0.380324
0.102212
0.805844
0.257444
0.442318
0.593672
0.00787675
0.876752
0.975393
0.288024
0.372712
0.480774
0.624807
0.343745
0.700365
0.689723
0.380052
0.00279611
0.883919
0.772196
0.155184
0.719108
0.288378
0.837957
0.563177
0.996529
0.822312
0.261671
0.652812
0.0154835
0.878817
0.308292
0.779643
0.234958
0.0163785
0.0867123
0.964553
0.970698
0.902007
0.36503
0.325799
0.489287
0.685518
0.627838
0.630982
0.907329
0.30845
0.951492
0.28803
0.600463
0.123433
0.944378
0.669334
0.8321
0.115769
0.991352
0.437062
0.799295
0.640557
0.41936
0.313132
0.624279
0.234373
0.747905
0.723399
0.325006
0.204804
0.905396
0.0574433
0.275427
0.474987
0.901348
0.444493
0.883696
0.850738
0.884221
0.380182
0.410413
0.428285
0.443626
0.0820202
0.22445
0.37069
0.31071
0.843863
0.0246907
0.506485
0.867353
0.0478293
0.284715
0.0571317
0.907911
0.928699
0.515422
0.848873
0.439759
0.1299
0.967871
0.334044
0.712853
0.906919
0.664088
0.0178308
0.604555
0.294856
0.664734
0.99583
0.643554
0.33967
0.245831
0.449051
0.744111
0.681324
0.117096
0.465707
0.7659
0.361835
0.395829
0.469225
0.661222
0.108668
0.145202
0.991357
0.784732
0.816609
0.755599
0.356625
0.204254
0.228352
0.122406
0.0139831
0.0667093
0.510637
0.752186
0.394572
0.461393
0.56042
0.879072
0.0777835
0.223198
0.382018
0.130792
0.154924
0.889141
0.0853317
0.954118
0.590192
0.939653
0.207452
0.0664554
0.348314
0.617227
0.801608
0.786434
0.499122
0.333663
0.621297
0.823001
0.489971
0.986476
0.712481
0.549707
0.521788
0.657013
0.678286
0.00751337
0.354584
0.128188
0.0699798
0.883056
0.940551
0.627852
0.963147
0.986214
0.730758
0.0830146
0.38262
0.756171
0.174587
0.087231
0.334325
0.982665
0.335239
0.584257
0.683096
0.131498
0.342038
0.0199961
0.785539
0.771811
0.909179
0.194991
0.855097
0.947328
0.845673
0.263207
0.617831
0.713461
0.493336
0.990364
0.433639
0.244501
0.645923
0.44598
0.136304
0.136373
0.666194
0.41585
0.220984
0.995718
0.32855
0.862828
0.419692
0.789181
0.128621
0.329226
0.300511
0.370337
0.330026
0.0783012
0.357407
0.217007
0.430776
0.548475
0.583595
0.778813
0.752095
0.0939118
0.107691
0.502655
0.861581
0.479763
0.889793
0.0897969
0.0778336
0.879047
0.401977
0.828855
0.558211
0.589109
0.738401
0.899217
0.794875
0.975763
0.704558
0.773139
0.742628
0.608309
0.519623
0.654517
0.437344
0.733072
0.133142
0.13948
0.654316
0.430136
0.51639
0.798535
0.876396
0.509518
0.254857
0.460894
0.222986
0.649777
0.363056
0.896327
0.820108
0.903563
0.393745
0.0748311
0.812119
0.648935
0.954945
0.944617
0.426843
0.729477
0.919789
0.878192
0.463821
0.99598
0.562976
0.7373
0.692056
0.0521772
0.135985
0.511453
0.987592
0.749965
0.960298
0.271847
0.836874
0.127598
0.83895
0.801409
0.960202
0.00829756
0.733114
0.730203
0.307648
0.565947
0.40007
0.809643
0.240978
0.727302
0.625625
0.55417
0.189023
0.443352
0.298133
0.788915
0.956439
0.471864
0.759227
0.559031
0.838932
0.433131
0.430925
0.742232
0.0702786
0.314786
0.868844
0.890554
0.372297
0.311123
0.24221
0.109428
0.629364
0.608475
0.314529
0.929306
0.251053
0.410203
0.722023
0.373693
0.563471
0.79098
0.554171
0.982554
0.681496
0.757333
0.67218
0.0855345
0.516125
0.765403
0.00340124
0.777842
0.77579
0.72217
0.275404
0.944247
0.596013
0.70613
0.761515
0.383689
0.502852
0.0394963
0.965428
0.157058
0.163038
0.39729
0.54747
0.231646
0.334677
0.0383996
0.866947
0.31366
0.800198
0.398304
0.367749
0.400303
0.187526
0.819369
0.658265
0.468962
0.472086
0.458335
0.928103
0.245662
0.763271
0.966147
0.605946
0.0194262
0.532919
0.66591
0.603947
0.823604
0.714534
0.162401
0.729814
0.288478
0.721596
0.821935
0.899388
0.349029
0.188129
0.803972
0.578064
0.504013
0.568416
0.463767
0.752622
0.172563
0.244668
0.355664
0.926298
0.056144
0.737688
0.844984
0.785656
0.429546
0.408058
0.797233
0.860726
0.565866
0.742558
0.989923
0.649051
0.627373
0.166967
0.0364536
0.1648
0.375443
0.193032
0.694015
0.97762
0.986041
0.631203
0.637834
0.700008
0.58885
0.27522
0.0304161
0.150739
0.333142
0.739308
0.623742
0.555546
0.745725
0.509495
0.550363
0.0411776
0.778311
0.419527
0.450437
0.138083
0.604826
0.997333
0.929147
0.239077
0.253512
0.92467
0.544678
0.0817878
0.343104
0.341224
0.311555
0.852946
0.304343
0.192253
0.00729767
0.880305
0.744042
0.209151
0.050069
0.917274
0.253893
0.524646
0.248321
0.476338
0.654019
0.114742
0.90609
0.6766
0.0344867
0.139835
0.413936
0.690962
0.128028
0.396312
0.098868
0.568611
0.594003
0.211754
0.498787
0.333822
0.266137
0.602615
0.838821
0.594064
0.832275
0.900001
0.00781268
0.106791
0.75969
0.530248
0.171335
0.939087
0.509391
0.562115
0.940006
0.997715
0.621299
0.00724367
0.0841129
0.205622
0.491578
0.847454
0.712213
0.757299
0.465272
0.179505
0.895604
0.408517
0.0616399
0.690061
0.424275
0.261213
0.035185
0.531353
0.943958
0.0130186
0.819777
0.34878
0.587513
0.0809578
0.442899
0.158543
0.535453
0.714139
0.936934
0.586234
0.0967856
0.42102
0.788393
0.911743
0.988256
0.399599
0.196644
0.834129
0.822018
0.72634
0.472363
0.940568
0.421853
0.790809
0.372678
0.760737
0.728329
0.723091
0.593615
0.892851
0.69443
0.621559
0.0386218
0.0372262
0.904577
0.427247
0.34086
0.560977
0.579945
0.891828
0.891852
0.292905
0.28835
0.739418
0.243599
0.116699
0.903568
0.724372
0.0981822
0.255288
0.221129
0.640903
0.539352
0.237949
0.918648
0.654469
0.0248023
0.889248
0.250549
0.714897
0.744586
0.405792
0.710286
0.798437
0.0279582
0.980392
0.817402
0.738274
0.784247
0.436774
0.850072
0.274278
0.698132
0.0511421
0.623215
0.423359
0.739906
0.915508
0.903489
0.488036
0.139332
0.753875
0.569933
0.03557
0.419086
0.604468
0.705927
0.452192
0.470409
0.953823
0.196477
0.571815
0.528427
0.132574
0.575228
0.16764
0.785168
0.59531
0.507592
0.455997
0.250922
0.301235
0.818117
0.278553
0.294349
0.13824
0.998662
0.291978
0.482533
0.196162
0.0148293
0.699641
0.296385
0.857634
0.525822
0.110822
0.876075
0.955343
0.63071
0.718075
0.985191
0.617348
0.453946
0.758138
0.170333
0.518187
0.505496
0.187565
0.902038
0.859988
0.235751
0.588813
0.0499598
0.96798
0.710464
0.859818
0.0749177
0.49838
0.233489
0.470429
0.986776
0.179354
0.140559
0.638834
0.562616
0.149822
0.190392
0.243111
0.155667
0.394641
0.0230985
0.596247
0.232047
0.722687
0.292236
0.242575
0.598368
0.0775319
0.276568
0.951129
0.146236
0.745844
0.230097
0.264604
0.325982
0.929623
0.342505
0.895428
0.926648
0.0246752
0.0835764
0.433161
0.00617181
0.305005
0.740412
0.136437
0.877414
0.21336
0.189466
0.830864
0.27354
0.420177
0.160077
0.330426
0.520295
0.711444
0.444045
0.459493
0.531784
0.731172
0.407661
0.196815
0.488111
0.923577
0.707888
0.119707
0.383798
0.636889
0.961348
0.0299663
0.460623
0.364647
0.14026
0.133127
0.530971
0.267244
0.2693
0.565964
0.000737761
0.348427
0.385917
0.476434
0.125505
0.526846
0.237133
0.714424
0.760202
0.0661665
0.570271
0.856096
0.139653
0.789526
0.604063
0.530656
0.572799
0.742476
0.0296504
0.523834
0.33337
0.676159
0.0963437
0.981207
0.43938
0.24915
0.611523
0.216936
0.856925
0.197815
0.373542
0.546076
0.332879
0.0634839
0.225315
0.503982
0.417614
0.208391
0.847689
0.503583
0.112824
0.775977
0.107607
0.0255434
0.269804
0.585501
0.457261
0.85916
0.637641
0.483168
0.986235
0.640923
0.0550788
0.845466
0.417422
0.307027
0.399408
0.344721
0.985996
0.325939
0.724383
0.997924
0.844904
0.353968
0.679536
0.339743
0.714381
0.813292
0.416598
0.357613
0.970346
0.787148
0.335163
0.825653
0.49895
0.426006
0.248086
0.755551
0.402887
0.0331689
0.874913
0.883798
0.218675
0.325926
0.485309
0.128915
0.601243
0.633248
0.468961
0.629378
0.579772
0.48325
0.527708
0.81853
0.332452
0.0497004
0.962202
0.669067
0.0322516
0.0695403
0.520597
0.0650142
0.463938
0.321587
0.82063
0.708135
0.806618
0.685657
0.24793
0.169193
0.936483
0.702655
0.239877
0.939658
0.770856
0.857535
0.222347
0.56955
0.205159
0.342417
0.381178
0.291848
0.96603
0.566709
0.594996
0.689063
0.812219
0.311467
0.873868
0.865312
0.774561
0.228981
0.650217
0.815881
0.070404
0.824835
0.334825
0.960478
0.70839
0.493606
0.230234
0.506936
0.087067
0.382456
0.70413
0.976238
0.775007
0.506852
0.452586
0.0406571
0.548988
0.723529
0.682518
0.154238
0.287479
0.867783
0.538117
0.294587
0.814681
0.981793
0.480033
0.649104
0.830332
0.400584
0.459896
0.0858061
0.925465
0.231482
0.446628
0.723242
0.87634
0.0767595
0.45355
0.486672
0.14852
0.728948
0.95428
0.995728
0.269996
0.941985
0.19705
0.915498
0.604604
0.58268
0.136508
0.618139
0.451605
0.736399
0.673061
0.901396
0.410048
0.324683
0.765031
0.00605353
0.89168
0.0436058
0.369576
0.334642
0.57712
0.908905
0.654604
0.323309
0.738507
0.262634
0.554597
0.738485
0.668783
0.027656
0.535924
0.296949
0.152443
0.46859
0.878225
0.63549
0.893333
0.314665
0.322805
0.134168
0.208737
0.311722
0.510601
0.431054
0.951368
0.993694
0.123672
0.318411
0.596334
0.501098
0.416699
0.398899
0.511953
0.834325
0.208719
0.880153
0.623355
0.128094
0.199071
0.327909
0.696864
0.891799
0.442943
0.368727
0.260639
0.106349
0.207206
0.17682
0.391171
0.435505
0.431565
0.194953
0.112923
0.33886
0.317267
0.682863
0.575441
0.710953
0.798187
0.270156
0.302958
0.869351
0.928505
0.282577
0.18925
0.732806
0.627366
0.935536
0.287062
0.234032
0.302781
0.927618
0.287663
0.171777
0.152112
0.0567007
0.591287
0.501382
0.391157
0.415494
0.441801
0.575921
0.253131
0.851549
0.365618
0.0715218
0.746632
0.704778
0.461549
0.657113
0.260495
0.525523
0.499303
0.203279
0.0146471
0.346436
0.582929
0.176201
0.909711
0.106643
0.823613
0.44599
0.82309
0.637558
0.264604
0.0755915
0.103014
0.00356802
0.649045
0.674602
0.661079
0.390827
0.677439
0.935738
0.363028
0.753293
0.542188
0.260595
0.540911
0.312751
0.847996
0.572241
0.53978
0.180968
0.843155
0.05774
0.88012
0.895703
0.231288
0.643019
0.443344
0.762663
0.957708
0.34071
0.12067
0.45351
0.240082
0.500209
0.623276
0.362771
0.928894
0.606004
0.119895
0.467369
0.947477
0.199229
0.502277
0.7111
0.201223
0.228674
0.302876
0.75852
0.806458
0.56765
0.495373
0.990574
0.836103
0.364796
0.958501
0.166215
0.794557
0.539244
0.607243
0.724795
0.72048
0.19863
0.89157
0.3841
0.893724
0.573853
0.299114
0.785616
0.531303
0.654889
0.910848
0.395266
0.254951
0.9114
0.153012
0.784193
0.37666
0.0305226
0.338074
0.545831
0.774155
0.648659
0.0349611
0.364887
0.13012
0.646905
0.865499
0.709007
0.120269
0.180081
0.0700598
0.989702
0.508033
0.582312
0.669597
0.216236
0.508459
0.409243
0.791186
0.681834
0.910222
0.816032
0.706205
0.269069
0.700811
0.315205
0.30942
0.89027
0.952727
0.69947
0.56737
0.3951
0.84382
0.948306
0.278093
0.143198
0.466956
0.56606
0.17282
0.173326
0.816438
0.732648
0.783704
0.476394
0.522783
0.500812
0.899009
0.928986
0.764401
0.0677655
0.0957649
0.753578
0.753875
0.811783
0.516281
0.384964
0.43601
0.649704
0.443987
0.939112
0.921693
0.579748
0.509789
0.356506
0.811499
0.671979
0.665011
0.139254
0.250339
0.808852
0.00234716
0.488092
0.332558
0.119599
0.67225
0.796558
0.597615
0.159983
0.577517
0.755904
0.790549
0.734584
0.251219
0.802854
0.998375
0.0201061
0.818774
0.996452
0.621406
0.90916
0.669056
0.489625
0.52443
0.744767
0.335687
0.0715339
0.982148
0.753003
0.010783
0.460414
0.750995
0.307486
0.440628
0.441792
0.548404
0.883685
0.0161551
0.0483149
0.402857
0.298719
0.46961
0.895773
0.474296
0.104687
0.489806
0.812397
0.974144
0.238556
0.00840715
0.968465
0.395473
0.0630681
0.0937032
0.930322
0.27379
0.501324
0.990214
0.182943
0.733049
0.21915
0.504759
0.600239
0.944477
0.796723
0.773677
0.660814
0.870653
0.0132614
0.531784
0.633424
0.0360593
0.111133
0.890178
0.871804
0.0287478
0.979869
0.834783
0.299975
0.685151
0.284195
0.166889
0.329912
0.849825
0.737124
0.37592
0.18324
0.860796
0.979754
0.387113
0.893178
0.83504
0.270096
0.65533
0.304517
0.981808
0.706762
0.542089
0.986213
0.837315
0.728719
0.146255
0.0979159
0.994593
0.754679
0.0584594
0.539265
0.817859
0.0766604
0.14282
0.946139
0.22096
0.429442
0.153185
0.724674
0.0125531
0.355132
0.470111
0.931299
0.943643
0.810018
0.672806
0.671219
0.531557
0.0658124
0.180007
0.210734
0.292933
0.392065
0.416472
0.248924
0.229978
0.229861
0.467588
0.99617
0.531053
0.444203
0.0222935
0.741544
0.439381
0.0451798
0.591739
0.495408
0.30159
0.673864
0.0141015
0.761025
0.839379
0.74185
0.569906
0.369091
0.819509
0.88372
0.560816
0.107866
0.37548
0.225891
0.840805
0.260971
0.322988
0.696113
0.893179
0.443402
0.69386
0.404221
0.950177
0.778427
0.391485
0.131937
0.152691
0.614657
0.0656198
0.698936
0.613551
0.930886
0.955189
0.851903
0.715179
0.259498
0.212612
0.186772
0.246282
0.477115
0.979186
0.202078
0.736488
0.919461
0.823808
0.0398156
0.22495
0.888246
0.901379
0.852098
0.810366
0.299709
0.865682
0.496305
0.755564
0.701735
0.936409
0.77343
0.208713
0.540189
0.0420073
0.45556
0.272821
0.922326
0.328519
0.57654
0.191905
0.399186
0.947929
0.968842
0.780996
0.819444
0.544513
0.809815
0.332022
0.100051
0.590129
0.38816
0.470885
0.976295
0.243675
0.719565
0.684355
0.25403
0.00934776
0.737788
0.308535
0.764341
0.644675
0.179415
0.972663
0.746674
0.743487
0.988481
0.0903307
0.547625
0.630256
0.0188963
0.721229
0.762481
0.808958
0.342118
0.695335
0.864828
0.588636
0.814999
0.471827
0.221985
0.754914
0.374732
0.9396
0.592783
0.586311
0.356973
0.866309
0.817633
0.159436
0.938633
0.548517
0.663514
0.000112086
0.453615
0.455595
0.559408
0.68871
0.0895321
0.312062
0.287755
0.2071
0.523776
0.613403
0.278252
0.529682
0.982361
0.474174
0.831244
0.339063
0.494817
0.888179
0.884948
0.633623
0.669654
0.831271
0.49596
0.454106
0.930213
0.519228
0.344262
0.772509
0.0391564
0.876302
0.776806
0.761003
0.0164835
0.673129
0.29871
0.912045
0.7425
0.623495
0.295139
0.752696
0.0611386
0.224121
0.0634533
0.844646
0.894568
0.485351
0.0538717
0.263546
0.487287
0.6072
0.313437
0.402614
0.563374
0.747206
0.414749
0.560594
0.957046
0.415244
0.195974
0.886229
0.62303
0.79607
0.166753
0.612366
0.214887
0.99158
0.826608
0.593399
0.40761
0.309211
0.935458
0.649376
0.513518
0.286983
0.163183
0.526987
0.781445
0.0943501
0.876512
0.0387678
0.0689019
0.705139
0.102671
0.482875
0.731624
0.197115
0.102275
0.341163
0.887488
0.553238
0.307403
0.786291
0.391217
0.252734
0.609012
0.201049
0.517721
0.0444074
0.741971
0.945852
0.516947
0.857812
0.602898
0.4427
0.799371
0.566263
0.189165
0.434268
0.872806
0.974301
0.0664469
0.401846
0.518224
0.134972
0.112936
0.681565
0.711308
0.051677
0.162831
0.119012
0.0201357
0.596772
0.148472
0.181164
0.596847
0.664592
0.643936
0.553641
0.297467
0.218961
0.224077
0.361103
0.180818
0.0121557
0.808835
0.448821
0.832371
0.82999
0.85668
0.562132
0.215924
0.611286
0.752728
0.884642
0.565402
0.623319
0.512376
0.0913653
0.0873322
0.940437
0.652279
0.903916
0.754418
0.132322
0.0855339
0.884652
0.441032
0.651293
0.651586
0.877187
0.197684
0.713557
0.524614
0.812733
0.105044
0.264898
0.543952
0.494658
0.316628
0.143351
0.419928
0.105757
0.426812
0.0049668
0.887912
0.430893
0.927637
0.637662
0.968211
0.747646
0.390371
0.595002
0.451892
0.82381
0.178797
0.747833
0.14096
0.00625669
0.429612
0.457117
0.95018
0.742723
0.0864378
0.164855
0.108126
0.51727
0.719202
0.799348
0.913805
0.790882
0.377861
0.482393
0.00582906
0.529141
0.902438
0.564514
0.233226
0.896149
0.930578
0.423884
0.986401
0.0434423
0.705569
0.137552
0.415631
0.189174
0.994897
0.931586
0.151154
0.649363
0.69085
0.0695655
0.91798
0.651623
0.595671
0.845548
0.440889
0.853081
0.515793
0.875643
0.0478152
0.937711
0.0304966
0.668047
0.846261
0.642179
0.493885
0.19986
0.867175
0.43052
0.215661
0.114118
0.399743
0.902249
0.992186
0.314673
0.29086
0.190245
0.77758
0.791372
0.323013
0.117232
0.254048
0.0332653
0.13862
0.984754
0.246505
0.432374
0.428229
0.537061
0.600352
0.662224
0.281704
0.0635277
0.480707
0.620461
0.408739
0.685572
0.640446
0.608257
0.217584
0.744248
0.53338
0.90491
0.00440766
0.708618
0.11417
0.676488
0.412501
0.227029
0.57095
0.593981
0.188823
0.626803
0.28912
0.959186
0.569862
0.33445
0.160487
0.344429
0.500277
0.0591511
0.452497
0.512633
0.613364
0.0962954
0.26539
0.933646
0.425525
0.423532
0.964652
0.756148
0.61708
0.256078
0.622503
0.305689
0.344909
0.996579
0.581678
0.701111
0.170621
0.872132
0.8203
0.125009
0.959586
0.530319
0.307086
0.729167
0.735804
0.219288
0.356765
0.6518
0.346161
0.374651
0.897911
0.687622
0.432169
0.167799
0.227081
0.770436
0.821183
0.244312
0.328248
0.556354
0.382013
0.124445
0.175217
0.457559
0.64752
0.895865
0.00352787
0.864409
0.251463
0.466404
0.639998
0.868969
0.276798
0.0447521
0.321512
0.39576
0.942508
0.18169
0.635211
0.554507
0.296635
0.85436
0.291268
0.522569
0.521722
0.150689
0.324806
0.0777533
0.538565
0.268541
0.34909
0.740572
0.414804
0.161484
0.888214
0.522395
0.902116
0.335952
0.250589
0.655079
0.651907
0.347389
0.417302
0.00971799
0.362651
0.489051
0.970886
0.777382
0.517082
0.268328
0.0454721
0.431756
0.355144
0.492521
0.910092
0.0402108
0.336034
0.328349
0.280875
0.1222
0.263239
0.465375
0.378999
0.927181
0.329749
0.629834
0.599718
0.142254
0.0924658
0.00791431
0.330113
0.535035
0.46738
0.710599
0.752124
0.251199
0.568679
0.0291937
0.601928
0.748784
0.0701887
0.893343
0.941963
0.461512
0.877333
0.372579
0.559551
0.00868973
0.549154
0.197562
0.0635996
0.345949
0.0463526
0.776458
0.942535
0.88437
0.102242
0.922272
0.512446
0.969101
0.574948
0.0840879
0.970995
0.845111
0.453188
0.103587
0.732724
0.458492
0.322842
0.93106
0.313845
0.226825
0.781997
0.0843808
0.6248
0.810375
0.898982
0.390758
0.388198
0.444908
0.878218
0.403998
0.205968
0.542953
0.825933
0.247698
0.636723
0.98857
0.241446
0.124147
0.502504
0.264845
0.605718
0.69555
0.919984
0.65607
0.359301
0.552841
0.54734
0.119179
0.475044
0.321108
0.963516
0.851569
0.711566
0.111434
0.566666
0.393774
0.112394
0.237436
0.914635
0.563196
0.179955
0.810517
0.960241
0.355466
0.846626
0.168856
0.491703
0.878201
0.486399
0.458635
0.514225
0.571688
0.0163021
0.16741
0.948819
0.564932
0.038563
0.323492
0.431765
0.62502
0.0410942
0.454874
0.13162
0.362684
0.129675
0.4985
0.225613
0.206475
0.491205
0.636351
0.265132
0.1693
0.820615
0.698272
0.288493
0.0908777
0.977874
0.220941
0.79233
0.302735
0.02556
0.614801
0.0409453
0.452785
0.0376347
0.0119095
0.572309
0.436615
0.328348
0.311826
0.95285
0.373945
0.345096
0.493271
0.0496937
0.671162
0.87508
0.418056
0.443811
0.223393
0.56364
0.841606
0.622167
0.499671
0.319343
0.100642
0.689088
0.858859
0.930528
0.631427
0.360702
0.167065
0.239784
0.958476
0.691712
0.303223
0.272531
0.679342
0.477349
0.0908807
0.705648
0.0706175
0.627951
0.692354
0.560286
0.786715
0.488139
0.626345
0.734217
0.468335
0.432224
0.870729
0.334207
0.39249
0.883916
0.506071
0.264986
0.269957
0.859096
0.028819
0.3719
0.337277
0.299631
0.771193
0.968747
0.625944
0.843935
0.231302
0.816599
0.0667764
0.662874
0.934599
0.715605
0.467269
0.880316
0.577734
0.648298
0.66705
0.605155
0.478267
0.844338
0.833424
0.341229
0.0674084
0.853825
0.126115
0.534672
0.585499
0.506345
0.277055
0.192646
0.00767812
0.939251
0.15578
0.19705
0.245224
0.300797
0.500449
0.381972
0.010136
0.527586
0.784603
0.290752
0.539327
0.173471
0.974768
0.3304
0.261585
0.696875
0.747294
0.756618
0.0353097
0.120087
0.826173
0.417169
0.836838
0.438391
0.447859
0.726207
0.755416
0.615851
0.74364
0.115211
0.33795
0.151717
0.963199
0.791355
0.179682
0.88625
0.0715024
0.521651
0.0995669
0.443162
0.180881
0.247608
0.164194
0.140015
0.595452
0.423127
0.592659
0.656014
0.729199
0.266892
0.517167
0.70351
0.813915
0.74485
0.488975
0.535783
0.859629
0.570066
0.274293
0.626692
0.707452
0.253839
0.116139
0.220674
0.881235
0.0976901
0.451125
0.77412
0.177013
0.720736
0.738386
0.347151
0.123507
0.417593
0.224101
0.670359
0.417588
0.391086
0.240513
0.472546
0.718611
0.160578
0.103123
0.437506
0.526995
0.575966
0.372704
0.241305
0.745934
0.640809
0.707467
0.043374
0.620259
0.443317
0.731447
0.758538
0.471305
0.995163
0.243088
0.772288
0.628227
0.675321
0.106871
0.484181
0.540194
0.666088
0.703238
0.336262
0.804766
0.553661
0.719375
0.623156
0.0486593
0.855206
0.175646
0.362715
0.750119
0.243472
0.198533
0.461563
0.417761
0.690173
0.438312
0.12571
0.47865
0.568271
0.924796
0.386005
0.936623
0.275005
0.262323
0.331107
0.717474
0.402169
0.559635
0.42279
0.716259
0.534344
0.513907
0.52183
0.218104
0.952106
0.23232
0.0458437
0.610746
0.814857
0.259291
0.23784
0.396511
0.661884
0.931598
0.726785
0.414282
0.572192
0.624718
0.446262
0.0876503
0.241209
0.16816
0.237726
0.332106
0.149663
0.150364
0.950449
0.60874
0.406988
0.928792
0.0669598
0.350228
0.645062
0.800661
0.49267
0.671264
0.320551
0.335757
0.469816
0.693354
0.164728
0.654914
0.0834136
0.964884
0.413525
0.25498
0.651573
0.0623569
0.379237
0.600887
0.721206
0.45714
0.316495
0.364213
0.366421
0.782081
0.222833
0.0903993
0.11018
0.611034
0.938636
0.897424
0.816086
0.36725
0.818908
0.189754
0.238483
0.81828
0.392948
0.424238
0.14382
0.328664
0.26663
0.769203
0.748992
0.379219
0.420705
0.603336
0.0440955
0.293857
0.789007
0.724441
0.914648
0.331094
0.240263
0.866285
0.0454321
0.705815
0.920428
0.609453
0.724083
0.334584
0.329279
0.443372
0.873392
0.490327
0.901964
0.983903
0.0890885
0.674203
0.545953
0.0355664
0.962912
0.146986
0.255429
0.139522
0.503798
0.211364
0.203838
0.766842
0.663718
0.7208
0.622444
0.668838
0.616363
0.849628
0.236273
0.818636
0.969709
0.0508484
0.382485
0.575888
0.117212
0.729836
0.420467
0.353336
0.702778
0.569355
0.304127
0.302368
0.103891
0.968554
0.77775
0.976228
0.993669
0.739005
0.536421
0.154057
0.650792
0.286441
0.725496
0.0654475
0.627069
0.968296
0.612601
0.16111
0.692986
0.34386
0.327698
0.817036
0.355238
0.534148
0.81601
0.39221
0.526687
0.00926638
0.0751679
0.807283
0.634101
0.667972
0.248427
0.166336
0.234783
0.131593
0.0228079
0.267127
0.397828
0.525833
0.243642
0.46729
0.164185
0.671065
0.820404
0.0934457
0.462545
0.265306
0.384432
0.1649
0.212628
0.263585
0.194851
0.889665
0.936906
0.891066
0.308759
0.383194
0.125922
0.452012
0.775721
0.0331765
0.616905
0.90823
0.731302
0.529623
0.262486
0.913394
0.802574
0.909644
0.754373
0.136883
0.659122
0.110774
0.350388
0.044378
0.211368
0.0343508
0.813249
0.293215
0.645532
0.508825
0.64294
0.237758
0.868847
0.798317
0.864798
0.132119
0.103957
0.37932
0.572298
0.091307
0.307742
0.0320058
0.122577
0.0730699
0.193798
0.254688
0.506329
0.635744
0.212112
0.471996
0.780053
0.295546
0.59307
0.299227
0.5324
0.451893
0.111145
0.546093
0.788377
0.292217
0.587808
0.960142
0.322605
0.267794
0.261213
0.659925
0.49894
0.807571
0.335956
0.495518
0.0782653
0.284733
0.529954
0.373141
0.194947
0.966611
0.903709
0.0339569
0.307458
0.0768403
0.242666
0.495913
0.44834
0.212685
0.725004
0.93193
0.757635
0.442152
0.410246
0.216522
0.963028
0.425509
0.500088
0.743731
0.206276
0.0536808
0.529418
0.888393
0.102474
0.279838
0.226827
0.105228
0.00588731
0.167285
0.229967
0.0599942
0.649323
0.532256
0.0486575
0.256463
0.285499
0.988813
0.440177
0.723632
0.506823
0.487945
0.905808
0.789452
0.529178
0.586198
0.45068
0.589228
0.0264607
0.401302
0.591667
0.506391
0.882944
0.452897
0.278358
0.456741
0.433272
0.00369599
0.743895
0.0097754
0.984823
0.987248
0.0659832
0.465989
0.419964
0.728607
0.540111
0.819795
0.368638
0.248052
0.899722
0.145198
0.393043
0.518866
0.420737
0.42567
0.560489
0.379856
0.385633
0.759669
0.0787876
0.352645
0.0267965
0.726442
0.86775
0.0721541
0.597763
0.479564
0.233984
0.814308
0.718204
0.803053
0.553745
0.324886
0.594452
0.340853
0.0559911
0.163189
0.528333
0.887363
0.597157
0.638349
0.595901
0.866074
0.548761
0.417818
0.213355
0.755117
0.553543
0.528826
0.125086
0.541614
0.576101
0.975054
0.170102
0.568652
0.16723
0.99194
0.935557
0.115803
0.620533
0.223062
0.423928
0.43152
0.325194
0.193941
0.383653
0.887212
0.365736
0.483998
0.628277
0.590973
0.700392
0.266855
0.0491565
0.795077
0.132665
0.436745
0.0704057
0.335632
0.000396097
0.616597
0.867373
0.2039
0.924043
0.921964
0.0429465
0.184462
0.118001
0.623881
0.807141
0.791832
0.369036
0.72122
0.618714
0.949513
0.673875
0.0259489
0.21322
0.907507
0.209526
0.528847
0.856413
0.678713
0.447144
0.612843
0.328031
0.152608
0.131517
0.899716
0.767632
0.346328
0.00820678
0.155161
0.216669
0.7775
0.719807
0.457983
0.990725
0.457533
0.49888
0.700919
0.340623
0.744847
0.10117
0.0913792
0.0449602
0.469866
0.948384
0.537367
0.359602
0.021211
0.440907
0.232535
0.278496
0.108157
0.769512
0.209291
0.387365
0.799212
0.869735
0.643302
0.17652
0.26087
0.14768
0.0185483
0.886424
0.932901
0.642582
0.369971
0.5611
0.194605
0.916443
0.400292
0.657984
0.886581
0.367972
0.726751
0.392041
0.309848
0.206383
0.479512
0.967465
0.952373
0.996304
0.291825
0.368267
0.584877
0.660175
0.957271
0.742428
0.384438
0.917411
0.96475
0.331995
0.216067
0.324957
0.259173
0.988726
0.427799
0.992428
0.135917
0.593177
0.761663
0.464024
0.599334
0.0921763
0.98732
0.63208
0.958242
0.719458
0.332409
0.473198
0.27131
0.507025
0.887463
0.13312
0.588233
0.0770946
0.046267
0.843105
0.0731591
0.478991
0.31602
0.396771
0.07798
0.461037
0.0757756
0.676938
0.306991
0.909614
0.125103
0.877601
0.351639
0.51761
0.165421
0.654149
0.264087
0.240166
0.18024
0.148407
0.389362
0.340941
0.48274
0.523869
0.514861
0.317325
0.903534
0.816273
0.368632
0.614555
0.0906846
0.217722
0.668645
0.599335
0.549364
0.68707
0.0773891
0.972254
0.190116
0.490046
0.551468
0.770313
0.581253
0.0502974
0.415295
0.867651
0.580116
0.624404
0.970725
0.851908
0.786053
0.743257
0.238928
0.169472
0.520147
0.188628
0.393819
0.235444
0.466697
0.253166
0.183668
0.939948
0.351898
0.0764845
0.963569
0.704193
0.197349
0.527922
0.409473
0.406373
0.849999
0.142427
0.306364
0.474416
0.204853
0.390853
0.469701
0.00113408
0.319614
0.616749
0.559787
0.555264
0.457962
0.491873
0.691594
0.523261
0.945236
0.181818
0.954576
0.311646
0.000906843
0.577097
0.583988
0.96475
0.818852
0.0959136
0.131557
0.0106403
0.960446
0.521073
0.852255
0.347685
0.436974
0.0695845
0.15733
0.341006
0.98561
0.0403708
0.602468
0.0333995
0.254832
0.730261
0.923228
0.416848
0.646936
0.294428
0.256189
0.392648
0.122406
0.454248
0.270265
0.610468
0.527063
0.679114
0.574278
0.466002
0.100742
0.101062
0.778483
0.705908
0.377143
0.0306056
0.00252969
0.296417
0.268373
0.753457
0.692311
0.323706
0.793592
0.181785
0.303947
0.981151
0.676467
0.947319
0.924278
0.338825
0.387291
0.350453
0.131864
0.167951
0.597668
0.0689887
0.487576
0.0977428
0.372418
0.188292
0.82512
0.710646
0.637403
0.603417
0.053727
0.637146
0.894683
0.481587
0.270921
0.502047
0.137784
0.73493
0.614772
0.815674
0.248794
0.469369
0.182992
0.117257
0.603041
0.433226
0.450118
0.29163
0.402587
0.531697
0.582057
0.828244
0.611758
0.600601
0.75638
0.613562
0.950306
0.600461
0.642655
0.790783
0.85501
0.112237
0.394264
0.337117
0.76012
0.0571497
0.384748
0.757553
0.550829
0.649782
0.239726
0.0405338
0.16102
0.106676
0.940526
0.536478
0.534261
0.109268
0.597361
0.382636
0.531836
0.653431
0.316264
0.591081
0.808579
0.0578054
0.0421688
0.931172
0.610174
0.555367
0.696061
0.669882
0.267091
0.219333
0.901548
0.38583
0.73168
0.794012
0.398709
0.154601
0.656253
0.288077
0.372581
0.0292396
0.540076
0.572917
0.600929
0.93215
0.649682
0.49921
0.990356
0.760756
0.476024
0.644184
0.879632
0.0231467
0.138944
0.32959
0.821307
0.901813
0.557936
0.262268
0.502844
0.939918
0.520853
0.457285
0.351224
0.108112
0.610442
0.0764341
0.213373
0.799671
0.872328
0.676987
0.570799
0.182885
0.176274
0.997781
0.00123518
0.583783
0.452698
0.849232
0.232294
0.356981
0.864943
0.613922
0.050354
0.611856
0.95964
0.154749
0.659096
0.685493
0.846632
0.0739703
0.671943
0.289451
0.38882
0.931089
0.835638
0.607115
0.592323
0.528617
0.601486
0.49112
0.208572
0.187052
0.788364
0.421444
0.791249
0.184686
0.53814
0.555617
0.859826
0.521296
0.489135
0.460861
0.644338
0.820663
0.244885
0.797885
0.327796
0.61487
0.670649
0.067695
0.437402
0.209302
0.904642
0.682645
0.705785
0.723253
0.0391706
0.133763
0.440385
0.30553
0.742091
0.357182
0.282775
0.661882
0.403066
0.918449
0.759093
0.282472
0.172823
0.106103
0.735324
0.659962
0.206343
0.132915
0.783367
0.535522
0.930964
0.468635
0.490574
0.150747
0.864582
0.862033
0.330774
0.624022
0.7533
0.249218
0.25107
0.0723227
0.146379
0.792132
0.477447
0.782186
0.262458
0.454906
0.0333419
0.571297
0.626597
0.421615
0.397794
0.105532
0.693584
0.308323
0.871099
0.132629
0.958432
0.452985
0.302366
0.806208
0.0484525
0.912647
0.570161
0.102238
0.369512
0.398833
0.768261
0.0301735
0.13789
0.885336
0.576105
0.324847
0.382952
0.580778
0.399014
0.641342
0.787829
0.330035
0.126945
0.187894
0.297456
0.159385
0.830996
0.102376
0.236284
0.881357
0.41195
0.74322
0.431328
0.604525
0.620942
0.118943
0.437986
0.234941
0.44408
0.771563
0.543377
0.0996571
0.504277
0.0638618
0.620356
0.565437
0.777314
0.660779
0.189472
0.769987
0.906513
0.359653
0.998973
0.537811
0.0614903
0.787066
0.0566716
0.333433
0.42006
0.972638
0.0626133
0.232573
0.726102
0.719306
0.537545
0.79483
0.22636
0.95883
0.277434
0.233298
0.820817
0.0100256
0.965554
0.137769
0.148354
0.601483
0.436774
0.365005
0.214317
0.592321
0.0280043
0.614975
0.160852
0.092247
0.197553
0.124734
0.9644
0.870451
0.906334
0.197085
0.766451
0.932516
0.596155
0.710867
0.721073
0.472662
0.664168
0.0111964
0.662256
0.268654
0.526176
0.735481
0.51075
0.32819
0.311807
0.184529
0.577686
0.224384
0.287332
0.194264
0.173444
0.236198
0.821479
0.405024
0.0562764
0.955748
0.379311
0.0712442
0.0861979
0.412814
0.150939
0.719694
0.284428
0.628654
0.716273
0.0708302
0.604835
0.633267
0.0536517
0.61303
0.837659
0.806119
0.377188
0.397391
0.892402
0.529484
0.112031
0.241732
0.419974
0.831958
0.88412
0.242828
0.476556
0.359375
0.0259016
0.848545
0.314554
0.709735
0.815059
0.695351
0.989418
0.13238
0.72155
0.836941
0.344048
0.700455
0.309811
0.147866
0.0922995
0.356735
0.317431
0.759879
0.65632
0.399526
0.716944
0.96216
0.573997
0.867241
0.390821
0.55988
0.606586
0.403182
0.256734
0.135274
0.0351901
0.198207
0.335369
0.794096
0.399459
0.836634
0.139487
0.0171945
0.432818
0.784587
0.882761
0.287078
0.984488
0.990839
0.0805963
0.74423
0.0571144
0.905188
0.0823466
0.675417
0.966363
0.101884
0.593129
0.980185
0.250333
0.725181
0.190845
0.642397
0.996037
0.906591
0.815691
0.79766
0.350004
0.051034
0.0198986
0.287317
0.251577
0.0200514
0.947778
0.0845449
0.95091
0.479294
0.322487
0.033111
0.19767
0.405432
0.616766
0.726019
0.628766
0.501564
0.769878
0.747354
0.830241
0.243467
0.69016
0.990096
0.75497
0.821334
0.979035
0.335773
0.0677713
0.358687
0.173657
0.0349776
0.955544
0.644207
0.89607
0.963825
0.843422
0.0215467
0.900044
0.259243
0.128799
0.0214117
0.624553
0.270913
0.782208
0.420199
0.7159
0.331095
0.735002
0.457366
0.508193
0.463288
0.115006
0.382794
0.812527
0.160662
0.307724
0.935388
0.935589
0.00565444
0.686261
0.0307865
0.724486
0.819545
0.810317
