0.525285
0.516774
0.493077
0.471155
0.502008
0.507457
0.474005
0.548094
0.521095
0.560409
0.49035
0.515583
0.521067
0.48327
0.523081
0.554033
0.510199
0.474285
0.502951
0.476127
0.51998
0.517118
0.517554
0.492649
0.481862
0.496297
0.498865
0.511135
0.471684
0.53767
0.505628
0.501728
0.526124
0.468243
0.514981
0.514597
0.545576
0.509779
0.497675
0.54331
0.467816
0.480536
0.491275
0.498526
0.486835
0.489509
0.54572
0.516384
0.511208
0.497559
0.475602
0.505965
0.536385
0.529802
0.443555
0.5102
0.495271
0.473633
0.509123
0.434606
0.481472
0.496758
0.457477
0.428209
0.479578
0.479613
0.53236
0.491051
0.476872
0.546543
0.507646
0.492632
0.540816
0.540112
0.521863
0.475685
0.53672
0.542927
0.450079
0.459645
0.489933
0.511345
0.477514
0.538183
0.466969
0.48544
0.509256
0.465201
0.539907
0.449603
0.470452
0.513634
0.498469
0.498157
0.47136
0.461465
0.494136
0.520349
0.561621
0.489296
0.510674
0.559109
0.518141
0.533882
0.555461
0.517939
0.450947
0.461974
0.455971
0.480314
0.5514
0.568867
0.515806
0.535969
0.477134
0.50602
0.454639
0.51844
0.548102
0.48212
0.496451
0.508247
0.488095
0.481968
0.49043
0.516084
0.496118
0.517567
0.458918
0.48039
0.521995
0.495779
0.46677
0.523687
0.520578
0.506926
0.466499
0.502045
0.448931
0.478722
0.463597
0.522064
0.500868
0.519894
0.506391
0.459735
0.523228
0.517879
0.504814
0.485565
0.518237
0.524968
0.442471
0.470333
0.456367
0.487271
0.516367
0.525859
0.484034
0.520881
0.508684
0.485156
0.490534
0.509609
0.484958
0.506342
0.458574
0.488668
0.493066
0.524688
0.452792
0.478676
0.497368
0.527174
0.47062
0.48436
0.462388
0.483928
0.469884
0.532328
0.43042
0.530933
0.517501
0.502295
0.527418
0.568358
0.523657
0.486121
0.431556
0.488906
0.505844
0.459059
0.518823
0.530544
0.457113
0.497564
0.510044
0.527993
0.482942
0.478056
0.493682
0.467355
0.461079
0.491
0.458811
0.478243
0.478736
0.544691
0.482631
0.497809
0.501514
0.533104
0.456895
0.501013
0.48843
0.422193
0.477631
0.531548
0.517426
0.489015
0.472529
0.487753
0.495727
0.458049
0.530364
0.577931
0.50943
0.509088
0.496847
0.489412
0.466694
0.491076
0.49125
0.485759
0.498915
0.48627
0.468215
0.476477
0.494246
0.529103
0.519088
0.523618
0.48785
0.464106
0.497185
0.50963
0.47326
0.497295
0.47133
0.460855
0.479206
0.495364
0.492078
0.491029
0.496311
0.517088
0.494968
0.459171
0.518004
0.441289
0.475192
0.496224
0.500038
0.515756
0.48806
0.494843
0.462993
0.511482
0.539627
0.496683
0.492126
0.516603
0.501865
0.501575
0.53895
0.494403
0.496747
0.51296
0.518922
0.479775
0.473621
0.523963
0.519602
0.498495
0.504258
0.49847
0.513671
0.493702
0.489931
0.491597
0.521177
0.483943
0.494916
0.553907
0.495379
0.467167
0.510784
0.46378
0.526579
0.515047
0.515856
0.522272
0.528299
0.53199
0.4842
0.484876
0.54019
0.513227
0.538548
0.504534
0.542046
0.486347
0.511497
0.490282
0.513291
0.530652
0.519381
0.525914
0.492329
0.468712
0.463184
0.513021
0.430113
0.484491
0.500866
0.482796
0.49232
0.572419
0.485482
0.470969
0.424512
0.50179
0.503468
0.520258
0.514637
0.500853
0.497466
0.494699
0.477272
0.454978
0.458064
0.480236
0.553958
0.523269
0.508832
0.505951
0.474023
0.507995
0.499019
0.510301
0.520255
0.551227
0.468293
0.466733
0.463798
0.463039
0.487898
0.493074
0.462662
0.495662
0.502597
0.499039
0.498202
0.497954
0.487792
0.53626
0.493958
0.484573
0.486171
0.515197
0.531216
0.544221
0.46828
0.483304
0.485681
0.521336
0.511387
0.478839
0.48962
0.475598
0.511004
0.494676
0.533865
0.493648
0.489458
0.546503
0.514041
0.557363
0.535876
0.479783
0.535401
0.51309
0.501957
0.489847
0.510633
0.546197
0.517915
0.519499
0.535027
0.52532
0.492959
0.478503
0.483369
0.480688
0.484694
0.479329
0.492937
0.480886
0.501808
0.543542
0.466976
0.532454
0.524428
0.433188
0.473023
0.506666
0.476515
0.501577
0.530474
0.5179
0.504678
0.557814
0.521732
0.467936
0.537775
0.469479
0.481358
0.450595
0.441682
0.507801
0.547556
0.481059
0.533606
0.489729
0.420397
0.464275
0.500309
0.491257
0.531145
0.436799
0.514625
0.466385
0.497056
0.506469
0.474643
0.516089
0.506042
0.494266
0.549935
0.471681
0.485548
0.522756
0.529189
0.456915
0.490047
0.495475
0.483648
0.473249
0.501507
0.491637
0.470701
0.522594
0.547206
0.500541
0.482026
0.531965
0.46929
0.510046
0.470641
0.474385
0.520418
0.533495
0.481252
0.54042
0.4899
0.509468
0.568261
0.474735
0.484678
0.508721
0.52582
0.532019
0.489539
0.472702
0.494303
0.496686
0.490936
0.498021
0.547558
0.520699
0.468778
0.511231
0.535338
0.573909
0.520584
0.468313
0.485266
0.521279
0.522358
0.44323
0.518716
0.541364
0.500571
0.519935
0.53499
0.510431
0.519619
0.49219
0.478152
0.516583
0.499139
0.475595
0.520913
0.518275
0.475546
0.546176
0.529926
0.49158
0.492183
0.519932
0.476873
0.540601
0.462443
0.517699
0.479719
0.455384
0.510244
0.519708
0.468507
0.501719
0.492236
0.474223
0.490068
0.537202
0.506113
0.51462
0.486023
0.517927
0.529396
0.509291
0.498447
0.550197
0.473076
0.488746
0.467586
0.531609
0.464488
0.494281
0.475971
0.495904
0.443774
0.492605
0.493344
0.515955
0.438347
0.510779
0.49673
0.519257
0.559687
0.455854
0.510067
0.520311
0.51688
0.553585
0.507742
0.554256
0.491251
0.520594
0.42642
0.546148
0.496485
0.554342
0.479538
0.550243
0.528592
0.525319
0.508849
0.483661
0.480106
0.505786
0.527365
0.498819
0.482889
0.489479
0.498108
0.478988
0.533907
0.486626
0.503017
0.491371
0.498364
0.568668
0.436398
0.522057
0.484568
0.497045
0.487292
0.487238
0.50489
0.46044
0.465135
0.475061
0.537215
0.454831
0.563075
0.45249
0.521232
0.500754
0.493346
0.56155
0.523967
0.522127
0.52904
0.479338
0.478906
0.511033
0.506687
0.496157
0.51311
0.482811
0.503984
0.516172
0.52667
0.525858
0.507084
0.524942
0.488901
0.470496
0.481782
0.448215
0.535633
0.561285
0.603007
0.466362
0.501986
0.487162
0.486968
0.51881
0.454993
0.483779
0.460356
0.502873
0.490456
0.532406
0.500942
0.47133
0.508401
0.519787
0.503986
0.503149
0.491519
0.51332
0.498798
0.54171
0.470949
0.475925
0.549848
0.494925
0.453801
0.524997
0.506786
0.491606
0.526777
0.529793
0.537759
0.498475
0.480269
0.531654
0.520388
0.522182
0.527315
0.491414
0.494791
0.480705
0.531782
0.448388
0.483023
0.518516
0.510147
0.495304
0.479296
0.489875
0.501266
0.513556
0.455384
0.524638
0.478491
0.48316
0.515546
0.480947
0.508514
0.501773
0.515388
0.519184
0.481319
0.517172
0.499
0.511554
0.565609
0.457542
0.508763
0.461684
0.49409
0.49397
0.492201
0.4586
0.502977
0.489509
0.480247
0.48947
0.490113
0.509186
0.521294
0.45548
0.496057
0.505338
0.495424
0.495213
0.532535
0.522642
0.513167
0.509926
0.552607
0.507216
0.453181
0.535074
0.516953
0.50417
0.523223
0.53248
0.490624
0.497979
0.538784
0.5175
0.514652
0.490051
0.503769
0.54559
0.516894
0.497867
0.487587
0.472621
0.436466
0.500076
0.50304
0.483333
0.49617
0.491901
0.499366
0.552295
0.517265
0.485246
0.504838
0.481758
0.53097
0.487884
0.503268
0.480758
0.45107
0.466077
0.488805
0.479863
0.522001
0.535033
0.5334
0.505917
0.536787
0.501547
0.531311
0.531186
0.499209
0.523228
0.495027
0.50125
0.524572
0.49866
0.476978
0.506033
0.523455
0.462894
0.471412
0.528348
0.522815
0.512635
0.520818
0.524319
0.518815
0.475499
0.481262
0.450069
0.485758
0.567722
0.501009
0.449041
0.495502
0.524686
0.54682
0.484326
0.511725
0.468645
0.502281
0.480378
0.53342
0.508023
0.55256
0.508492
0.501991
0.482662
0.549938
0.48041
0.426334
0.479385
0.444526
0.524439
0.520265
0.462263
0.484503
0.488462
0.516675
0.541952
0.480286
0.474193
0.492802
0.498477
0.496983
0.507083
0.510961
0.531839
0.509512
0.486221
0.489146
0.474818
0.464766
0.448634
0.515847
0.46235
0.485187
0.542337
0.493484
0.51185
0.468137
0.452518
0.584803
0.528857
0.465433
0.50524
0.45664
0.492376
0.487422
0.50302
0.455408
0.524297
0.555973
0.506672
0.508685
0.507253
0.510759
0.497782
0.507283
0.505307
0.503207
0.476199
0.532173
0.501834
0.552488
0.4869
0.510634
0.498973
0.477921
0.510625
0.526006
0.533031
0.522172
0.472643
0.525427
0.480208
0.529615
0.514024
0.529917
0.497011
0.444239
0.509803
0.521192
0.499757
0.551464
0.458398
0.519587
0.487504
0.518253
0.496664
0.477447
0.522822
0.475892
0.474962
0.462382
0.494748
0.469803
0.546601
0.504744
0.48832
0.450784
0.536054
0.50371
0.475055
0.492028
0.440299
0.456346
0.458753
0.466317
0.50767
0.544015
0.500996
0.467754
0.518601
0.460529
0.480718
0.492411
0.50262
0.516386
0.482225
0.532267
0.515982
0.483503
0.476033
0.536814
0.434314
0.534791
0.486911
0.526704
0.474641
0.492965
0.533487
0.523809
0.501173
0.542949
0.493809
0.502075
0.529226
0.492271
0.481223
0.503541
0.511659
0.493806
0.484949
0.493901
0.492181
0.53524
0.509735
0.491977
0.469938
0.559654
0.47895
0.507488
0.439716
0.491573
0.495502
0.471483
0.502163
0.512869
0.47496
0.523817
0.498401
0.492906
0.485237
0.482037
0.553383
0.467269
0.527226
0.516066
0.472397
0.509487
0.520764
0.46305
0.495075
0.500103
0.50028
0.486748
0.49129
0.537472
0.414527
0.455832
0.503308
0.464666
0.474755
0.475486
0.508575
0.476851
0.49571
0.476666
0.527522
0.523531
0.463826
0.497403
0.470743
0.479999
0.446995
0.480518
0.469942
0.462416
0.500278
0.522139
0.467008
0.500849
0.46194
0.515367
0.525608
0.534672
0.48419
0.513499
0.559653
0.474693
0.452979
0.507158
0.473036
0.486388
0.541258
0.469718
0.514999
0.538607
0.550052
0.47539
0.515505
0.542137
0.471731
0.484357
0.535005
0.522498
0.529857
0.469315
0.452959
0.501334
0.489976
0.477818
0.529489
0.500786
0.54573
0.514773
0.454548
0.495222
0.514671
0.459492
0.488972
0.504693
0.488144
0.521647
0.461786
0.524488
0.519618
0.500525
0.498153
0.515177
0.515841
0.541943
0.48233
0.427499
0.475186
0.52721
0.460005
0.51648
0.507582
0.508499
0.474398
0.469161
0.510375
0.515011
0.470494
0.480297
0.494527
0.454312
0.501793
0.540412
0.555505
0.503201
0.50393
0.550583
0.473238
0.512499
0.509571
0.46833
0.515533
0.490131
0.558934
0.498975
0.519303
0.476872
0.500321
0.536871
0.523995
0.479129
0.455039
0.450841
0.501595
0.523149
0.511075
0.548235
0.497569
0.555011
0.529909
0.491956
0.557144
0.490785
0.50084
0.504846
0.531266
0.511232
0.497187
0.475799
0.526645
0.495424
0.488761
0.511973
0.514244
0.497648
0.504964
0.521485
0.520583
0.481982
0.522903
0.510959
0.526253
0.488912
0.514882
0.482304
0.485987
0.448357
0.539661
0.48309
0.484695
0.503496
0.471846
0.514907
0.513806
0.499754
0.493792
0.494078
0.462319
0.523329
0.494381
0.569098
0.496915
0.513643
0.469077
0.559176
0.495532
0.524069
0.485597
0.498261
0.478742
0.565342
0.479605
0.558913
0.493344
0.545995
0.504786
0.460411
0.522517
0.554223
0.501679
0.495458
0.536929
0.475528
0.499647
0.489869
0.521157
0.480539
0.506355
0.529607
0.459819
0.497369
0.539131
0.569558
0.547764
0.492885
0.502596
0.488395
0.458719
0.507276
0.486912
0.503933
0.496754
0.496277
0.52106
0.523332
0.564944
0.485448
0.465484
0.492528
0.455608
0.520856
0.508508
0.509269
0.516489
0.510553
0.500882
0.53413
0.507256
0.481223
0.512838
0.483881
0.520715
0.584364
0.538032
0.481581
0.483074
0.516392
0.478745
0.537782
0.537669
0.507031
0.516719
0.457202
0.456511
0.500373
0.524004
0.505261
0.444022
0.522975
0.548185
0.428841
0.55735
0.503377
0.476378
0.485647
0.467633
0.497405
0.522349
0.546552
0.506578
0.533646
0.521156
0.485292
0.472743
0.483461
0.505659
0.469891
0.501891
0.469912
0.489309
0.530186
0.515787
0.529986
0.439556
0.52584
0.493823
0.494477
0.476276
0.519194
0.491836
0.469916
0.529578
0.497362
0.482499
0.476915
0.531373
0.517918
0.421663
0.519299
0.465076
0.49257
0.425013
0.538409
0.507823
0.463184
0.529432
0.506941
0.479564
0.524533
0.513429
0.456706
0.433423
0.528156
0.521016
0.534673
0.49169
0.501692
0.473411
0.501693
0.451822
0.52807
0.492934
0.518243
0.436831
0.508921
0.473476
0.531609
0.534431
0.496601
0.451918
0.548837
0.519318
0.49919
0.484869
0.509873
0.502961
0.532844
0.545103
0.455222
0.515279
0.475875
0.512069
0.462541
0.572577
0.508935
0.530845
0.526512
0.516114
0.505677
0.513918
0.526387
0.495686
0.518277
0.540158
0.485567
0.442589
0.512173
0.525369
0.467608
0.476344
0.514414
0.52878
0.453006
0.509559
0.50999
0.499868
0.491157
0.525292
0.53051
0.489866
0.511853
0.501314
0.559609
0.552356
0.500697
0.515614
0.459464
0.5273
0.532807
0.487553
0.522784
0.462898
0.529184
0.48902
0.51465
0.449639
0.490131
0.539976
0.498594
0.520931
0.560072
0.502757
0.491273
0.514673
0.478176
0.439511
0.480122
0.510149
0.459142
0.537145
0.518364
0.514623
0.588522
0.504157
0.521747
0.564002
0.496963
0.47373
0.531384
0.47195
0.557744
0.517457
0.507074
0.531823
0.51197
0.534077
0.49547
0.565798
0.515812
0.547595
0.457485
0.525583
0.484168
0.529168
0.509291
0.499061
0.495103
0.547116
0.481308
0.507269
0.479467
0.459449
0.549536
0.516067
0.490048
0.523276
0.473623
0.476885
0.504638
0.535477
0.51603
0.460904
0.407399
0.499009
0.516683
0.461082
0.512888
0.499214
0.507468
0.526351
0.497125
0.454527
0.450964
0.50241
0.500075
0.52593
0.487777
0.453447
0.553928
0.539544
0.516844
0.509196
0.521533
0.516738
0.493106
0.531683
0.499387
0.526115
0.536895
0.536047
0.509528
0.531758
0.449436
0.479813
0.514728
0.522115
0.488816
0.524978
0.531344
0.533893
0.510819
0.447301
0.534216
0.565333
0.508977
0.537164
0.487982
0.513247
0.518238
0.536379
0.479175
0.488192
0.516597
0.555319
0.503498
0.502151
0.509097
0.544744
0.492629
0.563099
0.498543
0.5567
0.514953
0.50083
0.487332
0.498868
0.464574
0.518415
0.494753
0.486732
0.533001
0.453679
0.504147
0.477943
0.497869
0.50505
0.524289
0.533263
0.483086
0.506179
0.539379
0.498444
0.494755
0.503688
0.532009
0.531441
0.487281
0.452429
0.543483
0.539317
0.474
0.482631
0.515868
0.509219
0.476741
0.483303
0.540146
0.517802
0.468665
0.526273
0.484844
0.483479
0.464783
0.495238
0.529523
0.415865
0.554501
0.574195
0.457487
0.49679
0.470594
0.499638
0.482101
0.477268
0.518963
0.520886
0.451089
0.44478
0.543561
0.432915
0.523183
0.47526
0.490859
0.476091
0.461494
0.504145
0.468228
0.497143
0.558004
0.510888
0.460613
0.485785
0.543514
0.471273
0.519874
0.531342
0.547466
0.531943
0.501164
0.453763
0.471981
0.471496
0.510725
0.563391
0.494503
0.542522
0.499479
0.493869
0.493425
0.498973
0.556778
0.502559
0.491064
0.523219
0.548701
0.452839
0.438368
0.467187
0.565262
0.552667
0.535728
0.53194
0.570915
0.493772
0.504257
0.49008
0.482719
0.495867
0.541942
0.495346
0.510545
0.540229
0.519005
0.533796
0.463705
0.517057
0.516882
0.420915
0.478366
0.510952
0.515171
0.529069
0.520129
0.468912
0.46094
0.509634
0.476154
0.465214
0.444759
0.534219
0.491201
0.507546
0.497837
0.509315
0.501953
0.498787
0.504642
0.518784
0.524019
0.51879
0.505362
0.498535
0.475965
0.510544
0.512612
0.527772
0.464772
0.515109
0.50673
0.511199
0.497073
0.489673
0.534057
0.536536
0.460572
0.48313
0.532573
0.511736
0.489984
0.463531
0.499256
0.53628
0.49191
0.511805
0.48355
0.490909
0.502992
0.49611
0.471308
0.500187
0.455737
0.441194
0.563588
0.472258
0.506381
0.50714
0.454681
0.520172
0.549171
0.521873
0.483739
0.509165
0.521436
0.551803
0.484384
0.534257
0.523825
0.49497
0.496671
0.532545
0.500088
0.471085
0.495773
0.494576
0.490767
0.482823
0.49178
0.469159
0.485185
0.502749
0.514968
0.536004
0.496098
0.540264
0.520926
0.480558
0.501385
0.592925
0.469909
0.50541
0.52716
0.50653
0.504796
0.462647
0.496671
0.478338
0.522027
0.461531
0.459366
0.457796
0.469891
0.455873
0.4645
0.489152
0.498546
0.445479
0.523658
0.470331
0.576139
0.506044
0.526567
0.432441
0.465407
0.471868
0.484583
0.54429
0.515132
0.505768
0.486202
0.496288
0.550819
0.490566
0.489005
0.478114
0.498987
0.496518
0.492384
0.544506
0.42943
0.459074
0.515433
0.473572
0.479836
0.531323
0.48439
0.481982
0.467132
0.485527
0.533979
0.511415
0.499935
0.478084
0.51706
0.470652
0.556482
0.492326
0.456934
0.527663
0.562406
0.543511
0.486692
0.456096
0.492754
0.530385
0.489981
0.540512
0.492594
0.467694
0.477561
0.514761
0.540612
0.494016
0.534023
0.547869
0.490056
0.50929
0.519059
0.491806
0.481411
0.496424
0.517635
0.545514
0.471176
0.521338
0.513468
0.529575
0.491121
0.515842
0.490154
0.50588
0.492399
0.467701
0.504352
0.456692
0.52888
0.51228
0.525376
0.497463
0.494096
0.470131
0.535575
0.467786
0.516162
0.474905
0.515892
0.544859
0.495049
0.505959
0.530945
0.553834
0.456585
0.47004
0.498044
0.53942
0.527563
0.47641
0.454482
0.473133
0.506327
0.499798
0.487504
0.50054
0.513207
0.485545
0.501312
0.492901
0.475186
0.531329
0.495483
0.527563
0.499172
0.519826
0.499186
0.531494
0.518245
0.516704
0.535557
0.492319
0.49526
0.498305
0.500622
0.541252
0.488178
0.453411
0.481129
0.49228
0.471498
0.463441
0.495677
0.501978
0.488173
0.475488
0.523507
0.494347
0.566373
0.522539
0.475336
0.525025
0.525482
0.525276
0.500609
0.50926
0.505694
0.579817
0.495534
0.498024
0.485594
0.475792
0.536295
0.466628
0.442082
0.489097
0.491797
0.510229
0.427038
0.503738
0.470327
0.460592
0.515079
0.507115
0.454513
0.448489
0.526805
0.483126
0.498943
0.496107
0.501889
0.487471
0.454825
0.473843
0.496401
0.519529
0.546068
0.495854
0.498736
0.465184
0.451147
0.468745
0.478517
0.474964
0.515143
0.567769
0.522854
0.431891
0.506312
0.544907
0.464333
0.51339
0.451582
0.493209
0.495101
0.481657
0.515335
0.491773
0.501442
0.536839
0.515854
0.53573
0.493192
0.507418
0.473813
0.535615
0.502398
0.482167
0.487185
0.540499
0.485565
0.468046
0.516938
0.479255
0.473893
0.538433
0.497895
0.48433
0.495864
0.486038
0.449143
0.522411
0.516555
0.504902
0.508349
0.506339
0.528057
0.495833
0.504372
0.482668
0.495373
0.439672
0.55254
0.47923
0.532169
0.442752
0.466969
0.517079
0.52075
0.47893
0.494296
0.491206
0.480647
0.442565
0.473202
0.53438
0.500173
0.506824
0.534109
0.498501
0.485344
0.491677
0.483403
0.477841
0.500516
0.495972
0.476592
0.49854
0.535135
0.487949
0.434738
0.518739
0.440962
0.488585
0.428563
0.453723
0.494152
0.502133
0.474598
0.51045
0.526558
0.498226
0.527743
0.465834
0.490646
0.499943
0.504622
0.453173
0.552383
0.512181
0.482098
0.501076
0.536477
0.51474
0.455338
0.569279
0.488353
0.514466
0.479786
0.495727
0.517224
0.490852
0.441431
0.519279
0.514644
0.479455
0.509742
0.512431
0.532921
0.487512
0.487638
0.478423
0.437742
0.506131
0.492883
0.5071
0.509423
0.483423
0.545264
0.473919
0.477117
0.482964
0.50394
0.506451
0.520392
0.581949
0.47933
0.452784
0.522524
0.553418
0.503915
0.496167
0.439906
0.456933
0.486337
0.570311
0.471926
0.472073
0.513158
0.489678
0.475703
0.509132
0.462663
0.479171
0.510048
0.501383
0.435077
0.497572
0.483035
0.563289
0.463578
0.519128
0.547545
0.489048
0.490469
0.487629
0.449163
0.505817
0.432893
0.517391
0.560809
0.476025
0.592472
0.46548
0.548465
0.47312
0.493222
0.519585
0.542388
0.445149
0.482151
0.505892
0.538173
0.470528
0.506881
0.511345
0.472041
0.500388
0.534701
0.534673
0.534738
0.451867
0.507402
0.47054
0.538407
0.496724
0.536279
0.491214
0.520815
0.499649
0.49168
0.510118
0.45131
0.470651
0.471461
0.531641
0.502878
0.485884
0.542741
0.451581
0.514682
0.461305
0.55132
0.512602
0.529453
0.453523
0.523135
0.529076
0.45011
0.44222
0.472137
0.505678
0.469983
0.478524
0.508954
0.484124
0.471016
0.5437
0.484726
0.492413
0.524318
0.47254
0.534475
0.530959
0.497453
0.505826
0.464395
0.429976
0.522821
0.556237
0.497432
0.532505
0.511531
0.522084
0.481526
0.477445
0.447111
0.503234
0.494904
0.526973
0.523466
0.453615
0.502779
0.532717
0.541422
0.474665
0.479841
0.485076
0.468257
0.494098
0.552923
0.460038
0.51459
0.534376
0.468199
0.447886
0.492984
0.485246
0.477298
0.538167
0.462669
0.484732
0.526716
0.505295
0.474732
0.51294
0.484887
0.479159
0.472165
0.493067
0.4313
0.505121
0.509143
0.463979
0.522029
0.497772
0.543899
0.50874
0.436053
0.482823
0.539589
0.473459
0.486746
0.511504
0.467495
0.470834
0.482907
0.471851
0.516973
0.532774
0.483702
0.491249
0.536491
0.526463
0.511902
0.574615
0.520154
0.528247
0.489783
0.492585
0.454078
0.47972
0.552071
0.514088
0.496995
0.540381
0.5603
0.467681
0.529461
0.451239
0.472964
0.486018
0.46604
0.483737
0.525827
0.507829
0.504846
0.468383
0.476789
0.471783
0.498811
0.447437
0.53965
0.47661
0.503055
0.506064
0.531182
0.521859
0.502738
0.476293
0.545851
0.503669
0.49576
0.488183
0.512598
0.529916
0.484701
0.522558
0.508016
0.489132
0.532347
0.50969
0.570334
0.527544
0.475213
0.498305
0.498561
0.478636
0.519403
0.499282
0.511169
0.519592
0.503213
0.47843
0.548694
0.48899
0.520827
0.502712
0.524632
0.470148
0.481496
0.534282
0.498992
0.484459
0.478571
0.506734
0.488899
0.46913
0.46276
0.527911
0.510608
0.513669
0.403998
0.563666
0.507309
0.529511
0.506282
0.496949
0.527101
0.48715
0.459872
0.456581
0.465507
0.555163
0.535214
0.520113
0.466897
0.485487
0.552969
0.515123
0.479215
0.529332
0.484515
0.523335
0.476363
0.488107
0.497315
0.491945
0.492625
0.503729
0.549496
0.486508
0.523517
0.52269
0.508048
0.509779
0.467416
0.50826
0.494993
0.490873
0.502361
0.4852
0.505907
0.509122
0.522396
0.491363
0.485173
0.507013
0.50783
0.490548
0.532339
0.466555
0.463778
0.48099
0.473952
0.533488
0.521382
0.53387
0.455245
0.483678
0.506064
0.506194
0.496052
0.466085
0.517197
0.502444
0.475332
0.496683
0.50357
0.519358
0.468666
0.487696
0.519012
0.528219
0.48311
0.496538
0.482567
0.509036
0.52377
0.48882
0.527575
0.530975
0.516497
0.539806
0.474051
0.49343
0.501038
0.488694
0.478727
0.522107
0.519061
0.490085
0.507135
0.474483
0.451394
0.497041
0.542108
0.469036
0.448879
0.560071
0.523069
0.502602
0.501192
0.506454
0.520488
0.510243
0.508029
0.524251
0.499882
0.522003
0.507009
0.475394
0.489723
0.510924
0.462694
0.502218
0.537651
0.466687
0.481073
0.50182
0.509336
0.50928
0.48391
0.412611
0.504396
0.517032
0.467314
0.457442
0.473722
0.543423
0.518918
0.50768
0.522597
0.567017
0.508034
0.482599
0.503982
0.55891
0.54316
0.518477
0.516339
0.502066
0.531215
0.531759
0.460376
0.476904
0.542884
0.470671
0.509078
0.517527
0.558434
0.539653
0.515406
0.532956
0.528387
0.51099
0.562037
0.537757
0.51342
0.538021
0.48752
0.536416
0.467874
0.504285
0.473223
0.505856
0.481228
0.522997
0.515446
0.470466
0.511946
0.491219
0.497073
0.514005
0.498034
0.513105
0.503145
0.452779
0.478714
0.486587
0.504719
0.51444
0.491566
0.517891
0.515394
0.506805
0.509533
0.468249
0.514883
0.451052
0.502148
0.477176
0.503993
0.523679
0.485368
0.456705
0.545399
0.531603
0.474381
0.450933
0.504591
0.454755
0.513778
0.455276
0.515351
0.530577
0.489438
0.439788
0.48415
0.504764
0.47653
0.560928
0.447843
0.54265
0.467989
0.546152
0.559018
0.465601
0.507838
0.505704
0.533396
0.506788
0.503754
0.525972
0.443641
0.520731
0.513221
0.508797
0.563963
0.500967
0.527675
0.531106
0.49989
0.510229
0.508993
0.489235
0.487575
0.467518
0.512717
0.482331
0.457022
0.486429
0.482377
0.449199
0.493606
0.519106
0.499294
0.522969
0.482254
0.530219
0.472238
0.467964
0.49867
0.535317
0.521314
0.523137
0.451975
0.507944
0.470449
0.476461
0.473138
0.479887
0.58286
0.494631
0.503575
0.60894
0.553877
0.552473
0.558283
0.518545
0.525487
0.546422
0.477901
0.513697
0.466993
0.496445
0.484047
0.537486
0.506144
0.550789
0.512337
0.522641
0.545116
0.497926
0.537434
0.492468
0.53573
0.50007
0.454514
0.445541
0.548267
0.542638
0.511531
0.498532
0.508263
0.48404
0.496636
0.451547
0.47566
0.490161
0.475148
0.56035
0.540683
0.507915
0.500437
0.529846
0.500818
0.532251
0.483092
0.543197
0.493276
0.520977
0.572766
0.46095
0.507303
0.471782
0.487054
0.484548
0.490724
0.495832
0.51179
0.548602
0.485085
0.522309
0.517133
0.456297
0.513779
0.448281
0.443824
0.502309
0.497524
0.498259
0.503977
0.477605
0.461565
0.527831
0.47079
0.470506
0.518986
0.455746
0.52155
0.498376
0.484498
0.518815
0.508295
0.484335
0.493078
0.474013
0.500529
0.493345
0.517842
0.502151
0.474341
0.512059
0.551513
0.517497
0.512323
0.536807
0.485879
0.527717
0.488651
0.484091
0.513594
0.518518
0.54371
0.507962
0.516713
0.547355
0.472629
0.478659
0.526329
0.530596
0.472114
0.496884
0.557689
0.488498
0.519941
0.468085
0.485165
0.51239
0.511494
0.511122
0.55145
0.518422
0.487717
0.475697
0.515356
0.492265
0.488861
0.462916
0.532604
0.479128
0.498387
0.483361
0.483945
0.483481
0.501425
0.477049
0.535031
0.522841
0.552135
0.479645
0.452376
0.540011
0.574365
0.489316
0.459803
0.518139
0.539979
0.508596
0.509738
0.462976
0.479216
0.485623
0.503737
0.506705
0.547477
0.499155
0.456618
0.457717
0.462893
0.481704
0.488567
0.51071
0.489063
0.47519
0.529597
0.441482
0.557334
0.513473
0.470744
0.540807
0.492995
0.456153
0.456356
0.461741
0.479766
0.457993
0.501865
0.484767
0.486943
0.478365
0.491416
0.525126
0.5436
0.465071
0.499717
0.496727
0.484191
0.496927
0.4825
0.507001
0.509952
0.499484
0.469955
0.527073
0.520469
0.478253
0.55752
0.521645
0.539782
0.513822
0.518401
0.482936
0.51141
0.503228
0.482191
0.503077
0.506665
0.511963
0.563971
0.539326
0.45063
0.530994
0.478266
0.466485
0.510185
0.503165
0.492222
0.520881
0.498436
0.513358
0.482397
0.520301
0.479952
0.526792
0.479525
0.514247
0.481154
0.489827
0.525629
0.568887
0.460249
0.547659
0.457872
0.47108
0.561086
0.443268
0.483504
0.485851
0.485295
0.492004
0.490292
0.491677
0.477094
0.516187
0.476802
0.477988
0.485143
0.504084
0.546909
0.499223
0.515802
0.477648
0.492907
0.519845
0.522196
0.543396
0.481609
0.534673
0.463429
0.500796
0.497787
0.488912
0.538353
0.522528
0.539348
0.472256
0.428244
0.511024
0.488612
0.491436
0.522775
0.485624
0.524069
0.545597
0.50365
0.424755
0.496988
0.568863
0.510282
0.507486
0.517256
0.544479
0.491887
0.49885
0.492821
0.554903
0.460367
0.463293
0.44711
0.482213
0.518362
0.540643
0.478805
0.46322
0.556842
0.50895
0.498345
0.483644
0.446611
0.538601
0.545531
0.525747
0.498108
0.482057
0.522615
0.493779
0.503872
0.573607
0.51723
0.541628
0.558046
0.443507
0.559564
0.48704
0.457298
0.52087
0.518128
0.456784
0.437536
0.529707
0.518502
0.497142
0.530784
0.432458
0.509439
0.524098
0.486602
0.475426
0.490699
0.497594
0.492424
0.470458
0.476976
0.484238
0.52718
0.517267
0.472317
0.552831
0.502594
0.500761
0.459386
0.517093
0.476511
0.427761
0.547957
0.479962
0.482654
0.48747
0.537015
0.463838
0.481158
0.49009
0.514832
0.501151
0.494283
0.517934
0.511396
0.479627
0.481654
0.513435
0.53757
0.496621
0.499432
0.518407
0.545356
0.466906
0.517766
0.498946
0.503634
0.488278
0.49091
0.460335
0.503759
0.519357
0.54439
0.496341
0.519379
0.483967
0.523582
0.507262
0.514867
0.506457
0.488073
0.521123
0.516721
0.522349
0.506207
0.492365
0.562326
0.498677
0.514151
0.432432
0.490438
0.488404
0.513893
0.546613
0.477778
0.493288
0.49452
0.531515
0.496097
0.45956
0.501173
0.507552
0.5041
0.500811
0.526031
0.510818
0.468599
0.512443
0.515719
0.498715
0.499265
0.552074
0.499506
0.433717
0.531361
0.510259
0.472666
0.499652
0.50083
0.465909
0.559384
0.554856
0.466109
0.490791
0.469572
0.506595
0.481048
0.547462
0.483986
0.541122
0.523307
0.465035
0.481998
0.513738
0.462606
0.497138
0.526415
0.503244
0.543206
0.466447
0.489713
0.495148
0.504987
0.450163
0.476065
0.49801
0.507515
0.50082
0.523528
0.477297
0.521454
0.456777
0.480775
0.561118
0.511708
0.506794
0.462748
0.512226
0.516669
0.483048
0.47959
0.470645
0.497942
0.506975
0.493257
0.541322
0.494924
0.482311
0.436158
0.481145
0.488611
0.469696
0.506221
0.529735
0.519008
0.487238
0.512745
0.498369
0.51052
0.501389
0.49742
0.521407
0.539692
0.452524
0.454886
0.494613
0.529682
0.429591
0.487207
0.564731
0.515838
0.468205
0.476644
0.524692
0.546748
0.47657
0.471083
0.548838
0.425145
0.523594
0.486511
0.42253
0.50305
0.48358
0.500908
0.500506
0.475503
0.471855
0.443925
0.498389
0.557284
0.505738
0.456731
0.521691
0.456984
0.495186
0.466408
0.476712
0.522803
0.537527
0.509245
0.49769
0.514454
0.520634
0.447343
0.484595
0.515544
0.508923
0.502869
0.515923
0.53081
0.476543
0.434362
0.480883
0.49258
0.482149
0.439452
0.485341
0.520842
0.519611
0.498367
0.505894
0.46129
0.529054
0.532609
0.476464
0.485721
0.492586
0.483171
0.441764
0.489164
0.519112
0.54267
0.542037
0.50811
0.542579
0.495769
0.523418
0.494225
0.448055
0.472267
0.508316
0.507905
0.520003
0.497231
0.530169
0.506078
0.507123
0.522539
0.506974
0.478592
0.518144
0.524221
0.497937
0.527589
0.502941
0.48996
0.457641
0.494236
0.493344
0.501138
0.482098
0.487179
0.498024
0.463796
0.491058
0.497098
0.455822
0.472887
0.480954
0.471752
0.501904
0.564191
0.522861
0.565865
0.481113
0.458274
0.499831
0.520247
0.502886
0.530865
0.507995
0.474517
0.512132
0.494019
0.495799
0.467807
0.500418
0.492451
0.575744
0.491814
0.451865
0.549406
0.52302
0.460585
0.518104
0.52645
0.485392
0.521406
0.516687
0.511548
0.538722
0.511164
0.507323
0.46981
0.522505
0.532572
0.520299
0.51128
0.489789
0.464609
0.521489
0.510134
0.495845
0.521582
0.548294
0.499679
0.519988
0.525143
0.510923
0.48751
0.454896
0.483684
0.51335
0.47521
0.487817
0.553443
0.488361
0.496967
0.478034
0.485719
0.471041
0.471487
0.524971
0.504569
0.49508
0.541558
0.5113
0.519353
0.516282
0.445675
0.505442
0.506511
0.467648
0.446064
0.467819
0.484943
0.570393
0.497505
0.485244
0.539366
0.545306
0.491323
0.537826
0.526025
0.488787
0.498915
0.502751
0.555134
0.497971
0.499193
0.54933
0.514422
0.509289
0.494324
0.519678
0.568149
0.48486
0.548127
0.4594
0.545986
0.491073
0.51152
0.532671
0.526121
0.503746
0.489378
0.486066
0.52696
0.54423
0.463183
0.485532
0.481818
0.480836
0.463837
0.500863
0.56096
0.469958
0.549025
0.532065
0.525363
0.471273
0.509483
0.511982
0.516593
0.481378
0.478563
0.529549
0.497156
0.470263
0.489466
0.498061
0.455694
0.504971
0.494508
0.48283
0.511428
0.484831
0.520812
0.482589
0.472184
0.522647
0.526785
0.489048
0.480415
0.506196
0.473758
0.498942
0.531561
0.544435
0.507177
0.522981
0.539155
0.482774
0.461702
0.486043
0.471012
0.471797
0.474596
0.453018
0.520916
0.553808
0.491788
0.514646
0.490148
0.47157
0.44097
0.447754
0.453245
0.48362
0.496112
0.484244
0.532368
0.510529
0.527768
0.523214
0.534642
0.526487
0.523552
0.510602
0.496849
0.47058
0.483143
0.480697
0.521859
0.472147
0.492223
0.473922
0.491152
0.504576
0.509694
0.475248
0.577828
0.471927
0.502563
0.51762
0.504464
0.482753
0.452869
0.554759
0.500207
0.505491
0.45103
0.487739
0.501461
0.4998
0.459975
0.449684
0.490559
0.488224
0.524444
0.462984
0.466789
0.502548
0.519828
0.493391
0.554146
0.519231
0.494933
0.465378
0.440186
0.488284
0.503019
0.513131
0.540361
0.459968
0.525521
0.47155
0.48221
0.473694
0.492804
0.511635
0.533771
0.443492
0.516332
0.524638
0.480607
0.474426
0.496631
0.509338
0.535797
0.504339
0.49142
0.516833
0.497296
0.535282
0.508276
0.51722
0.51701
0.49903
0.476224
0.482528
0.455983
0.531033
0.500613
0.490286
0.490059
0.517197
0.465654
0.512108
0.510396
0.517859
0.53901
0.501654
0.483217
0.473335
0.492792
0.566358
0.46315
0.545415
0.475348
0.467284
0.514561
0.45918
0.458225
0.571498
0.49523
0.46952
0.512661
0.491319
0.506766
0.476716
0.480001
0.514838
0.48611
0.455476
0.450405
0.522061
0.442535
0.451795
0.484211
0.46107
0.504484
0.512004
0.460355
0.468565
0.490645
0.558399
0.496193
0.589168
0.51963
0.505813
0.553122
0.497861
0.472625
0.493512
0.462364
0.48993
0.483401
0.536788
0.475294
0.482802
0.500051
0.482624
0.522678
0.514132
0.512831
0.483806
0.487208
0.530534
0.492477
0.485859
0.493702
0.521315
0.523379
0.491177
0.471342
0.501595
0.46598
0.47473
0.512329
0.469192
0.482785
0.475711
0.481333
0.469634
0.492338
0.469514
0.440103
0.473686
0.465562
0.514404
0.471622
0.491759
0.498826
0.507257
0.508178
0.519584
0.478107
0.452757
0.487722
0.52951
0.488645
0.480401
0.492898
0.531825
0.514436
0.503716
0.477109
0.500451
0.431968
0.476037
0.482004
0.537407
0.51255
0.497238
0.470747
0.500399
0.51762
0.545782
0.511465
0.487924
0.471419
0.480476
0.475225
0.506263
0.495372
0.506285
0.492934
0.482722
0.448596
0.508605
0.495527
0.509522
0.478869
0.500352
0.461826
0.492685
0.448457
0.516251
0.52843
0.520317
0.499178
0.538698
0.47603
0.464643
0.491056
0.479564
0.526515
0.512177
0.498965
0.462329
0.475235
0.516408
0.481619
0.478906
0.472818
0.457361
0.467295
0.435543
0.530889
0.53243
0.440655
0.482166
0.486093
0.472833
0.525053
0.499555
0.546777
0.450086
0.47469
0.498702
0.49671
0.516858
0.510999
0.526755
0.460231
0.426585
0.487633
0.493903
0.52317
0.486222
0.538437
0.475582
0.493957
0.506502
0.542762
0.514384
0.50925
0.444082
0.502521
0.49603
0.458496
0.479943
0.465336
0.543798
0.521772
0.508434
0.508174
0.485772
0.525299
0.50132
0.545832
0.53928
0.458994
0.481213
0.508644
0.456917
0.510438
0.478769
0.473808
0.518506
0.509634
0.488013
0.524673
0.533385
0.508935
0.504178
0.502391
0.527391
0.512508
0.518431
0.454298
0.458913
0.529718
0.53385
0.523389
0.5184
0.5168
0.527045
0.523281
0.49568
0.471202
0.499784
0.483025
0.529488
0.462959
0.475005
0.49615
0.473559
0.537495
0.581587
0.488304
0.543668
0.514211
0.502258
0.527882
0.449999
0.525232
0.509008
0.464
0.519202
0.49871
0.490393
0.496199
0.480527
0.541026
0.485094
0.500262
0.53041
0.5523
0.486113
0.474492
0.489872
0.489553
0.529977
0.490861
0.48912
0.481915
0.515331
0.475373
0.483721
0.512254
0.535284
0.542044
0.526725
0.45959
0.487896
0.534848
0.5511
0.476673
0.469169
0.522025
0.536879
0.48711
0.472931
0.517117
0.507369
0.516404
0.481971
0.5311
0.48881
0.491279
0.524814
0.530002
0.467857
0.491681
0.492504
0.562377
0.501259
0.50981
0.47977
0.480993
0.502112
0.560577
0.484958
0.553144
0.487051
0.497844
0.503091
0.513922
0.448779
0.510839
0.476441
0.486856
0.538278
0.475098
0.486987
0.476268
0.541104
0.502342
0.485132
0.515744
0.50212
0.483628
0.529055
0.487076
0.49306
0.530174
0.50907
0.474058
0.517283
0.486225
0.481376
0.505512
0.516103
0.518334
0.50556
0.501921
0.521065
0.495434
0.470238
0.500033
0.486545
0.454074
0.481207
0.549824
0.467046
0.483198
0.52648
0.468189
0.493563
0.442843
0.512579
0.523735
0.443404
0.491123
0.476467
0.497051
0.507823
0.533879
0.467487
0.500837
0.561857
0.481376
0.543685
0.504254
0.490733
0.506409
0.496895
0.545888
0.507223
0.478203
0.49096
0.439677
0.524322
0.46648
0.497456
0.458212
0.457618
0.490067
0.46331
0.527742
0.501744
0.504417
0.48467
0.489309
0.495265
0.492425
0.491414
0.470337
0.488402
0.562905
0.496669
0.501093
0.537938
0.491115
0.485708
0.480366
0.503707
0.505692
0.528622
0.494754
0.511026
0.506378
0.501108
0.505927
0.51345
0.45692
0.507778
0.460246
0.490224
0.5175
0.542354
0.475109
0.462808
0.511087
0.499115
0.476399
0.534848
0.49808
0.499986
0.521415
0.499972
0.553619
0.501632
0.471653
0.511777
0.451927
0.516939
0.449817
0.470397
0.502083
0.475254
0.505428
0.520014
0.479574
0.475761
0.483426
0.491686
0.478017
0.518367
0.490104
0.515883
0.465424
0.496467
0.500794
0.489086
0.489382
0.475978
0.533636
0.508839
0.465519
0.485002
0.50384
0.55162
0.473647
0.468499
0.512792
0.497911
0.465933
0.512346
0.486397
0.568839
0.491495
0.501155
0.477015
0.468767
0.451788
0.484229
0.453387
0.518201
0.491152
0.544021
0.472908
0.511403
0.526903
0.521483
0.510625
0.483071
0.503343
0.542676
0.49935
0.528463
0.514057
0.551009
0.515238
0.521352
0.456877
0.499493
0.493231
0.484172
0.525887
0.487377
0.536719
0.464736
0.544847
0.425546
0.565815
0.503907
0.516403
0.505048
0.5186
0.558584
0.501466
0.493141
0.519727
0.514388
0.493134
0.521215
0.540752
0.582425
0.509522
0.49898
0.486565
0.544489
0.499894
0.489284
0.502309
0.561089
0.458455
0.457943
0.555139
0.436681
0.45018
0.492961
0.495221
0.456457
0.51307
0.497498
0.480329
0.509099
0.501186
0.460982
0.498424
0.479838
0.522862
0.482732
0.49258
0.468228
0.518449
0.502455
0.572645
0.504975
0.441977
0.462015
0.508005
0.512225
0.511115
0.50283
0.495823
0.44167
0.499787
0.523281
0.489131
0.514851
0.497837
0.520502
0.479158
0.460037
0.512103
0.510938
0.566253
0.510045
0.52329
0.514027
0.493791
0.525385
0.503001
0.493403
0.50943
0.477108
0.505315
0.499971
0.4681
0.523714
0.517279
0.511258
0.51109
0.526521
0.522689
0.511382
0.475622
0.497845
0.45354
0.466041
0.539271
0.516386
0.493517
0.466885
0.543612
0.544178
0.447897
0.489646
0.441481
0.529492
0.514251
0.480405
0.492206
0.520061
0.508303
0.484365
0.52919
0.481
0.509335
0.491513
0.514231
0.4918
0.489508
0.543542
0.512937
0.516768
0.501471
0.456401
0.485624
0.503286
0.43864
0.532862
0.478069
0.502281
0.512515
0.509471
0.516484
0.495245
0.481412
0.442255
0.481104
0.502224
0.474992
0.515565
0.532745
0.505117
0.50895
0.468433
0.486719
0.510671
0.514246
0.512807
0.458479
0.49756
0.495253
0.508051
0.515361
0.511897
0.4812
0.466076
0.478816
0.555578
0.505272
0.491486
0.491483
0.49182
0.475759
0.501102
0.5035
0.492272
0.493616
0.467251
0.53241
0.500071
0.460819
0.489188
0.531057
0.463222
0.543882
0.467028
0.497823
0.522677
0.516918
0.492559
0.533602
0.429483
0.468614
0.501323
0.489874
0.475381
0.4975
0.540327
0.452257
0.481221
0.499882
0.515759
0.463919
0.467582
0.514813
0.505098
0.503205
0.471959
0.530488
0.477976
0.509885
0.506899
0.466423
0.530182
0.484364
0.52346
0.505799
0.52517
0.514256
0.514364
0.502358
0.497451
0.482685
0.481228
0.516199
0.462252
0.502685
0.520234
0.53288
0.495801
0.452081
0.500633
0.500175
0.47063
0.493228
0.480433
0.506877
0.500255
0.48197
0.51367
0.468019
0.517622
0.510212
0.463619
0.48088
0.531683
0.566459
0.506332
0.486162
0.506486
0.498719
0.528872
0.478707
0.457147
0.534133
0.436616
0.502128
0.507081
0.5297
0.484011
0.461733
0.480873
0.518491
0.473147
0.550115
0.467152
0.44571
0.514533
0.459783
0.425852
0.488986
0.504436
0.477206
0.484238
0.49727
0.44318
0.522651
0.546056
0.472707
0.488754
0.47019
0.578206
0.50986
0.500129
0.48224
0.459287
0.456673
0.464637
0.473028
0.594411
0.491524
0.503807
0.455337
0.470648
0.540765
0.502013
0.494929
0.517481
0.501111
0.49233
0.487
0.536643
0.511266
0.443955
0.499057
0.505723
0.517138
0.555573
0.524581
0.469894
0.525046
0.429058
0.491863
0.516162
0.527275
0.537856
0.482369
0.53449
0.524356
0.484447
0.563038
0.500194
0.498458
0.501259
0.486855
0.561959
0.492251
0.509396
0.506099
0.509876
0.457627
0.509567
0.51263
0.477862
0.498647
0.479589
0.509591
0.534833
0.48309
0.472832
0.518902
0.49902
0.476988
0.521993
0.48892
0.50979
0.496505
0.482563
0.496638
0.521355
0.481552
0.490366
0.488807
0.552736
0.465499
0.517545
0.566335
0.518366
0.515372
0.481377
0.526371
0.463702
0.466898
0.500274
0.546412
0.480221
0.528786
0.501367
0.544837
0.534175
0.490598
0.464029
0.492228
0.513484
0.558614
0.513723
0.467861
0.547132
0.494042
0.540554
0.475728
0.471458
0.497957
0.476881
0.494491
0.557696
0.547343
0.528384
0.47571
0.455159
0.46662
0.562954
0.524749
0.464423
0.479014
0.491776
0.498717
0.46491
0.542164
0.526986
0.545831
0.521211
0.49233
0.450278
0.520559
0.472564
0.501579
0.476829
0.508944
0.49983
0.472323
0.498922
0.468454
0.484353
0.523587
0.503646
0.576759
0.493089
0.533384
0.449036
0.513796
0.514357
0.481562
0.48304
0.501495
0.508612
0.507509
0.439684
0.515553
0.498598
0.477084
0.476805
0.573621
0.513255
0.523155
0.489735
0.48428
0.499769
0.504111
0.445306
0.531188
0.508131
0.474731
0.480551
0.496764
0.502575
0.493781
0.53048
0.519789
0.524279
0.482711
0.479301
0.511297
0.489706
0.509836
0.549465
0.493135
0.518942
0.474367
0.502905
0.493562
0.528434
0.49467
0.488853
0.494264
0.482475
0.515134
0.482597
0.503159
0.477834
0.486008
0.519567
0.497372
0.555886
0.5106
0.469116
0.490744
0.456634
0.5242
0.482367
0.490266
0.518989
0.509111
0.448521
0.515797
0.511681
0.430152
0.483973
0.487451
0.519189
0.495018
0.468634
0.465021
0.537043
0.473871
0.513821
0.503828
0.480895
0.51253
0.5061
0.501352
0.563725
0.523642
0.531442
0.469033
0.495549
0.510207
0.484084
0.493612
0.560022
0.485828
0.52446
0.442389
0.49229
0.49607
0.53058
0.496771
0.502488
0.485293
0.527227
0.508486
0.539235
0.493341
0.477358
0.48284
0.48753
0.446455
0.460071
0.503389
0.555389
0.4868
0.449523
0.472398
0.543633
0.514957
0.539173
0.481471
0.533178
0.489779
0.495712
0.506723
0.484207
0.48997
0.447075
0.502863
0.441612
0.511769
0.488901
0.490572
0.521057
0.547115
0.493804
0.571543
0.550064
0.53666
0.527855
0.495568
0.508478
0.512015
0.438626
0.494034
0.492685
0.521601
0.489186
0.544219
0.497981
0.48447
0.462422
0.478742
0.513433
0.486491
0.540048
0.454565
0.493637
0.483254
0.540696
0.465906
0.481733
0.484088
0.511449
0.515443
0.498049
0.491544
0.477198
0.518185
0.508765
0.490747
0.522194
0.442383
0.498949
0.452965
0.468177
0.501859
0.504368
0.457784
0.483449
0.494124
0.526419
0.538268
0.547265
0.558664
0.454579
0.513462
0.483932
0.499761
0.490738
0.492631
0.520972
0.498243
0.509789
0.505602
0.53573
0.54651
0.530855
0.523579
0.484817
0.491234
0.503527
0.544822
0.450735
0.498103
0.483484
0.48954
0.540084
0.52297
0.531872
0.4684
0.517713
0.483808
0.462825
0.429012
0.511195
0.477814
0.513485
0.524761
0.479995
0.49807
0.490914
0.510372
0.523717
0.484111
0.510267
0.458585
0.523791
0.560782
0.538591
0.502294
0.452987
0.479773
0.468647
0.506552
0.407128
0.498177
0.4771
0.524799
0.483367
0.468484
0.521487
0.523697
0.489421
0.484347
0.500307
0.520936
0.51812
0.516529
0.540621
0.490403
0.531658
0.483385
0.537548
0.509073
0.539914
0.500254
0.480008
0.470009
0.46722
0.522157
0.457105
0.505831
0.471951
0.514143
0.479522
0.47705
0.463316
0.513692
0.490296
0.579624
0.489717
0.459525
0.509357
0.526118
0.583056
0.501204
0.506199
0.484844
0.483365
0.493907
0.475064
0.511351
0.478133
0.512733
0.547002
0.486651
0.54071
0.50093
0.513208
0.516541
0.502145
0.526412
0.493971
0.486407
0.510865
0.550946
0.527654
0.485878
0.484532
0.496367
0.534046
0.507718
0.51849
0.492229
0.476477
0.485306
0.515143
0.509228
0.467067
0.533113
0.488669
0.532804
0.479491
0.474514
0.489424
0.451277
0.473616
0.481345
0.512417
0.512902
0.536414
0.509548
0.524238
0.506215
0.473492
0.54531
0.522803
0.468043
0.46565
0.516045
0.5043
0.493557
0.484806
0.510605
0.531705
0.482741
0.493698
0.4731
0.499247
0.49765
0.483703
0.494694
0.477191
0.514835
0.495185
0.527751
0.521326
0.507313
0.514709
0.496716
0.541516
0.540446
0.533528
0.480091
0.503708
0.526114
0.501701
0.477902
0.499755
0.519556
0.512217
0.489006
0.519435
0.533252
0.539508
0.512633
0.499052
0.522216
0.496723
0.508536
0.550975
0.475087
0.496128
0.490109
0.488502
0.505378
0.497032
0.524865
0.520423
0.497275
0.495577
0.506648
0.509651
0.470347
0.510806
0.463931
0.470309
0.417543
0.501358
0.508616
0.547625
0.500866
0.447169
0.499664
0.505042
0.519076
0.450564
0.495974
0.492882
0.45182
0.521109
0.492848
0.472974
0.534541
0.558592
0.436451
0.533591
0.488568
0.52852
0.500609
0.479092
0.500729
0.474495
0.460347
0.468635
0.426899
0.511857
0.486526
0.488332
0.503822
0.456952
0.505957
0.511237
0.513613
0.44642
0.481371
0.469519
0.495288
0.470863
0.485618
0.503216
0.527725
0.457267
0.474467
0.489933
0.5384
0.524573
0.502387
0.509863
0.472301
0.496743
0.52568
0.530502
0.545377
0.467719
0.557342
0.485443
0.466907
0.532642
0.488029
0.521613
0.535156
0.5297
0.517502
0.529327
0.500698
0.516992
0.520922
0.469554
0.501783
0.528773
0.49438
0.492739
0.486117
0.495462
0.504021
0.493582
0.443434
0.491778
0.553157
0.486138
0.553231
0.507397
0.501726
0.52361
0.512054
0.454481
0.522483
0.487221
0.494685
0.486478
0.458293
0.508525
0.503632
0.512548
0.494902
0.419549
0.551281
0.482006
0.473564
0.505126
0.479089
0.503142
0.507896
0.481801
0.52819
0.52081
0.519335
0.49769
0.505799
0.507142
0.48557
0.447653
0.541775
0.499781
0.47634
0.488166
0.469732
0.511992
0.490944
0.516276
0.547056
0.489034
0.521866
0.486986
0.498224
0.485172
0.498878
0.543473
0.485783
0.485689
0.467988
0.504505
0.463369
0.468295
0.499627
0.523422
0.515146
0.488283
0.470432
0.503071
0.516036
0.481829
0.493011
0.46106
0.457108
0.461799
0.548063
0.489711
0.530517
0.450441
0.463218
0.525085
0.488355
0.513333
0.472996
0.479452
0.449791
0.468973
0.554226
0.481584
0.500883
0.548372
0.511334
0.449252
0.511421
0.509036
0.475853
0.508283
0.493201
0.527705
0.484532
0.502575
0.464071
0.52623
0.500435
0.509428
0.502163
0.484958
0.471382
0.504577
0.504649
0.477997
0.500124
0.461289
0.485424
0.564752
0.510624
0.477921
0.546075
0.512084
0.544811
0.528284
0.51452
0.491487
0.474189
0.469219
0.45568
0.495647
0.510677
0.459734
0.518576
0.488755
0.531053
0.496097
0.514215
0.524968
0.51937
0.507243
0.478636
0.449367
0.531733
0.444885
0.505503
0.485806
0.527802
0.482696
0.502617
0.546019
0.503394
0.488933
0.506705
0.494364
0.498573
0.466891
0.480895
0.472573
0.475586
0.45755
0.469211
0.528889
0.501026
0.478792
0.472506
0.445964
0.466609
0.485572
0.500162
0.521891
0.522916
0.495404
0.47198
0.498741
0.480499
0.44355
0.514591
0.592994
0.512712
0.572278
0.526797
0.49222
0.474642
0.458567
0.468193
0.472402
0.502524
0.504638
0.515465
0.500268
0.528006
0.535678
0.510719
0.505001
0.471647
0.509137
0.456232
0.523718
0.460011
0.489975
0.499993
0.515077
0.540745
0.486228
0.49641
0.495398
0.50001
0.499276
0.496556
0.521664
0.45664
0.483175
0.492336
0.51579
0.527404
0.507446
0.518936
0.504516
0.507745
0.517676
0.469951
0.519318
0.462379
0.448329
0.47954
0.540703
0.460112
0.492116
0.496008
0.451255
0.517269
0.490322
0.521172
0.511833
0.504102
0.498449
0.529899
0.485257
0.488542
0.511559
0.474179
0.471899
0.531692
0.473694
0.486117
0.49152
0.499412
0.49573
0.484217
0.50575
0.474395
0.47607
0.47733
0.525571
0.49308
0.518519
0.500646
0.478189
0.541811
0.501744
0.488095
0.487668
0.466589
0.494672
0.555549
0.533692
0.450803
0.502214
0.509181
0.522843
0.46532
0.475686
0.483373
0.506759
0.455296
0.492304
0.492532
0.491555
0.468098
0.508124
0.481202
0.512879
0.466699
0.528801
0.526842
0.460976
0.542931
0.502555
0.529644
0.500135
0.504961
0.5097
0.543767
0.466902
0.463375
0.533124
0.494358
0.49142
0.540239
0.474089
0.47475
0.506285
0.445516
0.477734
0.498189
0.497283
0.505204
0.512645
0.498483
0.480391
0.445587
0.508871
0.483943
0.509406
0.45796
0.448768
0.488984
0.538589
0.528204
0.535036
0.517776
0.474695
0.475598
0.49033
0.494304
0.492757
0.495227
0.492816
0.503218
0.490007
0.52837
0.492054
0.505858
0.512312
0.515248
0.519572
0.45581
0.49749
0.534488
0.518519
0.518382
0.49988
0.463705
0.526756
0.478376
0.520561
0.505548
0.457784
0.510514
0.497569
0.523615
0.52385
0.506918
0.550501
0.532582
0.515644
0.495998
0.493884
0.506943
0.47293
0.517133
0.513674
0.522731
0.500506
0.475518
0.491262
0.496583
0.40386
0.571554
0.489375
0.556545
0.538896
0.529151
0.504226
0.458972
0.500107
0.517323
0.478305
0.50591
0.431579
0.52945
0.548176
0.46733
0.435178
0.494582
0.451663
0.482594
0.49032
0.485152
0.458792
0.50552
0.469687
0.555491
0.500869
0.497426
0.515259
0.475503
0.512071
0.512534
0.499049
0.503876
0.517914
0.520092
0.492911
0.52522
0.474988
0.477609
0.50179
0.525489
0.516325
0.479562
0.464799
0.46007
0.486776
0.515961
0.508491
0.508912
0.51277
0.475139
0.516703
0.533075
0.460839
0.515149
0.411351
0.547066
0.539271
0.448135
0.49854
0.451344
0.527282
0.502062
0.57438
0.549363
0.506059
0.474169
0.454867
0.513531
0.446076
0.440531
0.534213
0.484466
0.535039
0.486093
0.466006
0.45791
0.550838
0.539566
0.461551
0.48369
0.48389
0.517542
0.509801
0.501089
0.473238
0.45222
0.483224
0.495016
0.480786
0.477108
0.483995
0.497336
0.55804
0.515075
0.484886
0.517738
0.479743
0.523139
0.52923
0.468534
0.478757
0.488352
0.514326
0.477728
0.516591
0.439166
0.482677
0.524768
0.503933
0.466653
0.485412
0.473331
0.535568
0.479952
0.442291
0.465525
0.474057
0.530322
0.492653
0.481884
0.496547
0.538167
0.511684
0.511528
0.519095
0.467427
0.546391
0.476861
0.482876
0.551685
0.495634
0.477191
0.536648
0.516382
0.488619
0.465636
0.509855
0.481514
0.546207
0.463701
0.530738
0.489176
0.529418
0.547885
0.473831
0.45034
0.519513
0.522723
0.461216
0.515237
0.544021
0.454597
0.491918
0.481708
0.563085
0.540733
0.513798
0.485923
0.50051
0.487722
0.522346
0.469816
0.48388
0.493971
0.490722
0.459631
0.488124
0.560435
0.455434
0.519943
0.476905
0.414024
0.532032
0.527535
0.506204
0.558038
0.445179
0.519499
0.524476
0.484033
0.457489
0.499948
0.513758
0.509468
0.49149
0.539698
0.496091
0.495522
0.499106
0.523311
0.489648
0.539449
0.473022
0.537859
0.508932
0.485854
0.534304
0.517802
0.493412
0.481255
0.440657
0.490332
0.508998
0.446315
0.539697
0.515578
0.506697
0.490109
0.501597
0.516043
0.522854
0.440815
0.485503
0.529633
0.495329
0.437194
0.514083
0.470676
0.510009
0.555226
0.500578
0.513288
0.472003
0.524305
0.492749
0.471467
0.545922
0.457331
0.498073
0.460299
0.469597
0.50911
0.494585
0.512631
0.495626
0.487409
0.47172
0.465603
0.505114
0.511052
0.485542
0.551411
0.477985
0.50944
0.49274
0.51667
0.484245
0.517856
0.467746
0.524755
0.460566
0.452937
0.497378
0.475498
0.466562
0.522685
0.477351
0.486613
0.535148
0.505401
0.505063
0.531222
0.481334
0.4819
0.493006
0.535863
0.503849
0.525402
0.51719
0.443351
0.483963
0.523456
0.574955
0.494862
0.475875
0.516286
0.476532
0.515631
0.513055
0.515922
0.444756
0.498618
0.474901
0.480505
0.527271
0.540534
0.498105
0.498123
0.455631
0.504593
0.477074
0.534574
0.515659
0.444367
0.507818
0.499409
0.483435
0.503124
0.45964
0.55465
0.511302
0.513012
0.469044
0.500547
0.528252
0.528478
0.450197
0.462743
0.51907
0.528288
0.496349
0.475243
0.506619
0.490522
0.536573
0.51354
0.481628
0.524934
0.4922
0.502284
0.514372
0.507025
0.53733
0.511868
0.522601
0.48823
0.467784
0.458304
0.470117
0.486582
0.532889
0.470769
0.490351
0.502225
0.494447
0.501182
0.449329
0.562164
0.457288
0.55021
0.522393
0.498607
0.51576
0.474055
0.499068
0.535296
0.510554
0.496414
0.520423
0.516184
0.48021
0.49997
0.523332
0.510849
0.52171
0.471813
0.455982
0.511001
0.504512
0.497141
0.549026
0.502474
0.532402
0.525632
0.506739
0.527074
0.517554
0.524855
0.52256
0.498646
0.491151
0.535096
0.503397
0.537755
0.524962
0.48998
0.487065
0.469339
0.478233
0.517255
0.567232
0.487718
0.534285
0.454115
0.50025
0.563329
0.541177
0.501447
0.44825
0.54557
0.500818
0.501357
0.492864
0.526115
0.470901
0.512376
0.513968
0.477091
0.504037
0.536694
0.507798
0.508473
0.508457
0.503819
0.458831
0.489094
0.484666
0.445022
0.519804
0.575626
0.502414
0.512953
0.474237
0.443916
0.532369
0.470792
0.475844
0.567049
0.456859
0.495319
0.519203
0.514522
0.524063
0.478276
0.496061
0.446888
0.560024
0.550395
0.481647
0.490255
0.552859
0.532463
0.515374
0.455016
0.543541
0.487807
0.500296
0.523185
0.49763
0.490573
0.475702
0.488702
0.46232
0.484159
0.487221
0.475105
0.523196
0.514205
0.468808
0.464916
0.455049
0.480487
0.500997
0.515143
0.551147
0.492106
0.469775
0.45325
0.465325
0.570343
0.450486
0.507992
0.521275
0.503559
0.491098
0.439468
0.513406
0.4885
0.509247
0.492783
0.483648
0.522407
0.487408
0.499685
0.528587
0.460281
0.520571
0.492562
0.471291
0.471695
0.490817
0.505161
0.512207
0.561519
0.463137
0.514411
0.553511
0.528938
0.556895
0.497729
0.511274
0.509135
0.477299
0.480177
0.549831
0.522014
0.491258
0.525846
0.472718
0.482344
0.501995
0.507843
0.484557
0.525685
0.476798
0.531264
0.468268
0.514489
0.51228
0.493509
0.50197
0.458737
0.501524
0.476334
0.51996
0.495493
0.477486
0.474005
0.432139
0.481751
0.497036
0.521927
0.476258
0.514944
0.500005
0.510131
0.487363
0.525497
0.457622
0.455986
0.468811
0.465798
0.504702
0.490518
0.529236
0.509951
0.539979
0.532702
0.519832
0.458711
0.538942
0.516115
0.486339
0.53394
0.493559
0.51231
0.530098
0.476996
0.583257
0.4753
0.492552
0.525407
0.501542
0.481516
0.497577
0.522204
0.512625
0.499621
0.525998
0.50231
0.512434
0.55455
0.576686
0.500328
0.558382
0.500155
0.538604
0.504136
0.502282
0.514833
0.478165
0.508636
0.500755
0.544497
0.486297
0.494049
0.527531
0.547285
0.519579
0.493126
0.562018
0.464369
0.469817
0.491652
0.538487
0.481244
0.556451
0.506609
0.540284
0.443864
0.456155
0.506388
0.523417
0.474019
0.474009
0.497412
0.483908
0.478302
0.54062
0.481553
0.493272
0.555064
0.519567
0.558712
0.45652
0.483719
0.479534
0.498943
0.48703
0.500777
0.465528
0.51849
0.472691
0.516982
0.473538
0.504119
0.527672
0.509926
0.523013
0.490112
0.474211
0.476522
0.531543
0.512305
0.518776
0.429698
0.48611
0.463538
0.517
0.513701
0.475286
0.544902
0.431738
0.482374
0.486755
0.467148
0.548643
0.504794
0.484528
0.466636
0.493622
0.522628
0.440235
0.550204
0.50655
0.473605
0.562863
0.493324
0.485627
0.485455
0.501314
0.525926
0.516736
0.444706
0.474164
0.490265
0.48219
0.514715
0.520988
0.465201
0.513236
0.477293
0.519644
0.521266
0.5307
0.492314
0.503863
0.490911
0.478133
0.509679
0.455551
0.518278
0.481851
0.488001
0.526154
0.542895
0.502224
0.544404
0.531478
0.501668
0.520611
0.489791
0.464319
0.463524
0.566297
0.503972
0.499308
0.511112
0.477818
0.505018
0.524308
0.483908
0.533046
0.457216
0.512777
0.507115
0.482405
0.512009
0.52144
0.45073
0.519602
0.476281
0.467665
0.553151
0.464241
0.502381
0.560909
0.5637
0.480694
0.494239
0.512612
0.498437
0.54761
0.48397
0.498912
0.503638
0.502431
0.453326
0.500558
0.48132
0.555299
0.524379
0.524398
0.491175
0.486714
0.503806
0.500808
0.4733
0.47333
0.495152
0.48145
0.466091
0.466266
0.503453
0.471723
0.513674
0.486295
0.496575
0.472287
0.507265
0.520297
0.537669
0.494035
0.534802
0.52334
0.563099
0.480889
0.48326
0.460782
0.53022
0.504788
0.488
0.49475
0.489392
0.477255
0.523529
0.549376
0.474594
0.481904
0.490062
0.519179
0.517014
0.502276
0.460241
0.534944
0.485995
0.54937
0.510401
0.471494
0.481713
0.513242
0.530745
0.44172
0.473951
0.493058
0.508819
0.521245
0.501356
0.529966
0.470644
0.508095
0.495551
0.507163
0.523898
0.521764
0.454473
0.47154
0.457505
0.516024
0.509311
0.501269
0.532022
0.539886
0.509433
0.473714
0.545189
0.531058
0.569656
0.47804
0.507018
0.466295
0.494249
0.516893
0.468806
0.553007
0.512038
0.511531
0.510427
0.486497
0.496994
0.484772
0.5303
0.487221
0.508668
0.506138
0.542394
0.452415
0.486859
0.493583
0.534648
0.506502
0.524883
0.476152
0.503188
0.494612
0.475823
0.521977
0.496699
0.523635
0.49613
0.535959
0.53535
0.495138
0.520955
0.511528
0.538624
0.474552
0.50558
0.510849
0.546452
0.490998
0.447336
0.507853
0.428
0.522111
0.502364
0.53846
0.532502
0.528256
0.501612
0.522375
0.476515
0.470506
0.500436
0.550841
0.551953
0.536749
0.516169
0.474696
0.4793
0.490306
0.508061
0.497145
0.500352
0.505438
0.483929
0.505597
0.524884
0.514107
0.497926
0.516944
0.505605
0.488378
0.553778
0.480672
0.485776
0.512823
0.457879
0.504166
0.503874
0.521317
0.506615
0.514579
0.50967
0.52259
0.492289
0.451664
0.506094
0.528914
0.492027
0.505914
0.451277
0.472303
0.504036
0.516406
0.525117
0.46259
0.48559
0.462719
0.52478
0.541774
0.43712
0.525291
0.493478
0.498994
0.486788
0.448608
0.476918
0.490517
0.509902
0.471585
0.521793
0.479106
0.507572
0.479519
0.520687
0.497157
0.508963
0.501992
0.487774
0.487956
0.511528
0.471093
0.499676
0.549463
0.503594
0.464342
0.515873
0.524967
0.513678
0.486678
0.463019
0.565008
0.500906
0.475906
0.467553
0.514933
0.520907
0.505954
0.540978
0.542456
0.491569
0.522337
0.422179
0.499612
0.473011
0.484187
0.511153
0.463465
0.496173
0.477236
0.518538
0.499949
0.464372
0.492111
0.505303
0.535226
0.512218
0.502341
0.46698
0.558921
0.496258
0.486424
0.516813
0.463621
0.491722
0.588345
0.552192
0.50501
0.489748
0.51092
0.508767
0.527008
0.469462
0.466332
0.486585
0.5363
0.479282
0.478243
0.45266
0.510626
0.531833
0.519848
0.474318
0.495199
0.496834
0.532261
0.537723
0.491637
0.46634
0.497586
0.465936
0.503782
0.506715
0.481072
0.470887
0.534776
0.471706
0.476706
0.513645
0.469769
0.500996
0.490633
0.527354
0.478643
0.468611
0.526773
0.517202
0.483115
0.505556
0.509008
0.471813
0.532607
0.541053
0.534322
0.500431
0.513238
0.48676
0.511251
0.570263
0.474342
0.498339
0.448049
0.528372
0.49686
0.458758
0.574906
0.472475
0.467989
0.517692
0.524629
0.505046
0.506482
0.531407
0.526136
0.51507
0.482935
0.547493
0.445152
0.481851
0.51948
0.468827
0.466475
0.485226
0.483224
0.511141
0.522191
0.476577
0.537828
0.538568
0.560208
0.455007
0.497594
0.50154
0.527493
0.493053
0.48844
0.511415
0.472373
0.456322
0.500132
0.536212
0.520292
0.501413
0.454149
0.491813
0.507386
0.496506
0.471562
0.473034
0.496252
0.538992
0.505296
0.488912
0.498298
0.514522
0.541151
0.476602
0.467031
0.481843
0.461958
0.538249
0.446673
0.517799
0.539246
0.525216
0.460472
0.49688
0.48679
0.494041
0.563087
0.44968
0.520429
0.528493
0.521417
0.484649
0.5085
0.532114
0.488258
0.46751
0.537306
0.505605
0.473149
0.502718
0.515944
0.53345
0.444801
0.501336
0.504914
0.534139
0.469459
0.479699
0.522848
0.498367
0.489603
0.513245
0.465755
0.519589
0.457332
0.48989
0.463154
0.48131
0.506828
0.567313
0.495456
0.525463
0.540265
0.488542
0.466993
0.466284
0.471542
0.450192
0.51905
0.444025
0.572209
0.527756
0.497282
0.482902
0.49397
0.47231
0.507892
0.517652
0.552131
0.533
0.526944
0.543055
0.494371
0.509709
0.477185
0.520826
0.499208
0.490251
0.496754
0.538218
0.498542
0.506494
0.484145
0.472745
0.478639
0.463765
0.573814
0.477371
0.533945
0.527921
0.526784
0.53056
0.498088
0.49447
0.520647
0.45555
0.526461
0.474097
0.523317
0.483236
0.524747
0.478987
0.514921
0.543023
0.527767
0.504315
0.512199
0.496041
0.473029
0.54927
0.489791
0.485086
0.463342
0.522006
0.502781
0.495659
0.482883
0.502875
0.514877
0.502493
0.521089
0.530327
0.496599
0.505924
0.538733
0.503857
0.467855
0.522501
0.450592
0.51836
0.499277
0.544187
0.429044
0.504285
0.426684
0.480549
0.532997
0.467946
0.473066
0.518298
0.466513
0.526386
0.472446
0.492555
0.441505
0.491142
0.490002
0.484223
0.468882
0.475315
0.532826
0.50784
0.472512
0.468299
0.52569
0.494279
0.480385
0.442549
0.4862
0.492682
0.467352
0.506772
0.52371
0.495996
0.483804
0.519902
0.496365
0.514486
0.50468
0.500248
0.460659
0.491605
0.493168
0.484173
0.517878
0.486588
0.503476
0.498703
0.4518
0.508152
0.517062
0.492412
0.492032
0.503676
0.516669
0.528984
0.537356
0.508231
0.482572
0.467813
0.463455
0.467843
0.465391
0.526014
0.479411
0.491351
0.429848
0.506234
0.557325
0.555258
0.453856
0.504622
0.519452
0.47592
0.537295
0.523342
0.547222
0.493472
0.514866
0.542002
0.496519
0.481859
0.507389
0.482377
0.503597
0.489336
0.51593
0.490792
0.495999
0.533837
0.533116
0.522551
0.462871
0.457556
0.486027
0.492779
0.509027
0.535139
0.545038
0.54806
0.477154
0.519862
0.462978
0.453233
0.512524
0.542146
0.508986
0.487736
0.504594
0.454816
0.541449
0.505862
0.479859
0.539452
0.514371
0.455308
0.490348
0.488229
0.501582
0.52839
0.512125
0.4756
0.463128
0.470298
0.518177
0.464215
0.468246
0.478769
0.520057
0.479443
0.459278
0.519544
0.512669
0.526866
0.530914
0.522003
0.48656
0.487135
0.529123
0.489334
0.552089
0.492549
0.534169
0.487612
0.519871
0.45974
0.542058
0.508184
0.481843
0.482833
0.538827
0.517706
0.477344
0.491468
0.482012
0.510228
0.528581
0.528039
0.513697
0.515694
0.479856
0.478544
0.499512
0.529233
0.494918
0.541412
0.467951
0.485616
0.506843
0.528686
0.49438
0.48325
0.504778
0.503926
0.514133
0.472096
0.421961
0.491226
0.489039
0.519874
0.539368
0.489702
0.511784
0.500928
0.459368
0.49784
0.51246
0.532145
0.473771
0.492065
0.461696
0.490277
0.530631
0.483918
0.474726
0.495063
0.484176
0.470213
0.510789
0.512513
0.502265
0.460544
0.472221
0.482731
0.475714
0.52652
0.537616
0.446664
0.503889
0.527111
0.533445
0.556126
0.510937
0.50446
0.458487
0.501504
0.507013
0.494561
0.495459
0.501491
0.458912
0.507156
0.474226
0.459249
0.504443
0.479242
0.550946
0.539351
0.494945
0.556555
0.507547
0.559896
0.500317
0.507402
0.4959
0.514163
0.520924
0.493231
0.451058
0.476178
0.500768
0.470295
0.457948
0.484578
0.526293
0.496803
0.495886
0.449139
0.5252
0.41992
0.505285
0.49434
0.499647
0.516994
0.550935
0.494349
0.448207
0.575388
0.486239
0.5138
0.530959
0.505295
0.472758
0.478729
0.502098
0.479901
0.559466
0.542061
0.474418
0.517276
0.496066
0.478007
0.530062
0.528373
0.504762
0.499749
0.471907
0.485501
0.484849
0.454802
0.509952
0.455659
0.454503
0.492404
0.507099
0.483085
0.464137
0.48733
0.49869
0.505425
0.415714
0.494498
0.530177
0.457865
0.512372
0.488732
0.487306
0.489629
0.452755
0.52408
0.533181
0.457199
0.464411
0.497032
0.506593
0.488638
0.520639
0.548045
0.47598
0.503395
0.485158
0.545719
0.443396
0.501962
0.518973
0.468027
0.492869
0.549758
0.493813
0.504951
0.487515
0.449619
0.50652
0.496917
0.52979
0.567265
0.448753
0.443388
0.499246
0.49412
0.476395
0.426006
0.462179
0.511863
0.493032
0.500645
0.497534
0.523081
0.521875
0.502755
0.503439
0.502399
0.530511
0.480377
0.478762
0.492465
0.472842
0.50919
0.514035
0.499164
0.492609
0.483983
0.516156
0.490436
0.492848
0.530915
0.551214
0.533071
0.565684
0.504937
0.519824
0.511856
0.496807
0.526762
0.499356
0.525456
0.539033
0.513744
0.557411
0.53339
0.489306
0.489055
0.490943
0.478498
0.543522
0.443521
0.505384
0.499246
0.513552
0.534506
0.498155
0.496274
0.490837
0.486205
0.470942
0.487537
0.46093
0.435734
0.525096
0.516431
0.543362
0.539381
0.524552
0.507268
0.461201
0.463404
0.490633
0.522485
0.474685
0.463739
0.503104
0.50595
0.50331
0.519003
0.471875
0.506751
0.510723
0.471158
0.463699
0.487835
0.526833
0.458226
0.498267
0.533884
0.541475
0.503407
0.498055
0.49278
0.484038
0.545
0.47631
0.555062
0.443401
0.481481
0.457544
0.535732
0.562577
0.546125
0.544911
0.512783
0.502424
0.525551
0.528849
0.526843
0.498803
0.466544
0.481351
0.516287
0.47756
0.495554
0.530249
0.482207
0.491707
0.475233
0.497884
0.49761
0.495168
0.482389
0.47853
0.495221
0.467485
0.481726
0.47896
0.538257
0.50383
0.479756
0.506517
0.468571
0.45473
0.543252
0.479069
0.476502
0.479853
0.516608
0.521231
0.446848
0.530246
0.432507
0.501212
0.45531
0.513396
0.500233
0.462678
0.479785
0.505487
0.506047
0.476001
0.550893
0.455227
0.50996
0.493257
0.496113
0.533626
0.493307
0.541378
0.54188
0.494095
0.481489
0.467792
0.528057
0.507242
0.516244
0.472964
0.549118
0.504739
0.52185
0.494191
0.466443
0.456638
0.519605
0.555029
0.486095
0.496509
0.514982
0.504734
0.466437
0.538778
0.591821
0.502088
0.479995
0.482627
0.497938
0.547979
0.493907
0.486857
0.546526
0.541124
0.493367
0.490058
0.497718
0.471295
0.552409
0.490488
0.4947
0.514434
0.456428
0.510017
0.448725
0.504025
0.460802
0.54652
0.537438
0.513103
0.469988
0.479094
0.520845
0.541269
0.531483
0.480474
0.489343
0.531097
0.478998
0.481012
0.488153
0.44829
0.47925
0.468614
0.422547
0.479986
0.436725
0.428996
0.478245
0.505553
0.480792
0.520634
0.501348
0.484292
0.459554
0.478788
0.492193
0.48438
0.494795
0.512974
0.497488
0.467461
0.54241
0.502262
0.455127
0.503237
0.492685
0.482762
0.496038
0.538455
0.494809
0.451688
0.507443
0.524642
0.509988
0.522375
0.541921
0.488982
0.467536
0.514604
0.486627
0.452699
0.538319
0.464636
0.557056
0.491332
0.539936
0.559317
0.48972
0.491258
0.497991
0.518624
0.508123
0.516859
0.457851
0.501039
0.516394
0.512698
0.531256
0.466118
0.514962
0.475072
0.472158
0.498632
0.492656
0.497337
0.496163
0.548658
0.509584
0.473357
0.497952
0.531989
0.515186
0.503468
0.491051
0.525242
0.495823
0.527325
0.514341
0.500038
0.446287
0.528013
0.499657
0.480634
0.489597
0.491783
0.454876
0.529368
0.519468
0.467812
0.496854
0.464311
0.529809
0.502332
0.548594
0.503483
0.52565
0.491532
0.465014
0.500024
0.439856
0.447586
0.521698
0.51268
0.55
0.542198
0.530996
0.49599
0.459784
0.502022
0.459855
0.554549
0.49938
0.450353
0.543756
0.465709
0.489047
0.479447
0.521121
0.475108
0.480434
0.577847
0.472586
0.4594
0.469905
0.507101
0.499491
0.470548
0.498294
0.512237
0.525978
0.506072
0.541443
0.500373
0.489072
0.449616
0.475908
0.491832
0.471107
0.476211
0.52421
0.508151
0.488887
0.456615
0.453997
0.521342
0.513947
0.535094
0.495495
0.488792
0.498295
0.495034
0.501637
0.48817
0.470006
0.486735
0.465215
0.51672
0.493044
0.5218
0.487465
0.509316
0.535689
0.478445
0.502432
0.509647
0.481944
0.492156
0.511509
0.498915
0.510288
0.526024
0.502505
0.496419
0.554168
0.475165
0.547645
0.486394
0.498589
0.479578
0.504849
0.505489
0.497178
0.539835
0.536679
0.475254
0.534113
0.529958
0.491333
0.464012
0.46527
0.481876
0.520049
0.482486
0.492979
0.495825
0.5153
0.507569
0.528755
0.481074
0.424161
0.508598
0.548387
0.461342
0.451209
0.480512
0.523753
0.499296
0.485343
0.498278
0.495736
0.504488
0.514899
0.496937
0.482623
0.509119
0.475424
0.511676
0.468356
0.516
0.534493
0.522276
0.47501
0.543081
0.517945
0.466318
0.493875
0.508936
0.491906
0.485528
0.479519
0.433559
0.484984
0.499632
0.531201
0.478867
0.504995
0.442095
0.546017
0.483272
0.514616
0.482116
0.498141
0.494694
0.500324
0.487263
0.568556
0.47641
0.488996
0.531116
0.429631
0.530085
0.536561
0.470292
0.478926
0.470387
0.453058
0.465236
0.496604
0.475542
0.508493
0.49914
0.480823
0.468217
0.513854
0.509375
0.515475
0.471093
0.531673
0.485811
0.484658
0.481519
0.550503
0.500386
0.478253
0.519606
0.467684
0.562325
0.512975
0.484144
0.464777
0.513355
0.413279
0.500726
0.490038
0.497315
0.516501
0.456428
0.532307
0.468518
0.486589
0.45545
0.50069
0.51325
0.510826
0.49007
0.494409
0.548787
0.473899
0.531305
0.517186
0.48428
0.523698
0.543634
0.510548
0.507916
0.493219
0.518174
0.500425
0.484706
0.472948
0.508679
0.53141
0.499282
0.508091
0.52473
0.54306
0.468082
0.545043
0.506509
0.492616
0.465295
0.50145
0.485505
0.448512
0.496933
0.514259
0.505556
0.509049
0.48743
0.510112
0.488578
0.550613
0.553102
0.472478
0.519376
0.469809
0.486889
0.509883
0.533892
0.463879
0.49872
0.509619
0.475283
0.493798
0.515886
0.501304
0.482193
0.524399
0.497807
0.504681
0.503598
0.465923
0.479551
0.456006
0.484597
0.521355
0.448492
0.427424
0.457528
0.473928
0.518471
0.433699
0.52278
0.479168
0.485855
0.540664
0.503672
0.525851
0.511843
0.489787
0.489792
0.480261
0.475408
0.513201
0.463144
0.468102
0.511261
0.453602
0.471501
0.508459
0.467182
0.563366
0.463328
0.494173
0.545127
0.48727
0.468653
0.503004
0.470456
0.513198
0.460257
0.523966
0.513682
0.535193
0.519567
0.513197
0.529098
0.503244
0.491616
0.503751
0.554666
0.504168
0.51345
0.543672
0.467541
0.497981
0.490365
0.476745
0.489604
0.464117
0.494333
0.500282
0.477379
0.51187
0.469002
0.514322
0.500712
0.509455
0.445644
0.456626
0.534585
0.476028
0.474429
0.467838
0.488435
0.501075
0.44539
0.531185
0.527364
0.455526
0.453464
0.521093
0.489603
0.488962
0.481979
0.465096
0.504617
0.477319
0.498965
0.493409
0.496216
0.525426
0.490659
0.420542
0.495046
0.508791
0.486584
0.503335
0.474853
0.49897
0.480579
0.499773
0.556868
0.506934
0.492144
0.492981
0.536709
0.508773
0.462487
0.544748
0.458167
0.458142
0.449642
0.532974
0.488251
0.519803
0.517037
0.477404
0.517864
0.498644
0.469879
0.488034
0.5125
0.488558
0.503738
0.49055
0.507312
0.555546
0.529709
0.453188
0.510949
0.529423
0.490512
0.509384
0.532521
0.488508
0.521922
0.460593
0.476085
0.52166
0.513889
0.50364
0.497001
0.472048
0.475741
0.486998
0.45456
0.487021
0.479821
0.450351
0.515238
0.478462
0.527957
0.441823
0.470966
0.517985
0.545122
0.51725
0.536785
0.521374
0.524675
0.545865
0.492251
0.486616
0.489535
0.46678
0.540989
0.539915
0.513695
0.520628
0.492747
0.494059
0.518419
0.530746
0.502336
0.463519
0.507518
0.46828
0.499835
0.500644
0.496069
0.555576
0.476422
0.557346
0.476966
0.522237
0.530224
0.476627
0.519654
0.498221
0.526548
0.46834
0.535445
0.528362
0.496866
0.503552
0.493781
0.512669
0.550945
0.521893
0.533815
0.506803
0.506483
0.50624
0.435689
0.537089
0.480621
0.509153
0.465894
0.514446
0.507733
0.515396
0.491061
0.541604
0.507829
0.514946
0.44459
0.497995
0.499989
0.520853
0.500467
0.506678
0.455165
0.486326
0.508652
0.507682
0.512753
0.505429
0.526426
0.512141
0.475292
0.471749
0.490046
0.491593
0.505684
0.469418
0.501103
0.496826
0.491285
0.530872
0.451959
0.490628
0.509265
0.5057
0.514617
0.518843
0.467601
0.484982
0.507428
0.47408
0.546079
0.465478
0.493984
0.48647
0.521679
0.508041
0.518592
0.495841
0.522725
0.454643
0.502686
0.499673
0.51616
0.518365
0.536571
0.521235
0.522347
0.440758
0.550856
0.442247
0.471733
0.480919
0.531967
0.484472
0.537796
0.490674
0.496098
0.544588
0.490608
0.510246
0.535993
0.506731
0.505416
0.478764
0.484922
0.507081
0.530611
0.514014
0.522227
0.434862
0.479448
0.475786
0.494817
0.504128
0.449909
0.487195
0.478988
0.510723
0.557068
0.548371
0.466934
0.47878
0.522351
0.496859
0.492339
0.511132
0.474045
0.499136
0.509407
0.508016
0.533448
0.477602
0.549718
0.528448
0.511026
0.477421
0.501288
0.438629
0.49696
0.487597
0.494187
0.511779
0.480443
0.490649
0.487118
0.493749
0.542125
0.525265
0.539311
0.468812
0.454051
0.486315
0.522114
0.519985
0.471503
0.44658
0.514662
0.53827
0.511083
0.4546
0.487987
0.495192
0.499447
0.542988
0.491949
0.502991
0.487037
0.501606
0.509377
0.446868
0.521202
0.549962
0.511765
0.543636
0.503083
0.493219
0.540926
0.461169
0.492625
0.536173
0.530969
0.473018
0.506101
0.519595
0.484964
0.512557
0.490529
0.473292
0.520689
0.501061
0.559335
0.480276
0.479822
0.564063
0.493662
0.436414
0.48495
0.52038
0.493681
0.479924
0.508779
0.498185
0.504296
0.535107
0.499923
0.502485
0.479595
0.544682
0.479623
0.428403
0.490453
0.47509
0.523809
0.524614
0.549627
0.499166
0.474842
0.501328
0.498751
0.500527
0.497338
0.507188
0.48158
0.544074
0.482439
0.519463
0.487876
0.51696
0.534898
0.481895
0.532295
0.464425
0.517374
0.514603
0.522675
0.52485
0.476287
0.470391
0.44206
0.498419
0.49363
0.511851
0.458883
0.503757
0.529093
0.493635
0.499642
0.486926
0.476899
0.514262
0.508468
0.50714
0.511695
0.501844
0.517951
0.493598
0.477903
0.528109
0.525601
0.437781
0.47689
0.475074
0.530318
0.465609
0.496332
0.548781
0.493252
0.48383
0.516151
0.454426
0.507411
0.505009
0.525407
0.517299
0.430417
0.51549
0.494499
0.493875
0.504762
0.500723
0.517076
0.517459
0.489957
0.502308
0.446009
0.462732
0.460933
0.481153
0.467823
0.533603
0.497078
0.441102
0.509937
0.538717
0.506293
0.507421
0.515114
0.51901
0.45842
0.534512
0.497473
0.491672
0.462436
0.47723
0.504459
0.464915
0.501784
0.570177
0.489121
0.507889
0.492207
0.499352
0.497104
0.470154
0.476475
0.520529
0.482698
0.455064
0.490365
0.498737
0.488346
0.481433
0.504277
0.523222
0.541965
0.507882
0.484867
0.502255
0.476472
0.464217
0.491049
0.482181
0.535878
0.544223
0.498776
0.485056
0.512329
0.424254
0.518943
0.529276
0.458469
0.511988
0.462799
0.507555
0.509507
0.479717
0.539255
0.466625
0.489345
0.516562
0.48844
0.503049
0.465162
0.52397
0.435896
0.459511
0.554817
0.468888
0.501788
0.515952
0.521451
0.458965
0.479487
0.489943
0.499657
0.48418
0.497926
0.530657
0.497602
0.509257
0.532081
0.52082
0.499469
0.501248
0.505966
0.491021
0.512599
0.496652
0.512512
0.540739
0.503698
0.522458
0.464705
0.460484
0.518502
0.495472
0.522362
0.579414
0.499254
0.504313
0.518911
0.5228
0.524385
0.51845
0.462563
0.553729
0.494766
0.498655
0.526234
0.513401
0.560904
0.513247
0.510615
0.494413
0.495464
0.5445
0.514738
0.481387
0.535484
0.499598
0.508435
0.483337
0.548672
0.480495
0.521059
0.522133
0.528137
0.49708
0.450828
0.531443
0.529949
0.477994
0.529193
0.480533
0.4679
0.523503
0.504581
0.49729
0.499829
0.41477
0.519901
0.544855
0.499903
0.553932
0.538188
0.52623
0.56121
0.529339
0.500748
0.501236
0.49306
0.520329
0.522197
0.480208
0.527349
0.475924
0.496756
0.488786
0.49838
0.491819
0.510179
0.448188
0.490494
0.450031
0.551694
0.515334
0.447911
0.505591
0.440326
0.507201
0.521135
0.514656
0.519983
0.493782
0.484307
0.458407
0.477673
0.51402
0.547884
0.487116
0.529234
0.479099
0.491012
0.488752
0.526945
0.487461
0.477975
0.486506
0.513403
0.555929
0.503084
0.489602
0.546027
0.501307
0.448396
0.51178
0.506578
0.476832
0.508627
0.501815
0.530061
0.527858
0.567637
0.480455
0.537388
0.431141
0.480863
0.47815
0.526172
0.542104
0.458073
0.537944
0.524036
0.504455
0.47082
0.487913
0.468806
0.48653
0.458963
0.497513
0.51996
0.508747
0.510644
0.502224
0.455712
0.556533
0.510078
0.500859
0.460113
0.543105
0.507546
0.48991
0.464528
0.48648
0.505958
0.499318
0.467878
0.46509
0.528364
0.504024
0.470014
0.516376
0.500786
0.505696
0.4626
0.562729
0.514751
0.528989
0.461887
0.459169
0.513892
0.516725
0.51774
0.51712
0.518996
0.478365
0.543303
0.50867
0.49588
0.536144
0.49967
0.535676
0.490459
0.523247
0.489947
0.468108
0.495385
0.488405
0.52707
0.535985
0.452639
0.471277
0.539757
0.5093
0.466444
0.533002
0.450971
0.520294
0.480867
0.536292
0.443271
0.472455
0.496506
0.469433
0.515413
0.500627
0.510616
0.448591
0.484598
0.546594
0.505057
0.582773
0.488723
0.484518
0.456444
0.485831
0.493015
0.500605
0.502869
0.459887
0.535431
0.511376
0.531562
0.464542
0.475188
0.544914
0.501885
0.486256
0.478803
0.45947
0.458019
0.45227
0.478021
0.473788
0.485718
0.503437
0.473997
0.523543
0.527522
0.490352
0.462123
0.488254
0.480779
0.537142
0.49185
0.533048
0.482875
0.507303
0.51591
0.479657
0.47803
0.515944
0.483286
0.491013
0.460044
0.462835
0.490323
0.483829
0.495364
0.500608
0.52435
0.523524
0.490848
0.522506
0.514178
0.515889
0.510604
0.494049
0.511869
0.439841
0.496272
0.512983
0.510132
0.555671
0.505134
0.511908
0.489733
0.483134
0.540414
0.537936
0.531287
0.433772
0.508154
0.483767
0.495809
0.481843
0.575041
0.494561
0.498406
0.508225
0.49155
0.53497
0.529469
0.471672
0.434787
0.490718
0.457762
0.501803
0.525406
0.489086
0.539755
0.488192
0.542967
0.492703
0.559609
0.479939
0.524126
0.480987
0.464158
0.460087
0.538014
0.483641
0.557281
0.509279
0.49319
0.510555
0.478032
0.50301
0.470547
0.492505
0.466908
0.526858
0.49653
0.497013
0.514624
0.524074
0.531062
0.463756
0.497771
0.489895
0.514534
0.52388
0.485738
0.536963
0.518247
0.527616
0.443265
0.536222
0.442674
0.464555
0.483012
0.527669
0.45792
0.480962
0.512503
0.485332
0.440757
0.478518
0.529836
0.500854
0.532599
0.508838
0.522531
0.540054
0.452807
0.488167
0.463879
0.516841
0.501687
0.486607
0.521182
0.528855
0.497563
0.55627
0.510251
0.509219
0.512293
0.532713
0.490541
0.468759
0.469612
0.474046
0.555288
0.503087
0.490668
0.472078
0.521045
0.468904
0.551137
0.509875
0.53096
0.463915
0.524273
0.480119
0.546204
0.474713
0.514298
0.468623
0.519903
0.537028
0.484468
0.567394
0.48795
0.562692
0.524234
0.481605
0.471085
0.537721
0.479829
0.564866
0.492604
0.50586
0.502692
0.527158
0.486082
0.471997
0.510085
0.539802
0.467476
0.509793
0.522279
0.491855
0.525992
0.517927
0.510689
0.472288
0.498086
0.459305
0.541338
0.512332
0.518969
0.497638
0.548004
0.532372
0.48601
0.495741
0.449454
0.517743
0.468381
0.519929
0.455118
0.507835
0.487353
0.514907
0.513582
0.522845
0.501592
0.4835
0.488289
0.472584
0.481845
0.505618
0.504798
0.491698
0.489378
0.460823
0.504005
0.525671
0.522561
0.528873
0.455677
0.532004
0.485953
0.532625
0.48668
0.520932
0.476272
0.517655
0.538296
0.470055
0.519634
0.512999
0.506964
0.487263
0.484412
0.487354
0.522865
0.546321
0.414122
0.495146
0.480687
0.479507
0.514677
0.44682
0.526976
0.501651
0.500414
0.497734
0.468422
0.509978
0.523246
0.480035
0.525481
0.504107
0.509333
0.561884
0.485679
0.5306
0.497629
0.448413
0.550999
0.506418
0.474693
0.488786
0.523715
0.535677
0.440137
0.493729
0.45504
0.514063
0.497077
0.497933
0.500981
0.485289
0.491979
0.491663
0.479759
0.493974
0.508251
0.495987
0.505181
0.549306
0.517984
0.525976
0.540333
0.503873
0.516194
0.516262
0.495968
0.522037
0.501949
0.503315
0.507968
0.562221
0.500762
0.528839
0.528256
0.527492
0.572609
0.508631
0.433522
0.488803
0.529968
0.501304
0.56616
0.475283
0.510233
0.471232
0.55176
0.475935
0.536893
0.530106
0.507564
0.497135
0.503847
0.531459
0.476232
0.47029
0.507221
0.502551
0.489311
0.494037
0.519081
0.547983
0.524775
0.495362
0.457396
0.489408
0.513015
0.494005
0.50664
0.495731
0.535644
0.484538
0.513407
0.50815
0.501506
0.510476
0.481401
0.444437
0.494259
0.484811
0.490199
0.426815
0.535895
0.55133
0.492135
0.537815
0.530591
0.511108
0.531704
0.478492
0.493258
0.518532
0.46185
0.45336
0.477156
0.451248
0.531504
0.516438
0.464961
0.498398
0.52877
0.502772
0.547651
0.491519
0.544111
0.519811
0.495594
0.532491
0.527926
0.453007
0.476201
0.54289
0.486879
0.50003
0.492537
0.489141
0.513377
0.507949
0.507241
0.477835
0.512538
0.497772
0.486154
0.535585
0.501062
0.400714
0.506015
0.507797
0.492351
0.510572
0.490604
0.490738
0.482267
0.506572
0.529708
0.521262
0.499901
0.481071
0.505285
0.498586
0.517724
0.496495
0.479197
0.51247
0.495499
0.515871
0.496897
0.492202
0.492331
0.541339
0.491428
0.450741
0.451218
0.495025
0.452133
0.468397
0.5105
0.436634
0.492421
0.500438
0.476552
0.52215
0.470995
0.532978
0.452128
0.518017
0.510895
0.501541
0.5347
0.425165
0.460735
0.496651
0.479195
0.507277
0.472524
0.480858
0.569477
0.497649
0.49042
0.521534
0.472983
0.549033
0.494815
0.513853
0.462846
0.460833
0.486119
0.558301
0.511925
0.52803
0.562608
0.477105
0.533078
0.43621
0.486725
0.493955
0.490078
0.497068
0.504205
0.461387
0.543536
0.458773
0.560391
0.550215
0.526213
0.475549
0.538126
0.51537
0.502085
0.550876
0.511594
0.482539
0.503547
0.528653
0.520481
0.48996
0.521126
0.516725
0.458831
0.469768
0.480079
0.477136
0.512979
0.463248
0.488252
0.517485
0.482929
0.504389
0.44957
0.457759
0.471552
0.476095
0.467539
0.457021
0.535988
0.473438
0.433135
0.514332
0.485611
0.558335
0.491449
0.508261
0.520947
0.530008
0.461467
0.529393
0.487919
0.51561
0.523364
0.470178
0.541774
0.5154
0.43768
0.486508
0.5451
0.496822
0.480753
0.515408
0.514278
0.501888
0.480788
0.473193
0.518762
0.472217
0.488944
0.518487
0.477555
0.496117
0.509793
0.514466
0.447254
0.432088
0.485546
0.434708
0.50605
0.483113
0.508413
0.507019
0.53804
0.566111
0.545473
0.479614
0.562247
0.490936
0.490426
0.514024
0.530704
0.413294
0.546609
0.539108
0.469989
0.475943
0.535642
0.470549
0.530579
0.522566
0.486089
0.570191
0.478411
0.528682
0.456499
0.519616
0.472998
0.503976
0.497211
0.492321
0.526511
0.520414
0.505287
0.53887
0.458171
0.490529
0.496967
0.479406
0.478341
0.50025
0.451993
0.527883
0.476692
0.55064
0.434206
0.472412
0.538817
0.512929
0.472771
0.496076
0.455663
0.531214
0.498414
0.492603
0.550165
0.4672
0.479043
0.481268
0.495449
0.501355
0.479128
0.475399
0.498983
0.544853
0.487217
0.518856
0.497054
0.546693
0.515964
0.50487
0.493934
0.550351
0.519035
0.481609
0.480128
0.484346
0.499281
0.528843
0.514059
0.521106
0.532544
0.520095
0.531588
0.468494
0.521466
0.464639
0.467719
0.508372
0.453694
0.503732
0.45488
0.44659
0.468837
0.505441
0.462158
0.488758
0.478559
0.56246
0.509848
0.42619
0.534185
0.437273
0.4837
0.52638
0.496184
0.529046
0.463243
0.482407
0.489926
0.506622
0.508554
0.505621
0.462056
0.492001
0.489847
0.505997
0.531891
0.498665
0.524264
0.464531
0.512199
0.489137
0.504231
0.512057
0.493732
0.45614
0.51177
0.538843
0.4879
0.471738
0.523127
0.489365
0.451956
0.488828
0.528099
0.546616
0.481054
0.519361
0.478434
0.52033
0.511585
0.513667
0.469679
0.473504
0.560132
0.50526
0.500847
0.511575
0.492443
0.535491
0.476284
0.44865
0.506784
0.472437
0.504107
0.495142
0.466058
0.528388
0.535593
0.451205
0.523054
0.520316
0.499882
0.490327
0.493205
0.497693
0.498386
0.507471
0.429233
0.512043
0.453266
0.526129
0.492057
0.502594
0.504356
0.468668
0.512327
0.54241
0.468912
0.484339
0.546976
0.499375
0.478552
0.469332
0.495153
0.496407
0.53778
0.51324
0.527917
0.525275
0.518442
0.496326
0.506063
0.488394
0.444519
0.471941
0.430465
0.532976
0.511605
0.538493
0.469291
0.511904
0.535467
0.51533
0.516494
0.505716
0.514045
0.476916
0.485921
0.520063
0.51728
0.499662
0.485449
0.523024
0.499134
0.435817
0.465489
0.556645
0.506186
0.498756
0.46626
0.447087
0.487175
0.474073
0.518199
0.557746
0.547861
0.500833
0.499871
0.509732
0.525592
0.527363
0.517774
0.464078
0.507932
0.515968
0.5124
0.500042
0.499748
0.460929
0.494926
0.513901
0.493108
0.504173
0.488926
0.462591
0.494385
0.512979
0.511453
0.456572
0.452929
0.474104
0.537897
0.496307
0.515687
0.468699
0.494961
0.486713
0.482146
0.522389
0.516162
0.513962
0.473973
0.504898
0.504208
0.45902
0.463724
0.503586
0.514634
0.54228
0.497009
0.485279
0.48508
0.483681
0.552468
0.520764
0.514571
0.472675
0.493953
0.496328
0.537186
0.532428
0.549279
0.516709
0.524486
0.472617
0.519919
0.473839
0.441077
0.465214
0.47603
0.495755
0.477682
0.477616
0.501165
0.51005
0.496097
0.47751
0.481069
0.486239
0.51041
0.533834
0.52091
0.481418
0.468851
0.508229
0.475347
0.553585
0.460655
0.491325
0.485776
0.447008
0.522305
0.538279
0.529171
0.554005
0.507543
0.477895
0.49285
0.507515
0.475505
0.479737
0.489582
0.498836
0.461376
0.52359
0.507378
0.524905
0.443924
0.465647
0.51836
0.499492
0.484293
0.455807
0.481079
0.532686
0.510435
0.540445
0.500648
0.463046
0.55155
0.535036
0.501083
0.446797
0.466908
0.551011
0.484205
0.458436
0.493434
0.491216
0.5095
0.457133
0.526429
0.548343
0.50929
0.493298
0.467794
0.470726
0.493611
0.519685
0.476149
0.439855
0.569158
0.501418
0.473201
0.503997
0.486679
0.509305
0.530756
0.452302
0.481191
0.500817
0.512733
0.493749
0.499393
0.563109
0.506569
0.475334
0.518651
0.512456
0.498382
0.463853
0.521931
0.504485
0.486263
0.465666
0.463056
0.499565
0.48609
0.478817
0.496655
0.477744
0.484213
0.501878
0.487187
0.577601
0.481409
0.563901
0.501419
0.513386
0.462467
0.559844
0.498712
0.454829
0.505784
0.505855
0.533518
0.473992
0.457343
0.498778
0.52444
0.513528
0.53346
0.504275
0.464246
0.540745
0.50665
0.52791
0.485199
0.491822
0.45902
0.543599
0.47409
0.490574
0.517534
0.493784
0.54134
0.536134
0.545543
0.505712
0.488547
0.533919
0.56495
0.548188
0.468863
0.534271
0.503386
0.553189
0.52456
0.503128
0.470762
0.486698
0.556173
0.519126
0.509596
0.473151
0.537587
0.521475
0.47346
0.477854
0.521453
0.453013
0.467944
0.521759
0.47929
0.4828
0.498507
0.482964
0.540672
0.50262
0.519581
0.499322
0.465852
0.481784
0.499315
0.466523
0.416211
0.524591
0.504327
0.516035
0.526912
0.474837
0.498838
0.477268
0.466114
0.521733
0.492574
0.488344
0.48514
0.551619
0.531793
0.509848
0.443969
0.449844
0.487827
0.505928
0.476419
0.507182
0.49751
0.487127
0.469409
0.505173
0.549859
0.559317
0.500663
0.514743
0.463401
0.45311
0.46924
0.5125
0.448496
0.498126
0.473259
0.48907
0.499059
0.496487
0.509196
0.54384
0.538027
0.479916
0.477131
0.500507
0.540976
0.514814
0.516314
0.477777
0.542235
0.479687
0.495431
0.489616
0.507894
0.50931
0.521939
0.489415
0.510063
0.489985
0.514853
0.522443
0.496774
0.510282
0.50535
0.500966
0.491889
0.491639
0.509575
0.496414
0.489393
0.523175
0.518016
0.492952
0.486444
0.495127
0.465826
0.456855
0.489566
0.435247
0.458471
0.456036
0.48834
0.492563
0.467071
0.47413
0.500993
0.512868
0.497818
0.513478
0.476233
0.560306
0.519833
0.491416
0.50573
0.479446
0.475856
0.524218
0.541603
0.4922
0.490127
0.483092
0.493287
0.473976
0.507837
0.516581
0.458168
0.473433
0.480533
0.493761
0.490348
0.490214
0.511838
0.542606
0.521916
0.465031
0.487877
0.477889
0.511117
0.47648
0.496767
0.543005
0.531763
0.538962
0.481556
0.520079
0.538294
0.476079
0.490991
0.492744
0.480839
0.483882
0.522472
0.515961
0.544666
0.478353
0.501589
0.487247
0.488395
0.511487
0.4726
0.51371
0.565334
0.550354
0.52423
0.459228
0.482341
0.483511
0.525176
0.516193
0.530555
0.439147
0.503674
0.516148
0.522401
0.48933
0.525517
0.473734
0.509217
0.494732
0.424901
0.488293
0.483901
0.524205
0.522458
0.547511
0.452934
0.523593
0.554868
0.547485
0.482173
0.49814
0.500417
0.513571
0.520768
0.472878
0.584878
0.496408
0.517596
0.465373
0.542087
0.497475
0.494576
0.495192
0.483592
0.528568
0.501248
0.504484
0.481752
0.529568
0.504982
0.514027
0.510652
0.488872
0.471198
0.499137
0.479224
0.53087
0.517972
0.509807
0.520934
0.494834
0.509406
0.509441
0.484415
0.509597
0.462119
0.476571
0.479429
0.508406
0.479266
0.483932
0.542519
0.468304
0.536425
0.519261
0.506741
0.478437
0.463759
0.472195
0.539835
0.46165
0.528797
0.501659
0.445222
0.563749
0.494241
0.538094
0.530201
0.504798
0.485142
0.514926
0.445716
0.456846
0.519849
0.483634
0.482066
0.512428
0.499086
0.536787
0.494945
0.478247
0.487539
0.473454
0.496174
0.458384
0.492328
0.521322
0.493507
0.461436
0.492741
0.489934
0.463885
0.515938
0.485602
0.479395
0.484507
0.488451
0.510645
0.488935
0.55611
0.468692
0.520281
0.439704
0.482807
0.466083
0.498113
0.476162
0.472882
0.512087
0.430598
0.420456
0.484906
0.492711
0.476208
0.484147
0.533543
0.495552
0.506487
0.471664
0.519441
0.485757
0.473356
0.499865
0.517559
0.525273
0.477062
0.448074
0.48832
0.489766
0.48913
0.492972
0.515963
0.487582
0.474708
0.552717
0.458467
0.505116
0.538661
0.494665
0.503418
0.492981
0.479808
0.471078
0.484206
0.517342
0.497668
0.51717
0.550909
0.440783
0.496084
0.4459
0.500261
0.5471
0.508119
0.513853
0.539058
0.524378
0.516572
0.492609
0.505388
0.460741
0.514518
0.519961
0.492063
0.477133
0.490219
0.495363
0.506621
0.501524
0.49081
0.483981
0.502268
0.568904
0.489103
0.453725
0.474155
0.541441
0.487917
0.489628
0.465346
0.463183
0.49628
0.509964
0.53685
0.463675
0.511899
0.528459
0.516121
0.524866
0.524258
0.486983
0.508355
0.445683
0.492733
0.493106
0.525005
0.478646
0.514089
0.536863
0.443861
0.4929
0.51373
0.491144
0.545067
0.468033
0.545095
0.460043
0.517482
0.48307
0.461559
0.539575
0.509718
0.544995
0.485214
0.515114
0.580259
0.511203
0.486918
0.499939
0.501029
0.47023
0.52197
0.489252
0.50878
0.505158
0.495806
0.494057
0.498675
0.484056
0.50407
0.549261
0.504444
0.491842
0.511444
0.550385
0.519493
0.497931
0.483626
0.573248
0.483329
0.49405
0.5168
0.491008
0.497681
0.546598
0.529003
0.492929
0.526701
0.547915
0.517751
0.489251
0.535606
0.510851
0.51829
0.556545
0.472141
0.460992
0.50687
0.477913
0.505247
0.510932
0.503394
0.482421
0.435295
0.550961
0.507831
0.518133
0.510264
0.520544
0.524765
0.453132
0.452254
0.524963
0.510448
0.478877
0.508683
0.511501
0.556743
0.520309
0.52256
0.53955
0.506328
0.497046
0.476214
0.538993
0.473526
0.490062
0.522828
0.471271
0.485159
0.49822
0.480191
0.497478
0.435771
0.52903
0.511002
0.487877
0.461622
0.478016
0.504138
0.517205
0.467812
0.461054
0.461234
0.530149
0.492917
0.464074
0.462961
0.441354
0.535508
0.514479
0.579383
0.494357
0.496931
0.448674
0.508757
0.503805
0.474718
0.460077
0.50915
0.525342
0.501015
0.501971
0.497263
0.477535
0.43039
0.5296
0.518822
0.520219
0.4914
0.535855
0.434916
0.52363
0.486293
0.48495
0.478657
0.512709
0.433224
0.518442
0.486543
0.530936
0.485352
0.517984
0.558884
0.498096
0.481196
0.499183
0.503682
0.476322
0.45063
0.520934
0.54833
0.44881
0.480881
0.524606
0.483514
0.455575
0.506919
0.487461
0.483677
0.480626
0.470604
0.524672
0.518437
0.464921
0.502963
0.504326
0.449333
0.529504
0.503988
0.519768
0.486251
0.503165
0.494305
0.473692
0.497942
0.479037
0.473114
0.488317
0.530974
0.554462
0.506758
0.556051
0.50151
0.53854
0.492303
0.515012
0.524284
0.521709
0.520503
0.513768
0.463153
0.501748
0.482524
0.479686
0.467585
0.510565
0.514808
0.49526
0.469483
0.516153
0.476433
0.456791
0.494694
0.514092
0.543378
0.449795
0.493603
0.482958
0.454027
0.505517
0.515161
0.528029
0.510325
0.532918
0.478743
0.507657
0.508931
0.480524
0.498205
0.506679
0.476765
0.522497
0.472505
0.481243
0.525307
0.54331
0.537282
0.469431
0.498039
0.505403
0.491746
0.452038
0.475387
0.474192
0.515275
0.517903
0.471559
0.464805
0.448079
0.488148
0.527633
0.494922
0.520311
0.473711
0.545283
0.478097
0.444003
0.500547
0.505521
0.511925
0.472198
0.496863
0.466809
0.505448
0.469653
0.55678
0.516951
0.430158
0.499491
0.494776
0.483097
0.488979
0.450178
0.495297
0.514279
0.467602
0.437187
0.431918
0.530815
0.512556
0.483748
0.560405
0.50498
0.500369
0.525035
0.440082
0.497313
0.512221
0.530178
0.487854
0.552928
0.488443
0.476477
0.489276
0.462217
0.517242
0.460181
0.501038
0.490307
0.44204
0.508219
0.46924
0.459653
0.511782
0.51525
0.467831
0.500145
0.5086
0.500414
0.521593
0.511092
0.487206
0.458153
0.478038
0.449474
0.510391
0.497481
0.502599
0.468823
0.524999
0.474071
0.501482
0.513114
0.492754
0.519547
0.466564
0.490047
0.570321
0.552343
0.476704
0.508081
0.552963
0.46451
0.499848
0.481604
0.506181
0.488848
0.490298
0.468621
0.48971
0.50073
0.565517
0.515314
0.438234
0.439004
0.476865
0.441871
0.523219
0.500342
0.488605
0.52395
0.480208
0.561403
0.519596
0.484143
0.545984
0.473204
0.52201
0.487839
0.519952
0.542056
0.451476
0.497832
0.534131
0.521453
0.513011
0.462077
0.506116
0.479275
0.547117
0.468949
0.469404
0.484701
0.520417
0.494382
0.525443
0.499178
0.505213
0.505283
0.53178
0.495851
0.522327
0.483561
0.480699
0.55181
0.531619
0.545184
0.512702
0.497533
0.474531
0.478608
0.509223
0.477903
0.503062
0.536973
0.548945
0.449174
0.489524
0.528428
0.522098
0.526252
0.481468
0.498973
0.507104
0.434685
0.516152
0.482179
0.463956
0.441715
0.488919
0.480173
0.4887
0.48078
0.499878
0.48025
0.493397
0.483843
0.493236
0.531507
0.475927
0.505912
0.47368
0.495851
0.544043
0.516135
0.53418
0.537769
0.528006
0.539843
0.509566
0.477239
0.556213
0.415912
0.490289
0.480142
0.538174
0.45383
0.520715
0.530564
0.479219
0.474823
0.506333
0.459359
0.471302
0.471444
0.494255
0.48334
0.504295
0.469971
0.451389
0.499488
0.492125
0.54001
0.444644
0.51854
0.498145
0.505667
0.507556
0.542341
0.484108
0.55267
0.467701
0.489323
0.497116
0.445807
0.499279
0.472507
0.478931
0.531074
0.515238
0.514375
0.492002
0.526877
0.493309
0.503013
0.436606
0.5487
0.450338
0.433882
0.483464
0.521578
0.569282
0.471605
0.496209
0.494786
0.543244
0.48613
0.528084
0.503081
0.510927
0.547661
0.537245
0.488905
0.537878
0.474722
0.555038
0.519905
0.507895
0.499724
0.491635
0.506148
0.518983
0.496428
0.503394
0.461417
0.538216
0.543659
0.506327
0.512942
0.509896
0.509657
0.440042
0.493965
0.511379
0.441439
0.486538
0.493491
0.450937
0.493549
0.548236
0.487626
0.502041
0.510556
0.539608
0.546842
0.478431
0.567703
0.466778
0.503587
0.494356
0.504051
0.549494
0.544573
0.464349
0.562519
0.44981
0.452148
0.446929
0.501176
0.511882
0.44911
0.526578
0.410172
0.537241
0.531346
0.538401
0.508678
0.44992
0.482667
0.489814
0.486208
0.465802
0.476214
0.493654
0.502707
0.520584
0.506813
0.48708
0.511765
0.490712
0.478654
0.510639
0.521351
0.491666
0.47266
0.471871
0.466421
0.517984
0.517941
0.517835
0.497796
0.52938
0.491681
0.500922
0.471666
0.487348
0.521855
0.512332
0.514109
0.47661
0.527146
0.537601
0.514995
0.465802
0.508426
0.468531
0.495646
0.47176
0.536192
0.455927
0.534634
0.501784
0.50832
0.487481
0.486089
0.478252
0.492514
0.505216
0.444887
0.539974
0.507836
0.586831
0.483104
0.514632
0.499675
0.505347
0.532102
0.496718
0.512539
0.481414
0.504625
0.535309
0.445051
0.462658
0.491275
0.53608
0.581508
0.52445
0.475761
0.541917
0.484395
0.50646
0.493265
0.516512
0.502216
0.47938
0.486335
0.485305
0.447028
0.496187
0.482647
0.538159
0.496036
0.482322
0.489039
0.528143
0.521653
0.51916
0.476177
0.490781
0.504363
0.535148
0.488221
0.558167
0.492797
0.478981
0.531894
0.522302
0.455371
0.509195
0.529292
0.482036
0.487877
0.514553
0.518842
0.507988
0.481391
0.509593
0.498761
0.489821
0.454886
0.559723
0.49741
0.500243
0.476911
0.510224
0.504894
0.470117
0.580716
0.45355
0.510311
0.469038
0.507207
0.469297
0.468999
0.53578
0.490091
0.5212
0.504176
0.492957
0.507595
0.485562
0.497335
0.530293
0.485135
0.465463
0.471775
0.510873
0.513307
0.475137
0.543644
0.484745
0.535567
