0.601015
0.66644
0.644701
0.518457
0.199545
0.395474
0.602736
0.388751
0.375427
0.292695
0.266003
0.67556
0.142637
0.867144
0.892192
0.461257
0.591639
0.218354
0.673645
0.483592
0.348262
0.364525
0.593356
0.585339
0.700943
0.482943
0.465658
0.553929
0.613535
0.507353
0.669764
0.32114
0.516596
0.921518
0.447633
0.574983
0.320901
0.857731
0.375892
0.292926
0.522675
0.753569
0.734843
0.537653
0.0708399
0.339728
0.485862
0.563574
0.342345
0.126279
0.43176
0.364328
0.122428
0.824258
0.872991
0.74857
0.412436
0.783994
0.685838
0.363342
0.188637
0.0511239
0.237026
0.79138
0.411185
0.535801
0.412439
0.430731
0.133247
0.0600821
0.275976
0.322072
0.486029
0.193064
0.487776
0.42119
0.616243
0.302829
0.599393
0.521067
0.828332
0.148817
0.706749
0.610088
0.23457
0.107763
0.179977
0.409892
0.641892
0.270867
0.802552
0.168427
0.705135
0.669404
0.640397
0.490811
0.552138
0.280502
0.324913
0.0726092
0.136905
0.234353
0.672183
0.157201
0.502869
0.288664
0.673865
0.870899
0.439007
0.655652
0.883582
0.296566
0.687417
0.66147
0.585897
0.22845
0.911674
0.487429
0.373231
0.508045
0.0611115
0.386953
0.36938
0.672766
0.566943
0.791709
0.326551
0.356298
0.481913
0.6149
0.186135
0.461482
0.725952
0.329243
0.931707
0.583647
0.0260998
0.541658
0.676016
0.494331
0.939727
0.806264
0.912033
0.702342
0.525878
0.311786
0.721384
0.191179
0.280335
0.349006
0.471781
0.388826
0.875788
0.108434
0.148357
0.257993
0.549267
0.377901
0.452078
0.601885
0.154788
0.604308
0.661692
0.262633
0.449934
0.0532924
0.493962
0.34654
0.61088
0.445112
0.310193
0.442323
0.271151
0.464567
0.505375
0.505576
0.0551718
0.437333
0.279506
0.664695
0.628483
0.734569
0.728982
0.660561
0.212223
0.612252
0.809183
0.464267
0.810323
0.711165
0.207699
0.324258
0.573577
0.838039
0.530893
0.576238
0.275588
0.417852
0.444801
0.506269
0.301334
0.651835
0.524641
0.389473
0.349893
0.435268
0.555479
0.533827
0.228652
0.483664
0.389891
0.240547
0.167093
0.385487
0.206739
0.549573
0.504044
0.944075
0.628449
0.47074
0.403058
0.69097
0.642491
0.108217
0.426354
0.347379
0.135989
0.667833
0.348564
0.780053
0.590733
0.793955
0.517274
0.642352
0.599099
0.0146021
0.868161
0.910843
0.349679
0.780505
0.378289
0.422288
0.0947203
0.665874
0.791913
0.285394
0.349722
0.255647
0.378926
0.186273
0.688851
0.576024
0.286866
0.626041
0.4881
0.632146
0.223167
0.523552
0.831394
0.19878
0.755135
0.385774
0.533146
0.466919
0.440915
0.392865
0.344024
0.481231
0.305467
0.76451
0.39499
0.510333
0.851389
0.168637
0.297944
0.573881
0.345176
0.203157
0.0595875
0.307505
0.0453075
0.625879
0.578409
0.67866
0.33931
0.527331
0.482962
0.773478
0.432757
0.535691
0.432901
0.456741
0.783924
0.412611
0.24252
0.664148
0.403599
0.543231
0.799807
0.418041
0.940351
0.343194
0.742325
0.364821
0.14731
0.500037
0.214501
0.2143
0.377323
0.735842
0.769197
0.418269
0.679111
0.422562
0.0896905
0.757591
0.367835
0.400983
0.196524
0.214165
0.119281
0.748805
0.166903
0.58614
0.687618
0.512845
0.632651
0.761767
0.772511
0.564923
0.435993
0.399348
0.862098
0.7605
0.810716
0.467733
0.0541847
0.473675
0.819542
0.683868
0.408719
0.351688
0.516832
0.340934
0.810461
0.776593
0.419023
0.352622
0.621496
0.541304
0.353459
0.54615
0.579026
0.641752
0.619608
0.318638
0.44469
0.856413
0.634864
0.228507
0.837394
0.929005
0.350498
0.925571
0.482458
0.689679
0.711534
0.530555
0.785636
0.344567
0.297641
0.156788
0.191371
0.433071
0.52042
0.723834
0.710405
0.596817
0.865715
0.5449
0.302667
0.82373
0.657887
0.376831
0.477131
0.2252
0.686262
0.2036
0.521114
0.173873
0.272238
0.481174
0.697276
0.274094
0.468831
0.403695
0.547362
0.156597
0.0727025
0.457965
0.617498
0.483529
0.492019
0.6152
0.470652
0.319474
0.251746
0.466112
0.777627
0.668621
0.531279
0.437372
0.578766
0.4978
0.617593
0.434533
0.484304
0.459604
0.0203664
0.338561
0.632088
0.299376
0.733822
0.740114
0.647182
0.574337
0.743308
0.12775
0.148643
0.332704
0.362922
0.953302
0.0245326
0.295146
0.853762
0.579653
0.747013
0.350458
0.510675
0.573189
0.425171
0.321899
0.518643
0.63526
0.593972
0.480118
0.368246
0.173974
0.913541
0.67317
0.482895
0.099698
0.503748
0.713634
0.448851
0.384689
0.564853
0.307371
0.852276
0.759269
0.235755
0.828004
0.715885
0.624034
0.817149
0.135737
0.891037
0.339569
0.537706
0.408629
0.499369
0.51223
0.46716
0.0990272
0.631375
0.226531
0.480943
0.147328
0.497617
0.381738
0.356845
0.479824
0.591516
0.372296
0.634891
0.586888
0.660971
0.808737
0.297471
0.622298
0.899327
0.307765
0.627491
0.484022
0.754496
0.587224
0.278123
0.731327
0.118316
0.683714
0.138503
0.462605
0.396508
0.0676172
0.50551
0.422826
0.572898
0.262358
0.872536
0.629079
0.369799
0.78174
0.321944
0.197182
0.469806
0.281221
0.558692
0.321877
0.502449
0.276051
0.548369
0.507653
0.61252
0.611194
0.5237
0.666771
0.415092
0.575005
0.299317
0.595616
0.505588
0.630669
0.385412
0.109988
0.931508
0.696417
0.816654
0.764533
0.64571
0.237599
0.413523
0.600993
0.449426
0.140694
0.369012
0.764519
0.796474
0.421382
0.604422
0.596808
0.568403
0.775836
0.263758
0.459369
0.5436
0.316427
0.51701
0.559728
0.271658
0.540044
0.518395
0.447945
0.427585
0.659293
0.416396
0.62033
0.458738
0.883845
0.738258
0.811772
0.450606
0.571257
0.272315
0.577639
0.62589
0.373587
0.247385
0.660736
0.754577
0.588208
0.659168
0.908322
0.49101
0.378189
0.519438
0.64875
0.767214
0.35972
0.604543
0.456793
0.360046
0.261012
0.455544
0.631269
0.612994
0.439197
0.433096
0.478106
0.53174
0.498742
0.555939
0.136519
0.585891
0.586953
0.652676
0.705496
0.53756
0.649143
0.532282
0.322331
0.48074
0.508109
0.429553
0.614465
0.51373
0.589559
0.407524
0.590438
0.580129
0.447177
0.699633
0.555266
0.502199
0.448052
0.650194
0.53012
0.0936817
0.0612105
0.462544
0.425675
0.477448
0.149037
0.389986
0.363072
0.346603
0.493395
0.805443
0.555923
0.896003
0.495291
0.261522
0.561365
0.514373
0.568951
0.203449
0.477657
0.565527
0.70822
0.42316
0.81038
0.700458
0.535225
0.643551
0.74881
0.630361
0.34825
0.297734
0.488581
0.653908
0.267851
0.618886
0.506258
0.470406
0.537216
0.582079
0.836022
0.423729
0.364846
0.540247
0.418132
0.8102
0.404639
0.572242
0.483435
0.246893
0.55052
0.611704
0.207659
0.335081
0.679742
0.351239
0.5138
0.96687
0.31108
0.217217
0.420424
0.111305
0.851101
0.386231
0.728252
0.779549
0.183792
0.865099
0.606901
0.106989
0.315796
0.582004
0.288217
0.103425
0.121591
0.737226
0.592149
0.610766
0.439939
0.337621
0.405637
0.370938
0.354994
0.389854
0.504543
0.345013
0.952453
0.653123
0.253166
0.537813
0.673214
0.15292
0.235409
0.570544
0.59398
0.333151
0.766221
0.607312
0.546332
0.274708
0.501443
0.479618
0.442787
0.334377
0.508738
0.466238
0.010408
0.358752
0.681792
0.674168
0.839555
0.803592
0.274539
0.32959
0.73741
0.139845
0.101661
0.526101
0.332914
0.353358
0.59616
0.0907327
0.711829
0.64604
0.934337
0.216554
0.56761
0.622076
0.333028
0.873958
0.435864
0.29351
0.39349
0.250981
0.537166
0.665358
0.510859
0.586318
0.585037
0.461143
0.387631
0.246947
0.622935
0.725563
0.58415
0.765594
0.536132
0.591751
0.808612
0.291499
0.341385
0.426397
0.293644
0.521291
0.68932
0.366765
0.626022
0.664993
0.221528
0.439422
0.290641
0.365518
0.506342
0.501287
0.959378
0.728253
0.734343
0.669371
0.200022
0.730641
0.686647
0.206385
0.299964
0.769932
0.696075
0.50514
0.793885
0.470572
0.403325
0.365494
0.554212
0.610955
0.567292
0.18332
0.447632
0.642584
0.520746
0.471808
0.580485
0.262917
0.56956
0.31116
0.550416
0.366513
0.715754
0.373527
0.891145
0.437312
0.0416298
0.595827
0.541805
0.558228
0.424305
0.873848
0.69178
0.202461
0.456995
0.326839
0.746538
0.334246
0.035414
0.232559
0.429465
0.0850316
0.5247
0.658545
0.679255
0.384361
0.7543
0.616128
0.521927
0.413002
0.295283
0.739533
0.491075
0.60917
0.556586
0.543145
0.4395
0.696958
0.693711
0.735836
0.729887
0.819363
0.655446
0.87201
0.311731
0.3466
0.401199
0.794809
0.586247
0.793656
0.403563
0.377718
0.730525
0.519323
0.50778
0.496554
0.296735
0.492244
0.551776
0.464648
0.921693
0.397758
0.357499
0.839776
0.376667
0.222645
0.286293
0.562199
0.45679
0.193134
0.508109
0.308931
0.854022
0.55481
0.466342
0.250168
0.177101
0.671361
0.727151
0.56955
0.676466
0.782377
0.484138
0.660743
0.00167383
0.498676
0.946276
0.338609
0.463349
0.226946
0.66904
0.703973
0.791247
0.203753
0.595699
0.476833
0.774542
0.682239
0.657769
0.663607
0.439969
0.553145
0.240658
0.349783
0.568003
0.795035
0.152567
0.210166
0.366772
0.636923
0.44174
0.50463
0.517932
0.179742
0.489176
0.878132
0.0782823
0.461405
0.760975
0.709473
0.365399
0.56349
0.936495
0.554111
0.475133
0.34583
0.835538
0.402078
0.473316
0.758618
0.149813
0.52287
0.573568
0.919871
0.440966
0.594923
0.757635
0.759422
0.199473
0.618106
0.814196
0.518847
0.46575
0.783409
0.666635
0.260053
0.0968561
0.52482
0.629783
0.773515
0.219177
0.404124
0.380183
0.390426
0.239553
0.780189
0.443952
0.691325
0.494295
0.390033
0.400843
0.46703
0.197599
0.0197912
0.272664
0.525995
0.30789
0.369459
0.7087
0.0554938
0.762649
0.516068
0.600361
0.732296
0.239328
0.555749
0.151783
0.141808
0.681966
0.555902
0.702637
0.302917
0.290162
0.374478
0.743961
0.709053
0.499104
0.704173
0.0873221
0.284284
0.686352
0.875083
0.542181
0.516524
0.923148
0.500188
0.225846
0.768213
0.0450008
0.473794
0.274927
0.378129
0.648399
0.633835
0.746762
0.656257
0.327453
0.574742
0.393776
0.736916
0.0463714
0.648352
0.763305
0.493649
0.500659
0.616107
0.219925
0.332634
0.651979
0.216588
0.506856
0.669687
0.828655
0.588202
0.357563
0.759173
0.365788
0.537619
0.438186
0.781457
0.716053
0.570348
0.545963
0.708781
0.794205
0.400602
0.508368
0.457754
0.525405
0.33342
0.622172
0.699914
0.649486
0.46274
0.741214
0.440092
0.290315
0.554955
0.266167
0.585618
0.131429
0.788234
0.309122
0.71766
0.246184
0.693666
0.700364
0.639287
0.712634
0.695097
0.774208
0.513115
0.100455
0.570271
0.51534
0.514698
0.249199
0.456705
0.666592
0.416074
0.464234
0.201484
0.293656
0.377191
0.33874
0.404952
0.0717265
0.961195
0.367164
0.434062
0.203649
0.502858
0.347584
0.481906
0.89862
0.447701
0.777424
0.425775
0.23507
0.642633
0.529047
0.78681
0.500855
0.297246
0.0487334
0.520169
0.24844
0.448142
0.654629
0.165329
0.322259
0.246978
0.216229
0.562011
0.510007
0.2562
0.580044
0.387909
0.739109
0.674684
0.0630974
0.200277
0.88417
0.528829
0.667928
0.464116
0.770743
0.352892
0.879836
0.225567
0.355248
0.745658
0.489109
0.13984
0.830461
0.428803
0.338008
0.488816
0.550472
0.545604
0.724329
0.624238
0.688575
0.426925
0.400384
0.448182
0.436073
0.414682
0.688268
0.593284
0.319501
0.571289
0.189328
0.390981
0.358337
0.716844
0.397762
0.516804
0.304751
0.224122
0.735317
0.877544
0.601514
0.364703
0.606089
0.355881
0.463714
0.237847
0.527455
0.453878
0.134433
0.927028
0.725189
0.177484
0.384096
0.517288
0.78787
0.679998
0.71773
0.469884
0.557698
0.733221
0.523886
0.58896
0.391863
0.520803
0.543533
0.92828
0.26068
0.549066
0.556738
0.474305
0.355678
0.146384
0.579501
0.305222
0.462913
0.572959
0.632632
0.663769
0.813779
0.688629
0.789082
0.495026
0.457621
0.427132
0.225695
0.488576
0.407505
0.500996
0.399859
0.527774
0.392515
0.812056
0.241055
0.187084
0.506973
0.46834
0.391882
0.531789
0.379033
0.608865
0.5526
0.462598
0.188108
0.913665
0.37783
0.711005
0.442632
0.727148
0.643525
0.82951
0.886681
0.64867
0.546904
0.634097
0.23603
0.244975
0.521535
0.54465
0.151217
0.214971
0.344312
0.632265
0.437257
0.388034
0.580582
0.420707
0.416655
0.862877
0.0582242
0.102523
0.254396
0.394755
0.581006
0.818618
0.220644
0.314579
0.486075
0.513391
0.458889
0.314294
0.419969
0.615774
0.284328
0.358646
0.352085
0.409848
0.869284
0.784257
0.364033
0.94694
0.379517
0.322695
0.64788
0.21443
0.707293
0.335029
0.415786
0.514751
0.904111
0.471104
0.568081
0.621348
0.248044
0.267597
0.486366
0.266667
0.0876391
0.374655
0.212735
0.880492
0.686392
0.651728
0.545771
0.735254
0.748817
0.798971
0.228473
0.26821
0.641177
0.491385
0.42283
0.338669
0.526969
0.658632
0.0602623
0.541723
0.219285
0.604259
0.426704
0.438231
0.509206
0.583833
0.485623
0.674065
0.561411
0.762278
0.461795
0.449943
0.675232
0.146474
0.103202
0.666408
0.79138
0.639986
0.80794
0.306844
0.0816519
0.292539
0.447555
0.234659
0.290905
0.117656
0.237763
0.569067
0.207653
0.527661
0.402035
0.667196
0.221664
0.48601
0.64306
0.478477
0.383944
0.402722
0.0816424
0.65063
0.716569
0.599431
0.342091
0.254764
0.726815
0.346391
0.35773
0.360448
0.162091
0.524533
0.239656
0.429865
0.499205
0.391448
0.696419
0.613433
0.493528
0.23097
0.51183
0.517595
0.820641
0.341792
0.48262
0.378718
0.425095
0.871352
0.487231
0.315352
0.647936
0.426989
0.501517
0.444369
0.536689
0.697153
0.896695
0.634783
0.448504
0.491252
0.749401
0.536348
0.639232
0.657474
0.163235
0.258275
0.48819
0.763717
0.745726
0.686753
0.840446
0.227549
0.404158
0.418156
0.15546
0.256886
0.518255
0.648195
0.232944
0.513857
0.317217
0.095469
0.243865
0.840131
0.933182
0.651199
0.626511
0.682723
0.622665
0.935212
0.614606
0.535113
0.542098
0.801487
0.246449
0.759278
0.233104
0.574897
0.661127
0.580003
0.617677
0.414038
0.819861
0.343659
0.322978
0.68332
0.497564
0.809374
0.549959
0.0807891
0.971753
0.29132
0.46961
0.506411
0.792957
0.396647
0.775099
0.768849
0.852818
0.404322
0.537643
0.717035
0.673088
0.505959
0.908471
0.246112
0.420793
0.680494
0.478763
0.86563
0.611818
0.900323
0.753986
0.631129
0.797249
0.167327
0.218585
0.728543
0.733801
0.552974
0.361504
0.364133
0.621701
0.467475
0.302564
0.350949
0.450453
0.308753
0.804223
0.396075
0.824898
0.942751
0.472823
0.58123
0.351047
0.642421
0.347907
0.892551
0.743191
0.663473
0.347761
0.393672
0.770807
0.560772
0.683843
0.249502
0.49583
0.150058
0.876314
0.29638
0.457881
0.195412
0.397385
0.717556
0.547077
0.453718
0.238761
0.621264
0.76107
0.6331
0.843972
0.43188
0.375016
0.623151
0.365922
0.492987
0.260175
0.5305
0.604497
0.644435
0.168913
0.104083
0.248656
0.273738
0.260854
0.56024
0.691886
0.455492
0.477031
0.118555
0.709506
0.280709
0.57585
0.73514
0.680783
0.841295
0.226752
0.57082
0.808381
0.0731595
0.514479
0.657497
0.432198
0.774732
0.538883
0.526719
0.554145
0.605928
0.502235
0.240278
0.585007
0.235914
0.258042
0.31343
0.593992
0.546278
0.252404
0.447131
0.486169
0.409508
0.620964
0.786442
0.552475
0.55095
0.411551
0.598054
0.231538
0.365718
0.484638
0.31065
0.692073
0.800286
0.600765
0.787624
0.489149
0.521786
0.536126
0.50243
0.56716
0.586322
0.274521
0.462643
0.276845
0.68088
0.405943
0.779576
0.343264
0.751698
0.819053
0.206084
0.366132
0.445252
0.106886
0.265974
0.953481
0.776279
0.3121
0.774212
0.48412
0.300544
0.720168
0.597894
0.763919
0.308358
0.365903
0.433758
0.485446
0.668099
0.250751
0.678754
0.920058
0.437308
0.475334
0.646006
0.166031
0.22218
0.57373
0.429258
0.545885
0.504573
0.29302
0.644689
0.390566
0.768941
0.393672
0.579764
0.467692
0.249851
0.253347
0.454556
0.205592
0.484056
0.638757
0.55177
0.634407
0.58937
0.467221
0.397483
0.610047
0.805851
0.711619
0.975373
0.906331
0.823113
0.809446
0.133017
0.655165
0.28084
0.518737
0.389606
0.384159
0.567874
0.620611
0.280209
0.545588
0.158523
0.200284
0.172497
0.450162
0.213017
0.445354
0.667627
0.413582
0.532325
0.482274
0.74775
0.693398
0.69582
0.728874
0.258418
0.438217
0.323561
0.572909
0.614906
0.390833
0.393267
0.393572
0.297289
0.481396
0.905281
0.524985
0.749865
0.716247
0.42718
0.717695
0.726294
0.412604
0.662894
0.486238
0.42265
0.348792
0.679544
0.437857
0.416287
0.294252
0.288429
0.259509
0.479279
0.653095
0.814924
0.497308
0.260927
0.599496
0.605311
0.594592
0.634618
0.602755
0.606827
0.861835
0.180113
0.63439
0.22054
0.633651
0.323107
0.119135
0.3649
0.825164
0.579705
0.336279
0.301124
0.432074
0.154211
0.497302
0.259833
0.225734
0.814434
0.620266
0.771665
0.476643
0.51949
0.591011
0.842839
0.496731
0.700844
0.445667
0.229958
0.622894
0.398149
0.428589
0.556592
0.47124
0.127175
0.274302
0.377483
0.873538
0.907958
0.431605
0.534491
0.364409
0.30703
0.592509
0.761665
0.419824
0.648398
0.408198
0.485136
0.354481
0.223726
0.668758
0.626777
0.367718
0.382927
0.492938
0.458877
0.684583
0.312191
0.218729
0.670359
0.57077
0.607225
0.705099
0.293323
0.707138
0.425281
0.649738
0.502032
0.491542
0.55031
0.797204
0.534676
0.292786
0.6314
0.556386
0.10158
0.513481
0.655377
0.565744
0.631778
0.525673
0.390294
0.639303
0.573167
0.125103
0.087262
0.295919
0.699728
0.607002
0.653892
0.718861
0.492584
0.398369
0.813382
0.512288
0.649963
0.388696
0.939069
0.515731
0.644378
0.683123
0.305044
0.207209
0.483665
0.459082
0.419214
0.870168
0.445755
0.439468
0.905981
0.218928
0.545373
0.702438
0.581465
0.571883
0.35412
0.129964
0.415014
0.43121
0.533674
0.754294
0.496498
0.472392
0.555141
0.0935051
0.929681
0.466372
0.565853
0.274367
0.247734
0.551706
0.228202
0.32277
0.497745
0.5436
0.593371
0.45899
0.566855
0.111248
0.686121
0.0671067
0.62343
0.674431
0.465045
0.71492
0.222479
0.764857
0.686017
0.682732
0.175266
0.367255
0.434814
0.916404
0.708901
0.399771
0.708189
0.652124
0.242428
0.51274
0.410954
0.167359
0.281741
0.77945
0.499891
0.694475
0.486426
0.622028
0.24363
0.490572
0.387404
0.460124
0.680872
0.389086
0.535047
0.0895968
0.847645
0.865756
0.533207
0.692931
0.707558
0.733575
0.465388
0.652653
0.457277
0.538379
0.645056
0.483536
0.492761
0.558775
0.422893
0.218932
0.310062
0.521102
0.459547
0.481079
0.477762
0.222197
0.923242
0.73478
0.55642
0.20973
0.497369
0.868364
0.453682
0.501931
0.883979
0.2654
0.191971
0.535538
0.664872
0.425126
0.42898
0.612861
0.43275
0.459124
0.809444
0.575844
0.530698
0.436279
0.339978
0.267076
0.539031
0.567599
0.467031
0.544716
0.32432
0.117009
0.901275
0.200332
0.51621
0.193752
0.47008
0.0856766
0.203392
0.226579
0.392927
0.58647
0.440915
0.439414
0.362986
0.788283
0.336766
0.542743
0.681273
0.261633
0.536446
0.624482
0.428166
0.350465
0.350061
0.868621
0.270275
0.180185
0.0671952
0.749481
0.488987
0.308485
0.680656
0.243922
0.680257
0.524185
0.290929
0.373417
0.813526
0.7564
0.388978
0.532389
0.450902
0.388308
0.515806
0.578783
0.416035
0.476904
0.472968
0.557339
0.565401
0.462073
0.30901
0.6956
0.552982
0.40542
0.732597
0.957175
0.592611
0.631268
0.403862
0.456367
0.210551
0.349317
0.231298
0.432739
0.344115
0.420434
0.352297
0.253792
0.380476
0.384134
0.401206
0.558394
0.843039
0.19829
0.469581
0.673186
0.921069
0.848677
0.339066
0.32869
0.401523
0.567973
0.618135
0.971381
0.800338
0.360867
0.339694
0.612517
0.103696
0.363968
0.377344
0.174068
0.518056
0.276222
0.213856
0.186585
0.491061
0.677601
0.146231
0.463409
0.503661
0.51083
0.437453
0.520138
0.747128
0.832972
0.225868
0.527809
0.286858
0.65071
0.178873
0.482762
0.178206
0.735203
0.428392
0.545727
0.737809
0.769416
0.751397
0.647156
0.787203
0.512872
0.759514
0.475388
0.673766
0.375775
0.0375266
0.358758
0.237324
0.376522
0.221388
0.32228
0.629049
0.913622
0.432111
0.244086
0.502531
0.615092
0.282712
0.556313
0.585214
0.235413
0.351145
0.829678
0.501649
0.652179
0.562948
0.350506
0.45831
0.471592
0.353123
0.4435
0.512992
0.583983
0.27752
0.813087
0.640094
0.717586
0.419807
0.5707
0.666377
0.620812
0.490876
0.884871
0.390062
0.460294
0.443303
0.835584
0.809407
0.354033
0.224295
0.573802
0.875205
0.165963
0.466303
0.281691
0.544899
0.270336
0.465289
0.698522
0.654324
0.451309
0.222384
0.621828
0.236324
0.435186
0.625505
0.812855
0.40382
0.75977
0.52322
0.629963
0.778147
0.267338
0.493983
0.483068
0.681796
0.464755
0.539608
0.346833
0.427929
0.326298
0.232651
0.589793
0.527379
0.821778
0.52315
0.271146
0.497072
0.53459
0.46093
0.326484
0.192114
0.191335
0.515501
0.708255
0.697085
0.256716
0.476327
0.066278
0.800313
0.454413
0.0920279
0.448182
0.438241
0.156686
0.657888
0.269143
0.735236
0.542503
0.186772
0.444857
0.377497
0.255976
0.599391
0.601183
0.547981
0.503983
0.545588
0.668455
0.012567
0.613812
0.519144
0.437972
0.185945
0.528763
0.854329
0.302704
0.618999
0.551633
0.493275
0.423806
0.337747
0.353044
0.0889536
0.459038
0.327158
0.343629
0.059382
0.258729
0.191481
0.466092
0.634434
0.57947
0.635966
0.79521
0.737414
0.885218
0.403169
0.540878
0.219341
0.200064
0.660292
0.131294
0.514673
0.74641
0.572301
0.51048
0.71297
0.746874
0.408853
0.116281
0.341793
0.287726
0.521321
0.712102
0.331899
0.536231
0.889515
0.827596
0.686589
0.373782
0.175956
0.520606
0.30284
0.151246
0.338857
0.504667
0.692633
0.792466
0.343237
0.393407
0.528668
0.366419
0.872875
0.895221
0.989449
0.518033
0.684105
0.748633
0.804493
0.792208
0.355709
0.520766
0.201191
0.405124
0.177477
0.598406
0.630664
0.411447
0.283261
0.283142
0.700682
0.485556
0.372637
0.359125
0.669564
0.679489
0.478581
0.834005
0.65569
0.539778
0.726829
0.260628
0.893088
0.859939
0.395889
0.129134
0.414317
0.614854
0.324938
0.7761
0.467655
0.26786
0.330128
0.589418
0.276371
0.660862
0.778119
0.49462
0.423663
0.0923277
0.328896
0.290414
0.197603
0.457567
0.598264
0.858195
0.156225
0.470198
0.103653
0.602345
0.473674
0.503263
0.845163
0.185182
0.804093
0.482979
0.737068
0.202405
0.450746
0.537634
0.343256
0.901961
0.553619
0.748669
0.483388
0.381263
0.309541
0.370538
0.264832
0.404727
0.414648
0.780439
0.458691
0.565625
0.46978
0.688565
0.376564
0.473292
0.515208
0.284041
0.517915
0.478737
0.661843
0.511255
0.746246
0.658761
0.461872
0.565807
0.615525
0.360703
0.212553
0.468852
0.706611
0.566961
0.81267
0.723122
0.446699
0.670493
0.591937
0.573463
0.873099
0.459495
0.709423
0.789239
0.665907
0.691516
0.767849
0.155499
0.512468
0.594298
0.21638
0.504319
0.479754
0.462628
0.41534
0.637281
0.559095
0.227575
0.412026
0.384565
0.410973
0.45646
0.527623
0.315673
0.575867
0.198982
0.280938
0.761326
0.530427
0.426931
0.475538
0.825622
0.456524
0.521944
0.452566
0.462046
0.454012
0.34783
0.562371
0.45649
0.666329
0.400965
0.833812
0.804937
0.401318
0.364336
0.620911
0.493031
0.817953
0.597823
0.682288
0.579242
0.612941
0.179345
0.699621
0.252915
0.879423
0.0685141
0.667114
0.682977
0.423309
0.296501
0.384789
0.492651
0.311046
0.29282
0.464144
0.590012
0.285902
0.541779
0.305548
0.853797
0.428144
0.218385
0.932495
0.318372
0.0477365
0.285511
0.368628
0.521323
0.286509
0.741163
0.919242
0.57164
0.269995
0.286731
0.769718
0.76602
0.387426
0.644119
0.739169
0.225327
0.391672
0.581701
0.328317
0.542798
0.49916
0.416059
0.876437
0.830084
0.0331187
0.338511
0.692949
0.316786
0.891768
0.372459
0.455059
0.303643
0.236341
0.599611
0.463604
0.78908
0.78212
0.500176
0.52504
0.483347
0.438956
0.334159
0.778306
0.694021
0.785995
0.447902
0.211073
0.711152
0.478655
0.722064
0.410652
0.339896
0.674137
0.584255
0.770652
0.622979
0.425067
0.591582
0.425219
0.564902
0.229137
0.545365
0.608495
0.814279
0.535881
0.432365
0.437713
0.280288
0.500025
0.19384
0.294125
0.5537
0.634119
0.405816
0.526719
0.772514
0.751437
0.910982
0.629514
0.716726
0.203424
0.774633
0.343941
0.43633
0.404239
0.644135
0.313644
0.61115
0.498236
0.173422
0.469807
0.610632
0.264483
0.631027
0.750868
0.366286
0.465743
0.642247
0.561309
0.188973
0.837566
0.722994
0.549944
0.55776
0.276472
0.344994
0.338947
0.676622
0.524466
0.728957
0.260618
0.239781
0.260391
0.394428
0.459672
0.36601
0.496943
0.702022
0.894635
0.556755
0.545416
0.205805
0.822679
0.302477
0.548558
0.590585
0.278043
0.60612
0.195173
0.800939
0.854942
0.712168
0.718405
0.675812
0.781671
0.724275
0.642913
0.484566
0.323361
0.563967
0.484422
0.717375
0.476665
0.367486
0.718437
0.814913
0.720392
0.437332
0.823153
0.229305
0.761931
0.259626
0.0649178
0.290319
0.270038
0.367922
0.432845
0.307862
0.510395
0.47865
0.742488
0.673805
0.601083
0.342879
0.416747
0.433268
0.780926
0.653653
0.31547
0.377451
0.634428
0.617638
0.223491
0.1672
0.642808
0.444406
0.720125
0.828469
0.731422
0.526154
0.641426
0.667908
0.659641
0.475238
0.709793
0.738833
0.650044
0.456404
0.143785
0.944833
0.579537
0.395132
0.674303
0.200358
0.355836
0.663055
0.381554
0.774604
0.77849
0.235927
0.630521
0.527084
0.73443
0.58916
0.620921
0.700287
0.503797
0.740478
0.180922
0.266856
0.252579
0.36876
0.922186
0.535761
0.4644
0.832676
0.73705
0.303963
0.614532
0.682277
0.356991
0.297095
0.315031
0.401176
0.304743
0.474726
0.46066
0.636559
0.560765
0.482801
0.581026
0.568728
0.628011
0.617884
0.655184
0.341461
0.417244
0.624842
0.570688
0.118977
0.48842
0.481688
0.709895
0.854832
0.671942
0.532265
0.322081
0.752609
0.456874
0.909549
0.39073
0.667786
0.771466
0.649335
0.131113
0.844713
0.394667
0.726124
0.554088
0.902134
0.225518
0.450049
0.707799
0.875252
0.500671
0.745723
0.759759
0.391845
0.788491
0.790899
0.507573
0.704484
0.701547
0.3249
0.707334
0.320417
0.757513
0.643763
0.784519
0.365249
0.181846
0.381115
0.542978
0.586034
0.683826
0.130799
0.413405
0.543966
0.850882
0.799323
0.583446
0.566373
0.794364
0.783213
0.527393
0.422225
0.543236
0.648396
0.504197
0.954955
0.420415
0.445783
0.518289
0.0508541
0.249794
0.629215
0.538511
0.340897
0.73024
0.249009
0.446226
0.428332
0.676163
0.676341
0.23445
0.703948
0.562515
0.570759
0.405642
0.455417
0.425365
0.635117
0.816568
0.496686
0.157488
0.409301
0.39443
0.437878
0.601667
0.436089
0.699231
0.485745
0.582707
0.589582
0.733143
0.809189
0.63243
0.688615
0.198412
0.523954
0.650206
0.224634
0.581113
0.245076
0.604853
0.115536
0.988865
0.425252
0.622025
0.853984
0.596381
0.841778
0.414483
0.750791
0.353521
0.614273
0.500929
0.680936
0.286289
0.529913
0.522366
0.321846
0.272
0.722451
0.703214
0.830613
0.595628
0.395803
0.617721
0.738806
0.395112
0.302544
0.410458
0.0506199
0.779208
0.582156
0.482996
0.612098
0.952217
0.333433
0.397114
0.276209
0.605731
0.939957
0.858205
0.720593
0.638318
0.687088
0.130797
0.481823
0.439824
0.603469
0.101397
0.852041
0.527775
0.729554
0.442161
0.740894
0.749142
0.660191
0.442148
0.437693
0.561493
0.727863
0.0612245
0.415762
0.583373
0.58767
0.624944
0.402991
0.154481
0.734712
0.817026
0.899601
0.57206
0.629029
0.739329
0.6562
0.47064
0.62281
0.29749
0.332218
0.488086
0.279096
0.533703
0.636843
0.411673
0.440754
0.266367
0.711611
0.423708
0.553
0.509629
0.845843
0.366965
0.262316
0.634131
0.323143
0.626023
0.70911
0.593537
0.27921
0.271342
0.201008
0.279711
0.408231
0.538724
0.598203
0.682696
0.687186
0.517554
0.761812
0.519918
0.494396
0.597035
0.81072
0.862327
0.580689
0.770374
0.201936
0.523464
0.808585
0.822691
0.293994
0.590733
0.406956
0.229181
0.572486
0.466424
0.695599
0.265847
0.111329
0.649325
0.816249
0.38591
0.612914
0.726039
0.46354
0.840779
0.514794
0.65441
0.441495
0.825232
0.670129
0.409718
0.578122
0.602267
0.503612
0.427628
0.612748
0.613845
0.814139
0.516117
0.127745
0.509519
0.540028
0.0219023
0.428335
0.32576
0.822102
0.525185
0.481189
0.724525
0.59451
0.699782
0.60457
0.750437
0.202659
0.714024
0.0598091
0.491702
0.692186
0.661055
0.525905
0.330667
0.432427
0.495471
0.146115
0.645727
0.632359
0.316503
0.417394
0.377055
0.576526
0.0762425
0.650593
0.2944
0.0530101
0.40467
0.561352
0.606002
0.465009
0.731551
0.758662
0.723446
0.512135
0.74853
0.480076
0.548039
0.59708
0.49304
0.87963
0.570111
0.257806
0.448918
0.5065
0.373396
0.444972
0.546925
0.319523
0.812429
0.35883
0.311602
0.664673
0.681695
0.329351
0.139226
0.0996735
0.621039
0.367878
0.304879
0.28192
0.802611
0.538135
0.784936
0.34293
0.62043
0.688953
0.344556
0.754574
0.654411
0.860591
0.578038
0.149368
0.106482
0.821091
0.703203
0.889137
0.207219
0.208598
0.399214
0.383387
0.767176
0.650148
0.340552
0.24077
0.0978962
0.49693
0.818142
0.794045
0.453361
0.46056
0.451901
0.870957
0.443408
0.454462
0.487246
0.390531
0.546443
0.33895
0.531426
0.946245
0.39955
0.538152
0.32377
0.49464
0.469867
0.641457
0.247253
0.599917
0.511911
0.621675
0.27707
0.392113
0.391277
0.696655
0.425168
0.478483
0.40595
0.630606
0.477973
0.504744
0.662229
0.41595
0.437853
0.394861
0.363056
0.795995
0.567097
0.505104
0.542318
0.483318
0.296514
0.510116
0.329471
0.198234
0.499004
0.295772
0.254615
0.796265
0.241767
0.465648
0.404948
0.273083
0.619051
0.274937
0.419268
0.829882
0.630679
0.887685
0.858024
0.451723
0.809826
0.810258
0.912157
0.595872
0.416821
0.685973
0.714773
0.106725
0.50404
0.842853
0.195472
0.368422
0.520208
0.568527
0.467926
0.475792
0.360742
0.543278
0.667092
0.848796
0.384018
0.194322
0.453224
0.235172
0.401751
0.441397
0.57563
0.440521
0.514945
0.385796
0.439886
0.394591
0.905154
0.951993
0.548038
0.307052
0.304073
0.823049
0.482056
0.185606
0.852771
0.218016
0.276628
0.38377
0.425141
0.141597
0.578124
0.115234
0.728442
0.693323
0.412393
0.516212
0.607077
0.855577
0.684767
0.856738
0.464027
0.386801
0.711504
0.89639
0.577673
0.528254
0.632615
0.149454
0.829974
0.68974
0.481854
0.469084
0.475283
0.111728
0.490397
0.37952
0.567358
0.208337
0.376528
0.479982
0.525401
0.377697
0.424449
0.513385
0.558234
0.523193
0.581068
0.837531
0.279023
0.36117
0.60046
0.0559896
0.83121
0.297695
0.441416
0.460401
0.209638
0.73898
0.174327
0.705463
0.699084
0.657148
0.579402
0.782401
0.465743
0.565
0.918999
0.376241
0.825453
0.260532
0.542659
0.586756
0.575753
0.783917
0.534177
0.762461
0.51714
0.486764
0.535839
0.341593
0.402169
0.445443
0.18576
0.613515
0.539329
0.657332
0.279991
0.208532
0.6419
0.540849
0.321892
0.89364
0.750284
0.217187
0.547006
0.396242
0.669592
0.883678
0.3125
0.497415
0.352517
0.295758
0.415967
0.530842
0.52086
0.456533
0.459198
0.693034
0.557292
0.569971
0.298315
0.715029
0.81228
0.145793
0.922415
0.465253
0.45933
0.851141
0.278676
0.447796
0.395026
0.286156
0.612648
0.429851
0.418594
0.317623
0.318242
0.576621
0.539022
0.436861
0.592691
0.491516
0.246033
0.815084
0.367576
0.454005
0.444496
0.311478
0.537733
0.417004
0.490152
0.146276
0.435716
0.470229
0.877787
0.283141
0.300186
0.49546
0.621289
0.772196
0.162453
0.134204
0.728305
0.38709
0.626128
0.45777
0.410472
0.846483
0.440652
0.874298
0.78351
0.242407
0.570231
0.326825
0.299728
0.504955
0.635507
0.230999
0.518771
0.814811
0.656053
0.870565
0.0607297
0.332139
0.447588
0.613313
0.19901
0.442399
0.328561
0.329681
0.538639
0.426685
0.466562
0.790742
0.0889715
0.546197
0.745771
0.591853
0.778033
0.487525
0.462466
0.292744
0.569024
0.447401
0.456368
0.484393
0.327791
0.842667
0.4614
0.387532
0.453345
0.213184
0.510197
0.357174
0.521801
0.842482
0.652523
0.312098
0.307375
0.452942
0.548479
0.627716
0.53238
0.539375
0.67322
0.425334
0.561418
0.486852
0.420645
0.460303
0.49327
0.0757049
0.319318
0.456114
0.717254
0.808624
0.374659
0.251011
0.489093
0.201831
0.727227
0.518234
0.94465
0.764313
0.367692
0.590523
0.708128
0.346163
0.574878
0.564067
0.364635
0.369074
0.544043
0.87659
0.555305
0.659088
0.348337
0.94881
0.316417
0.683728
0.427167
0.248039
0.522269
0.452648
0.220968
0.777211
0.404819
0.17302
0.872686
0.51218
0.611401
0.457843
0.592016
0.704631
0.625106
0.467443
0.32927
0.237502
0.110676
0.821442
0.831493
0.364337
0.362086
0.450496
0.454245
0.683521
0.516216
0.264164
0.278237
0.592882
0.560343
0.593261
0.630815
0.239668
0.39943
0.322116
0.538018
0.62546
0.362495
0.458167
0.433778
0.545079
0.515606
0.593354
0.128567
0.433109
0.512342
0.293821
0.59059
0.461174
0.450836
0.411449
0.518412
0.37363
0.819787
0.142779
0.984679
0.568891
0.604142
0.36793
0.606376
0.828102
0.484385
0.384124
0.247856
0.362449
0.801685
0.605476
0.68863
0.494872
0.574429
0.632743
0.488726
0.311532
0.83993
0.303736
0.460171
0.512884
0.458415
0.417163
0.703954
0.463739
0.754636
0.779656
0.0975987
0.0862404
0.485777
0.557828
0.419264
0.259209
0.612557
0.624173
0.470059
0.781842
0.213769
0.667693
0.607056
0.229266
0.622719
0.79717
0.525249
0.672014
0.47736
0.696998
0.427506
0.25098
0.364155
0.102556
0.39733
0.493971
0.599024
0.44412
0.340025
0.529506
0.426969
0.465342
0.283656
0.498002
0.535297
0.454355
0.631961
0.48009
0.263602
0.932602
0.637164
0.656254
0.256976
0.728515
0.411407
0.181595
0.547184
0.320183
0.221317
0.403982
0.659835
0.663221
0.610993
0.573447
0.333836
0.927037
0.574472
0.0851535
0.802737
0.144753
0.549548
0.0678584
0.325805
0.739064
0.930546
0.774261
0.770008
0.718342
0.598492
0.249211
0.532303
0.544326
0.642853
0.146243
0.454962
0.254779
0.499837
0.83247
0.624923
0.381511
0.157996
0.566363
0.561431
0.536209
0.382684
0.552511
0.284522
0.743534
0.586677
0.57195
0.620201
0.682996
0.525069
0.656226
0.336413
0.458126
0.418309
0.41784
0.317207
0.343516
0.408057
0.66929
0.470784
0.667311
0.426298
0.857434
0.930373
0.568781
0.608937
0.609457
0.345186
0.327632
0.310884
0.831209
0.671971
0.293735
0.0804145
0.818271
0.365971
0.152999
0.626388
0.234585
0.233368
0.347126
0.362651
0.583052
0.445577
0.422046
0.539779
0.437011
0.329048
0.411816
0.275056
0.72105
0.532497
0.571861
0.467396
0.724144
0.536769
0.357399
0.634675
0.29762
0.710847
0.499972
0.636732
0.835001
0.730745
0.367018
0.548078
0.650315
0.666377
0.496449
0.620134
0.765957
0.404709
0.780236
0.323596
0.390763
0.315817
0.728025
0.387307
0.513459
0.18176
0.573858
0.550806
0.556189
0.396427
0.196078
0.923488
0.427346
0.807839
0.402555
0.894115
0.582488
0.812627
0.590375
0.460169
0.846625
0.925726
0.12119
0.647344
0.270694
0.0365792
0.96044
0.365249
0.689608
0.926435
0.710697
0.596161
0.418735
0.35961
0.626419
0.239477
0.670258
0.674868
0.529408
0.735258
0.290348
0.791325
0.251334
0.766077
0.31264
0.406619
0.311688
0.387136
0.593029
0.403309
0.496574
0.360414
0.435331
0.592793
0.335768
0.769377
0.636883
0.414287
0.182527
0.666587
0.777689
0.569714
0.682632
0.557279
0.846265
0.313603
0.376203
0.947825
0.939833
0.730406
0.507849
0.488722
0.296082
0.319914
0.327738
0.417552
0.808224
0.074715
0.248222
0.558154
0.444612
0.471962
0.177655
0.557998
0.638712
0.414945
0.68512
0.346557
0.234754
0.648297
0.356743
0.473245
0.468934
0.0338927
0.286382
0.534274
0.735541
0.312834
0.600442
0.323557
0.531932
0.592144
0.748651
0.643575
0.495823
0.783116
0.49961
0.387898
0.842858
0.0815179
0.162031
0.557835
0.281981
0.31815
0.50953
0.801485
0.630664
0.121523
0.218933
0.364195
0.371546
0.82271
0.339058
0.515281
0.286625
0.395712
0.388975
0.566587
0.574604
0.464955
0.641762
0.524271
0.501593
0.5248
0.481837
0.715993
0.154857
0.504268
0.430942
0.911422
0.763837
0.673424
0.519916
0.50482
0.822222
0.626163
0.640403
0.754185
0.38936
0.187428
0.342685
0.372255
0.468832
0.581153
0.252856
0.440431
0.756561
0.558528
0.364598
0.167485
0.820325
0.424444
0.417814
0.440672
0.417117
0.51326
0.408455
0.417657
0.674286
0.653341
0.480872
0.583468
0.754958
0.523053
0.536066
0.747436
0.397731
0.0392257
0.346241
0.380877
0.865218
0.532337
0.29811
0.497068
0.855487
0.450995
0.594397
0.450827
0.325028
0.20153
0.82506
0.0857902
0.441369
0.466829
0.276745
0.583292
0.0280297
0.4618
0.181045
0.167481
0.884001
0.571158
0.809153
0.49714
0.254487
0.678469
0.402528
0.625424
0.499183
0.733721
0.38624
0.334527
0.648868
0.219928
0.643671
0.45306
0.560658
0.667569
0.33829
0.439719
0.776766
0.228958
0.350266
0.567589
0.461164
0.0629025
0.852669
0.46921
0.433057
0.893302
0.384109
0.603326
0.835646
0.593614
0.481618
0.380013
0.873133
0.512393
0.519681
0.231651
0.318502
0.493409
0.858297
0.343006
0.139121
0.157093
0.735024
0.0544578
0.606731
0.498387
0.542962
0.628192
0.652942
0.219324
0.718682
0.617958
0.500871
0.452945
0.421133
0.508768
0.24809
0.148473
0.514576
0.593721
0.595594
0.875893
0.575651
0.23086
0.31201
0.671431
0.226697
0.67383
0.791829
0.783643
0.554476
0.595809
0.710941
0.793157
0.705493
0.72702
0.302303
0.567361
0.456123
0.201885
0.169113
0.874628
0.137808
0.762678
0.322353
0.720941
0.254586
0.392295
0.774155
0.585063
0.462276
0.74958
0.537907
0.21669
0.785657
0.456366
0.780611
0.525285
0.532018
0.336241
0.642491
0.325591
0.816479
0.630775
0.883409
0.819101
0.446529
0.519748
0.535149
0.67902
0.120237
0.447709
0.633197
0.469579
0.474641
0.309956
0.371143
0.368795
0.477848
0.47682
0.165382
0.777087
0.490406
0.435922
0.137313
0.382426
0.528529
0.507847
0.414773
0.615974
0.343816
0.641448
0.423968
0.670454
0.391112
0.220803
0.487695
0.866778
0.088191
0.616607
0.565189
0.142734
0.477993
0.390567
0.363445
0.300814
0.486148
0.612143
0.819411
0.390556
0.42358
0.672791
0.0969718
0.714039
0.715999
0.78359
0.262168
0.431469
0.549116
0.517972
0.69465
0.607055
0.70047
0.312017
0.562864
0.273682
0.785756
0.260573
0.335025
0.70813
0.479604
0.348247
0.317459
0.0969239
0.47777
0.43007
0.606405
0.636114
0.0497343
0.827452
0.108937
0.846634
0.487751
0.8308
0.433169
0.500117
0.590391
0.200969
0.46743
0.538352
0.525694
0.437478
0.362678
0.23284
0.501028
0.632237
0.901874
0.569196
0.123835
0.653265
0.384652
0.454412
0.669434
0.203717
0.675079
0.333288
0.679107
0.477261
0.454892
0.663624
0.393712
0.681676
0.494076
0.438015
0.485106
0.628295
0.395225
0.0534344
0.379695
0.385702
0.787625
0.317992
0.675434
0.67189
0.841545
0.247613
0.235682
0.209837
0.742757
0.543607
0.500286
0.697276
0.411822
0.255403
0.386355
0.842188
0.272223
0.121018
0.358173
0.591328
0.26596
0.441073
0.827766
0.22991
0.584727
0.580487
0.50464
0.456301
0.229373
0.305244
0.145263
0.336417
0.529814
0.649909
0.35987
0.71824
0.15216
0.374853
0.716231
0.237705
0.389297
0.31043
0.837026
0.47294
0.675744
0.498633
0.519517
0.104668
0.787086
0.531016
0.613234
0.116327
0.578865
0.844992
0.973427
0.618266
0.389305
0.478851
0.76506
0.306141
0.374792
0.399155
0.22416
0.364435
0.566568
0.00244345
0.690367
0.301787
0.331621
0.756447
0.306552
0.255609
0.690278
0.68431
0.738419
0.229247
0.587559
0.508596
0.599015
0.0257259
0.734851
0.760116
0.970123
0.317899
0.533041
0.519934
0.494539
0.345594
0.857707
0.701146
0.470257
0.65615
0.631577
0.390352
0.20963
0.605497
0.628929
0.256977
0.133592
0.512733
0.851186
0.401914
0.153071
0.411911
0.582453
0.755234
0.846751
0.770559
0.878308
0.745972
0.77636
0.345204
0.760664
0.455302
0.487708
0.519987
0.78606
0.827688
0.327724
0.5252
0.92428
0.752865
0.664775
0.358399
0.328707
0.444814
0.431566
0.53148
0.599384
0.532149
0.616982
0.442944
0.534238
0.137622
0.415229
0.72529
0.633507
0.462754
0.697693
0.343333
0.766904
0.506843
0.304945
0.519942
0.932597
0.537925
0.363361
0.741558
0.43161
0.796503
0.412859
0.146566
0.550791
0.151172
0.58928
0.52541
0.492018
0.538533
0.436979
0.462115
0.804834
0.508079
0.634212
0.322666
0.474257
0.0560071
0.49595
0.34646
0.585031
0.670203
0.57577
0.522837
0.628094
0.621913
0.520514
0.735491
0.534618
0.527923
0.0384274
0.333321
0.417455
0.570306
0.423535
0.337067
0.769398
0.499124
0.536026
0.416876
0.512165
0.15673
0.470463
0.576705
0.309557
0.750579
0.350663
0.65725
0.452789
0.464789
0.772113
0.319886
0.895491
0.238916
0.869834
0.0998688
0.660435
0.65573
0.821632
0.417838
0.85956
0.368042
0.303693
0.614444
0.463411
0.357917
0.497534
0.623689
0.225615
0.55989
0.704327
0.326381
0.312595
0.493079
0.454671
0.425848
0.708184
0.53538
0.208895
0.363863
0.857409
0.336195
0.325018
0.345507
0.783192
0.602449
0.928528
0.467477
0.554257
0.605898
0.650153
0.74512
0.502093
0.24805
0.404856
0.509273
0.47931
0.382273
0.467293
0.694751
0.221283
0.330966
0.556025
0.468116
0.517516
0.148924
0.470776
0.44315
0.418663
0.672344
0.534109
0.40821
0.599699
0.756175
0.670858
0.540451
0.269251
0.340795
0.41576
0.507676
0.159636
0.102301
0.97169
0.159344
0.651688
0.428959
0.64799
0.684055
0.482972
0.829643
0.0903742
0.661621
0.257536
0.618397
0.670956
0.8636
0.119863
0.332493
0.238947
0.456949
0.47523
0.329688
0.639621
0.441254
0.0332083
0.373621
0.491181
0.700755
0.720564
0.754604
0.166163
0.478169
0.15436
0.606321
0.756081
0.878106
0.385585
0.567244
0.50502
0.683649
0.518171
0.298848
0.279934
0.320437
0.0777742
0.610994
0.602425
0.228398
0.649269
0.558125
0.0988096
0.202029
0.321377
0.358199
0.93233
0.435935
0.871428
0.849588
0.863368
0.563087
0.392776
0.439404
0.540576
0.399062
0.711899
0.610054
0.95786
0.40631
0.46177
0.539059
0.719185
0.0682515
0.572605
0.750478
0.335191
0.413823
0.210629
0.454555
0.232666
0.35884
0.840035
0.84548
0.489923
0.331344
0.602819
0.615454
0.518185
0.823886
0.605756
0.806508
0.491094
0.0664578
0.473249
0.859815
0.781501
0.439588
0.669375
0.335532
0.496727
0.547886
0.611933
0.76446
0.410512
0.550113
0.495864
0.456116
0.671896
0.39261
0.512935
0.826079
0.628318
0.518738
0.299094
0.418765
0.432243
0.42773
0.460468
0.790041
0.807655
0.632153
0.423468
0.777416
0.434801
0.613947
0.624029
0.423774
0.868579
0.80482
0.695527
0.433941
0.738011
0.417511
0.834445
0.531619
0.681278
0.630256
0.417403
0.447549
0.552798
0.677552
0.212694
0.507993
0.395891
0.326108
0.673984
0.405949
0.506593
0.515632
0.323394
0.725772
0.121197
0.619913
0.125685
0.65516
0.342165
0.334416
0.524818
0.556749
0.374056
0.622395
0.458683
0.684838
0.473147
0.952324
0.687321
0.321046
0.721487
0.235193
0.664502
0.465994
0.318117
0.42105
0.452048
0.462361
0.537236
0.639888
0.820815
0.537982
0.835133
0.572816
0.701801
0.245908
0.794724
0.915198
0.545344
0.641627
0.178566
0.344231
0.415941
0.775957
0.318253
0.82923
0.294728
0.195371
0.400137
0.423647
0.581195
0.629808
0.414333
0.85365
0.680245
0.411312
0.116011
0.268865
0.330247
0.405109
0.30501
0.446652
0.47224
0.348016
0.561827
0.542089
0.479992
0.477376
0.285078
0.151604
0.465163
0.696959
0.457554
0.50898
0.641314
0.264588
0.525034
0.55824
0.375073
0.599498
0.604025
0.448704
0.572281
0.295743
0.441668
0.673278
0.441479
0.29123
0.133041
0.62184
0.446617
0.380244
0.55815
0.247336
0.405418
0.870621
0.332914
0.343021
0.709338
0.674984
0.275493
0.605019
0.535615
0.48877
0.471323
0.20519
0.691415
0.446018
0.477274
0.525059
0.37462
0.757206
0.537361
0.50234
0.655348
0.821686
0.389477
0.717379
0.37679
0.170556
0.324647
0.397617
0.443529
0.834069
0.617337
0.443952
0.60999
0.341003
0.277373
0.383661
0.401247
0.545645
0.281067
0.830335
0.692891
0.341369
0.521173
0.582048
0.246249
0.0580328
0.672329
0.414756
0.63974
0.453728
0.500672
0.928737
0.556688
0.199683
0.353339
0.481618
0.784471
0.620401
0.14561
0.292359
0.549366
0.189404
0.12047
0.726308
0.456044
0.394227
0.487397
0.0722552
0.320135
0.572593
0.754231
0.298174
0.576874
0.184974
0.647985
0.323121
0.218323
0.227043
0.477505
0.768559
0.856229
0.0987644
0.622931
0.453137
0.52708
0.235209
0.543903
0.0707483
0.750484
0.167397
0.280526
0.0424636
0.621498
0.419805
0.378128
0.458726
0.362083
0.764434
0.498856
0.828969
0.276389
0.839601
0.690217
0.531598
0.449102
0.504934
0.362685
0.408069
0.295608
0.542303
0.485525
0.370565
0.717289
0.425699
0.842025
0.193557
0.134765
0.371391
0.39235
0.835324
0.566439
0.242914
0.37427
0.686286
0.689241
0.123782
0.229046
0.566764
0.462994
0.484056
0.27177
0.597602
0.919344
0.355201
0.732524
0.242834
0.610744
0.290947
0.376716
0.374372
0.484511
0.630132
0.37
0.634469
0.591489
0.69082
0.385224
0.672509
0.558411
0.513222
0.655867
0.508425
0.147553
0.632282
0.26247
0.825857
0.496835
0.599018
0.895578
0.423929
0.778021
0.58304
0.670776
0.857309
0.530243
0.376905
0.778394
0.469992
0.320563
0.486277
0.332506
0.57904
0.152844
0.228133
0.240895
0.490273
0.690735
0.372537
0.749649
0.32872
0.380081
0.351785
0.523114
0.342369
0.450627
0.424006
0.201969
0.388599
0.546407
0.416587
0.339168
0.738402
0.378728
0.788065
0.445598
0.634319
0.315214
0.73542
0.584271
0.713782
0.712885
0.436977
0.533934
0.960338
0.572792
0.759407
0.500002
0.771014
0.738241
0.370601
0.682742
0.528849
0.378205
0.688465
0.719692
0.745437
0.892008
0.458988
0.101301
0.889049
0.640942
0.495175
0.115819
0.439752
0.556969
0.721758
0.711512
0.513651
0.19823
0.658866
0.371279
0.574231
0.215573
0.841102
0.176804
0.299505
0.463882
0.906778
0.196403
0.599474
0.636497
0.705322
0.662734
0.579208
0.820547
0.259175
0.613611
0.418586
0.765562
0.279745
0.751155
0.690574
0.427251
0.675296
0.731564
0.565656
0.492861
0.601917
0.929822
0.150836
0.614087
0.597
0.430684
0.387409
0.467989
0.697933
0.579308
0.482466
0.535952
0.687005
0.381943
0.774906
0.635237
0.21679
0.379114
0.737478
0.757174
0.55857
0.320763
0.492174
0.660642
0.579625
0.554846
0.767091
0.43894
0.793512
0.497927
0.14862
0.422748
0.440727
0.38832
0.283636
0.301366
0.545431
0.229368
0.362138
0.738966
0.257193
0.412498
0.761559
0.532119
0.525008
0.966699
0.659748
0.499406
0.264091
0.213099
0.224427
0.313425
0.664265
0.310384
0.662672
0.380055
0.652028
0.25878
0.464787
0.139379
0.256652
0.387402
0.602696
0.30717
0.743981
0.681762
0.743759
0.0954048
0.869837
0.515292
0.71672
0.344778
0.468265
0.430757
0.517248
0.771747
0.82808
0.574445
0.566344
0.677134
0.424526
0.718099
0.735635
0.482876
0.06106
0.510529
0.329387
0.358032
0.339628
0.682931
0.263833
0.464671
0.616032
0.388914
0.610198
0.498836
0.710295
0.692331
0.468582
0.221264
0.630191
0.422971
0.815648
0.567108
0.429413
0.70226
0.519845
0.69342
0.560112
0.398125
0.643661
0.467699
0.692834
0.600189
0.953205
0.420318
0.465151
0.913539
0.731181
0.578198
0.483583
0.451298
0.540111
0.86662
0.141669
0.363291
0.508428
0.410588
0.43033
0.570112
0.512866
0.0867009
0.404969
0.578937
0.80633
0.571013
0.836999
0.339454
0.691227
0.397905
0.815805
0.55532
0.764011
0.1895
0.180403
0.198579
0.557487
0.234714
0.148353
0.681507
0.583188
0.491538
0.872765
0.722385
0.326924
0.355699
0.396506
0.398733
0.676386
0.683372
0.586012
0.713556
0.0604789
0.575132
0.61538
0.207213
0.255807
0.322899
0.434706
0.229514
0.866555
0.691123
0.394896
0.443714
0.409765
0.348022
0.314497
0.466077
0.238795
0.782177
0.762319
0.251749
0.713533
0.434368
0.192968
0.919663
0.576719
0.544022
0.810625
0.166278
0.421495
0.354207
0.649744
0.249947
0.43611
0.838607
0.849576
0.234776
0.787468
0.508484
0.462747
0.764823
0.555995
0.127121
0.376371
0.0965675
0.560078
0.303809
0.537469
0.449565
0.209124
0.458935
0.662758
0.442274
0.700052
0.546302
0.476134
0.462041
0.422809
0.188308
0.755472
0.775274
0.866318
0.524151
0.583633
0.515879
0.616992
0.590773
0.686875
0.397032
0.217774
0.450771
0.607096
0.0734349
0.206431
0.551036
0.692685
0.538184
0.5776
0.440429
0.505982
0.270462
0.213873
0.494299
0.233652
0.557251
0.507007
0.688224
0.54957
0.494334
0.441084
0.232855
0.618068
0.628848
0.335277
0.526275
0.538705
0.537715
0.244617
0.899848
0.521979
0.34328
0.192971
0.528014
0.948696
0.749542
0.463191
0.642066
0.203984
0.639379
0.595201
0.332445
0.290228
0.605195
0.54356
0.243634
0.711478
0.492476
0.621812
0.360253
0.485164
0.617731
0.411737
0.852503
0.375235
0.779371
0.741368
0.593627
0.554122
0.512064
0.636458
0.481587
0.389194
0.242183
0.325816
0.59169
0.412687
0.58395
0.431761
0.456437
0.77232
0.472947
0.902689
0.413383
0.573145
0.165669
0.545541
0.481326
0.509423
0.840844
0.691744
0.619711
0.548607
0.620268
0.580976
0.495608
0.667812
0.783929
0.472888
0.527203
0.256403
0.786243
0.297687
0.492249
0.286646
0.887235
0.332289
0.884462
0.717616
0.294539
0.439505
0.470377
0.33587
0.669134
0.333525
0.643699
0.349638
0.679733
0.635731
0.693751
0.541606
0.497819
0.660665
0.499098
0.648611
0.707291
0.422751
0.427008
0.37487
0.559793
0.280144
0.363913
0.558643
0.338751
0.432891
0.321569
0.5005
0.302232
0.668315
0.458155
0.324664
0.756739
0.297384
0.623076
0.483159
0.271101
0.151545
0.178753
0.625797
0.371652
0.310322
0.372245
0.547296
0.266895
0.405744
0.424054
0.786127
0.231927
0.400464
0.270993
0.187938
0.739886
0.662181
0.544555
0.359731
0.259735
0.457794
0.885725
0.429182
0.846741
0.666482
0.591719
0.386856
0.733994
0.561675
0.359664
0.527272
0.0904005
0.437679
0.536771
0.618114
0.442572
0.657499
0.806072
0.91513
0.465076
0.874169
0.631331
0.503563
0.425557
0.228695
0.55427
0.685217
0.528251
0.253491
0.0817785
0.243568
0.231458
0.510975
0.420309
0.407595
0.321564
0.172762
0.2092
0.69829
0.608233
0.295688
0.174172
0.580079
0.562436
0.476666
0.266819
0.452704
0.550991
0.369164
0.375391
0.507332
0.528333
0.719872
0.586762
0.334007
0.628275
0.634917
0.74894
0.405798
0.555523
0.710743
0.228056
0.678288
0.508771
0.465586
0.273292
0.531339
0.574212
0.683224
0.297708
0.643345
0.610338
0.331487
0.652508
0.12645
0.601938
0.643778
0.616768
0.864524
0.293229
0.252649
0.344228
0.483931
0.617084
0.440243
0.403229
0.25044
0.519368
0.621213
0.315456
0.423884
0.734394
0.599491
0.643652
0.215473
0.399578
0.441071
0.197995
0.980928
0.104373
0.48076
0.825389
0.145909
0.550615
0.531608
0.515417
0.598475
0.45843
0.291535
0.201267
0.396589
0.683893
0.742439
0.653442
0.126981
0.721653
0.512852
0.758629
0.614957
0.347776
0.226001
0.745602
0.423008
0.615085
0.780899
0.56459
0.689378
0.745308
0.314885
0.646058
0.34601
0.669378
0.771798
0.159387
0.118593
0.549258
0.550777
0.661459
0.449683
0.571695
0.636425
0.669706
0.599192
0.636349
0.411889
0.213696
0.664779
0.767745
0.532166
0.313849
0.627988
0.662566
0.285746
0.605453
0.270249
0.240812
0.29846
0.470621
0.416141
0.401382
0.734212
0.560409
0.449587
0.389672
0.323023
0.483821
0.911947
0.766821
0.0976296
0.709971
0.729259
0.42725
0.145623
0.874192
0.729127
0.443191
0.484943
0.198423
0.596086
0.221912
0.84627
0.130729
0.777513
0.543397
0.196682
0.578351
0.590453
0.503257
0.26471
0.753196
0.39301
0.217682
0.627685
0.668229
0.67223
0.854282
0.598098
0.717746
0.263688
0.634687
0.696429
0.544039
0.656265
0.411809
0.423709
0.537511
0.448898
0.756706
0.347853
0.836798
0.514341
0.197024
0.193581
0.590035
0.288285
0.330993
0.176533
0.507869
0.840454
0.498034
0.247953
0.38343
0.497557
0.519018
0.217105
0.273927
0.776303
0.726287
0.394378
0.433127
0.747908
0.0855374
0.448786
0.353466
0.693859
0.168754
0.599387
0.921099
0.52595
0.569347
0.560896
0.206705
0.931884
0.557735
0.339573
0.309422
0.571045
0.857607
0.526226
0.440781
0.883286
0.380161
0.658973
0.580074
0.186899
0.585602
0.529157
0.552105
0.230177
0.348283
0.479632
0.772808
0.7243
0.283816
0.795377
0.177741
0.623511
0.453606
0.712205
0.493013
0.531876
0.694199
0.370096
0.527704
0.604173
0.525952
0.21349
0.561411
0.671741
0.677495
0.391615
0.170033
0.56241
0.719526
0.637759
0.977482
0.196914
0.633511
0.907132
0.340525
0.532452
0.847856
0.228761
0.368474
0.787375
0.356204
0.277661
0.449006
0.619223
0.489489
0.59927
0.595897
0.541645
0.745449
0.218941
0.454004
0.854004
0.286308
0.54507
0.191351
0.22075
0.297378
0.525196
0.777707
0.275927
0.35636
0.440221
0.293581
0.741463
0.295159
0.522643
0.433083
0.536173
0.243051
0.260516
0.75863
0.715679
0.622084
0.799602
0.535028
0.321749
0.322603
0.781973
0.614953
0.332814
0.618853
0.7601
0.367427
0.895726
0.591624
0.501258
0.535388
0.382093
0.406917
0.547829
0.677994
0.550798
0.756698
0.324907
0.497839
0.211607
0.599763
0.887347
0.372771
0.27305
0.0478365
0.57422
0.30656
0.421014
0.324012
0.389385
0.282164
0.412815
0.67769
0.352701
0.645908
0.584753
0.47221
0.367145
0.670382
0.659467
0.368384
0.82293
0.338439
0.802657
0.109181
0.710454
0.660162
0.617063
0.867856
0.439724
0.479233
0.874827
0.453816
0.86466
0.244654
0.777679
0.377576
0.68648
0.118302
0.897655
0.358183
0.461136
0.558334
0.68933
0.313505
0.361561
0.662981
0.577858
0.705823
0.146268
0.578828
0.615343
0.322198
0.461609
0.172157
0.56141
0.65111
0.655812
0.431524
0.482062
0.473896
0.708658
0.71422
0.0742398
0.621552
0.68148
0.968831
0.911757
0.554496
0.767914
0.460616
0.171569
0.504903
0.576639
0.295984
0.137617
0.878283
0.703096
0.686858
0.892772
0.442974
0.447999
0.915247
0.597687
0.543278
0.216185
0.852897
0.618624
0.653992
0.680162
0.660404
0.50465
0.551092
0.718488
0.434704
0.42782
0.205416
0.4399
0.0934077
0.688303
0.213157
0.279864
0.678948
0.249636
0.659057
0.207057
0.535062
0.507619
0.765209
0.503004
0.452654
0.609606
0.510388
0.378928
0.401611
0.629258
0.1119
0.369632
0.359693
0.76509
0.843924
0.495
0.519112
0.469417
0.123405
0.605512
0.796004
0.527618
0.626534
0.128933
0.587465
0.595876
0.905918
0.611116
0.615406
0.568865
0.560574
0.494651
0.465981
0.387128
0.467884
0.504857
0.577884
0.507153
0.418708
0.813419
0.452352
0.74547
0.203873
0.825728
0.252216
0.57134
0.282287
0.488779
0.226907
0.16091
0.617948
0.442256
0.544825
0.638977
0.605179
0.636226
0.634027
0.422793
0.70841
0.71462
0.526724
0.445614
0.524902
0.514495
0.472589
0.275999
0.435798
0.456821
0.230436
0.262113
0.842956
0.405332
0.467329
0.8186
0.696015
0.745774
0.588754
0.336862
0.596211
0.488626
0.59297
0.437845
0.720454
0.624203
0.687225
0.399754
0.641242
0.259782
0.423029
0.58135
0.325001
0.244207
0.50223
0.524807
0.673471
0.0361998
0.675141
0.160367
0.429797
0.498372
0.296531
0.648304
0.603008
0.0997421
0.624797
0.382016
0.771614
0.685312
0.344171
0.539323
0.709045
0.522064
0.55937
0.307334
0.230745
0.256506
0.656586
0.519537
0.4947
0.219677
0.44429
0.432039
0.694266
0.19131
0.381818
0.729157
0.664166
0.785627
0.473261
0.0868713
0.877548
0.547019
0.548701
0.735888
0.14406
0.644656
0.174377
0.454389
0.525898
0.730844
0.327882
0.283784
0.570826
0.578725
0.744032
0.499095
0.418205
0.540706
0.481579
0.978865
0.666085
0.669779
0.780476
0.607767
0.0944573
0.521681
0.673917
0.70838
0.421793
0.706612
0.588919
0.736868
0.229015
0.685017
0.813751
0.590586
0.517097
0.602732
0.730025
0.363917
0.571509
0.636552
0.60182
0.751922
0.388747
0.372075
0.483709
0.53968
0.377243
0.661453
0.454136
0.228445
0.876952
0.709466
0.400073
0.338075
0.74897
0.31211
0.473455
0.288416
0.868549
0.722679
0.609393
0.500654
0.311921
0.54609
0.64073
0.472897
0.359362
0.362999
0.562999
0.572538
0.643965
0.461014
0.398403
0.151246
0.357626
0.601129
0.376949
0.826684
0.382765
0.173226
0.797417
0.388373
0.0503498
0.395346
0.450354
0.273357
0.431814
0.387143
0.379833
0.420648
0.154491
0.498763
0.530243
0.551683
0.687222
0.702151
0.468903
0.537317
0.874825
0.652574
0.394829
0.500156
0.707134
0.703926
0.538505
0.664316
0.390376
0.712169
0.327063
0.702973
0.745642
0.387049
0.333781
0.947351
0.291286
0.252977
0.550347
0.309078
0.57308
0.455804
0.41489
0.631121
0.388003
0.202926
0.298274
0.420785
0.504572
0.550015
0.295714
0.531559
0.31465
0.548384
0.690284
0.848853
0.558699
0.442816
0.349423
0.397965
0.34847
0.660468
0.585096
0.0308956
0.668178
0.25721
0.652751
0.461905
0.3672
0.788583
0.583806
0.409993
0.864412
0.748309
0.440875
0.469757
0.866267
0.768077
0.854511
0.570383
0.857792
0.198123
0.344759
0.495769
0.457667
0.48888
0.450343
0.427111
0.435627
0.46977
0.0828494
0.332513
0.272415
0.672001
0.292792
0.766506
0.09958
0.767981
0.278986
0.755608
0.688429
0.500773
0.492178
0.434366
0.364471
0.652789
0.578412
0.459581
0.305731
0.653692
0.677161
0.468716
0.640341
0.353259
0.233751
0.461748
0.590839
0.285758
0.505164
0.474031
0.119643
0.428143
0.332835
0.270991
0.612217
0.505172
0.0255671
0.533782
0.591427
0.320337
0.340249
0.118294
0.788677
0.892261
0.567571
0.458189
0.604407
0.852006
0.624473
0.545932
0.572577
0.607528
0.32459
0.664054
0.400785
0.707267
0.642494
0.652169
0.489728
0.635682
0.30705
0.483551
0.542692
0.449284
0.453762
0.288353
0.457852
0.212525
0.335475
0.698841
0.653136
0.618673
0.735375
0.505278
0.805484
0.481585
0.245727
0.5994
0.693329
0.460074
0.470344
0.545687
0.91319
0.427349
0.478284
0.858919
0.198263
0.323773
0.480846
0.179795
0.39897
0.631994
0.723421
0.528664
0.89241
0.28925
0.478313
0.680702
0.269731
0.40247
0.294178
0.444163
0.607435
0.557525
0.302238
0.236577
0.460696
0.314825
0.398985
0.342103
0.92377
0.659174
0.519592
0.596478
0.184627
0.722637
0.485821
0.484302
0.457955
0.524902
0.556693
0.2467
0.512737
0.776439
0.329778
0.585638
0.717596
0.965529
0.535434
0.414504
0.609174
0.500995
0.535913
0.342805
0.445828
0.608286
0.485727
0.696125
0.540932
0.477321
0.629253
0.360785
0.377159
0.836278
0.10604
0.605909
0.585086
0.176319
0.403841
0.773884
0.826557
0.277996
0.243914
0.343484
0.455212
0.490884
0.202678
0.358234
0.533674
0.393754
0.768313
0.575809
0.368876
0.513389
0.800463
0.432625
0.684066
0.205928
0.505704
0.530996
0.378053
0.605395
0.560978
0.844536
0.529286
0.219863
0.41173
0.70078
0.384375
0.306476
0.541013
0.83825
0.527742
0.582334
0.150352
0.448498
0.761053
0.629033
0.2127
0.601926
0.428171
0.524426
0.75234
0.819466
0.503373
0.285961
0.476126
0.290495
0.217613
0.635717
0.524982
0.350619
0.329632
0.398064
0.13411
0.321267
0.355776
0.516633
0.384891
0.176298
0.65438
0.728072
0.501003
0.739116
0.717635
0.355852
0.285778
0.727056
0.355863
0.488148
0.817409
0.448118
0.666175
0.479631
0.413078
0.318348
0.259518
0.267756
0.642681
0.606523
0.67712
0.919935
0.31729
0.925999
0.25942
0.628764
0.897076
0.981929
0.437553
0.548235
0.657915
0.445304
0.499533
0.414664
0.225445
0.563538
0.340278
0.821857
0.22987
0.730658
0.536659
0.820768
0.854334
0.228363
0.295813
0.189759
0.444236
0.712567
0.406941
0.772275
0.614358
0.258273
0.783888
0.204598
0.935239
0.388934
0.517818
0.157068
0.299746
0.504734
0.0663118
0.38798
0.465318
0.987484
0.287284
0.960128
0.53691
0.498139
0.483098
0.395752
0.800169
0.596206
0.452343
0.346428
0.333929
0.298584
0.253715
0.530221
0.725631
0.558691
0.468525
0.739195
0.482807
0.38498
0.70534
0.146173
0.378297
0.431238
0.422343
0.4404
0.486401
0.37937
0.349985
0.497561
0.0617125
0.298594
0.378564
0.84037
0.681871
0.403324
0.732381
0.571749
0.720058
0.245225
0.584166
0.263375
0.232546
0.863289
0.470484
0.458171
0.241164
0.278967
0.450871
0.496086
0.16007
0.461771
0.910489
0.798299
0.260752
0.00395247
0.738101
0.545762
0.588706
0.23122
0.318213
0.363773
0.139776
0.339677
0.35826
0.675054
0.873675
0.387496
0.528735
0.309593
0.786725
0.0830828
0.226203
0.260291
0.285401
0.299793
0.476164
0.649224
0.49678
0.610536
0.574768
0.520131
0.921541
0.373884
0.525407
0.498504
0.479685
0.516572
0.658249
0.661444
0.518672
0.645584
0.0278106
0.635228
0.248219
0.486278
0.76568
0.489311
0.835511
0.381282
0.522562
0.421276
0.539135
0.698204
0.465814
0.528007
0.779546
0.482435
0.50571
0.63417
0.438446
0.554655
0.505661
0.699843
0.448945
0.490887
0.188692
0.254925
0.382936
0.036258
0.784471
0.608749
0.761631
0.491897
0.168239
0.259077
0.209753
0.977668
0.325024
0.475467
0.343379
0.711746
0.429525
0.457759
0.425994
0.561293
0.66412
0.771226
0.346834
0.606798
0.604454
0.435701
0.370115
0.325913
0.58412
0.0967856
0.873301
0.740894
0.406941
0.133027
0.437073
0.487062
0.60744
0.353709
0.669201
0.247944
0.167072
0.117729
0.539063
0.86606
0.67585
0.254753
0.269058
0.676608
0.386019
0.595689
0.473725
0.724551
0.436466
0.72024
0.25689
0.513927
0.233579
0.705122
0.371692
0.301451
0.556308
0.707292
0.317889
0.184787
0.410212
0.642319
0.895362
0.849141
0.487293
0.518806
0.252258
0.824082
0.295465
0.665568
0.360772
0.465827
0.103544
0.639033
0.623076
0.618465
0.304638
0.52412
0.454431
0.520896
0.632897
0.642648
0.710081
0.514547
0.375582
0.359075
0.217009
0.47018
0.304453
0.224181
0.441225
0.590434
0.507501
0.623077
0.465736
0.357978
0.134094
0.394686
0.473899
0.387461
0.273626
0.0656727
0.32741
0.302725
0.269791
0.392512
0.597676
0.49901
0.229642
0.831227
0.553866
0.26318
0.318616
0.855075
0.63048
0.213283
0.639747
0.216255
0.291789
0.382003
0.0773132
0.29848
0.480026
0.506906
0.442204
0.133058
0.478761
0.203598
0.588309
0.451883
0.542417
0.186236
0.376281
0.326534
0.537387
0.563106
0.44304
0.493465
0.609789
0.473247
0.692431
0.391031
0.539401
0.943409
0.254464
0.734893
0.458842
0.332877
0.36761
0.63413
0.511619
0.597028
0.220646
0.801139
0.292175
0.338697
0.247588
0.834225
0.555609
0.229791
0.701269
0.852536
0.704269
0.373792
0.538144
0.438777
0.452955
0.54314
0.728974
0.895951
0.343998
0.463717
0.567008
0.750113
0.427997
0.431959
0.877382
0.731937
0.945564
0.538411
0.238432
0.645659
0.739913
0.634792
0.407678
0.584752
0.8997
0.419944
0.602261
0.879458
0.276022
0.633328
0.11564
0.462105
0.537038
0.33296
0.459389
0.511874
0.818185
0.598035
0.800982
0.791529
0.795512
0.234706
0.425452
0.514336
0.154174
0.1768
0.280881
0.380225
0.443662
0.261521
0.374663
0.596012
0.705886
0.423476
0.869574
0.245276
0.531732
0.588644
0.18564
0.79928
0.346285
0.66318
0.745896
0.361095
0.242412
0.500235
0.711113
0.41087
0.576928
0.591251
0.630622
0.870982
0.313129
0.466474
0.393385
0.735559
0.237972
0.40271
0.19551
0.309675
0.701735
0.524616
0.947417
0.279286
0.42252
0.249126
0.625906
0.38375
0.167479
0.260871
0.533418
0.38857
0.767192
0.319737
0.758782
0.85677
0.439144
0.689998
0.340808
0.893098
0.790789
0.343724
0.218094
0.586035
0.642211
0.82947
0.505439
0.798362
0.45293
0.310496
0.96933
0.257828
0.656934
0.765101
0.281933
0.575228
0.604533
0.204873
0.21512
0.868012
0.579195
0.505001
0.393035
0.593286
0.502015
0.554028
0.553786
0.494874
0.456025
0.41873
0.477832
0.244895
0.557092
0.0830826
0.322707
0.411069
0.467646
0.558546
0.560729
0.306761
0.494049
0.776212
0.548374
0.581561
0.227931
0.659592
0.46305
0.085948
0.586349
0.140146
0.425005
0.594418
0.375149
0.615923
0.579147
0.39718
0.644474
0.466936
0.743608
0.571349
0.124853
0.229237
0.438871
0.918327
0.426852
0.392865
0.193351
0.604844
0.456821
0.527186
0.478317
0.470926
0.145759
0.550378
0.957123
0.268811
0.107892
0.448135
0.440674
0.272645
0.740066
0.109899
0.523164
0.249563
0.542589
0.689264
0.329091
0.708522
0.586707
0.508423
0.134626
0.644056
0.573399
0.514862
0.333416
0.667902
0.322743
0.661742
0.798958
0.472219
0.802592
0.821713
0.652686
0.493903
0.449894
0.457198
0.278972
0.45029
0.557439
0.258426
0.635244
0.592319
0.393424
0.323822
0.487481
0.0719976
0.490717
0.695603
0.65836
0.746813
0.187233
0.676741
0.707368
0.544489
0.51838
0.343708
0.169225
0.687294
0.457063
0.53273
0.55898
0.625867
0.766249
0.315519
0.309204
0.458329
0.373656
0.093781
0.636699
0.911207
0.697621
0.930031
0.543205
0.634493
0.747775
0.595565
0.73659
0.613946
0.593655
0.554695
0.716065
0.429507
0.438929
0.217658
0.59698
0.3895
0.558423
0.282856
0.457795
0.746056
0.249709
0.352414
0.573851
0.247994
0.220487
0.743274
0.359593
0.713154
0.477585
0.529356
0.672933
0.602983
0.802886
0.8386
0.342475
0.257933
0.29605
0.791953
0.860345
0.503028
0.733413
0.209684
0.140409
0.758728
0.13699
0.823672
0.573691
0.0930101
0.467037
0.722583
0.319831
0.326344
0.246141
0.620168
0.355461
0.352061
0.192373
0.275151
0.257403
0.260358
0.583527
0.504496
0.0306235
0.654974
0.594048
0.220092
0.497911
0.727363
0.740732
0.782209
0.350286
0.203974
0.842858
0.201326
0.914154
0.207993
0.546906
0.333231
0.523288
0.377736
0.48558
0.200581
0.0907123
0.759631
0.535354
0.437367
0.557618
0.544501
0.406317
0.591044
0.853475
0.641671
0.442604
0.13033
0.33351
0.386184
0.531251
0.494987
0.366784
0.850188
0.411818
0.387169
0.330109
0.280348
0.448684
0.242205
0.720087
0.108922
0.572424
0.429955
0.42758
0.286905
0.616229
0.726176
0.425965
0.863432
0.667842
0.456611
0.206524
0.786435
0.327039
0.454783
0.751411
0.825288
0.403183
0.0877684
0.666588
0.316991
0.606947
0.592511
0.30424
0.613207
0.184795
0.328503
0.286137
0.656261
0.714381
0.790954
0.296493
0.537969
0.423522
0.341847
0.344869
0.695971
0.414948
0.104547
0.406726
0.0780142
0.573573
0.330945
0.93124
0.155396
0.20254
0.288357
0.663046
0.592595
0.578844
0.826717
0.556583
0.68086
0.138855
0.274851
0.268776
0.31934
0.398601
0.17793
0.797786
0.378096
0.483201
0.126473
0.292622
0.203128
0.284374
0.540521
0.390417
0.32434
0.284458
0.760944
0.145217
0.603124
0.479952
0.163071
0.194154
0.607044
0.107067
0.246132
0.763912
0.424879
0.516347
0.7653
0.452413
0.436064
0.562937
0.461375
0.427704
0.224339
0.273601
0.306445
0.768035
0.37622
0.82113
0.422146
0.124158
0.330661
0.481319
0.440413
0.716917
0.747084
0.267203
0.564909
0.890208
0.534702
0.329795
0.454575
0.521451
0.736886
0.484085
0.789065
0.54871
0.390055
0.363604
0.489072
0.205661
0.277403
0.726365
0.552851
0.262622
0.67351
0.329553
0.833527
0.153893
0.226708
0.0598545
0.320061
0.828687
0.0518134
0.650834
0.598006
0.49496
0.906658
0.838322
0.654489
0.632492
0.5016
0.699292
0.555138
0.233584
0.541994
0.689246
0.758932
0.186779
0.529378
0.537647
0.450246
0.551043
0.647921
0.680485
0.255664
0.674881
0.738433
0.803574
0.576366
0.196871
0.41306
0.339731
0.505233
0.421165
0.289532
0.407497
0.411043
0.393504
0.624627
0.698615
0.760462
0.710347
0.802304
0.715981
0.611763
0.175738
0.182725
0.533353
0.452536
0.377561
0.244167
0.392594
0.166903
0.586878
0.750628
0.473794
0.406037
0.591056
0.353678
0.568114
0.499079
0.653447
0.58792
0.652755
0.779813
0.24939
0.645185
0.51196
0.317751
0.560344
0.613374
0.567514
0.530552
0.41501
0.541649
0.476715
0.517985
0.448302
0.244438
0.325335
0.195936
0.206076
0.682518
0.387621
0.422218
0.255553
0.560214
0.944901
0.794249
0.568412
0.453525
0.548919
0.661927
0.525539
0.834793
0.885529
0.637316
0.349467
0.78528
0.538915
0.496056
0.602578
0.487827
0.47605
0.853646
0.0961435
0.76754
0.465628
0.363096
0.637338
0.499215
0.915213
0.418657
0.498383
0.126031
0.754929
0.463674
0.323995
0.334773
0.515501
0.488853
0.400376
0.608685
0.643006
0.170536
0.290968
0.429766
0.862234
0.836837
0.30128
0.828183
0.545063
0.562803
0.567081
0.277175
0.559824
0.184018
0.267304
0.607671
0.472108
0.381362
0.545047
0.667579
0.737066
0.227915
0.177055
0.376519
0.667714
0.702282
0.864141
0.627519
0.483341
0.660896
0.222004
0.163013
0.636626
0.625116
0.633934
0.603226
0.387593
0.477265
0.0839586
0.730839
0.237087
0.272975
0.420966
0.936586
0.351971
0.365543
0.211413
0.406241
0.508763
0.401241
0.420241
0.18021
0.352006
0.482831
0.116646
0.642735
0.908135
0.411803
0.233403
0.798503
0.815191
0.408135
0.615447
0.370234
0.623235
0.569679
0.675478
0.301579
0.289844
0.57151
0.431347
0.175487
0.139615
0.718912
0.53206
0.358925
0.0761351
0.455916
0.586223
0.360678
0.729392
0.294602
0.18881
0.439669
0.491141
0.368656
0.499159
0.427086
0.535281
0.42796
0.555137
0.526336
0.439809
0.579261
0.715426
0.530656
0.921466
0.441256
0.703954
0.448968
0.463709
0.620715
0.687473
0.456381
0.263191
0.529529
0.649369
0.386477
0.439434
0.550875
0.529787
0.158351
0.346949
0.425944
0.68419
0.582111
0.598545
0.470981
0.669514
0.412353
0.553144
0.347664
0.699115
0.319904
0.0409142
0.598112
0.814696
0.12789
0.49309
0.0191187
0.405499
0.208992
0.413359
0.188477
0.162017
0.36651
0.772244
0.569535
0.383548
0.322661
0.925429
0.108416
0.265929
0.113295
0.551519
0.601615
0.377833
0.739008
0.87423
0.349964
0.49102
0.848411
0.578583
0.728227
0.761992
0.530088
0.350152
0.287894
0.469515
0.465573
0.360994
0.373996
0.594499
0.746425
0.795386
0.475069
0.485782
0.584313
0.653057
0.638652
0.687368
0.94375
0.587094
0.27301
0.70971
0.302924
0.42828
0.519031
0.609677
0.798866
0.317111
0.614545
0.700838
0.438945
0.509297
0.286586
0.547774
0.861486
0.440067
0.695403
0.605115
0.804079
0.527142
0.317295
0.944058
0.488934
0.961772
0.391651
0.46616
0.560403
0.381736
0.670834
0.836187
0.510592
0.339782
0.699829
0.5729
0.704756
0.375476
0.215894
0.818611
0.668945
0.267977
0.496663
0.265457
0.228173
0.191791
0.098516
0.0482888
0.384124
0.517065
0.915237
0.621169
0.497246
0.890549
0.350317
0.71647
0.388801
0.502855
0.634498
0.4426
0.40428
0.592178
0.433483
0.408419
0.780326
0.754198
0.878957
0.969442
0.333125
0.522383
0.51941
0.772949
0.536976
0.452459
0.425479
0.736158
0.487559
0.589345
0.297853
0.423651
0.545183
0.21439
0.414023
0.497261
0.629088
0.665247
0.613478
0.493683
0.184636
0.790299
0.259212
0.142081
0.771053
0.244038
0.226674
0.765998
0.518103
0.849365
0.459613
0.520926
0.875906
0.647282
0.49551
0.300892
0.632879
0.523996
0.101593
0.604483
0.102536
0.449983
0.275712
0.982735
0.680714
0.385086
0.354626
0.398352
0.650517
0.798253
0.335529
0.407771
0.663101
0.520064
0.254942
0.534576
0.74816
0.290702
0.582366
0.534854
0.508801
0.385593
0.574368
0.962055
0.831231
0.595421
0.398067
0.521003
0.490486
0.10681
0.571259
0.657706
0.959226
0.474444
0.879704
0.663641
0.527355
0.894971
0.420377
0.280255
0.516064
0.387542
0.282769
0.371402
0.920625
0.255373
0.618606
0.188526
0.242083
0.347252
0.463628
0.585377
0.568751
0.657447
0.163365
0.246114
0.644205
0.696991
0.618116
0.572673
0.209256
0.338871
0.800611
0.334297
0.331152
0.484147
0.113158
0.514165
0.234053
0.415601
0.639287
0.495094
0.320592
0.600011
0.208272
0.808307
0.625127
0.469684
0.429106
0.126303
0.365071
0.358437
0.46385
0.512885
0.557446
0.786717
0.798537
0.650438
0.343629
0.185088
0.13307
0.34659
0.715994
0.414862
0.749876
0.579399
0.765966
0.589161
0.834334
0.672268
0.873783
0.217244
0.208266
0.396782
0.436019
0.58945
0.801099
0.383747
0.77773
0.589652
0.421549
0.679683
0.321853
0.266641
0.505971
0.618098
0.389268
0.515389
0.507826
0.381884
0.678719
0.113688
0.455942
0.215206
0.526571
0.629156
0.447595
0.200289
0.472158
0.856176
0.955649
0.346542
0.455262
0.461842
0.817341
0.446486
0.648035
0.914511
0.135519
0.234985
0.474482
0.538106
0.561464
0.345312
0.296365
0.179849
0.54169
0.387599
0.545204
0.498609
0.599401
0.682295
0.255821
0.275612
0.584564
0.76321
0.507644
0.418778
0.56484
0.721849
0.205785
0.476469
0.142891
0.796682
0.434672
0.495986
0.473879
0.318093
0.292822
0.456675
0.620228
0.201752
0.668076
0.277012
0.619023
0.640176
0.338459
0.539623
0.250686
0.474312
0.0845609
0.0976526
0.485878
0.433972
0.675131
0.620494
0.450802
0.517993
0.63837
0.406377
0.489436
0.242037
0.657178
0.433873
0.514438
0.313953
0.727381
0.643884
0.8268
0.503686
0.893772
0.338223
0.447569
0.556716
0.929565
0.350444
0.743257
0.457071
0.250631
0.289062
0.739843
0.177961
0.656692
0.672898
0.508539
0.265141
0.167416
0.172752
0.369778
0.680118
0.772131
0.443194
0.400177
0.787353
0.837674
0.67275
0.340479
0.70166
0.719654
0.500324
0.490801
0.419003
0.298207
0.340204
0.542748
0.735952
0.710087
0.427551
0.536278
0.420069
0.474733
0.540777
0.24246
0.425546
0.512708
0.376791
0.761548
0.155426
0.23073
0.949559
0.489088
0.353789
0.898246
0.152031
0.341045
0.66831
0.466322
0.765952
0.742231
0.255615
0.280378
0.22365
0.87057
0.508915
0.814093
0.320403
0.513053
0.56941
0.102577
0.345528
0.627495
0.23999
0.478695
0.244858
0.317476
0.25181
0.517202
0.446813
0.416174
0.54131
0.267136
0.378804
0.738019
0.777319
0.903697
0.470218
0.795432
0.3349
0.356612
0.582795
0.391158
0.744607
0.77278
0.328726
0.485008
0.35289
0.346766
0.63131
0.597078
0.511384
0.603489
0.152586
0.747833
0.569868
0.643243
0.35684
0.548685
0.279706
0.659963
0.498455
0.545004
0.42161
0.71942
0.21707
0.776771
0.5536
0.334841
0.692584
0.260352
0.732065
0.803187
0.45703
0.208191
0.39087
0.0661441
0.479908
0.791447
0.270461
0.535646
0.538089
0.613933
0.37098
0.874515
0.650914
0.303953
0.36042
0.648618
0.505676
0.743957
0.200867
0.567698
0.318178
0.446169
0.462946
0.707815
0.467595
0.445673
0.38057
0.659134
0.514426
0.320667
0.655166
0.468564
0.354803
0.562943
0.350553
0.54753
0.784009
0.509869
0.426697
0.390956
0.136546
0.41247
0.542587
0.504303
0.439656
0.952472
0.215515
0.361295
0.661705
0.634456
0.256073
0.515752
0.15639
0.467557
0.105204
0.166715
0.298246
0.214403
0.781684
0.526846
0.574475
0.723301
0.60545
0.269854
0.542635
0.472934
0.694188
0.133493
0.583272
0.447124
0.437672
0.430442
0.2711
0.320499
0.236342
0.270176
0.457874
0.174176
0.247647
0.220699
0.804617
0.57386
0.215725
0.439821
0.52041
0.331034
0.66701
0.481398
0.459485
0.131208
0.836381
0.032782
0.497867
0.951462
0.14552
0.765479
0.255381
0.302803
0.387158
0.281803
0.248334
0.321147
0.475933
0.316092
0.45275
0.594006
0.208603
0.89985
0.527521
0.848248
0.433395
0.625929
0.591425
0.737577
0.360306
0.447677
0.467439
0.456661
0.451199
0.124741
0.202339
0.272118
0.410553
0.478
0.439112
0.798857
0.254802
0.541893
0.864204
0.463532
0.770166
0.503162
0.471201
0.0851813
0.375966
0.490853
0.277042
0.366373
0.492413
0.833155
0.396405
0.826477
0.468899
0.822472
0.524435
0.321966
0.460857
0.830883
0.397525
0.286916
0.350278
0.293941
0.696368
0.190172
0.387014
0.131531
0.62506
0.443914
0.185017
0.100297
0.544542
0.111662
0.539705
0.872925
0.558209
0.251994
0.23967
0.315352
0.342042
0.597596
0.627974
0.483751
0.281161
0.507482
0.625328
0.288924
0.119211
0.243554
0.75944
0.576513
0.346538
0.110911
0.451902
0.0472333
0.447634
0.364628
0.395968
0.492093
0.897873
0.0240006
0.815646
0.74336
0.44408
0.348513
0.728527
0.542814
0.723
0.718096
0.541821
0.204613
0.166302
0.523505
0.393112
0.500849
0.410221
0.410932
0.604345
0.623707
0.572547
0.338259
0.449612
0.37887
0.279133
0.388609
0.644338
0.440611
0.71667
0.650191
0.545481
0.549818
0.757994
0.709639
0.509403
0.461939
0.350712
0.419401
0.686108
0.252644
0.379487
0.587959
0.735544
0.264775
0.606827
0.104981
0.533747
0.530926
0.566778
0.751762
0.893578
0.431792
0.430433
0.5606
0.156888
0.651207
0.381721
0.575046
0.221936
0.664541
0.436449
0.726225
0.651944
0.547962
0.40711
0.77873
0.467699
0.821796
0.360516
0.412858
0.559121
0.342035
0.934821
0.498235
0.35778
0.429816
0.277049
0.477177
0.49436
0.479449
0.631758
0.514391
0.62209
0.711412
0.256025
0.682928
0.419216
0.537443
0.35544
0.444548
0.490595
0.180687
0.630352
0.545974
0.470548
0.244631
0.791128
0.190769
0.586115
0.350316
0.54572
0.459853
0.271904
0.762135
0.582366
0.441979
0.634757
0.598262
0.464792
0.398733
0.648467
0.272591
0.626792
0.526944
0.415846
0.240785
0.297616
0.494632
0.16744
0.423883
0.709118
0.414948
0.373236
0.358624
0.830137
0.285781
0.425747
0.174493
0.643142
0.161062
0.809866
0.423229
0.122672
0.433006
0.506927
0.587335
0.59466
0.592861
0.587454
0.769917
0.550239
0.701
0.529081
0.618948
0.257175
0.535467
0.253182
0.464831
0.656601
0.501369
0.705772
0.450937
0.552248
0.371809
0.515267
0.11256
0.493907
0.294308
0.341732
0.410504
0.526395
0.234953
0.489276
0.651324
0.619807
0.645809
0.685261
0.526992
0.116391
0.629388
0.637074
0.682574
0.423906
0.737254
0.0591841
0.271263
0.454845
0.27815
0.320273
0.381889
0.455447
0.624273
0.192261
0.524837
0.387952
0.49264
0.390053
0.538052
0.424082
0.54175
0.172896
0.825622
0.37726
0.362031
0.735241
0.267173
0.545617
0.551848
0.447048
0.437145
0.457359
0.559125
0.710514
0.448736
0.404608
0.831917
0.282198
0.788138
0.421348
0.559542
0.866605
0.430441
0.505664
0.399181
0.61926
0.329358
0.905954
0.571114
0.404386
0.54873
0.685362
0.56906
0.734303
0.354524
0.548196
0.470359
0.2747
0.511846
0.55662
0.444014
0.63197
0.332236
0.385452
0.542909
0.345826
0.692334
0.657424
0.229774
0.0924491
0.295759
0.670802
0.824771
0.560439
0.375827
0.475769
0.175848
0.793895
0.337538
0.775544
0.341289
0.503952
0.513008
0.522702
0.437164
0.43216
0.255331
0.850727
0.540687
0.806107
0.52163
0.625328
0.153731
0.759716
0.396825
0.419607
0.719073
0.297697
0.685449
0.611675
0.545197
0.465639
0.749609
0.572875
0.733765
0.344285
0.196961
0.559262
0.317169
0.818536
0.323391
0.438551
0.301825
0.2788
0.39081
0.279276
0.676179
0.494282
0.371323
0.598403
0.680673
0.354893
0.214751
0.208216
0.750168
0.510452
0.497312
0.122785
0.527661
0.142908
0.485027
0.878883
0.711356
0.689315
0.196191
0.895746
0.735467
0.790364
0.473057
0.642585
0.398393
0.571263
0.873631
0.402309
0.540203
0.568812
0.370285
0.314448
0.734636
0.700562
0.392655
0.649775
0.1991
0.128939
0.178087
0.413691
0.239459
0.20529
0.193655
0.394936
0.534645
0.885807
0.569598
0.670745
0.429443
0.593334
0.0347478
0.349077
0.642055
0.456086
0.270342
0.4731
0.406344
0.686335
0.899389
0.532628
0.556946
0.569171
0.504525
0.421742
0.928693
0.613441
0.618083
0.451359
0.180097
0.374046
0.553893
0.670059
0.263925
0.286754
0.751087
0.765971
0.256151
0.563777
0.475998
0.217101
0.117891
0.280336
0.778975
0.626981
0.203162
0.239508
0.528776
0.327053
0.438642
0.534661
0.647933
0.846761
0.589835
0.435828
0.348287
0.246806
0.391359
0.808376
0.216675
0.580608
0.557356
0.2294
0.426516
0.393497
0.801289
0.299254
0.651839
0.188727
0.482671
0.352708
0.436084
0.683904
0.361587
0.356212
0.318744
0.450992
0.680094
0.234812
0.448772
0.677544
0.40292
0.204267
0.214383
0.806371
0.438127
0.390974
0.0947098
0.705386
0.521709
0.604307
0.489536
0.788878
0.188352
0.583042
0.209114
0.656021
0.863896
0.369549
0.606854
0.331938
0.603284
0.672459
0.513454
0.591183
0.8611
0.66057
0.68182
0.613032
0.92005
0.587768
0.877915
0.362493
0.216041
0.480765
0.553436
0.610505
0.786778
0.328507
0.212032
0.401292
0.434105
0.294128
0.631521
0.544399
0.42856
0.427341
0.530377
0.35345
0.697933
0.687221
0.567508
0.373203
0.429874
0.292332
0.740168
0.231021
0.38189
0.497207
0.795583
0.518381
0.430337
0.351207
0.697677
0.252615
0.503318
0.32782
0.491077
0.488558
0.530657
0.4195
0.580311
0.544367
0.407415
0.375155
0.492961
0.575244
0.705676
0.714454
0.621242
0.373382
0.482646
0.485139
0.737328
0.791958
0.521353
0.43654
0.753464
0.585515
0.703535
0.864575
0.24874
0.228645
0.952593
0.340484
0.710142
0.419381
0.297735
0.367625
0.236305
0.493245
0.598769
0.717673
0.628145
0.368458
0.334229
0.279595
0.341373
0.412294
0.093833
0.211805
0.701616
0.263158
0.529559
0.51993
0.583712
0.662437
0.507871
0.889674
0.432476
0.24475
0.568944
0.186253
0.55305
0.504726
0.537002
0.488953
0.0247189
0.802993
0.239162
0.861359
0.892847
0.793567
0.77847
0.264855
0.469387
0.549379
0.67008
0.605015
0.623187
0.432212
0.387823
0.357543
0.867092
0.897832
0.481695
0.552449
0.849648
0.44665
0.415045
0.602173
0.534957
0.324766
0.633579
0.0414124
0.405042
0.349788
0.616518
0.203433
0.444863
0.380351
0.273578
0.689669
0.470879
0.467781
0.539688
0.696462
0.539867
0.122887
0.882662
0.844809
0.225458
0.400408
0.177314
0.616022
0.475667
0.64814
0.512791
0.328247
0.56543
0.287345
0.488171
0.295793
0.833992
0.885526
0.414672
0.395287
0.44773
0.552228
0.581078
0.719674
0.354794
0.333019
0.852284
0.833126
0.398745
0.296368
0.359141
0.346958
0.734108
0.902646
0.401051
0.118668
0.737591
0.514008
0.421068
0.83326
0.534463
0.548468
0.526519
0.0580366
0.560378
0.300979
0.516442
0.0690752
0.754724
0.848889
0.740443
0.329644
0.532335
0.728646
0.851823
0.457831
0.106217
0.715196
0.631128
0.352702
0.534672
0.555005
0.544556
0.355327
0.542047
0.398198
0.564919
0.40305
0.213054
0.444827
0.521161
0.0924141
0.586446
0.964822
0.355706
0.398165
0.47456
0.370689
0.657174
0.502814
0.511064
0.41657
0.199324
0.773248
0.480005
0.36681
0.455318
0.377931
0.905037
0.621687
0.169719
0.870238
0.178495
0.80753
0.558888
0.770542
0.685753
0.232928
0.573757
0.761647
0.9311
0.382329
0.397201
0.569246
0.597143
0.262795
0.461548
0.431082
0.770505
0.439255
0.260015
0.765528
0.242417
0.488119
0.0891696
0.232335
0.343528
0.368628
0.597771
0.335337
0.698082
0.355868
0.130648
0.548908
0.0833705
0.69891
0.344538
0.657033
0.256146
0.56204
0.436092
0.0758528
0.658486
0.576607
0.560548
0.387591
0.34136
0.475538
0.632836
0.645805
0.744927
0.302076
0.691174
0.718925
0.650398
0.578883
0.366483
0.521077
0.669057
0.593115
0.739247
0.436224
0.559819
0.597655
0.478707
0.573692
0.967497
0.248214
0.647572
0.200156
0.349715
0.990517
0.418706
0.275236
0.41119
0.881342
0.68853
0.474829
0.789905
0.471726
0.685168
0.918393
0.54044
0.400133
0.65763
0.023376
0.13555
0.737977
0.0956302
0.492052
0.757825
0.399362
0.667893
0.393045
0.579072
0.571475
0.680106
0.631844
0.525835
0.14158
0.841941
0.811662
0.205237
0.491097
0.495855
0.568003
0.21613
0.296778
0.698667
0.917352
0.4963
0.62353
0.160171
0.492413
0.157279
0.112961
0.531358
0.243379
0.434065
0.466252
0.398061
0.266715
0.927866
0.689507
0.574153
0.379996
0.745745
0.214234
0.401693
0.39336
0.441823
0.525181
0.253696
0.235164
0.340497
0.322238
0.298487
0.671472
0.372883
0.512685
0.322882
0.81603
0.483508
0.474583
0.524719
0.459407
0.465018
0.0516149
0.673544
0.453031
0.254499
0.634265
0.401527
0.465863
0.275732
0.451699
0.624989
0.38849
0.337536
0.343285
0.210175
0.491446
0.399099
0.298197
0.485214
0.651608
0.689004
0.446086
0.563461
0.542539
0.215407
0.451336
0.681727
0.641686
0.130643
0.40795
0.370153
0.239363
0.214288
0.851642
0.758806
0.341494
0.414495
0.400245
0.689301
0.440107
0.438213
0.303071
0.538095
0.582625
0.806659
0.324397
0.771329
0.502991
0.593219
0.405784
0.239407
0.284741
0.236714
0.446449
0.582768
0.608145
0.873754
0.310467
0.858598
0.590558
0.559697
0.314096
0.611497
0.561185
0.548497
0.966048
0.599408
0.318466
0.477499
0.128067
0.249393
0.500339
0.354053
0.532707
0.656124
0.654649
0.66656
0.739724
0.549232
0.429028
0.743373
0.132039
0.643949
0.506581
0.158743
0.946758
0.652744
0.49575
0.535791
0.106251
0.473955
0.439772
0.522254
0.758856
0.686681
0.443157
0.515549
0.458265
0.469487
0.619651
0.38948
0.305215
0.423774
0.648201
0.525674
0.644612
0.520899
0.180432
0.87864
0.555773
0.505471
0.175212
0.604106
0.892974
0.075492
0.442881
0.456092
0.528042
0.523297
0.263795
0.708923
0.216266
0.259541
0.90281
0.786206
0.651403
0.255753
0.673416
0.57956
0.795124
0.929265
0.412222
0.115648
0.460753
0.35759
0.306553
0.28089
0.400679
0.447634
0.474935
0.738967
0.791375
0.298363
0.53228
0.477037
0.529479
0.483882
0.0786041
0.0923607
0.146895
0.347118
0.132177
0.981803
0.422462
0.132598
0.484978
0.522482
0.412216
0.400107
0.290421
0.632581
0.639821
0.149268
0.400296
0.277173
0.0832964
0.448384
0.549943
0.534628
0.363657
0.599156
0.447676
0.765003
0.685651
0.482178
0.656526
0.222578
0.600296
0.216383
0.363389
0.630469
0.0534429
0.628904
0.712714
0.786061
0.454133
0.270089
0.338875
0.691753
0.64105
0.321692
0.0634181
0.506313
0.644884
0.234549
0.930401
0.787905
0.538975
0.295311
0.335078
0.550645
0.940124
0.560119
0.458202
0.0823161
0.865981
0.206354
0.550267
0.771649
0.174985
0.34189
0.817017
0.869374
0.209314
0.174576
0.239615
0.658013
0.530881
0.182916
0.619862
0.931164
0.284904
0.54224
0.972912
0.483828
0.245145
0.548904
0.0969415
0.491089
0.989408
0.648362
0.231286
0.70325
0.923452
0.411227
0.171556
0.811302
0.515976
0.414717
0.542313
0.637402
0.126893
0.475153
0.134885
0.480792
0.705609
0.540497
0.799947
0.500387
0.905589
0.790138
0.34153
0.941042
0.805991
0.102476
0.691133
0.311286
0.950709
0.539089
0.347672
0.79609
0.309668
0.857577
0.650991
0.239018
0.536776
0.80345
0.913744
0.453902
0.543442
0.544699
0.768435
0.426937
0.426122
0.600992
0.793472
0.145914
0.180865
0.482691
0.564108
0.344039
0.407387
0.49319
0.731169
0.371623
0.349705
0.261344
0.56251
0.709657
0.639921
0.559044
0.589162
0.815105
0.506253
0.32227
0.58018
0.0385146
0.475965
0.532242
0.527208
0.780323
0.248353
0.726559
0.651832
0.353021
0.432501
0.398519
0.655806
0.692123
0.739032
0.406064
0.516291
0.10967
0.484625
0.250102
0.58524
0.709765
0.41259
0.19522
0.0841319
0.386434
0.852332
0.194106
0.792267
0.499885
0.635051
0.440242
0.808871
0.378009
0.452587
0.111762
0.726293
0.715756
0.490816
0.482597
0.383603
0.245806
0.68855
0.565352
0.576936
0.229719
0.367431
0.813619
0.684955
0.369549
0.747834
0.649717
0.624838
0.665669
0.510311
0.697137
0.886224
0.547358
0.0816748
0.585231
0.597596
0.778456
0.219314
0.557003
0.661581
0.191196
0.736884
0.349094
0.452712
0.727092
0.359044
0.42638
0.403215
0.56455
0.212453
0.641839
0.00940013
0.788632
0.354735
0.755675
0.373294
0.109227
0.512703
0.485912
0.351163
0.559599
0.845618
0.375996
0.712612
0.908133
0.568827
0.253213
0.420983
0.691833
0.167624
0.414989
0.227797
0.330914
0.700732
0.918461
0.231021
0.709646
0.837321
0.461952
0.37897
0.909333
0.791025
0.835274
0.608692
0.455143
0.208928
0.779092
0.389705
0.489259
0.343042
0.831813
0.400992
0.208597
0.47632
0.855793
0.40119
0.706147
0.594781
0.422899
0.558949
0.530742
0.191861
0.602782
0.592444
0.330865
0.360617
0.435448
0.524083
0.37387
0.473971
0.48306
0.688474
0.532778
0.772679
0.844115
0.338732
0.508603
0.575278
0.376479
0.778257
0.606923
0.593756
0.614017
0.402143
0.313207
0.483252
0.47483
0.364396
0.712186
0.273615
0.347415
0.294181
0.472337
0.225173
0.504329
0.566352
0.167331
0.420603
0.531219
0.588539
0.632076
0.54933
0.572371
0.399109
0.351769
0.360398
0.682205
0.577335
0.0581493
0.654305
0.435424
0.54916
0.257935
0.953806
0.18681
0.328948
0.844189
0.638242
0.48494
0.0696716
0.242161
0.345459
0.632376
0.50099
0.216922
0.339945
0.24816
0.416727
0.520895
0.315296
0.426735
0.330278
0.485153
0.743711
0.200688
0.248498
0.459168
0.404702
0.502991
0.22168
0.179428
0.619751
0.687705
0.409232
0.198173
0.489187
0.406384
0.357717
0.429241
0.572081
0.750702
0.519937
0.668818
0.469465
0.560111
0.250787
0.624665
0.665766
0.656606
0.59762
0.538156
0.752816
0.506974
0.6599
0.409287
0.805377
0.426169
0.124974
0.135539
0.696617
0.423737
0.293777
0.551311
0.536545
0.65851
0.492372
0.405391
0.68589
0.205058
0.22221
0.739714
0.442492
0.448662
0.234057
0.433463
0.516774
0.41388
0.417551
0.352319
0.3074
0.695019
0.480392
0.593454
0.757769
0.395152
0.348193
0.242676
0.218503
0.593552
0.548051
0.360859
0.260643
0.349752
0.545937
0.592614
0.778777
0.615661
0.590023
0.34094
0.492872
0.665496
0.569107
0.377335
0.6021
0.76655
0.227312
0.557679
0.363488
0.802092
0.283293
0.489941
0.762754
0.920992
0.584187
0.550583
0.714208
0.526935
0.381594
0.572255
0.371153
0.533365
0.648891
0.326243
0.647724
0.298602
0.566241
0.598816
0.947663
0.518824
0.381647
0.711489
0.365028
0.094925
0.813473
0.260925
0.766396
0.602498
0.491863
0.65504
0.683636
0.482524
0.14353
0.197613
0.340845
0.433574
0.306399
0.524512
0.908608
0.724665
0.817663
0.120409
0.723241
0.261151
0.150775
0.44566
0.728217
0.724329
0.38401
0.378778
0.289515
0.468737
0.665188
0.730738
0.306155
0.599355
0.494228
0.513114
0.681712
0.264264
0.477226
0.44284
0.242143
0.686541
0.412751
0.342156
0.579771
0.322491
0.653142
0.143104
0.572833
0.771576
0.64055
0.631694
0.474508
0.676682
0.349567
0.867652
0.484859
0.341675
0.575269
0.89146
0.613709
0.656421
0.587543
0.381141
0.911925
0.157797
0.129619
0.347065
0.793186
0.668443
0.0707335
0.753802
0.187801
0.943313
0.229888
0.633851
0.664679
0.117366
0.469714
0.308836
0.427105
0.486009
0.116463
0.259557
0.23248
0.763185
0.0941894
0.487056
0.805737
0.450293
0.368222
0.382646
0.210655
0.312402
0.375033
0.675626
0.412851
0.696481
0.0726839
0.453187
0.412731
0.539691
0.578011
0.5478
0.846235
0.904034
0.563782
0.263158
0.345735
0.736936
0.671073
0.460513
0.72297
0.295639
0.649137
0.453053
0.680449
0.78655
0.267085
0.456715
0.777256
0.258974
0.748714
0.521653
0.269764
0.155933
0.563868
0.419308
0.217257
0.663076
0.366723
0.385859
0.387003
0.609944
0.203439
0.423581
0.512872
0.166144
0.318653
0.537436
0.356088
0.43827
0.472301
0.334993
0.286272
0.811684
0.635306
0.343563
0.745431
0.49456
0.76469
0.699205
0.477109
0.709859
0.0657075
0.538059
0.79742
0.344206
0.730619
0.971215
0.454247
0.600909
0.600767
0.450147
0.265375
0.317633
0.530626
0.630479
0.745912
0.597541
0.439569
0.517658
0.329846
0.765989
0.619074
0.228901
0.560116
0.403134
0.820166
0.631517
0.766142
0.816102
0.977903
0.918551
0.267244
0.30266
0.636744
0.358414
0.534945
0.921576
0.722685
0.505999
0.516672
0.723183
0.265046
0.588522
0.467897
0.506906
0.502876
0.580136
0.159296
0.160807
0.517915
0.655135
0.720039
0.501487
0.61813
0.760348
0.147842
0.270959
0.652848
0.473107
0.160964
0.560389
0.77255
0.111941
0.586835
0.418882
0.353419
0.742966
0.376568
0.268778
0.38876
0.275663
0.6041
0.487195
0.606459
0.267579
0.453272
0.126846
0.403657
0.358221
0.215672
0.737422
0.39686
0.428229
0.716589
0.612144
0.467738
0.630656
0.35599
0.0223385
0.641884
0.867009
0.595912
0.116178
0.469858
0.581454
0.24525
0.646037
0.286843
0.422375
0.287399
0.552145
0.809305
0.871273
0.265786
0.668557
0.484041
0.364754
0.386824
0.430688
0.33707
0.236148
0.519367
0.451984
0.276829
0.479076
0.664282
0.700551
0.888169
0.886066
0.73727
0.744871
0.21068
0.541103
0.652607
0.150989
0.326919
0.44577
0.715016
0.101863
0.79312
0.734431
0.221389
0.672827
0.527017
0.484679
0.443638
0.435411
0.724432
0.555048
0.808461
0.175042
0.208317
0.682795
0.609354
0.496431
0.820968
0.750304
0.480732
0.453725
0.552161
0.679467
0.133531
0.0807982
0.552979
0.339187
0.496241
0.810322
0.517163
0.651893
0.424795
0.258548
0.618808
0.260778
0.539308
0.716013
0.777295
0.670236
0.515188
0.422652
0.477348
0.697741
0.80065
0.319105
0.704171
0.376223
0.252224
0.454252
0.260616
0.121749
0.574351
0.0923266
0.315391
0.532109
0.718729
0.801223
0.488335
0.107703
0.543547
0.41688
0.610823
0.48687
0.552345
0.266944
0.506392
0.463627
0.926706
0.400144
0.718709
0.606519
0.836559
0.806145
0.571047
0.723111
0.156384
0.723887
0.773445
0.215394
0.235147
0.624714
0.50077
0.547177
0.262323
0.319884
0.446941
0.0953224
0.541898
0.380325
0.317578
0.582447
0.630769
0.669783
0.555408
0.589509
0.317496
0.280784
0.799751
0.822478
0.311887
0.526135
0.163471
0.358044
0.785436
0.376943
0.3678
0.519155
0.547149
0.351426
0.607459
0.83189
0.658851
0.347076
0.725559
0.191003
0.188564
0.272006
0.359769
0.912239
0.570115
0.569586
0.678285
0.775295
0.681628
0.34379
0.656168
0.462097
0.275112
0.280908
0.049628
0.470837
0.283875
0.426597
0.807902
0.636987
0.304033
0.615506
0.119356
0.818307
0.190896
0.464005
0.620509
0.101633
0.730583
0.324811
0.503708
0.565006
0.741697
0.465605
0.841177
0.679508
0.731472
0.472
0.400248
0.860918
0.375294
0.488516
0.556562
0.482119
0.608066
0.399475
0.119098
0.332939
0.510385
0.415047
0.462902
0.564902
0.44206
0.76592
0.322415
0.584156
0.520004
0.323374
0.430338
0.656601
0.55708
0.449819
0.394007
0.165051
0.47302
0.748112
0.28328
0.509017
0.458044
0.1163
0.360942
0.0635026
0.314353
0.127651
0.718732
0.413978
0.420203
0.744184
0.289037
0.760459
0.155787
0.735136
0.784418
0.934438
0.399698
0.410117
0.574097
0.898164
0.349256
0.38997
0.838601
0.396552
0.437539
0.626652
0.550786
0.607808
0.514472
0.746701
0.413472
0.189608
0.728856
0.53117
0.340996
0.543468
0.192775
0.458179
0.403967
0.420712
0.529313
0.722494
0.36359
0.169238
0.799082
0.509862
0.50391
0.471063
0.570561
0.042091
0.427405
0.846388
0.543804
0.522131
0.31134
0.500734
0.656586
0.596732
0.329374
0.267466
0.496603
0.8175
0.5249
0.448801
0.612853
0.819471
0.879657
0.284187
0.463883
0.549599
0.653174
0.575714
0.260099
0.36584
0.775641
0.675998
0.351865
0.690792
0.658827
0.594776
0.584667
0.64212
0.2467
0.406195
0.687135
0.175316
0.459444
0.439614
0.777242
0.262563
0.391576
0.412461
0.466546
0.494816
0.706929
0.714508
0.31187
0.732451
0.630266
0.478702
0.508325
0.543138
0.267345
0.37445
0.737143
0.653857
0.192282
0.235063
0.476294
0.507276
0.823067
0.68183
0.351409
0.250983
0.563167
0.332983
0.249047
0.101329
0.519124
0.486589
0.433892
0.51196
0.311137
0.342183
0.80598
0.440352
0.575611
0.376752
0.203598
0.743973
0.715719
0.416446
0.302038
0.350977
0.788028
0.74618
0.177878
0.83859
0.620279
0.775075
0.503064
0.415674
0.337453
0.326451
0.60252
0.544177
0.430284
0.5469
0.253611
0.0475301
0.332383
0.729708
0.625259
0.54226
0.679212
0.523705
0.649103
0.892424
0.504154
0.549389
0.884557
0.624726
0.583943
0.369959
0.584219
0.355462
0.477795
0.565673
0.685555
0.768723
0.511543
0.335714
0.349368
0.548564
0.540198
0.602554
0.435046
0.406139
0.779292
0.51956
0.447141
0.456059
0.827478
0.583391
0.507365
0.684543
0.709837
0.728497
0.300599
0.115182
0.353392
0.331825
0.713059
0.516449
0.363359
0.481611
0.525294
0.108331
0.300707
0.664927
0.542212
0.213788
0.368601
0.704418
0.436874
0.663971
0.497374
0.325464
0.85431
0.504463
0.774659
0.660765
0.466167
0.663054
0.499394
0.800145
0.186507
0.727852
0.845394
0.169144
0.653609
0.347828
0.702254
0.570733
0.852181
0.506146
0.718354
0.150316
0.394887
0.529926
0.40279
0.34489
0.501644
0.188393
0.350059
0.553101
0.609685
0.59458
0.23338
0.813634
0.316884
0.86412
0.669556
0.205222
0.5054
0.597866
0.390313
0.482287
0.512219
0.74341
0.362082
