1 398.952
2 385.206
3 366.823
4 349.899
5 336.519
6 322.416
7 306.974
8 292.943
9 286.759
10 275.857
11 271.052
12 262.794
13 257.338
14 251.727
15 243.033
16 236.886
17 231.643
18 226.215
19 219.471
20 210.551
21 207.611
22 203.412
23 199.417
24 193.794
25 192.21
26 189.055
27 182.533
28 179.47
29 174.891
30 171.331
31 168.108
32 165.304
33 161.138
34 158.542
35 155.514
36 153.282
37 150.815
38 148.965
39 147.401
40 146.168
41 144.5
42 141.975
43 140.697
44 139.601
45 137.529
46 135.878
47 134.471
48 133.518
49 132.307
50 130.652
51 130.37
52 129.657
53 128.762
54 127.661
55 126.572
56 126.366
57 123.686
58 121.027
59 118.426
60 116.34
61 115.628
62 115.219
63 114.294
64 113.796
65 112.717
66 111.687
67 110.767
68 108.959
69 107.901
70 106.882
71 106.113
72 105.628
73 104.53
74 103.5
75 103.423
76 102.759
77 102.111
78 101.466
79 100.081
80 100.004
81 99.212
82 99.0293
83 98.2369
84 97.7999
85 97.4237
86 96.9163
87 96.1426
88 95.3758
89 94.4094
90 93.8329
91 93.0525
92 92.1089
93 91.792
94 91.2821
95 89.5953
96 89.0453
97 88.5936
98 88.0654
99 87.5154
100 86.9004
101 86.6714
102 86.2206
103 85.9785
104 85.7467
105 84.9801
106 84.0141
107 83.7078
108 83.1528
109 82.7724
110 82.3083
111 81.6941
112 81.5256
113 80.7367
114 80.6567
115 80.6567
116 80.5022
117 80.4152
118 79.8093
119 79.05
120 79.0099
121 78.0738
122 76.7031
123 76.7031
124 76.7031
125 76.7031
126 76.0524
127 75.9975
128 75.7483
129 75.537
130 75.2878
131 75.2878
132 75.2878
133 75.2334
134 74.7151
135 74.6474
136 74.4466
137 73.8994
138 73.785
139 73.6548
140 73.5404
141 73.5123
142 73.4766
143 73.4485
144 73.4485
145 73.4485
146 73.4485
147 73.4485
148 73.3302
149 73.1777
150 72.9512
151 72.7128
152 72.7128
153 72.409
154 72.409
155 72.0302
156 72.0302
157 72.0302
158 72.0302
159 72.0302
160 72.0302
161 72.0302
162 72.0302
163 72.0302
164 71.9522
165 71.8674
166 71.8674
167 71.727
168 71.6422
169 70.8945
170 70.8945
171 70.8945
172 70.8945
173 70.8945
174 70.8945
175 70.8945
176 70.8945
177 70.8945
178 70.8464
179 70.8464
180 70.8043
181 70.8043
182 70.6091
183 70.4624
184 70.4624
185 70.4624
186 70.4624
187 70.4624
188 70.4624
189 70.4624
190 70.1411
191 69.9615
192 69.9615
193 69.9615
194 69.9615
195 69.9615
196 69.9615
197 69.9615
198 69.9615
199 69.9615
200 69.9615
201 69.9615
202 69.9615
203 69.9615
204 69.9615
205 69.9615
206 69.9615
207 69.9615
208 69.9615
209 69.9615
210 69.9615
211 69.9615
212 69.9615
213 69.8513
214 69.8513
215 69.8513
216 69.1401
217 69.1401
218 69.1401
219 69.1401
220 69.1401
221 69.1401
222 69.1401
223 69.1401
224 69.1401
225 69.1401
226 69.1401
227 69.0556
228 69.0556
229 69.0556
230 69.0556
231 68.3735
232 68.3735
233 68.3735
234 68.3735
235 68.3735
236 68.3735
237 68.3735
238 68.3735
239 68.3735
240 68.3735
241 68.3735
242 68.3735
243 68.3735
244 68.3735
245 68.3735
246 68.3735
247 68.3735
248 68.3735
249 68.3735
250 68.3735
251 68.2129
252 67.1052
253 67.1052
254 67.1052
255 67.1052
256 67.1052
257 67.1052
258 67.1052
259 67.1052
260 67.1052
261 67.1052
262 67.1052
263 67.1052
264 67.1052
265 67.1052
266 67.1052
267 67.1052
268 67.1052
269 67.1052
270 67.1052
271 67.1052
272 67.1052
273 67.1052
274 67.1052
275 67.1052
276 67.1052
277 67.1052
278 67.0469
279 67.0469
280 67.0469
281 67.0469
282 67.0469
283 67.0469
284 67.0469
285 67.0469
286 67.0469
287 67.0469
288 67.0469
289 67.0469
290 67.0469
291 67.0469
292 67.0469
293 66.7188
294 66.7188
295 66.7188
296 66.7188
297 66.7188
298 66.7188
299 66.7188
300 66.7188
301 66.7188
302 66.7188
303 66.7188
304 66.7188
305 66.7188
306 66.7188
307 66.7188
308 66.7188
309 66.7188
310 66.7188
311 66.7188
312 66.7188
313 66.7188
314 66.7188
315 66.7188
316 66.7188
317 66.7188
318 66.7188
319 66.7188
320 66.7188
321 66.7188
322 66.7188
323 66.7188
324 66.7188
325 66.7188
326 66.7188
327 66.7188
328 66.7188
329 66.7188
330 66.7188
331 66.7188
332 66.7188
333 66.7188
334 66.7188
335 66.7188
336 66.7188
337 66.7188
338 66.7188
339 66.7188
340 66.7188
341 66.7188
342 66.7188
343 66.7188
344 66.7188
345 66.5871
346 66.541
347 66.541
348 66.4829
349 66.4829
350 66.4829
351 66.4829
352 66.4829
353 66.4829
354 66.4829
355 66.4829
356 66.4829
357 66.4829
358 66.4829
359 66.4829
360 66.4829
361 66.4829
362 66.4829
363 66.4829
364 66.4829
365 66.4829
366 66.4829
367 66.4829
368 66.4829
369 66.4829
370 66.4829
371 66.4829
372 66.4829
373 66.4829
374 66.4829
375 66.4829
376 66.4829
377 66.4829
378 66.4829
379 66.4829
380 66.4829
381 66.4829
382 66.4829
383 66.4829
384 66.4829
385 66.4829
386 66.4829
387 66.4829
388 66.4829
389 66.4829
390 66.4829
391 66.4829
392 66.4829
393 66.4829
394 66.4829
395 66.4829
396 66.4829
397 66.4829
398 66.4829
399 66.4829
400 66.4829
401 66.4829
402 66.4829
403 66.4829
404 66.4829
405 66.4829
406 66.4829
407 66.4829
408 66.4829
409 66.4829
410 66.4003
411 66.4003
412 66.4003
413 66.4003
414 66.4003
415 66.4003
416 66.4003
417 66.4003
418 66.4003
419 66.4003
420 66.4003
421 66.4003
422 66.4003
423 66.4003
424 66.4003
425 66.4003
426 66.4003
427 66.4003
428 66.4003
429 66.4003
430 66.4003
431 66.4003
432 66.4003
433 66.4003
434 66.4003
435 66.4003
436 66.4003
437 66.4003
438 66.4003
439 66.4003
440 66.4003
441 66.4003
442 66.3046
443 66.3046
444 66.3046
445 66.3046
446 66.3046
447 66.3046
448 66.3046
449 66.3046
450 66.3046
451 66.3046
452 66.3046
453 66.3046
454 66.3046
455 66.3046
456 66.3046
457 66.3046
458 66.3046
459 66.3046
460 66.3046
461 66.3046
462 66.3046
463 66.3046
464 66.3046
465 66.3046
466 66.3046
467 66.3046
468 66.3046
469 66.3046
470 66.3046
471 66.3046
472 66.3046
473 66.3046
474 66.3046
475 66.3046
476 66.3046
477 66.3046
478 66.3046
479 66.3046
480 66.3046
481 66.3046
482 66.3046
483 66.3046
484 66.3046
485 66.3046
486 66.3046
487 66.3046
488 66.3046
489 66.3046
490 66.2905
491 66.2905
492 66.2905
493 66.2905
494 66.2905
495 66.2905
496 66.2905
497 66.2905
498 66.2905
499 66.2905
500 66.2905
501 66.2905
502 66.2905
503 66.2905
504 66.2905
505 66.2905
506 66.2905
507 66.2905
508 66.2905
509 66.2905
510 66.2905
511 66.2905
512 66.2905
513 66.2905
514 66.2905
515 66.2905
516 66.2905
517 66.2905
518 66.2905
519 66.2905
520 66.2905
521 66.2905
522 66.2905
523 66.2905
524 66.2905
525 66.2905
526 66.2905
527 66.2905
528 66.2905
529 66.2905
530 66.2905
531 66.2905
532 66.2905
533 66.2905
534 66.2905
535 66.2905
536 66.2905
537 66.2905
538 66.2905
539 66.2905
540 66.2905
541 66.2905
542 66.2905
543 66.2905
544 66.2905
545 66.2905
546 66.2905
547 66.2905
548 66.2905
549 66.2905
550 66.2905
551 66.2905
552 66.2905
553 66.2905
554 66.2905
555 66.2905
556 66.2905
557 66.2905
558 66.2905
559 66.2905
560 66.2905
561 66.2905
562 66.2905
563 66.2905
564 66.2905
565 66.2905
566 66.2905
567 66.2905
568 66.2905
569 66.2905
570 66.2905
571 66.2905
572 66.2905
573 66.2905
574 66.2905
575 66.2905
576 66.2905
577 66.2905
578 66.2905
579 66.2905
580 66.2905
581 66.2905
582 66.2905
583 66.2905
584 66.2905
585 66.2905
586 66.2905
587 66.2905
588 66.2905
589 66.2905
590 66.2905
591 66.2905
592 66.2905
593 66.2905
594 66.2905
595 66.2905
596 66.2905
597 66.2905
598 66.2905
599 66.2905
600 66.2905
601 66.2905
602 66.2905
603 66.2905
604 66.2905
605 66.2905
606 66.2905
607 66.2905
608 66.2905
609 66.2905
610 66.2905
611 66.2905
612 66.2905
613 66.2905
614 66.2905
615 66.2905
616 66.2905
617 66.2905
618 66.2905
619 66.2905
620 66.2905
621 66.2905
622 66.2905
623 66.2905
624 66.2905
625 66.2905
626 66.2905
627 66.2905
628 66.2905
629 66.2905
630 66.2905
631 66.2905
632 66.2905
633 66.2905
634 66.2905
635 66.2905
636 66.2905
637 66.2905
638 66.2905
639 66.2905
640 66.2905
641 66.2905
642 66.2905
643 66.2905
644 66.2905
645 66.2905
646 66.2905
647 66.2905
648 66.2905
649 66.2905
650 66.2905
651 66.2905
652 66.2905
653 66.2905
654 66.2905
655 66.2905
656 66.2905
657 66.2905
658 66.2905
659 66.2905
660 66.2905
661 66.2905
662 66.2905
663 66.2905
664 66.2905
665 66.2905
666 66.2905
667 66.2905
668 66.2905
669 66.2905
670 66.2905
671 66.2905
672 66.2905
673 66.2905
674 66.2905
675 66.2905
676 66.2905
677 66.2905
678 66.2905
679 66.2905
680 66.2905
681 66.2905
682 66.2905
683 66.2905
684 66.2905
685 66.2905
686 66.2905
687 66.2905
688 66.2905
689 66.2905
690 66.2905
691 66.2905
692 66.2905
693 66.2905
694 66.2905
695 66.2905
696 66.2905
697 66.2905
698 66.2905
699 66.2905
700 66.2905
701 66.2905
702 66.2905
703 66.2905
704 66.2905
705 66.2905
706 66.2905
707 66.2905
708 66.2905
709 66.2905
710 66.2905
711 66.2905
712 66.2905
713 66.2905
714 66.2905
715 66.2905
716 66.2905
717 66.2905
718 66.2905
719 66.2905
720 66.2905
721 66.2905
722 66.2905
723 66.2905
724 66.2905
725 66.2905
726 66.2905
727 66.2905
728 66.2905
729 66.2905
730 66.2905
731 66.2905
732 66.2905
733 66.2905
734 66.2905
735 66.2905
736 66.2905
737 66.2905
738 66.2905
739 66.2905
740 66.2905
741 66.2905
742 66.2905
743 66.2905
744 66.2905
745 66.2905
746 66.2905
747 66.2905
748 66.2905
749 66.2905
750 66.2905
751 66.2905
752 66.2905
753 66.2905
754 66.2905
755 66.2905
756 66.2905
757 66.2905
758 66.2905
759 66.2905
760 66.2905
761 66.2905
762 66.2905
763 66.2905
764 66.2905
765 66.2905
766 66.2905
767 66.2905
768 66.2905
769 66.2905
770 66.2905
771 66.2905
772 66.2905
773 66.2905
774 66.2905
775 66.2905
776 66.2905
777 66.2905
778 66.2905
779 66.2905
780 66.2905
781 66.2905
782 66.2905
783 66.2905
784 66.2905
785 66.2905
786 66.2905
787 66.2905
788 66.2905
789 66.2905
790 66.2905
791 66.2905
792 66.2905
793 66.2905
794 66.2905
795 66.2905
796 66.2905
797 66.2905
798 66.2905
799 66.2905
800 66.2905
801 66.2905
802 66.2905
803 66.2905
804 66.2905
805 66.2905
806 66.2905
807 66.2905
808 66.2905
809 66.2905
810 66.1599
811 66.1251
812 65.4566
813 65.4566
814 65.4566
815 65.4566
816 65.4566
817 65.4566
818 65.4566
819 65.4566
820 65.4566
821 65.4566
822 65.4566
823 65.4566
824 65.4566
825 65.4566
826 65.4566
827 65.4566
828 65.4566
829 65.4566
830 65.4566
831 65.4566
832 65.4566
833 65.4566
834 65.4566
835 65.4566
836 65.4566
837 65.4566
838 65.4566
839 65.4566
840 65.4566
841 65.4566
842 65.4566
843 65.4566
844 65.4566
845 65.4566
846 65.4566
847 65.4566
848 65.4566
849 65.4566
850 65.4566
851 65.4566
852 65.4566
853 65.4566
854 65.4566
855 65.4566
856 65.4566
857 65.4566
858 65.4566
859 65.4566
860 65.4566
861 65.4566
862 65.4566
863 65.4566
864 65.4566
865 65.4566
866 65.4566
867 65.4566
868 65.4566
869 65.4566
870 65.4566
871 65.4566
872 65.4566
873 65.4566
874 65.4566
875 65.4566
876 65.4566
877 65.4566
878 65.4566
879 65.4566
880 65.4566
881 65.4566
882 65.4566
883 65.4566
884 65.4566
885 65.4566
886 65.4566
887 65.4566
888 65.4566
889 65.4566
890 65.4566
891 65.4566
892 65.4566
893 65.4566
894 65.4566
895 65.4566
896 65.4566
897 65.4566
898 65.4566
899 65.4566
900 65.4566
901 65.4566
902 65.4566
903 65.4566
904 65.4566
905 65.4566
906 65.4566
907 65.4566
908 65.4566
909 65.4566
910 65.4566
911 65.4566
912 65.4566
913 65.4566
914 65.4566
915 65.4566
916 65.4566
917 65.4566
918 65.4566
919 65.4566
920 65.4566
921 65.4566
922 65.4566
923 65.4566
924 65.4566
925 65.4566
926 65.4566
927 65.4566
928 65.4566
929 65.4566
930 65.4566
931 65.4566
932 65.4566
933 65.4566
934 65.4566
935 65.4566
936 65.4566
937 65.4566
938 65.4566
939 65.4566
940 65.4566
941 65.4566
942 65.4566
943 65.4566
944 65.4566
945 65.4566
946 65.4566
947 65.4566
948 65.4566
949 65.4566
950 65.4566
951 65.4566
952 65.4566
953 65.4566
954 65.4566
955 65.4566
956 65.4566
957 65.4566
958 65.4566
959 65.4424
960 65.4424
961 65.4424
962 65.4424
963 65.4424
964 65.4424
965 65.4424
966 65.4424
967 65.4424
968 65.4424
969 65.4424
970 65.4424
971 65.4424
972 65.4424
973 65.4424
974 65.4424
975 65.4424
976 65.4424
977 65.4424
978 65.4424
979 65.4424
980 65.4424
981 65.4424
982 65.4424
983 65.4424
984 65.4424
985 65.4424
986 65.4424
987 65.4424
988 65.4424
989 65.4424
990 65.4424
991 65.4424
992 65.4424
993 65.4424
994 65.4424
995 65.4424
996 65.4424
997 65.4424
998 65.4424
999 65.4424
1000 65.4424
1001 65.4424
1002 65.4424
1003 65.4424
1004 65.4424
1005 65.4424
1006 65.4424
1007 65.4424
1008 65.4424
1009 65.4424
1010 65.4424
1011 65.4424
1012 65.4424
1013 65.4424
1014 65.4424
1015 65.4424
1016 65.4424
1017 65.4424
1018 65.4424
1019 65.4424
1020 65.4424
1021 65.4424
1022 65.4424
1023 65.4424
1024 65.4424
1025 65.4424
1026 65.4424
1027 65.4424
1028 65.4424
1029 65.4424
1030 65.4424
1031 65.4424
1032 65.4424
1033 65.4424
1034 65.4424
1035 65.4424
1036 65.4424
1037 65.4424
1038 65.4424
1039 65.4424
1040 65.4424
1041 65.4424
1042 65.4424
1043 65.4424
1044 65.4424
1045 65.4424
1046 65.4424
1047 65.4424
1048 65.4424
1049 65.4424
1050 65.284
1051 65.284
1052 65.284
1053 65.284
1054 65.284
1055 65.284
1056 65.284
1057 65.284
1058 65.284
1059 65.284
1060 65.284
1061 65.284
1062 65.284
1063 65.284
1064 65.284
1065 65.284
1066 65.284
1067 65.284
1068 65.284
1069 65.284
1070 65.284
1071 65.284
1072 65.284
1073 65.284
1074 65.284
1075 65.284
1076 65.284
1077 65.284
1078 65.284
1079 65.284
1080 65.284
1081 65.284
1082 65.284
1083 65.284
1084 65.284
1085 65.284
1086 65.284
1087 65.284
1088 65.284
1089 65.284
1090 65.284
1091 65.284
1092 65.284
1093 65.284
1094 65.284
1095 65.284
1096 65.284
1097 65.284
1098 65.284
1099 65.284
1100 65.284
1101 65.284
1102 65.284
1103 65.284
1104 65.284
1105 65.284
1106 65.284
1107 65.284
1108 65.284
1109 65.284
1110 65.284
1111 65.284
1112 65.284
1113 65.284
1114 65.284
1115 65.284
1116 65.284
1117 65.284
1118 65.284
1119 65.284
1120 65.284
1121 65.284
1122 65.284
1123 65.284
1124 65.284
1125 65.284
1126 65.284
1127 65.284
1128 65.284
1129 65.284
1130 65.284
1131 65.284
1132 65.284
1133 65.284
1134 65.284
1135 65.284
1136 65.284
1137 65.284
1138 65.284
1139 65.284
1140 65.284
1141 65.284
1142 65.284
1143 65.284
1144 65.284
1145 65.284
1146 65.284
1147 65.284
1148 65.284
1149 65.284
1150 65.284
1151 65.284
1152 65.284
1153 65.284
1154 65.284
1155 65.284
1156 65.284
1157 65.284
1158 65.284
1159 65.284
1160 65.284
1161 65.284
1162 65.284
1163 65.284
1164 65.284
1165 65.284
1166 65.284
1167 65.284
1168 65.284
1169 65.284
1170 65.284
1171 65.284
1172 65.284
1173 65.284
1174 65.284
1175 65.284
1176 65.284
1177 65.284
1178 65.284
1179 65.284
1180 65.284
1181 65.284
1182 65.284
1183 65.284
1184 65.284
1185 65.284
1186 65.284
1187 65.284
1188 65.284
1189 65.284
1190 65.284
1191 65.284
1192 65.284
1193 65.284
1194 65.284
1195 65.284
1196 65.284
1197 65.284
1198 65.284
1199 65.284
1200 65.284
1201 65.284
1202 65.284
1203 65.284
1204 65.284
1205 65.284
1206 65.284
1207 65.284
1208 65.284
1209 65.284
1210 65.284
1211 65.284
1212 65.284
1213 65.284
1214 65.284
1215 65.284
1216 65.284
1217 65.284
1218 65.284
1219 65.284
1220 65.284
1221 65.284
1222 65.284
1223 65.284
1224 65.284
1225 65.284
1226 65.284
1227 65.284
1228 65.284
1229 65.284
1230 65.284
1231 65.284
1232 65.284
1233 65.284
1234 65.284
1235 65.284
1236 65.284
1237 65.284
1238 65.284
1239 65.284
1240 65.284
1241 65.284
1242 65.284
1243 65.284
1244 65.284
1245 65.284
1246 65.284
1247 65.284
1248 65.284
1249 65.284
1250 65.284
1251 65.284
1252 65.284
1253 65.284
1254 65.284
1255 65.284
1256 65.284
1257 65.284
1258 65.284
1259 65.284
1260 65.284
1261 65.284
1262 65.284
1263 65.284
1264 65.284
1265 65.284
1266 65.284
1267 65.284
1268 65.284
1269 65.284
1270 65.284
1271 65.284
1272 65.284
1273 65.284
1274 65.284
1275 65.284
1276 65.284
1277 65.284
1278 65.284
1279 65.284
1280 65.284
1281 65.284
1282 65.284
1283 65.284
1284 65.284
1285 65.284
1286 65.284
1287 65.284
1288 65.284
1289 65.284
1290 65.284
1291 65.284
1292 65.284
1293 65.284
1294 65.284
1295 65.284
1296 65.284
1297 65.284
1298 65.284
1299 65.284
1300 65.284
1301 65.284
1302 65.284
1303 65.284
1304 65.284
1305 65.284
1306 65.284
1307 65.284
1308 65.284
1309 65.284
1310 65.284
1311 65.284
1312 65.284
1313 65.284
1314 65.284
1315 65.284
1316 65.284
1317 65.284
1318 65.284
1319 65.284
1320 65.284
1321 65.284
1322 65.284
1323 65.284
1324 65.284
1325 65.284
1326 65.284
1327 65.284
1328 65.284
1329 65.284
1330 65.284
1331 65.284
1332 65.284
1333 65.284
1334 65.284
1335 65.284
1336 65.284
1337 65.284
1338 65.284
1339 65.284
1340 65.284
1341 65.284
1342 65.284
1343 65.284
1344 65.284
1345 65.284
1346 65.284
1347 65.284
1348 65.284
1349 65.284
1350 65.284
1351 65.284
1352 65.284
1353 65.284
1354 65.284
1355 65.284
1356 65.284
1357 65.284
1358 65.284
1359 65.284
1360 65.284
1361 65.284
1362 65.284
1363 65.284
1364 65.284
1365 65.284
1366 65.284
1367 65.284
1368 65.284
1369 65.284
1370 65.284
1371 65.284
1372 65.284
1373 65.284
1374 65.284
1375 65.284
1376 65.284
1377 65.284
1378 65.284
1379 65.284
1380 65.284
1381 65.284
1382 65.284
1383 65.284
1384 65.284
1385 65.284
1386 65.284
1387 65.284
1388 65.284
1389 65.284
1390 65.284
1391 65.284
1392 65.284
1393 65.284
1394 65.284
1395 65.284
1396 65.284
1397 65.284
1398 65.284
1399 65.284
1400 65.284
1401 65.284
1402 65.284
1403 65.284
1404 65.284
1405 65.284
1406 65.284
1407 65.284
1408 65.284
1409 65.284
1410 65.284
1411 65.284
1412 65.284
1413 65.284
1414 65.284
1415 65.284
1416 65.284
1417 65.284
1418 65.284
1419 65.284
1420 65.284
1421 65.284
1422 65.284
1423 65.284
1424 65.284
1425 65.284
1426 65.284
1427 65.284
1428 65.284
1429 65.284
1430 65.284
1431 65.284
1432 65.284
1433 65.284
1434 65.284
1435 65.284
1436 65.284
1437 65.284
1438 65.284
1439 65.284
1440 65.284
1441 65.284
1442 65.284
1443 65.284
1444 65.284
1445 65.284
1446 65.284
1447 65.284
1448 65.284
1449 65.284
1450 65.284
1451 65.284
1452 65.284
1453 65.284
1454 65.284
1455 65.284
1456 65.284
1457 65.284
1458 65.284
1459 65.284
1460 65.284
1461 65.284
1462 65.284
1463 65.284
1464 65.284
1465 65.284
1466 65.284
1467 65.284
1468 65.284
1469 65.284
1470 65.284
1471 65.284
1472 65.284
1473 65.284
1474 65.284
1475 65.284
1476 65.284
1477 65.284
1478 65.284
1479 65.284
1480 65.284
1481 65.284
1482 65.284
1483 65.284
1484 65.284
1485 65.284
1486 65.284
1487 65.284
1488 65.284
1489 65.284
1490 65.284
1491 65.284
1492 65.284
1493 65.284
1494 65.284
1495 65.284
1496 65.284
1497 65.284
1498 65.284
1499 65.284
1500 65.284
1501 65.284
1502 65.284
1503 65.284
1504 65.284
1505 65.284
1506 65.284
1507 65.284
1508 65.284
1509 65.284
1510 65.284
1511 65.284
1512 65.284
1513 65.284
1514 65.284
1515 65.284
1516 65.284
1517 65.284
1518 65.284
1519 65.284
1520 65.284
1521 65.284
1522 65.284
1523 65.284
1524 65.284
1525 65.284
1526 65.284
1527 65.284
1528 65.284
1529 65.284
1530 65.284
1531 65.284
1532 65.284
1533 65.284
1534 65.284
1535 65.284
1536 65.284
1537 65.284
1538 65.284
1539 65.284
1540 65.284
1541 65.284
1542 65.284
1543 65.284
1544 65.284
1545 65.284
1546 65.284
1547 65.284
1548 65.284
1549 65.284
1550 65.284
1551 65.284
1552 65.284
1553 65.284
1554 65.284
1555 65.284
1556 65.284
1557 65.284
1558 65.284
1559 65.284
1560 65.284
1561 65.284
1562 65.284
1563 65.284
1564 65.284
1565 65.284
1566 65.284
1567 65.284
1568 65.284
1569 65.284
1570 65.284
1571 65.284
1572 65.284
1573 65.284
1574 65.284
1575 65.284
1576 65.284
1577 65.284
1578 65.284
1579 65.284
1580 65.284
1581 65.284
1582 65.284
1583 65.284
1584 65.284
1585 65.284
1586 65.284
1587 65.284
1588 65.284
1589 65.284
1590 65.284
1591 65.284
1592 65.284
1593 65.284
1594 65.284
1595 65.284
1596 65.284
1597 65.284
1598 65.284
1599 65.284
1600 65.284
1601 65.284
1602 65.284
1603 65.284
1604 65.284
1605 65.284
1606 65.284
1607 65.284
1608 65.284
1609 65.284
1610 65.284
1611 65.284
1612 65.284
1613 65.284
1614 65.284
1615 65.284
1616 65.284
1617 65.284
1618 65.284
1619 65.284
1620 65.284
1621 65.284
1622 65.284
1623 65.284
1624 65.284
1625 65.284
1626 65.284
1627 65.284
1628 65.284
1629 65.284
1630 65.284
1631 65.284
1632 65.284
1633 65.284
1634 65.284
1635 65.284
1636 65.284
1637 65.284
1638 65.284
1639 65.284
1640 65.284
1641 65.284
1642 65.284
1643 65.284
1644 65.284
1645 65.284
1646 65.284
1647 65.284
1648 65.284
1649 65.284
1650 65.284
1651 65.284
1652 65.284
1653 65.284
1654 65.284
1655 65.284
1656 65.284
1657 65.284
1658 65.284
1659 65.284
1660 65.284
1661 65.284
1662 65.284
1663 65.284
1664 65.284
1665 65.284
1666 65.284
1667 65.284
1668 65.284
1669 65.284
1670 65.284
1671 65.284
1672 65.284
1673 65.284
1674 65.284
1675 65.284
1676 65.284
1677 65.284
1678 65.284
1679 65.284
1680 65.284
1681 65.284
1682 65.284
1683 65.284
1684 65.284
1685 65.284
1686 65.284
1687 65.284
1688 65.284
1689 65.284
1690 65.284
1691 65.284
1692 65.284
1693 65.284
1694 65.284
1695 65.284
1696 65.284
1697 65.284
1698 65.284
1699 65.284
1700 65.284
1701 65.284
1702 65.284
1703 65.284
1704 65.284
1705 65.284
1706 65.284
1707 65.284
1708 65.284
1709 65.284
1710 65.284
1711 65.284
1712 65.284
1713 65.284
1714 65.284
1715 65.284
1716 65.284
1717 65.284
1718 65.284
1719 65.284
1720 65.284
1721 65.284
1722 65.284
1723 65.284
1724 65.284
1725 65.284
1726 65.284
1727 65.284
1728 65.284
1729 65.284
1730 65.284
1731 65.284
1732 65.284
1733 65.284
1734 65.284
1735 65.284
1736 65.284
1737 65.284
1738 65.284
1739 65.284
1740 65.284
1741 65.284
1742 65.284
1743 65.284
1744 65.284
1745 65.284
1746 65.284
1747 65.284
1748 65.284
1749 65.284
1750 65.284
1751 65.284
1752 65.284
1753 65.284
1754 65.284
1755 65.284
1756 65.284
1757 65.284
1758 65.284
1759 65.284
1760 65.284
1761 65.284
1762 65.284
1763 65.284
1764 65.284
1765 65.284
1766 65.284
1767 65.284
1768 65.284
1769 65.284
1770 65.284
1771 65.284
1772 65.284
1773 65.284
1774 65.284
1775 65.284
1776 65.284
1777 65.284
1778 65.284
1779 65.284
1780 65.284
1781 65.284
1782 65.284
1783 65.284
1784 65.284
1785 65.284
1786 65.284
1787 65.284
1788 65.284
1789 65.284
1790 65.284
1791 65.284
1792 65.284
1793 65.284
1794 65.284
1795 65.284
1796 65.284
1797 65.284
1798 65.284
1799 65.284
1800 65.284
1801 65.284
1802 65.284
1803 65.284
1804 65.284
1805 65.284
1806 65.284
1807 65.284
1808 65.284
1809 65.284
1810 65.284
1811 65.284
1812 65.284
1813 65.284
1814 65.284
1815 65.284
1816 65.284
1817 65.284
1818 65.284
1819 65.284
1820 65.284
1821 65.284
1822 65.284
1823 65.284
1824 65.284
1825 65.284
1826 65.284
1827 65.284
1828 65.284
1829 65.284
1830 65.284
1831 65.284
1832 65.284
1833 65.284
1834 65.284
1835 65.284
1836 65.284
1837 65.284
1838 65.284
1839 65.284
1840 65.284
1841 65.284
1842 65.284
1843 65.284
1844 65.284
1845 65.284
1846 65.284
1847 65.284
1848 65.284
1849 65.284
1850 65.284
1851 65.284
1852 65.284
1853 65.284
1854 65.284
1855 65.284
1856 65.284
1857 65.284
1858 65.284
1859 65.284
1860 65.284
1861 65.284
1862 65.284
1863 65.284
1864 65.284
1865 65.284
1866 65.284
1867 65.284
1868 65.284
1869 65.284
1870 65.284
1871 65.284
1872 65.284
1873 65.284
1874 65.284
1875 65.284
1876 65.284
1877 65.284
1878 65.284
1879 65.284
1880 65.284
1881 65.284
1882 65.284
1883 65.284
1884 65.284
1885 65.284
1886 65.284
1887 65.284
1888 65.284
1889 65.284
1890 65.284
1891 65.284
1892 65.284
1893 65.284
1894 65.284
1895 65.284
1896 65.284
1897 65.284
1898 65.284
1899 65.284
1900 65.284
1901 65.284
1902 65.284
1903 65.284
1904 65.284
1905 65.284
1906 65.284
1907 65.284
1908 65.284
1909 65.284
1910 65.284
1911 65.284
1912 65.284
1913 65.284
1914 65.284
1915 65.284
1916 65.284
1917 65.284
1918 65.284
1919 65.284
1920 65.284
1921 65.284
1922 65.284
1923 65.284
1924 65.284
1925 65.284
1926 65.284
1927 65.284
1928 65.284
1929 65.284
1930 65.284
1931 65.284
1932 65.284
1933 65.284
1934 65.284
1935 65.284
1936 65.284
1937 65.284
1938 65.284
1939 65.284
1940 65.284
1941 65.284
1942 65.284
1943 65.284
1944 65.284
1945 65.284
1946 65.284
1947 65.284
1948 65.284
1949 65.284
1950 65.284
1951 65.284
1952 65.284
1953 65.284
1954 65.284
1955 65.284
1956 65.284
1957 65.284
1958 65.284
1959 65.284
1960 65.284
1961 65.284
1962 65.284
1963 65.284
1964 65.284
1965 65.284
1966 65.284
1967 65.284
1968 65.284
1969 65.284
1970 65.284
1971 65.284
1972 65.284
1973 65.284
1974 65.284
1975 65.284
1976 65.284
1977 65.284
1978 65.284
1979 65.284
1980 65.284
1981 65.284
1982 65.284
1983 65.284
1984 65.284
1985 65.284
1986 65.284
1987 65.284
1988 65.284
1989 65.284
1990 65.284
1991 65.284
1992 65.284
1993 65.284
1994 65.284
1995 65.284
1996 65.284
1997 65.284
1998 65.284
1999 65.284
2000 65.284
2001 65.284
2002 65.284
2003 65.284
2004 65.284
2005 65.284
2006 65.284
2007 65.284
2008 65.284
2009 65.284
2010 65.284
2011 65.284
2012 65.284
2013 65.284
2014 65.284
2015 65.284
2016 65.284
2017 65.284
2018 65.284
2019 65.284
2020 65.284
2021 65.284
2022 65.284
2023 65.284
2024 65.284
2025 65.284
2026 65.284
2027 65.284
2028 65.284
2029 65.284
2030 65.284
2031 65.284
2032 65.284
2033 65.284
2034 65.284
2035 65.284
2036 65.284
2037 65.284
2038 65.284
2039 65.284
2040 65.284
2041 65.284
2042 65.284
2043 65.284
2044 65.284
2045 65.284
2046 65.284
2047 65.284
2048 65.284
2049 65.284
2050 65.284
2051 65.284
2052 65.284
2053 65.284
2054 65.284
2055 65.284
2056 65.284
2057 65.284
2058 65.284
2059 65.284
2060 65.284
2061 65.284
2062 65.284
2063 65.284
2064 65.284
2065 65.284
2066 65.284
2067 65.284
2068 65.284
2069 65.284
2070 65.284
2071 65.284
2072 65.284
2073 65.284
2074 65.284
2075 65.284
2076 65.284
2077 65.284
2078 65.284
2079 65.284
2080 65.284
2081 65.284
2082 65.284
2083 65.284
2084 65.284
2085 65.284
2086 65.284
2087 65.284
2088 65.284
2089 65.284
2090 65.284
2091 65.284
2092 65.284
2093 65.284
2094 65.284
2095 65.284
2096 65.284
2097 65.284
2098 65.284
2099 65.284
2100 65.284
2101 65.284
2102 65.284
2103 65.284
2104 65.284
2105 65.284
2106 65.284
2107 65.284
2108 65.284
2109 65.284
2110 65.284
2111 65.284
2112 65.284
2113 65.284
2114 65.284
2115 65.284
2116 65.284
2117 65.284
2118 65.284
2119 65.284
2120 65.284
2121 65.284
2122 65.284
2123 65.284
2124 65.284
2125 65.284
2126 65.284
2127 65.284
2128 65.284
2129 65.284
2130 65.284
2131 65.284
2132 65.284
2133 65.284
2134 65.284
2135 65.284
2136 65.284
2137 65.284
2138 65.284
2139 65.284
2140 65.284
2141 65.284
2142 65.284
2143 65.284
2144 65.284
2145 65.284
2146 65.284
2147 65.284
2148 65.284
2149 65.284
2150 65.284
2151 65.284
2152 65.284
2153 65.284
2154 65.284
2155 65.284
2156 65.284
2157 65.284
2158 65.284
2159 65.284
2160 65.284
2161 65.284
2162 65.284
2163 65.284
2164 65.284
2165 65.284
2166 65.284
2167 65.284
2168 65.284
2169 65.284
2170 65.284
2171 65.284
2172 65.284
2173 65.284
2174 65.284
2175 65.284
2176 65.284
2177 65.284
2178 65.284
2179 65.284
2180 65.284
2181 65.284
2182 65.284
2183 65.284
2184 65.284
2185 65.284
2186 65.284
2187 65.284
2188 65.284
2189 65.284
2190 65.284
2191 65.284
2192 65.284
2193 65.284
2194 65.284
2195 65.284
2196 65.284
2197 65.284
2198 65.284
2199 65.284
2200 65.284
2201 65.284
2202 65.284
2203 65.284
2204 65.284
2205 65.284
2206 65.284
2207 65.284
2208 65.284
2209 65.284
2210 65.284
2211 65.284
2212 65.284
2213 65.284
2214 65.284
2215 65.284
2216 65.284
2217 65.284
2218 65.284
2219 65.284
2220 65.284
2221 65.284
2222 65.284
2223 65.284
2224 65.284
2225 65.284
2226 65.284
2227 65.284
2228 65.284
2229 65.284
2230 65.284
2231 65.284
2232 65.284
2233 65.284
2234 65.284
2235 65.284
2236 65.284
2237 65.284
2238 65.284
2239 65.284
2240 65.284
2241 65.284
2242 65.284
2243 65.284
2244 65.284
2245 65.284
2246 65.284
2247 65.284
2248 65.284
2249 65.284
2250 65.284
2251 65.284
2252 65.284
2253 65.284
2254 65.284
2255 65.284
2256 65.284
2257 65.284
2258 65.284
2259 65.284
2260 65.284
2261 65.284
2262 65.284
2263 65.284
2264 65.284
2265 65.284
2266 65.284
2267 65.284
2268 65.284
2269 65.284
2270 65.284
2271 65.284
2272 65.284
2273 65.284
2274 65.284
2275 65.284
2276 65.284
2277 65.284
2278 65.284
2279 65.284
2280 65.284
2281 65.284
2282 65.284
2283 65.284
2284 65.284
2285 65.284
2286 65.284
2287 65.284
2288 65.284
2289 65.284
2290 65.284
2291 65.284
2292 65.284
2293 65.284
2294 65.284
2295 65.284
2296 65.284
2297 65.284
2298 65.284
2299 65.284
2300 65.284
2301 65.284
2302 65.284
2303 65.284
2304 65.284
2305 65.284
2306 65.284
2307 65.284
2308 65.284
2309 65.284
2310 65.284
2311 65.284
2312 65.284
2313 65.284
2314 65.284
2315 65.284
2316 65.284
2317 65.284
2318 65.284
2319 65.284
2320 65.284
2321 65.284
2322 65.284
2323 65.284
2324 65.284
2325 65.284
2326 65.284
2327 65.284
2328 65.284
2329 65.284
2330 65.284
2331 65.284
2332 65.284
2333 65.284
2334 65.284
2335 65.284
2336 65.284
2337 65.284
2338 65.284
2339 65.284
2340 65.284
2341 65.284
2342 65.284
2343 65.284
2344 65.284
2345 65.284
2346 65.284
2347 65.284
2348 65.284
2349 65.284
2350 65.284
2351 65.284
2352 65.284
2353 65.284
2354 65.284
2355 65.284
2356 65.284
2357 65.284
2358 65.284
2359 65.284
2360 65.284
2361 65.284
2362 65.284
2363 65.284
2364 65.284
2365 65.284
2366 65.284
2367 65.284
2368 65.284
2369 65.284
2370 65.284
2371 65.284
2372 65.284
2373 65.284
2374 65.284
2375 65.284
2376 65.284
2377 65.284
2378 65.284
2379 65.284
2380 65.284
2381 65.284
2382 65.284
2383 65.284
2384 65.284
2385 65.284
2386 65.284
2387 65.284
2388 65.284
2389 65.284
2390 65.284
2391 65.284
2392 65.284
2393 65.284
2394 65.284
2395 65.284
2396 65.284
2397 65.284
2398 65.284
2399 65.284
2400 65.284
2401 65.284
2402 65.284
2403 65.284
2404 65.284
2405 65.284
2406 65.284
2407 65.284
2408 65.284
2409 65.284
2410 65.284
2411 65.284
2412 65.284
2413 65.284
2414 65.284
2415 65.284
2416 65.284
2417 65.284
2418 65.284
2419 65.284
2420 65.284
2421 65.284
2422 65.284
2423 65.284
2424 65.284
2425 65.284
2426 65.284
2427 65.284
2428 65.284
2429 65.284
2430 65.284
2431 65.284
2432 65.284
2433 65.284
2434 65.284
2435 65.284
2436 65.284
2437 65.284
2438 65.284
2439 65.284
2440 65.284
2441 65.284
2442 65.284
2443 65.284
2444 65.284
2445 65.284
2446 65.284
2447 65.284
2448 65.284
2449 65.284
2450 65.284
2451 65.284
2452 65.284
2453 65.284
2454 65.284
2455 65.284
2456 65.284
2457 65.284
2458 65.284
2459 65.284
2460 64.723
2461 64.723
2462 64.723
2463 64.723
2464 64.723
2465 64.723
2466 64.723
2467 64.723
2468 64.723
2469 64.723
2470 64.723
2471 64.723
2472 64.723
2473 64.723
2474 64.723
2475 64.723
2476 64.723
2477 64.723
2478 64.723
2479 64.723
2480 64.723
2481 64.723
2482 64.723
2483 64.723
2484 64.723
2485 64.723
2486 64.723
2487 64.723
2488 64.723
2489 64.723
2490 64.723
2491 64.723
2492 64.723
2493 64.723
2494 64.723
2495 64.723
2496 64.723
2497 64.723
2498 64.723
2499 64.723
2500 64.723
2501 64.723
2502 64.723
2503 64.723
2504 64.723
2505 64.723
2506 64.723
2507 64.723
2508 64.723
2509 64.723
2510 64.723
2511 64.723
2512 64.723
2513 64.723
2514 64.723
2515 64.723
2516 64.723
2517 64.723
2518 64.723
2519 64.723
2520 64.723
2521 64.723
2522 64.723
2523 64.723
2524 64.723
2525 64.723
2526 64.723
2527 64.723
2528 64.723
2529 64.723
2530 64.723
2531 64.723
2532 64.723
2533 64.723
2534 64.723
2535 64.723
2536 64.723
2537 64.723
2538 64.723
2539 64.723
2540 64.723
2541 64.723
2542 64.723
2543 64.723
2544 64.723
2545 64.723
2546 64.723
2547 64.723
2548 64.723
2549 64.723
2550 64.723
2551 64.723
2552 64.723
2553 64.723
2554 64.723
2555 64.723
2556 64.723
2557 64.723
2558 64.723
2559 64.723
2560 64.723
2561 64.723
2562 64.723
2563 64.723
2564 64.723
2565 64.723
2566 64.723
2567 64.723
2568 64.723
2569 64.723
2570 64.723
2571 64.723
2572 64.723
2573 64.723
2574 64.723
2575 64.723
2576 64.723
2577 64.723
2578 64.723
2579 64.723
2580 64.723
2581 64.723
2582 64.723
2583 64.723
2584 64.723
2585 64.723
2586 64.723
2587 64.723
2588 64.723
2589 64.723
2590 64.723
2591 64.723
2592 64.723
2593 64.723
2594 64.723
2595 64.723
2596 64.723
2597 64.723
2598 64.723
2599 64.723
2600 64.723
2601 64.723
2602 64.723
2603 64.723
2604 64.723
2605 64.723
2606 64.723
2607 64.723
2608 64.723
2609 64.723
2610 64.723
2611 64.723
2612 64.723
2613 64.723
2614 64.723
2615 64.723
2616 64.723
2617 64.723
2618 64.723
2619 64.723
2620 64.723
2621 64.723
2622 64.723
2623 64.723
2624 64.723
2625 64.723
2626 64.723
2627 64.723
2628 64.723
2629 64.723
2630 64.723
2631 64.723
2632 64.723
2633 64.723
2634 64.723
2635 64.723
2636 64.723
2637 64.723
2638 64.723
2639 64.723
2640 64.723
2641 64.723
2642 64.723
2643 64.723
2644 64.723
2645 64.723
2646 64.723
2647 64.723
2648 64.723
2649 64.723
2650 64.723
2651 64.723
2652 64.723
2653 64.723
2654 64.723
2655 64.723
2656 64.723
2657 64.723
2658 64.723
2659 64.723
2660 64.723
2661 64.723
2662 64.723
2663 64.723
2664 64.723
2665 64.723
2666 64.723
2667 64.723
2668 64.723
2669 64.723
2670 64.723
2671 64.723
2672 64.723
2673 64.723
2674 64.723
2675 64.723
2676 64.723
2677 64.723
2678 64.723
2679 64.723
2680 64.723
2681 64.723
2682 64.723
2683 64.723
2684 64.723
2685 64.723
2686 64.723
2687 64.723
2688 64.723
2689 64.723
2690 64.723
2691 64.723
2692 64.723
2693 64.723
2694 64.723
2695 64.723
2696 64.723
2697 64.723
2698 64.723
2699 64.723
2700 64.723
2701 64.723
2702 64.723
2703 64.723
2704 64.723
2705 64.723
2706 64.723
2707 64.723
2708 64.723
2709 64.723
2710 64.723
2711 64.723
2712 64.723
2713 64.723
2714 64.723
2715 64.723
2716 64.723
2717 64.723
2718 64.723
2719 64.723
2720 64.723
2721 64.723
2722 64.723
2723 64.723
2724 64.723
2725 64.723
2726 64.723
2727 64.723
2728 64.723
2729 64.723
2730 64.723
2731 64.723
2732 64.723
2733 64.723
2734 64.723
2735 64.723
2736 64.723
2737 64.723
2738 64.723
2739 64.723
2740 64.723
2741 64.723
2742 64.723
2743 64.723
2744 64.723
2745 64.723
2746 64.723
2747 64.723
2748 64.723
2749 64.723
2750 64.723
2751 64.723
2752 64.723
2753 64.723
2754 64.723
2755 64.723
2756 64.723
2757 64.723
2758 64.723
2759 64.723
2760 64.723
2761 64.723
2762 64.723
2763 64.723
2764 64.723
2765 64.723
2766 64.723
2767 64.723
2768 64.723
2769 64.723
2770 64.723
2771 64.723
2772 64.723
2773 64.723
2774 64.723
2775 64.723
2776 64.723
2777 64.723
2778 64.723
2779 64.723
2780 64.723
2781 64.723
2782 64.723
2783 64.723
2784 64.723
2785 64.723
2786 64.723
2787 64.723
2788 64.723
2789 64.723
2790 64.723
2791 64.723
2792 64.723
2793 64.723
2794 64.723
2795 64.723
2796 64.723
2797 64.723
2798 64.723
2799 64.723
2800 64.723
2801 64.723
2802 64.723
2803 64.723
2804 64.723
2805 64.723
2806 64.723
2807 64.723
2808 64.723
2809 64.723
2810 64.723
2811 64.723
2812 64.723
2813 64.723
2814 64.723
2815 64.723
2816 64.723
2817 64.723
2818 64.723
2819 64.723
2820 64.723
2821 64.723
2822 64.723
2823 64.723
2824 64.723
2825 64.723
2826 64.723
2827 64.723
2828 64.723
2829 64.723
2830 64.723
2831 64.723
2832 64.723
2833 64.723
2834 64.723
2835 64.723
2836 64.723
2837 64.723
2838 64.723
2839 64.723
2840 64.723
2841 64.723
2842 64.723
2843 64.723
2844 64.723
2845 64.723
2846 64.723
2847 64.723
2848 64.723
2849 64.723
2850 64.723
2851 64.723
2852 64.723
2853 64.723
2854 64.723
2855 64.723
2856 64.723
2857 64.723
2858 64.723
2859 64.723
2860 64.723
2861 64.723
2862 64.723
2863 64.723
2864 64.723
2865 64.723
2866 64.723
2867 64.723
2868 64.723
2869 64.723
2870 64.723
2871 64.723
2872 64.723
2873 64.723
2874 64.723
2875 64.723
2876 64.723
2877 64.723
2878 64.723
2879 64.723
2880 64.723
2881 64.723
2882 64.723
2883 64.723
2884 64.723
2885 64.723
2886 64.723
2887 64.723
2888 64.723
2889 64.723
2890 64.723
2891 64.723
2892 64.723
2893 64.723
2894 64.723
2895 64.723
2896 64.723
2897 64.723
2898 64.723
2899 64.723
2900 64.723
2901 64.723
2902 64.723
2903 64.723
2904 64.723
2905 64.723
2906 64.723
2907 64.723
2908 64.723
2909 64.723
2910 64.723
2911 64.723
2912 64.723
2913 64.723
2914 64.723
2915 64.723
2916 64.723
2917 64.723
2918 64.723
2919 64.723
2920 64.723
2921 64.723
2922 64.723
2923 64.723
2924 64.723
2925 64.723
2926 64.723
2927 64.723
2928 64.723
2929 64.723
2930 64.723
2931 64.723
2932 64.723
2933 64.723
2934 64.723
2935 64.723
2936 64.723
2937 64.723
2938 64.723
2939 64.723
2940 64.723
2941 64.723
2942 64.723
2943 64.723
2944 64.723
2945 64.723
2946 64.723
2947 64.723
2948 64.723
2949 64.723
2950 64.723
2951 64.723
2952 64.723
2953 64.723
2954 64.723
2955 64.723
2956 64.723
2957 64.723
2958 64.723
2959 64.723
2960 64.723
2961 64.723
2962 64.723
2963 64.723
2964 64.723
2965 64.723
2966 64.723
2967 64.723
2968 64.723
2969 64.723
2970 64.723
2971 64.723
2972 64.723
2973 64.723
2974 64.723
2975 64.723
2976 64.723
2977 64.723
2978 64.723
2979 64.723
2980 64.723
2981 64.723
2982 64.723
2983 64.723
2984 64.723
2985 64.723
2986 64.723
2987 64.723
2988 64.723
2989 64.723
2990 64.723
2991 64.723
2992 64.723
2993 64.723
2994 64.723
2995 64.723
2996 64.723
2997 64.723
2998 64.723
2999 64.723
3000 64.723
3001 64.723
3002 64.723
3003 64.723
3004 64.723
3005 64.723
3006 64.723
3007 64.723
3008 64.723
3009 64.723
3010 64.723
3011 64.723
3012 64.723
3013 64.723
3014 64.723
3015 64.723
3016 64.723
3017 64.723
3018 64.723
3019 64.723
3020 64.723
3021 64.723
3022 64.723
3023 64.723
3024 64.723
3025 64.723
3026 64.723
3027 64.723
3028 64.723
3029 64.723
3030 64.723
3031 64.723
3032 64.723
3033 64.723
3034 64.723
3035 64.723
3036 64.723
3037 64.723
3038 64.723
3039 64.723
3040 64.723
3041 64.723
3042 64.723
3043 64.723
3044 64.723
3045 64.723
3046 64.723
3047 64.723
3048 64.723
3049 64.723
3050 64.723
3051 64.723
3052 64.723
3053 64.723
3054 64.723
3055 64.723
3056 64.723
3057 64.723
3058 64.723
3059 64.723
3060 64.723
3061 64.723
3062 64.723
3063 64.723
3064 64.723
3065 64.723
3066 64.723
3067 64.723
3068 64.723
3069 64.723
3070 64.723
3071 64.723
3072 64.723
3073 64.723
3074 64.723
3075 64.723
3076 64.723
3077 64.723
3078 64.723
3079 64.723
3080 64.723
3081 64.723
3082 64.723
3083 64.723
3084 64.723
3085 64.723
3086 64.723
3087 64.723
3088 64.723
3089 64.723
3090 64.723
3091 64.723
3092 64.723
3093 64.723
3094 64.723
3095 64.723
3096 64.723
3097 64.723
3098 64.723
3099 64.723
3100 64.723
3101 64.723
3102 64.723
3103 64.723
3104 64.723
3105 64.723
3106 64.723
3107 64.723
3108 64.723
3109 64.723
3110 64.723
3111 64.723
3112 64.723
3113 64.723
3114 64.723
3115 64.723
3116 64.723
3117 64.723
3118 64.723
3119 64.723
3120 64.723
3121 64.723
3122 64.723
3123 64.723
3124 64.723
3125 64.723
3126 64.723
3127 64.723
3128 64.723
3129 64.723
3130 64.723
3131 64.723
3132 64.723
3133 64.723
3134 64.723
3135 64.723
3136 64.723
3137 64.723
3138 64.723
3139 64.723
3140 64.723
3141 64.723
3142 64.723
3143 64.723
3144 64.723
3145 64.723
3146 64.723
3147 64.723
3148 64.723
3149 64.723
3150 64.723
3151 64.723
3152 64.723
3153 64.723
3154 64.723
3155 64.723
3156 64.723
3157 64.723
3158 64.723
3159 64.723
3160 64.723
3161 64.723
3162 64.723
3163 64.723
3164 64.723
3165 64.723
3166 64.723
3167 64.723
3168 64.723
3169 64.723
3170 64.723
3171 64.723
3172 64.723
3173 64.723
3174 64.723
3175 64.723
3176 64.723
3177 64.723
3178 64.723
3179 64.723
3180 64.723
3181 64.723
3182 64.723
3183 64.723
3184 64.723
3185 64.723
3186 64.723
3187 64.723
3188 64.723
3189 64.723
3190 64.723
3191 64.723
3192 64.723
3193 64.723
3194 64.723
3195 64.723
3196 64.723
3197 64.723
3198 64.723
3199 64.723
3200 64.723
3201 64.723
3202 64.723
3203 64.723
3204 64.723
3205 64.723
3206 64.723
3207 64.723
3208 64.723
3209 64.723
3210 64.723
3211 64.723
3212 64.723
3213 64.723
3214 64.723
3215 64.723
3216 64.723
3217 64.723
3218 64.723
3219 64.723
3220 64.723
3221 64.723
3222 64.723
3223 64.723
3224 64.723
3225 64.723
3226 64.723
3227 64.723
3228 64.723
3229 64.723
3230 64.723
3231 64.723
3232 64.723
3233 64.723
3234 64.723
3235 64.723
3236 64.723
3237 64.723
3238 64.723
3239 64.723
3240 64.723
3241 64.723
3242 64.723
3243 64.723
3244 64.723
3245 64.723
3246 64.723
3247 64.723
3248 64.723
3249 64.723
3250 64.723
3251 64.723
3252 64.723
3253 64.723
3254 64.723
3255 64.723
3256 64.723
3257 64.723
3258 64.723
3259 64.723
3260 64.723
3261 64.723
3262 64.723
3263 64.723
3264 64.723
3265 64.723
3266 64.723
3267 64.723
3268 64.723
3269 64.723
3270 64.723
3271 64.723
3272 64.723
3273 64.723
3274 64.723
3275 64.723
3276 64.723
3277 64.723
3278 64.723
3279 64.723
3280 64.723
3281 64.723
3282 64.723
3283 64.723
3284 64.723
3285 64.723
3286 64.723
3287 64.723
3288 64.723
3289 64.723
3290 64.723
3291 64.723
3292 64.723
3293 64.723
3294 64.723
3295 64.723
3296 64.723
3297 64.723
3298 64.723
3299 64.723
3300 64.723
3301 64.723
3302 64.723
3303 64.723
3304 64.723
3305 64.723
3306 64.723
3307 64.723
3308 64.723
3309 64.723
3310 64.723
3311 64.723
3312 64.723
3313 64.723
3314 64.723
3315 64.723
3316 64.723
3317 64.723
3318 64.723
3319 64.723
3320 64.723
3321 64.723
3322 64.723
3323 64.723
3324 64.723
3325 64.723
3326 64.723
3327 64.723
3328 64.723
3329 64.723
3330 64.723
3331 64.723
3332 64.723
3333 64.723
3334 64.723
3335 64.723
3336 64.723
3337 64.723
3338 64.723
3339 64.723
3340 64.723
3341 64.723
3342 64.723
3343 64.723
3344 64.723
3345 64.723
3346 64.723
3347 64.723
3348 64.723
3349 64.723
3350 64.723
3351 64.723
3352 64.723
3353 64.723
3354 64.723
3355 64.723
3356 64.723
3357 64.723
3358 64.723
3359 64.723
3360 64.723
3361 64.723
3362 64.723
3363 64.723
3364 64.723
3365 64.723
3366 64.723
3367 64.723
3368 64.723
3369 64.723
3370 64.723
3371 64.723
3372 64.723
3373 64.723
3374 64.723
3375 64.723
3376 64.723
3377 64.723
3378 64.723
3379 64.723
3380 64.723
3381 64.723
3382 64.723
3383 64.723
3384 64.723
3385 64.723
3386 64.723
3387 64.723
3388 64.723
3389 64.723
3390 64.723
3391 64.723
3392 64.723
3393 64.723
3394 64.723
3395 64.723
3396 64.723
3397 64.723
3398 64.723
3399 64.723
3400 64.723
3401 64.723
3402 64.723
3403 64.723
3404 64.723
3405 64.723
3406 64.723
3407 64.723
3408 64.723
3409 64.723
3410 64.723
3411 64.723
3412 64.723
3413 64.723
3414 64.723
3415 64.723
3416 64.723
3417 64.723
3418 64.723
3419 64.723
3420 64.723
3421 64.723
3422 64.723
3423 64.723
3424 64.723
3425 64.723
3426 64.723
3427 64.723
3428 64.723
3429 64.723
3430 64.723
3431 64.723
3432 64.723
3433 64.723
3434 64.723
3435 64.723
3436 64.723
3437 64.723
3438 64.723
3439 64.723
3440 64.723
3441 64.723
3442 64.723
3443 64.723
3444 64.723
3445 64.723
3446 64.723
3447 64.723
3448 64.723
3449 64.723
3450 64.723
3451 64.723
3452 64.723
3453 64.723
3454 64.723
3455 64.723
3456 64.723
3457 64.723
3458 64.723
3459 64.723
3460 64.723
3461 64.723
3462 64.723
3463 64.723
3464 64.723
3465 64.723
3466 64.723
3467 64.723
3468 64.723
3469 64.723
3470 64.723
3471 64.723
3472 64.723
3473 64.723
3474 64.723
3475 64.723
3476 64.723
3477 64.723
3478 64.723
3479 64.723
3480 64.723
3481 64.723
3482 64.723
3483 64.723
3484 64.723
3485 64.723
3486 64.723
3487 64.723
3488 64.723
3489 64.723
3490 64.723
3491 64.723
3492 64.723
3493 64.723
3494 64.723
3495 64.723
3496 64.723
3497 64.723
3498 64.723
3499 64.723
3500 64.723
