0 4.22902 0.082467
1 -0.14121 0.0161415
2 -0.194475 0.0119255
3 -0.146117 0.00652417
4 4.34644 0.177635
5 1.25749 0.0644022
6 5.50047 0.145092
7 -0.374689 0.00350041
8 7.47841 0.1319
9 -0.0977121 0.00792351
10 0.436195 0.0320726
11 12.1219 0.314698
12 0.279647 0.0182858
13 5.49851 0.151625
14 0.23296 0.0160632
15 0.0841767 0.00532184
16 87.0928 2.42417
17 2.4486 0.0438949
18 26.8087 0.639504
19 0.33415 0.0098939
20 0.0479409 0.00929798
21 -0.0684561 0.0188365
22 6.83031 0.274385
23 0.293049 0.0167748
24 -0.288497 0.00707153
25 -0.336258 0.00672739
26 6.80834 0.137103
27 1.96644 0.0217388
28 -0.297565 0.005869
29 -0.436227 0.00290261
30 1.41703 0.0392108
31 0.484941 0.0414363
32 1.43202 0.051529
33 6.80215 0.14825
34 0.357738 0.0123623
35 4.69929 0.0872134
36 3.60142 0.0807843
37 201.354 6.20731
38 -0.191468 0.0104974
39 0.0478741 0.0090481
40 184.287 10.016
41 0.305623 0.0119762
42 0.288754 0.0103132
43 0.172124 0.0252905
44 4.12496 0.131185
45 9.22096 0.280956
46 -0.137282 0.00594595
47 1.03753 0.0611928
48 0.384309 0.0375401
49 1.416 0.0611039
50 -0.212538 0.0114098
51 0.00604325 0.00962902
52 -0.353622 0.00410753
53 0.868149 0.0212823
54 -0.0482556 0.0166967
55 1.44816 0.0692592
56 0.882094 0.0497566
57 0.595123 0.0223042
58 3.39303 0.0418746
59 0.486662 0.0147904
60 568.41 54.8853
61 6.41058 0.0743019
62 2.78107 0.0672516
63 4.42051 0.108696
64 4.87702 0.0865559
65 0.694415 0.00956038
66 -0.410405 0.0028501
67 0.041601 0.00803118
68 1.15531 0.0358674
69 0.498188 0.0334352
70 5.04103 0.112064
71 -0.225208 0.00579612
72 -0.282339 0.00836665
73 2.60041 0.0478397
74 0.0422486 0.00879015
75 252.18 14.1674
76 0.778125 0.0229916
77 -0.285023 0.00543873
78 1.67261 0.0824269
79 43.9048 1.19888
80 1.10282 0.0191186
81 -0.286817 0.00598832
82 -0.223317 0.00932729
83 -0.0142392 0.006611
84 0.12888 0.00900302
85 0.605884 0.0380704
86 3.21744 0.121069
87 10.9232 0.299054
88 8.91464 0.268269
89 15.3166 0.290903
90 47.229 1.273
91 30.8555 1.19993
92 9.72014 0.295169
93 3.24778 0.113617
94 4.69597 0.148352
95 1.52438 0.0603051
96 4.25081 0.125534
97 2.14213 0.0903869
98 0.56959 0.0316755
99 4.03163 0.136989
100 -0.260798 0.00676646
101 -0.176905 0.0123834
102 1.12217 0.0480013
103 2.12185 0.0650824
104 1.87271 0.053841
105 10.3134 0.185048
106 -0.34793 0.00679887
107 0.00410274 0.0109198
108 3.0712 0.0919296
109 -0.249592 0.00832853
110 -0.074708 0.00847275
111 0.78346 0.0257542
112 0.798367 0.0118912
113 2.35949 0.0392703
114 3.84179 0.033105
115 1.64077 0.0192167
116 117.627 5.72936
117 4.50433 0.0811379
118 2.99517 0.0425007
119 5.90372 0.11886
120 3.86581 0.0600972
121 3.57661 0.0601739
122 6.44536 0.109367
123 13.8851 0.181111
124 11.997 0.141624
125 17.6426 0.130246
126 5.56607 0.0574612
127 7.18191 0.0797034
128 11.7815 0.0911559
129 8.49242 0.0945042
130 21.1286 0.247302
131 17.5502 0.139488
132 8.74393 0.0940854
133 2001.59 568.341
134 4.68297 0.0510855
135 13.1634 0.105846
136 8.19088 0.113378
137 20.0947 0.389479
138 10.8615 0.108896
139 32.2646 0.92648
140 3.25588 0.0365269
141 1.97391 0.021414
142 1.03769 0.0235939
143 1.4017 0.0147881
144 0.199715 0.00782808
145 -0.122311 0.0114464
146 2.17259 0.0459977
147 -0.0936271 0.00859084
148 -0.0298403 0.0187742
149 -0.376458 0.00453772
150 -0.182532 0.00923623
151 -0.272986 0.00485501
152 -0.324376 0.00835704
153 -0.253805 0.00783523
154 -0.252906 0.00887752
155 -0.220704 0.00589265
156 -0.216233 0.0114378
157 -0.231329 0.0115216
158 -0.250126 0.00667219
159 0.241935 0.0303456
160 -0.164443 0.0141895
161 -0.246074 0.00762688
162 -0.250921 0.00684669
163 -0.230185 0.00650892
164 -0.267131 0.00529225
165 -0.434478 0.00325731
166 -0.121902 0.00871592
167 -0.2923 0.00479274
168 -0.0510816 0.0119447
169 -0.231365 0.0116073
170 0.587839 0.0306736
171 -0.290691 0.00673767
172 -0.189743 0.0090459
173 -0.149471 0.00743459
174 -0.154068 0.0115719
175 0.456945 0.013293
176 0.150683 0.00804091
177 0.668877 0.0108874
178 1.40061 0.0271887
179 -0.179016 0.0102029
180 -0.116603 0.0162391
181 0.643371 0.0316059
182 0.100566 0.0184677
183 -0.0256141 0.016137
184 -0.265178 0.0111384
185 -0.244016 0.0113566
186 -0.0277143 0.016816
187 -0.29172 0.00491659
188 -0.417653 0.00575623
189 -0.361777 0.00453791
190 -0.20318 0.00952871
191 0.360042 0.0162113
192 1.02943 0.0261749
193 0.16235 0.0165367
194 0.242688 0.0160264
195 1.42283 0.0316752
196 1.70322 0.0352379
197 1.10748 0.0291108
198 4.12986 0.0725777
199 1.53245 0.0328711
200 0.513174 0.0210061
201 -0.262937 0.00746456
202 -0.25891 0.00804035
203 -0.391966 0.00389204
204 -0.343046 0.0053201
205 -0.363102 0.00556175
206 -0.438712 0.00268517
207 -0.417265 0.00336779
208 -0.418161 0.00336101
209 -0.289456 0.00965031
210 -0.414455 0.00464854
211 -0.411635 0.00471028
212 -0.176287 0.0121642
213 -0.393147 0.00471647
214 -0.294685 0.00806771
215 -0.31294 0.00841385
216 -0.197808 0.0154867
217 -0.332072 0.00691979
218 -0.26354 0.00627588
219 -0.126123 0.00901992
220 -0.238541 0.0103402
221 -0.260957 0.0104806
222 -0.222889 0.00779784
223 -0.262007 0.00999478
224 -0.182758 0.0123044
225 -0.0177804 0.0143479
226 -0.28343 0.00842247
227 -0.268198 0.00913788
228 -0.260207 0.00965735
229 -0.164578 0.0122977
230 -0.385229 0.00691609
231 -0.359359 0.00698388
232 -0.397589 0.00481563
233 -0.393441 0.0038626
234 -0.432427 0.00297061
235 -0.441307 0.00200204
236 -0.430979 0.00307847
237 -0.420043 0.0033194
238 -0.420915 0.0027133
239 -0.422019 0.00282406
240 -0.386327 0.00372643
241 -0.444875 0.00231093
242 -0.424963 0.00282044
243 -0.431848 0.00293167
244 -0.441585 0.00305396
245 -0.430283 0.00281957
246 -0.419977 0.00278524
247 -0.437016 0.00244259
248 -0.422541 0.00239395
249 -0.416675 0.00560386
250 -0.402476 0.00512586
251 -0.382184 0.00629144
252 -0.331104 0.00810701
253 -0.380849 0.00565595
254 -0.38173 0.00543073
255 -0.40762 0.00521252
256 -0.394476 0.00596993
257 -0.415245 0.0040778
258 -0.401139 0.004765
259 -0.404514 0.00372463
260 -0.421494 0.00329692
261 -0.423403 0.0029883
262 -0.422489 0.00320331
263 -0.435132 0.00264222
264 -0.436959 0.00249728
265 -0.440219 0.00258764
266 -0.431018 0.00310171
267 -0.434152 0.00262212
268 -0.437277 0.00295858
269 -0.439116 0.00308795
270 -0.43576 0.00232368
271 -0.444421 0.00250922
272 -0.434598 0.00247754
273 -0.433137 0.00261708
274 -0.435586 0.0025197
275 -0.440444 0.00236397
276 -0.432055 0.0025182
277 -0.432496 0.00250352
278 -0.427381 0.00236485
279 -0.431335 0.00251736
280 -0.434289 0.00311197
281 -0.436596 0.00248992
282 -0.430037 0.0028945
283 -0.440004 0.00276562
284 -0.43698 0.0029843
285 -0.441947 0.00237217
286 -0.439707 0.00317368
287 -0.438168 0.00299501
288 -0.444429 0.00311504
289 -0.434953 0.0032252
290 -0.44561 0.00256577
291 -0.441411 0.00309596
292 -0.437296 0.00321049
293 -0.442723 0.00302962
294 -0.43739 0.00350912
295 -0.438421 0.00346057
296 -0.437875 0.00328044
297 -0.434186 0.00317351
298 -0.439816 0.00317696
299 -0.431929 0.00305451
300 -0.428808 0.00312449
301 -0.436652 0.00287292
302 -0.433628 0.00268522
303 -0.435698 0.00348269
304 -0.441988 0.00276701
305 -0.440673 0.00308801
306 -0.43728 0.00315497
307 -0.43911 0.00361479
308 -0.437232 0.00311916
309 -0.433013 0.00303003
310 -0.429364 0.00362615
311 -0.434109 0.00351356
312 -0.431173 0.00292
313 -0.435047 0.00332868
314 -0.443037 0.00301822
315 -0.44281 0.0027755
316 -0.442163 0.00361561
317 -0.442214 0.00338058
318 -0.443834 0.00298402
319 -0.439319 0.00280843
320 -0.436719 0.00367229
321 -0.435782 0.00300353
322 -0.4291 0.00358887
323 -0.438351 0.00310091
324 -0.432897 0.00367003
325 -0.431595 0.00357274
326 -0.424909 0.00468478
327 -0.429636 0.00374266
328 -0.432328 0.00375848
329 -0.432961 0.00324709
330 -0.432436 0.00356562
331 -0.432297 0.00326978
332 -0.438952 0.00307461
333 -0.43481 0.00305504
334 -0.433029 0.0028211
335 -0.432807 0.00347003
336 -0.438797 0.0034214
337 -0.439746 0.00258843
338 -0.43776 0.00296121
339 -0.430078 0.00293146
340 -0.435409 0.00316905
341 -0.436341 0.0035335
342 -0.434719 0.00267603
343 -0.43533 0.00366334
344 -0.437387 0.00272365
345 -0.433852 0.0031756
346 -0.440148 0.00348563
347 -0.436664 0.00318161
348 -0.438153 0.00303194
349 -0.43455 0.0032614
350 -0.440219 0.00295518
351 -0.436908 0.00267313
352 -0.437536 0.00299265
353 -0.443682 0.00263326
354 -0.437768 0.00306772
355 -0.434687 0.00336478
356 -0.434996 0.00307238
357 -0.442332 0.00280239
358 -0.434439 0.00317758
359 -0.440169 0.00267747
360 -0.44108 0.00336722
361 -0.435696 0.00340625
362 -0.436604 0.00336176
363 -0.443298 0.00284603
364 -0.439685 0.00293544
365 -0.437046 0.00336734
366 -0.439751 0.00285012
367 -0.445062 0.00253165
368 -0.433117 0.00318227
369 -0.440389 0.00321937
370 -0.440088 0.00285206
371 -0.438517 0.00292241
372 -0.43992 0.00337739
373 -0.437611 0.00339626
374 -0.43614 0.00324432
375 -0.439612 0.00313794
376 -0.438373 0.00299538
377 -0.437276 0.00321008
378 -0.438025 0.00389499
379 -0.441534 0.00300247
380 -0.437954 0.00275387
381 -0.438775 0.00281164
382 -0.438328 0.00274761
383 -0.437686 0.00258551
384 -0.438568 0.00316853
385 -0.440939 0.00283607
386 -0.438737 0.00275795
387 -0.439919 0.00346593
388 -0.437428 0.00289553
389 -0.437865 0.00333431
390 -0.439916 0.00286678
391 -0.438544 0.0027861
392 -0.439172 0.00298101
