0 509.986
1 449.485
2 410.993
3 379.81
4 356.435
5 338.637
6 327.915
7 312.094
8 299.267
9 287.632
10 276.669
11 269.804
12 263.084
13 259.593
14 255.759
15 247.378
16 238.901
17 230.733
18 223.645
19 219.261
20 215.049
21 210.383
22 203.684
23 199.023
24 193.576
25 189.258
26 185.852
27 182.912
28 180.222
29 176.668
30 172.9
31 169.68
32 167.757
33 166.766
34 164.525
35 161.225
36 159.535
37 154.782
38 150.517
39 148.251
40 146.074
41 143.572
42 141.992
43 140.22
44 138.437
45 136.63
46 134.357
47 132.413
48 133.651
49 132.825
50 129.511
51 127.337
52 126.096
53 124.456
54 123.575
55 122.35
56 120.981
57 119.903
58 119.519
59 118.285
60 116.251
61 115.181
62 113.755
63 112.479
64 110.758
65 109.637
66 109.97
67 108.755
68 107.781
69 106.054
70 104.108
71 103.05
72 103.097
73 102.426
74 101.318
75 103.737
76 104.506
77 102.196
78 100.568
79 99.2353
80 98.6859
81 97.9834
82 96.7179
83 96.2016
84 96.1131
85 95.3992
86 94.788
87 94.2839
88 94.1458
89 93.2424
90 94.4298
91 93.8411
92 91.8072
93 90.8737
94 89.7127
95 89.2186
96 89.431
97 88.6489
98 87.1547
99 86.4412
100 86.0058
101 86.2007
102 86.2237
103 85.9494
104 88.8421
105 89.6016
106 86.4696
107 85.3694
108 85.1518
109 84.7387
110 83.7858
111 83.683
112 83.4846
113 82.8686
114 82.3408
115 82.0229
116 81.5495
117 82.1257
118 81.9344
119 81.6398
120 81.3334
121 80.6716
122 80.5793
123 80.4599
124 80.106
125 80.0182
126 79.8922
127 79.5257
128 82.1817
129 82.4569
130 80.435
131 78.7001
132 77.7966
133 77.0953
134 76.6746
135 76.4117
136 76.1649
137 75.7262
138 76.4249
139 76.0513
140 75.1601
141 75.2424
142 75.0275
143 78.4885
144 78.7799
145 76.8985
146 75.1021
147 74.3825
148 74.2358
149 73.8941
150 73.6709
151 73.9023
152 73.752
153 73.8474
154 74.0388
155 73.8996
156 73.6714
157 73.5838
158 73.5939
159 73.4253
160 72.8165
161 72.732
162 73.1582
163 72.8831
164 72.68
165 72.8079
166 72.9414
167 72.5547
168 72.261
169 72.2418
170 72.4557
171 72.2002
172 72.289
173 72.2644
174 72.2181
175 71.9835
176 72.1509
177 72.2543
178 71.9268
179 72.3122
180 72.105
181 72.0075
182 72.1094
183 71.9434
184 71.9186
185 71.7894
186 71.6028
187 71.5002
188 71.3753
189 71.2544
190 71.2775
191 71.2501
192 71.178
193 70.9065
194 70.7529
195 70.5578
196 70.1249
197 70.2128
198 70.2346
199 70.3274
200 70.372
201 70.4538
202 70.4112
203 69.8737
204 69.8527
205 69.2407
206 69.9546
207 69.4496
208 69.5197
209 69.7962
210 69.6423
211 69.8369
212 69.4551
213 69.8788
214 69.6444
215 69.5875
216 69.4516
217 69.691
218 69.7361
219 69.4002
220 69.4265
221 69.7146
222 69.6408
223 69.2948
224 69.5134
225 69.3782
226 69.6781
227 69.4589
228 69.3178
229 69.3766
230 69.2658
231 69.2541
232 69.4807
233 69.4888
234 69.6805
235 69.3784
236 69.0826
237 69.2566
238 69.5844
239 69.4807
240 69.4207
241 69.5956
242 69.3341
243 69.2715
244 69.4476
245 69.9011
246 69.5223
247 69.3356
248 69.3086
249 69.4954
250 69.4666
251 69.2517
252 69.3785
253 68.96
254 69.4364
255 69.4675
256 69.4662
257 69.6999
258 69.093
259 68.9306
260 69.1039
261 69.5982
262 69.2173
263 69.4964
264 69.4576
265 69.4402
266 69.7119
267 69.328
268 69.7351
269 69.4307
270 69.3146
271 69.5937
272 69.3202
273 69.5253
274 69.5079
275 69.2834
276 69.0056
277 68.2968
278 68.2652
279 68.394
280 68.5406
281 68.0265
282 68.099
283 68.5754
284 68.2606
285 68.0599
286 67.8052
287 68.032
288 68.2565
289 68.0479
290 68.5142
291 68.1853
292 68.2842
293 68.5355
294 68.0233
295 68.1635
296 67.8611
297 68.2652
298 68.1112
299 68.2456
300 68.1366
301 67.9396
302 68.1924
303 68.384
304 68.0868
305 67.8905
306 68.3466
307 68.024
308 68.3534
309 68.1415
310 68.0853
311 68.2281
312 68.0644
313 68.3395
314 68.0549
315 68.0062
316 68.1656
317 68.0292
318 68.158
319 68.4098
320 68.2288
321 68.3932
322 68.2077
323 68.012
324 67.9406
325 67.7953
326 67.9858
327 67.9501
328 68.0425
329 67.9044
330 67.6953
331 68.0364
332 68.1398
333 68.0243
334 68.0369
335 67.9384
336 67.941
337 68.3831
338 67.9123
339 67.8745
340 68.3746
341 68.2912
342 67.8386
343 68.0961
344 68.4616
345 68.2884
346 67.7975
347 68.122
348 68.2031
349 68.1722
350 68.0899
351 67.9745
352 68.338
353 68.0787
354 68.0776
355 68.5456
356 68.3256
357 68.0678
358 67.762
359 67.8246
360 68.2193
361 67.9188
362 68.2749
363 68.4095
364 67.975
365 68.217
366 68.0937
367 68.4389
368 68.0905
369 68.0605
370 68.0696
371 68.158
372 67.9459
373 68.0366
374 68.0771
375 68.19
376 68.2819
377 68.1537
378 68.0567
379 68.0598
380 68.1129
381 68.4847
382 68.3045
383 68.147
384 68.1555
385 67.853
386 67.6797
387 68.0993
388 68.3602
389 67.9799
390 68.2025
391 68.2321
392 68.1567
393 68.4166
394 68.0425
395 68.2375
396 68.1787
397 67.9893
398 67.9842
399 67.7852
400 68.1215
401 68.3417
402 68.1166
403 67.7842
404 67.9337
405 67.7496
406 68.3384
407 68.2571
408 68.2051
409 68.2839
410 68.0854
411 67.9894
412 68.1285
413 68.0471
414 68.2593
415 67.7453
416 68.2084
417 68.4042
418 68.3222
419 68.2495
420 68.4132
421 68.1128
422 67.9913
423 68.0326
424 68.3739
425 68.0427
426 67.9651
427 68.0735
428 68.0734
429 68.0137
430 68.1217
431 68.2537
432 68.2722
433 68.4111
434 68.1309
435 67.6937
436 67.881
437 67.7849
438 68.0617
439 67.692
440 68.2871
441 67.9806
442 68.1859
443 68.2472
444 68.0659
445 68.1566
446 67.9078
447 67.9761
448 68.1374
449 68.2087
450 68.1831
451 68.0765
452 67.996
453 67.9554
454 68.3653
455 68.4766
456 67.9806
457 68.2268
458 68.3042
459 68.3003
460 68.2254
461 67.8193
462 68.129
463 68.0817
464 68.3847
465 68.0382
466 67.8485
467 67.9636
468 68.0206
469 67.9863
470 68.1101
471 67.753
472 67.9984
473 68.1925
474 68.298
475 68.0872
476 67.9255
477 68.2927
478 68.2509
479 67.9785
480 68.3893
481 68.1649
482 67.769
483 67.9252
484 67.909
485 68.2958
486 68.2755
487 68.3189
488 68.0282
489 68.083
490 68.0328
491 68.0896
492 68.1816
493 68.2615
494 68.1371
495 67.6669
496 68.2461
497 68.0788
498 67.867
499 68.1629
500 68.6354
501 68.2028
502 67.9884
503 67.9525
504 68.0459
505 68.0212
506 68.1486
507 68.1389
508 68.327
509 68.5822
510 68.3296
511 68.252
512 68.0122
513 68.286
514 67.8962
515 67.9772
516 68.0909
517 68.1263
518 67.8854
519 67.9057
520 68.223
521 68.152
522 68.14
523 68.1229
524 68.1526
525 68.1671
526 68.005
527 67.8327
528 67.963
529 68.0263
530 68.1391
531 68.2508
532 67.9483
533 67.9417
534 68.005
535 68.0712
536 68.2128
537 68.2803
538 67.9899
539 68.1232
540 68.1086
541 67.903
542 67.9663
543 67.9632
544 67.9733
545 68.0234
546 68.4298
547 68.4464
548 68.0849
549 67.9759
550 68.088
551 68.0395
552 68.4339
553 67.9932
554 67.6412
555 67.8005
556 68.1134
557 68.1186
558 68.5594
559 68.2254
560 68.4193
561 68.1345
562 68.2245
563 68.219
564 68.2004
565 68.0078
566 68.2308
567 68.0062
568 68.121
569 67.8049
570 67.8835
571 67.8929
572 67.8532
573 68.0975
574 68.1838
575 68.0256
576 67.9767
577 67.9644
578 68.0278
579 68.1879
580 67.9115
581 68.0598
582 67.8721
583 67.7592
584 68.3006
585 67.9691
586 68.0151
587 67.936
588 68.0678
589 68.1369
590 67.8692
591 67.8195
592 67.9425
593 67.8514
594 68.0099
595 68.2368
596 67.8534
597 68.1957
598 68.2216
599 68.1173
600 67.9213
601 68.1678
602 68.0987
603 68.0604
604 67.9776
605 68.2244
606 67.7544
607 67.7766
608 67.9299
609 68.1781
610 67.9257
611 67.9914
612 68.0337
613 67.8189
614 67.8149
615 68.0053
616 67.7211
617 67.9491
618 68.0321
619 67.8089
620 67.8587
621 67.8405
622 67.991
623 68.1518
624 68.1484
625 68.1011
626 67.9179
627 67.8693
628 68.2941
629 68.3239
630 67.8867
631 67.9049
632 68.1384
633 68.2849
634 68.0899
635 68.0849
636 67.8772
637 67.8961
638 68.2089
639 68.1031
640 68.1074
641 68.1707
642 68.1657
643 67.9405
644 67.9952
645 68.5386
646 67.8684
647 68.1144
648 68.0652
649 67.8983
650 67.9919
651 67.9712
652 68.0605
653 68.5885
654 68.3051
655 68.0843
656 68.2968
657 67.9351
658 67.9303
659 68.2178
660 71.421
661 72.0404
662 69.6513
663 68.2005
664 67.61
665 67.1893
666 67.5431
667 67.739
668 67.5899
669 67.6943
670 67.5245
671 67.3832
672 67.2879
673 67.4803
674 67.7105
675 67.4377
676 67.342
677 67.6178
678 67.392
679 67.4127
680 67.4053
681 67.688
682 67.3022
683 67.3283
684 67.26
685 67.3426
686 67.2908
687 67.1076
688 67.3114
689 67.7197
690 67.4917
691 67.6217
692 67.4792
693 67.3823
694 67.3568
695 67.5005
696 67.4987
697 67.4974
698 67.5491
699 67.4914
700 67.5672
701 67.5356
702 67.8424
703 67.6526
704 67.7778
705 67.3034
706 67.5867
707 67.3271
708 67.5798
709 67.3447
710 67.1506
711 67.5916
712 67.7119
713 67.4633
714 67.4139
715 67.0663
716 67.2818
717 67.549
718 67.5164
719 67.6686
720 67.6459
721 67.446
722 67.7188
723 67.2777
724 67.4536
725 67.3475
726 67.6326
727 67.3445
728 67.3966
729 67.3519
730 67.3066
731 67.767
732 67.6495
733 67.6806
734 67.6995
735 67.32
736 67.4862
737 67.5089
738 67.2843
739 67.3505
740 67.1902
741 66.908
742 66.8881
743 67.3187
744 67.3533
745 66.7904
746 67.0206
747 66.7463
748 66.6939
749 66.613
750 66.8564
751 66.867
752 66.601
753 66.6079
754 66.7577
755 66.9393
756 66.6568
757 66.6358
758 66.8797
759 66.8969
760 66.6609
761 66.9228
762 66.7439
763 66.715
764 67.1085
765 66.8423
766 66.9404
767 66.7371
768 66.9149
769 66.5646
770 67.0443
771 66.678
772 66.8842
773 67.1898
774 67.02
775 66.7595
776 66.4698
777 67.1752
778 67.1974
779 66.9669
780 66.7313
781 66.8214
782 66.8393
783 67.0796
784 66.9833
785 66.9123
786 66.8932
787 66.3853
788 66.8606
789 66.8031
790 66.8812
791 66.6536
792 66.9063
793 67.0403
794 66.6929
795 66.796
796 66.7131
797 66.9927
798 66.7823
799 66.6221
800 66.7699
801 66.9841
802 66.8065
803 66.3595
804 66.9057
805 67.1425
806 67.1132
807 67.0732
808 66.8111
809 66.7194
810 66.3859
811 66.5768
812 66.6238
813 66.6761
814 66.7974
815 66.6733
816 66.5061
817 66.6398
818 66.6581
819 66.6893
820 66.6806
821 66.8709
822 66.9168
823 66.7177
824 66.556
825 66.3779
826 66.9654
827 66.7396
828 66.6669
829 66.6174
830 66.673
831 66.4937
832 66.4833
833 66.8573
834 66.8354
835 66.7583
836 66.5418
837 66.78
838 66.6091
839 66.8196
840 66.8533
841 67.1035
842 66.8123
843 66.782
844 66.4022
845 66.7398
846 66.5601
847 66.3698
848 66.7085
849 66.3073
850 66.7584
851 66.4501
852 66.2422
853 66.3862
854 66.6641
855 66.6821
856 66.228
857 66.4573
858 66.9701
859 66.8264
860 66.8664
861 66.5778
862 66.7163
863 66.7558
864 66.5786
865 66.78
866 67.0442
867 66.7606
868 66.952
869 66.9129
870 66.5501
871 66.7121
872 66.8219
873 66.7363
874 66.307
875 66.6228
876 66.5745
877 66.7757
878 66.5209
879 66.5368
880 66.5731
881 66.3182
882 66.6766
883 66.5797
884 66.4121
885 66.4475
886 66.52
887 66.7854
888 66.6486
889 66.4179
890 66.4963
891 66.5879
892 66.766
893 66.6271
894 66.6003
895 66.7961
896 67.0422
897 66.8516
898 67.0805
899 66.8717
900 70.3441
901 71.3038
902 68.8736
903 67.0417
904 66.5496
905 66.3666
906 66.7257
907 66.7808
908 66.5822
909 66.7358
910 66.6623
911 66.7182
912 66.2563
913 66.3469
914 66.5549
915 66.5305
916 66.9643
917 66.7751
918 66.3859
919 66.1974
920 66.2278
921 66.6291
922 66.5522
923 66.265
924 66.4418
925 66.4401
926 66.3946
927 66.7034
928 66.4598
929 66.4385
930 66.6349
931 66.5143
932 66.6351
933 66.2748
934 65.9452
935 66.541
936 66.4394
937 66.3497
938 66.315
939 66.5282
940 66.3284
941 66.379
942 66.6825
943 66.7928
944 66.2437
945 66.5572
946 66.8826
947 66.5688
948 66.4303
949 66.6016
950 66.4763
951 66.5962
952 66.1505
953 66.4738
954 66.4526
955 66.3007
956 66.3925
957 66.2263
958 66.3385
959 66.5675
960 66.4798
961 66.4155
962 66.537
963 66.3764
964 66.6176
965 66.5634
966 66.3353
967 66.4249
968 66.4343
969 66.1628
970 66.1007
971 66.73
972 66.5747
973 66.4288
974 66.6003
975 66.6114
976 66.2508
977 66.675
978 66.4383
979 66.525
980 66.4181
981 66.4278
982 66.2538
983 66.5523
984 66.3539
985 66.6777
986 66.4246
987 66.0207
988 66.3575
989 66.4587
990 66.6006
991 66.3861
992 66.5291
993 66.4802
994 66.5019
995 66.3977
996 66.3678
997 66.3093
998 66.3209
999 66.1988
1000 66.3036
1001 66.394
1002 66.1857
1003 66.59
1004 66.278
1005 66.3384
1006 66.5915
1007 66.425
1008 66.3324
1009 66.083
1010 66.6113
1011 66.3965
1012 66.5503
1013 66.4165
1014 66.9252
1015 66.4217
1016 66.5276
1017 66.1685
1018 66.2663
1019 66.6398
1020 66.2208
1021 66.5592
1022 66.4025
1023 66.2056
1024 66.2656
1025 66.7272
1026 66.7138
1027 66.6167
1028 66.4583
1029 66.5352
1030 66.3956
1031 66.8012
1032 66.4491
1033 66.7076
1034 66.5279
1035 66.8736
1036 66.6447
1037 66.6437
1038 66.5485
1039 66.6038
1040 66.3036
1041 66.7126
1042 66.8251
1043 66.5309
1044 66.4936
1045 66.6831
1046 66.4963
1047 66.8811
1048 66.8814
1049 66.3149
1050 66.4539
1051 66.4903
1052 66.4219
1053 66.3821
1054 66.5549
1055 66.4372
1056 66.3178
1057 66.5732
1058 66.4809
1059 66.8628
1060 66.785
1061 66.6004
1062 66.5232
1063 66.5378
1064 66.237
1065 66.383
1066 66.4384
1067 66.3041
1068 66.3523
1069 66.4774
1070 66.2548
1071 66.5426
1072 66.3102
1073 66.3781
1074 66.7057
1075 66.4467
1076 66.3126
1077 66.6087
1078 66.6362
1079 66.2922
1080 66.8152
1081 66.3358
1082 66.0798
1083 66.2843
1084 66.5607
1085 66.783
1086 66.5844
1087 66.4477
1088 66.634
1089 66.3459
1090 66.6655
1091 66.581
1092 66.6852
1093 66.2959
1094 66.7713
1095 66.6398
1096 66.3509
1097 66.4558
1098 66.7467
1099 66.8188
1100 66.3536
1101 66.4263
1102 66.2466
1103 66.3997
1104 66.2731
1105 66.4331
1106 66.2539
1107 66.1084
1108 66.3265
1109 66.3784
1110 66.53
1111 66.125
1112 66.2861
1113 66.2311
1114 66.5813
1115 66.5502
1116 66.8344
1117 66.7061
1118 66.3032
1119 66.376
1120 66.5687
1121 66.5568
1122 66.2791
1123 66.4204
1124 66.5203
1125 66.3163
1126 66.5401
1127 66.5381
1128 66.3214
1129 66.4345
1130 66.5474
1131 66.3481
1132 66.4652
1133 66.591
1134 66.6313
1135 66.2516
1136 66.3754
1137 66.3956
1138 66.1475
1139 66.574
1140 66.4909
1141 66.2825
1142 66.3562
1143 66.3897
1144 66.6761
1145 66.515
1146 66.3578
1147 66.5583
1148 66.4837
1149 66.3259
1150 66.8823
1151 67.0541
1152 66.6403
1153 66.9146
1154 66.684
1155 66.4368
1156 66.6945
1157 66.5294
1158 66.8312
1159 66.6305
1160 66.2352
1161 66.2256
1162 66.2535
1163 66.5227
1164 66.2524
1165 66.3758
1166 67.0343
1167 66.4828
1168 66.3982
1169 66.2986
1170 66.7585
1171 66.6564
1172 66.5274
1173 66.1066
1174 66.2149
1175 66.2789
1176 66.2296
1177 66.2875
1178 66.9305
1179 66.5096
1180 66.5424
1181 66.3836
1182 66.696
1183 66.586
1184 66.4943
1185 66.3655
1186 66.4698
1187 66.4168
1188 66.5117
1189 66.495
1190 66.8439
1191 66.5665
1192 66.4606
1193 66.5433
1194 66.2971
1195 66.1947
1196 66.4592
1197 66.6304
1198 66.5507
1199 66.4614
1200 66.6541
1201 66.7457
1202 66.334
1203 66.5016
1204 66.3911
1205 66.3405
1206 66.2322
1207 66.4097
1208 66.7596
1209 66.7914
1210 66.2101
1211 66.567
1212 66.7673
1213 66.4991
1214 66.5935
1215 66.5076
1216 66.389
1217 66.0347
1218 66.5396
1219 66.2335
1220 66.0091
1221 66.1705
1222 66.5622
1223 66.3832
1224 66.34
1225 66.5568
1226 66.5192
1227 66.5402
1228 66.2314
1229 66.5547
1230 66.278
1231 66.5941
1232 66.2792
1233 66.7528
1234 66.6555
1235 66.6086
1236 66.8017
1237 66.6366
1238 66.7797
1239 66.2638
1240 66.459
1241 66.6707
1242 66.8629
1243 66.3846
1244 66.4499
1245 66.6956
1246 66.5612
1247 66.677
1248 66.3257
1249 66.4314
1250 66.4178
1251 66.6637
1252 66.7617
1253 66.6331
1254 66.379
1255 66.6393
1256 66.5732
1257 66.6383
1258 66.752
1259 66.6389
1260 66.634
1261 66.489
1262 66.4697
1263 66.2591
1264 66.3066
1265 66.2663
1266 66.6656
1267 66.8127
1268 67.0821
1269 66.3936
1270 66.5885
1271 66.632
1272 66.2264
1273 66.5737
1274 66.488
1275 66.4283
1276 66.4571
1277 66.4324
1278 66.5184
1279 66.4526
1280 66.5149
1281 66.3282
1282 66.6593
1283 66.745
1284 66.4541
1285 66.4962
1286 66.6279
1287 66.1218
1288 66.5796
1289 66.324
1290 66.5636
1291 66.5545
1292 66.6786
1293 66.5368
1294 66.8857
1295 66.7792
1296 66.6187
1297 66.64
1298 66.8023
1299 66.6404
1300 66.9626
1301 66.8104
1302 66.5347
1303 66.669
1304 66.2197
1305 66.5915
1306 66.4575
1307 66.418
1308 66.8606
1309 66.5838
1310 66.5661
1311 66.6877
1312 66.3815
1313 66.7093
1314 66.2814
1315 66.4686
1316 66.4152
1317 66.395
1318 66.1661
1319 66.248
1320 66.474
1321 66.4983
1322 66.5653
1323 66.5477
1324 66.5978
1325 66.5328
1326 66.9567
1327 66.8511
1328 66.6404
1329 66.6344
1330 66.2196
1331 66.6651
1332 66.7484
1333 66.779
1334 66.5039
1335 66.6184
1336 66.6049
1337 66.4405
1338 66.5719
1339 66.683
1340 66.3188
1341 66.4699
1342 66.6333
1343 66.5663
1344 66.6051
1345 66.2611
1346 66.0453
1347 66.2417
1348 66.4466
1349 66.1919
1350 66.1541
1351 66.1794
1352 66.3242
1353 66.6337
1354 66.4712
1355 66.1469
1356 66.4928
1357 66.6413
1358 66.6121
1359 66.6166
1360 66.5552
1361 66.5762
1362 66.1515
1363 66.5497
1364 66.3851
1365 66.5571
1366 66.5205
1367 66.6751
1368 66.8183
1369 66.5283
1370 66.6228
1371 66.6906
1372 66.7109
1373 66.8864
1374 66.588
1375 66.2685
1376 66.269
1377 66.3866
1378 66.4245
1379 66.3122
1380 66.1619
1381 66.4611
1382 66.5528
1383 66.5623
1384 66.8308
1385 66.5174
1386 66.3802
1387 66.546
1388 66.4651
1389 66.4451
1390 66.6052
1391 66.4043
1392 66.7084
1393 66.6848
1394 66.4697
1395 66.098
1396 66.4239
1397 66.1988
1398 66.5819
1399 66.3462
1400 66.5323
1401 66.3783
1402 66.9619
1403 66.3823
1404 66.6674
1405 66.3004
1406 66.5463
1407 66.2922
1408 66.1928
1409 66.0298
1410 69.9167
1411 71.1025
1412 68.4284
1413 67.0919
1414 66.5554
1415 66.0609
1416 65.8536
1417 66.0241
1418 66.1644
1419 66.1223
1420 65.8812
1421 66.0718
1422 66.099
1423 66.0939
1424 66.165
1425 66.1313
1426 66.2666
1427 65.9308
1428 65.9425
1429 65.7601
1430 66.0276
1431 66.2014
1432 66.2635
1433 65.9523
1434 66.0491
1435 65.8599
1436 66.0293
1437 66.4482
1438 66.3909
1439 66.3978
1440 66.1363
1441 66.2614
1442 65.8965
1443 66.0024
1444 66.2552
1445 66.0315
1446 66.1099
1447 65.8851
1448 65.9546
1449 66.0654
1450 66.3582
1451 66.0553
1452 66.456
1453 66.1372
1454 66.1526
1455 66.1616
1456 65.9519
1457 66.1582
1458 66.1937
1459 66.3213
1460 66.4192
1461 66.1904
1462 65.8602
1463 66.2723
1464 66.2058
1465 65.6417
1466 66.0328
1467 66.0931
1468 66.4756
1469 66.4581
1470 66.4978
1471 66.2382
1472 66.3837
1473 65.9624
1474 66.2551
1475 66.2266
1476 66.2549
1477 66.3028
1478 65.9939
1479 66.1712
1480 66.3791
1481 66.1093
1482 66.0458
1483 66.2835
1484 66.2816
1485 66.0872
1486 66.1379
1487 66.2096
1488 66.2234
1489 65.9647
1490 66.2081
1491 66.3208
1492 65.9957
1493 66.2472
1494 66.3932
1495 66.4197
1496 66.1503
1497 66.2483
1498 66.2842
1499 66.5856
1500 66.2829
1501 66.1113
1502 66.0615
1503 66.3329
1504 65.7136
1505 65.7485
1506 66.0889
1507 66.1586
1508 66.0878
1509 66.0238
1510 66.1029
1511 65.9678
1512 66.0426
1513 65.6223
1514 65.9026
1515 65.7966
1516 66.0116
1517 66.2836
1518 65.7982
1519 66.0109
1520 66.2037
1521 66.2708
1522 66.0409
1523 66.1228
1524 65.823
1525 66.1036
1526 66.0133
1527 65.8148
1528 65.6916
1529 65.7276
1530 66.011
1531 66.4062
1532 66.0467
1533 65.7369
1534 65.6668
1535 65.5844
1536 65.9695
1537 66.089
1538 65.9634
1539 65.6933
1540 65.794
1541 66.0244
1542 65.9865
1543 65.7909
1544 66.3869
1545 65.7674
1546 65.9744
1547 66.3282
1548 66.0506
1549 66.0339
1550 66.0228
1551 66.0947
1552 65.8145
1553 66.2131
1554 65.6944
1555 65.7828
1556 65.867
1557 65.8099
1558 66.1216
1559 66.1253
1560 65.9063
1561 66.163
1562 65.8306
1563 65.8374
1564 66.1434
1565 65.8302
1566 65.7935
1567 66.2867
1568 66.0354
1569 66.1794
1570 66.262
1571 66.4025
1572 66.3638
1573 65.8452
1574 65.8229
1575 65.8572
1576 66.0025
1577 65.9049
1578 65.699
1579 65.8468
1580 65.906
1581 65.9991
1582 66.0987
1583 65.755
1584 65.7476
1585 65.638
1586 65.7087
1587 65.6471
1588 65.9557
1589 65.7921
1590 65.5225
1591 65.794
1592 65.7051
1593 65.9937
1594 65.9092
1595 65.9955
1596 65.8545
1597 66.0497
1598 66.0242
1599 66.0961
1600 66.0499
1601 66.0487
1602 66.0824
1603 65.9145
1604 66.0887
1605 65.8252
1606 65.9499
1607 65.9763
1608 65.9244
1609 65.767
1610 65.8956
1611 65.7283
1612 65.7664
1613 65.8964
1614 65.9031
1615 65.8175
1616 65.9564
1617 66.0038
1618 66.0544
1619 65.9445
1620 65.8947
1621 65.9175
1622 66.2042
1623 66.1565
1624 66.1697
1625 66.0547
1626 65.8089
1627 65.8585
1628 65.7465
1629 65.8585
1630 65.7733
1631 65.823
1632 66.0401
1633 65.8026
1634 66.0214
1635 66.0388
1636 65.9393
1637 65.8808
1638 65.6723
1639 65.7735
1640 66.2226
1641 66.2397
1642 66.0139
1643 65.8116
1644 65.8611
1645 65.9046
1646 66.2481
1647 66.1242
1648 65.8385
1649 65.9146
1650 65.9697
1651 66.1779
1652 66.373
1653 66.0028
1654 66.4693
1655 66.2864
1656 66.1776
1657 66.0231
1658 65.7676
1659 65.5183
1660 65.8918
1661 66.1316
1662 66.0989
1663 65.9644
1664 65.8743
1665 65.7854
1666 65.9705
1667 66.2177
1668 65.9969
1669 65.864
1670 65.8609
1671 66.218
1672 65.9914
1673 65.9567
1674 65.8982
1675 65.9276
1676 65.8208
1677 65.8358
1678 65.6827
1679 66.2904
1680 66.3204
1681 65.7795
1682 65.7803
1683 65.762
1684 65.7807
1685 65.6993
1686 65.8994
1687 65.8282
1688 66.0706
1689 65.642
1690 65.8786
1691 65.8257
1692 65.9864
1693 65.9785
1694 65.8626
1695 66.0031
1696 65.8282
1697 65.7969
1698 66.2862
1699 66.2095
1700 66.1653
1701 65.8727
1702 65.9341
1703 66.0718
1704 66.1192
1705 65.828
1706 66.063
1707 66.2264
1708 65.8355
1709 65.7529
1710 65.983
1711 66.0531
1712 65.8446
1713 65.9987
1714 65.7738
1715 65.9924
1716 65.8869
1717 65.526
1718 65.7788
1719 66.016
1720 66.2689
1721 65.9976
1722 65.8987
1723 65.918
1724 65.5957
1725 65.8432
1726 65.9043
1727 66.0492
1728 66.0843
1729 65.7645
1730 66.1262
1731 65.9732
1732 65.9551
1733 65.9512
1734 66.0935
1735 66.0777
1736 66.1471
1737 65.9252
1738 66.1861
1739 66.1875
1740 65.8691
1741 65.8624
1742 65.7511
1743 65.7445
1744 65.8962
1745 65.6207
1746 66.1559
1747 66.1724
1748 65.6821
1749 65.5009
1750 65.7946
1751 65.848
1752 65.93
1753 66.2405
1754 65.9266
1755 65.7237
1756 65.7473
1757 65.8861
1758 65.8221
1759 65.8784
1760 65.9218
1761 66.0706
1762 66.1445
1763 65.7534
1764 66.1923
1765 66.128
1766 65.9968
1767 66.2495
1768 66.0133
1769 65.7448
1770 65.6181
1771 65.9359
1772 66.0739
1773 66.0368
1774 65.8564
1775 66.0959
1776 65.847
1777 66.1898
1778 66.038
1779 66.1359
1780 66.1315
1781 66.0151
1782 65.8605
1783 65.8268
1784 65.8245
1785 66.0585
1786 65.9903
1787 66.4246
1788 66.1329
1789 65.8979
1790 65.9727
1791 65.9617
1792 66.2782
1793 66.321
1794 66.0764
1795 66.1974
1796 65.7643
1797 65.8576
1798 65.6359
1799 65.8022
1800 65.8967
1801 65.5203
1802 66.0071
1803 65.9255
1804 66.1706
1805 65.8079
1806 65.8543
1807 65.7988
1808 65.8694
1809 66.4986
1810 65.7563
1811 66.2938
1812 65.7487
1813 65.8139
1814 65.771
1815 66.0843
1816 65.8883
1817 65.7503
1818 65.9721
1819 66.3224
1820 65.7297
1821 65.7283
1822 65.8904
1823 65.9431
1824 66.1283
1825 66.1497
1826 66.1698
1827 65.8386
1828 66.0771
1829 66.3356
1830 65.9397
1831 65.5974
1832 65.6143
1833 65.6985
1834 65.9396
1835 65.5985
1836 65.5659
1837 65.7531
1838 65.6568
1839 65.9845
1840 66.1139
1841 66.168
1842 65.9927
1843 65.7335
1844 65.9676
1845 65.8253
1846 65.8619
1847 65.7171
1848 65.9404
1849 65.968
1850 65.9511
1851 66.0871
1852 66.0529
1853 65.7795
1854 66.0299
1855 66.0408
1856 66.2967
1857 66.3937
1858 66.3813
1859 66.103
1860 65.8055
1861 65.8019
1862 65.8893
1863 65.8693
1864 65.71
1865 65.9264
1866 66.1556
1867 65.8395
1868 66.1174
1869 65.5165
1870 65.8336
1871 65.8075
1872 65.866
1873 65.8304
1874 65.6657
1875 65.9248
1876 65.8874
1877 65.981
1878 65.894
1879 65.8004
1880 66.1508
1881 66.2217
1882 66.0639
1883 65.7757
1884 65.6868
1885 65.8939
1886 65.9302
1887 66.1301
1888 65.725
1889 65.6487
1890 66.229
1891 65.8239
1892 65.6995
1893 66.1921
1894 66.1245
1895 65.4888
1896 65.9825
1897 65.9323
1898 65.9336
1899 66.1939
1900 65.9531
1901 65.8975
1902 65.6803
1903 65.839
1904 66.0802
1905 65.921
1906 66.191
1907 65.9613
1908 65.9401
1909 65.8694
1910 65.7764
1911 65.9566
1912 65.9109
1913 65.6729
1914 65.9967
1915 66.0328
1916 65.5991
1917 65.8797
1918 65.7208
1919 65.729
1920 65.6331
1921 65.8853
1922 65.7872
1923 65.8003
1924 65.9318
1925 66.1806
1926 65.8109
1927 65.7375
1928 65.9434
1929 65.748
1930 65.7862
1931 65.5364
1932 65.8201
1933 65.827
1934 66.0172
1935 65.8152
1936 66.0188
1937 66.1327
1938 65.86
1939 65.9918
1940 65.8475
1941 66.0566
1942 65.7552
1943 65.7889
1944 65.8063
1945 65.6985
1946 65.8602
1947 65.9922
1948 65.8977
1949 65.7211
1950 65.9717
1951 65.9893
1952 65.8527
1953 65.7189
1954 65.7057
1955 66.0059
1956 66.2556
1957 66.2283
1958 65.8599
1959 65.7005
1960 66.0575
1961 65.6492
1962 65.8792
1963 65.8094
1964 65.5543
1965 65.9518
1966 66.0274
1967 65.834
1968 66.09
1969 66.0271
1970 66.2482
1971 66.2008
1972 65.9839
1973 66.1019
1974 65.9047
1975 65.8417
1976 65.9167
1977 65.9962
1978 65.8667
1979 65.8494
1980 65.9176
1981 65.8086
1982 65.863
1983 65.5557
1984 65.8005
1985 65.8217
1986 66.1573
1987 65.8629
1988 66.3308
1989 66.0016
1990 65.9219
1991 66.0637
1992 66.0885
1993 66.0543
1994 65.9721
1995 65.8658
1996 65.7442
1997 65.6904
1998 66.0062
1999 65.6268
2000 65.6929
2001 66.0347
2002 66.0352
2003 66.1604
2004 66.2186
2005 66.2297
2006 66.0385
2007 65.8638
2008 65.8219
2009 65.6704
2010 66.1867
2011 66.1676
2012 66.1835
2013 65.8487
2014 66.0446
2015 66.276
2016 65.8712
2017 65.906
2018 65.8648
2019 65.7145
2020 66.1742
2021 65.7829
2022 65.8087
2023 65.7366
2024 65.818
2025 65.8887
2026 65.8619
2027 65.8997
2028 65.8092
2029 65.8327
2030 65.9337
2031 66.0004
2032 65.964
2033 65.8613
2034 65.7874
2035 65.5946
2036 66.1532
2037 66.4549
2038 66.0023
2039 65.7886
2040 66.0908
2041 65.882
2042 65.6067
2043 65.8339
2044 65.8483
2045 65.8775
2046 65.8612
2047 66.111
2048 65.7571
2049 66.2989
2050 65.8985
2051 65.7284
2052 65.8803
2053 66.2005
2054 65.7559
2055 65.9387
2056 65.9166
2057 66.0031
2058 66.2527
2059 65.6082
2060 65.6485
2061 65.9797
2062 65.7003
2063 65.8934
2064 65.896
2065 65.8036
2066 65.9927
2067 65.7637
2068 65.7321
2069 65.6986
2070 66.0934
2071 66.1455
2072 66.0011
2073 65.7582
2074 66.0368
2075 65.9284
2076 65.9349
2077 65.9427
2078 66.1605
2079 66.0321
2080 65.7002
2081 65.5851
2082 65.7917
2083 65.9518
2084 65.9932
2085 65.8823
2086 65.923
2087 66.0316
2088 66.1124
2089 66.2052
2090 66.0331
2091 65.9156
2092 65.7379
2093 65.9909
2094 65.7378
2095 66.2495
2096 66.2019
2097 66.0169
2098 66.2494
2099 66.0398
2100 65.7163
2101 65.9784
2102 66.0036
2103 65.9272
2104 66.0617
2105 66.153
2106 65.9965
2107 66.1026
2108 65.9073
2109 65.8665
2110 65.7052
2111 65.7464
2112 65.8521
2113 66.0443
2114 65.6722
2115 65.8528
2116 65.9069
2117 65.9106
2118 65.9468
2119 66.0361
2120 66.0039
2121 65.9433
2122 66.0993
2123 65.9173
2124 66.1083
2125 65.9551
2126 65.8776
2127 65.8065
2128 65.7807
2129 65.6543
2130 66.3392
2131 65.6699
2132 65.7464
2133 65.8346
2134 65.659
2135 65.8845
2136 65.8174
2137 65.7852
2138 65.8198
2139 66.0008
2140 65.7601
2141 65.9763
2142 66.023
2143 66.0851
2144 65.907
2145 65.9411
2146 65.9241
2147 65.5793
2148 65.8827
2149 66.135
2150 66.0351
2151 65.6376
2152 65.8752
2153 66.0954
2154 65.8588
2155 66.0729
2156 66.1649
2157 65.9108
2158 65.7926
2159 65.9857
2160 66.0332
2161 66.1008
2162 66.0288
2163 65.964
2164 65.8655
2165 65.7571
2166 65.9124
2167 66.1297
2168 65.8231
2169 66.0661
2170 66.2292
2171 65.8788
2172 65.7859
2173 65.6299
2174 65.8095
2175 65.9477
2176 65.9532
2177 65.9007
2178 66.4808
2179 66.38
2180 65.5762
2181 65.5765
2182 66.1177
2183 66.1525
2184 66.1934
2185 65.9195
2186 65.832
2187 65.8747
2188 65.7852
2189 65.9714
2190 66.2382
2191 65.8868
2192 66.0755
2193 65.9421
2194 66.085
2195 66.2483
2196 66.0201
2197 65.9468
2198 66.0456
2199 65.7016
2200 65.867
2201 65.8296
2202 65.8895
2203 66.0354
2204 66.0515
2205 66.0157
2206 65.889
2207 66.097
2208 65.9652
2209 65.8666
2210 65.7997
2211 66.0079
2212 65.9971
2213 65.8751
2214 65.9078
2215 65.7284
2216 65.8827
2217 65.8925
2218 65.8668
2219 65.6965
2220 66.3213
2221 65.7286
2222 65.7844
2223 65.8534
2224 65.8541
2225 66.1323
2226 65.9515
2227 65.9121
2228 65.7313
2229 65.8469
2230 65.9911
2231 66.0979
2232 65.8211
2233 65.8696
2234 66.3564
2235 66.1915
2236 65.8239
2237 66.2143
2238 65.7427
2239 65.7329
2240 65.7004
2241 65.7186
2242 65.4974
2243 65.8331
2244 65.9985
2245 66.1068
2246 65.792
2247 65.7514
2248 66.0414
2249 66.05
2250 66.0699
2251 66.2041
2252 65.6884
2253 65.5638
2254 66.0153
2255 66.1447
2256 66.4911
2257 66.1084
2258 66.0318
2259 65.9077
2260 65.82
2261 65.8649
2262 65.802
2263 65.8115
2264 65.8322
2265 65.6246
2266 65.7682
2267 65.9596
2268 66.0572
2269 66.068
2270 66.0822
2271 66.0241
2272 66.0616
2273 65.5162
2274 65.6326
2275 65.9171
2276 66.1139
2277 66.0942
2278 66.2926
2279 65.8616
2280 65.9037
2281 65.6086
2282 65.6426
2283 65.8466
2284 66.1757
2285 65.8008
2286 65.9943
2287 65.8751
2288 65.8288
2289 65.7703
2290 65.6425
2291 65.9123
2292 66.1285
2293 66.106
2294 65.9165
2295 66.116
2296 65.8103
2297 65.97
2298 65.7412
2299 66.1225
2300 65.8914
2301 65.7175
2302 65.6999
2303 65.6992
2304 65.8964
2305 65.6195
2306 65.9827
2307 66.1811
2308 66.0895
2309 66.2469
2310 66.378
2311 66.0055
2312 66.0299
2313 65.9447
2314 66.0127
2315 65.7043
2316 65.7773
2317 65.7184
2318 65.8205
2319 65.8087
2320 66.0471
2321 65.8093
2322 65.9272
2323 65.5685
2324 65.8018
2325 66.1403
2326 66.1058
2327 66.1267
2328 65.9293
2329 66.0227
2330 65.8764
2331 65.6057
2332 65.6873
2333 65.9666
2334 66.0008
2335 65.9182
2336 65.7963
2337 65.7949
2338 65.8349
2339 66.0603
2340 66.0061
2341 65.6341
2342 65.7633
2343 65.75
2344 65.6157
2345 65.9121
2346 65.8821
2347 65.9278
2348 65.8993
2349 65.9789
2350 65.7173
2351 65.6831
2352 66.4303
2353 66.1231
2354 66.0159
2355 65.9604
2356 65.8436
2357 65.8146
2358 65.5277
2359 65.7233
2360 66.0889
2361 65.845
2362 65.9439
2363 65.9347
2364 66.0034
2365 65.7331
2366 66.3463
2367 66.2144
2368 65.8915
2369 65.8999
2370 65.8601
2371 66.0636
2372 65.7285
2373 65.8112
2374 65.9539
2375 66.0931
2376 65.8595
2377 65.9272
2378 65.8001
2379 65.6812
2380 65.8709
2381 65.7956
2382 65.7798
2383 65.8118
2384 65.7602
2385 65.8303
2386 66.1323
2387 66.2099
2388 65.8878
2389 65.9912
2390 66.109
2391 65.9682
2392 65.628
2393 65.7877
2394 66.02
2395 66.0752
2396 65.7083
2397 66.1739
2398 65.7854
2399 65.6667
2400 65.6014
2401 65.7491
2402 66.0765
2403 65.8778
2404 65.9212
2405 66.0731
2406 65.8951
2407 65.9937
2408 65.9214
2409 65.9169
2410 65.6835
2411 65.8497
2412 66.1558
2413 66.1537
2414 66.0605
2415 65.8984
2416 65.976
2417 65.7707
2418 65.9264
2419 66.1935
2420 65.78
2421 65.761
2422 65.7391
2423 65.8436
2424 65.7095
2425 65.9087
2426 65.8689
2427 65.9928
2428 65.8892
2429 66.0137
2430 65.9426
2431 66.0522
2432 66.3611
2433 66.2187
2434 65.9246
2435 65.8515
2436 65.9755
2437 66.2082
2438 65.8369
2439 65.9743
2440 65.6537
2441 65.8053
2442 65.6251
2443 65.9085
2444 65.6111
2445 65.5607
2446 65.5145
2447 66.1202
2448 65.8916
2449 65.9495
2450 65.6812
2451 65.6299
2452 65.4062
2453 65.5299
2454 65.8582
2455 66.1536
2456 65.9726
2457 65.9982
2458 65.8374
2459 65.785
2460 65.679
2461 65.8128
2462 66.1484
2463 65.6966
2464 65.9934
2465 65.7012
2466 65.6784
2467 65.8727
2468 65.7857
2469 66.11
2470 65.8415
2471 65.914
2472 65.9282
2473 66.011
2474 65.8391
2475 65.9418
2476 65.847
2477 66.0245
2478 65.5733
2479 65.7565
2480 65.6523
2481 65.7303
2482 65.6954
2483 65.7545
2484 65.8665
2485 66.0462
2486 65.9173
2487 65.7712
2488 66.0545
2489 65.9262
2490 66.013
2491 66.0655
2492 65.6603
2493 66.1348
2494 66.1532
2495 66.0075
2496 65.9218
2497 66.318
2498 65.9267
2499 65.8022
2500 66.2204
2501 65.952
2502 65.6726
2503 65.947
2504 65.7229
2505 65.7202
2506 65.7867
2507 66.1721
2508 66.1617
2509 65.6149
2510 65.8095
2511 65.5984
2512 66.0458
2513 65.856
2514 65.8016
2515 65.576
2516 65.7136
2517 65.6429
2518 66.0854
2519 65.7879
2520 65.9418
2521 66.1212
2522 65.7608
2523 66.038
2524 65.8252
2525 65.9684
2526 65.9389
2527 65.9983
2528 66.1373
2529 65.956
2530 65.7046
2531 66.3399
2532 66.1165
2533 65.6461
2534 65.6296
2535 65.6648
2536 65.9143
2537 65.7324
2538 65.9676
2539 66.0861
2540 66.0341
2541 65.7658
2542 65.83
2543 66.2161
2544 66.1108
2545 66.4308
2546 66.0143
2547 65.8652
2548 66.255
2549 66
2550 65.7403
2551 66.2078
2552 65.8964
2553 66
2554 65.7799
2555 66.0528
2556 66.0069
2557 65.8523
2558 65.8663
2559 65.8006
2560 65.6695
2561 65.8276
2562 65.9243
2563 66.087
2564 65.8991
2565 65.7765
2566 65.7153
2567 65.8555
2568 65.818
2569 65.6803
2570 65.8755
2571 65.7432
2572 66.0361
2573 65.8188
2574 65.7776
2575 65.8353
2576 65.8636
2577 65.9014
2578 65.9665
2579 66.0677
2580 65.7921
2581 65.7689
2582 65.672
2583 65.7886
2584 65.7657
2585 65.9105
2586 65.8831
2587 66.0853
2588 65.9719
2589 66.2588
2590 66.0775
2591 65.8978
2592 65.7613
2593 65.8322
2594 65.9139
2595 65.8619
2596 65.9882
2597 66.1948
2598 66.035
2599 65.916
2600 65.7052
2601 65.7357
2602 66.0619
2603 66.2225
2604 65.795
2605 65.9409
2606 65.8802
2607 65.6192
2608 65.6234
2609 65.467
2610 65.9962
2611 66.0963
2612 66.1554
2613 65.9663
2614 66.0691
2615 65.7725
2616 66.18
2617 65.9388
2618 65.8904
2619 65.7136
2620 65.8337
2621 65.911
2622 65.8634
2623 65.8464
2624 65.7446
2625 65.7049
2626 66.1433
2627 65.9283
2628 65.7274
2629 65.8885
2630 65.8583
2631 65.8089
2632 65.7292
2633 66.0022
2634 66.0076
2635 65.9923
2636 66.2554
2637 65.7939
2638 65.9131
2639 65.8151
2640 66.0455
2641 66.4455
2642 65.8971
2643 65.7621
2644 65.5996
2645 65.7639
2646 65.9443
2647 65.969
2648 66.1896
2649 66.2821
2650 65.7651
2651 65.6974
2652 66.0153
2653 66.1063
2654 65.8265
2655 65.8524
2656 65.6953
2657 66.1163
2658 66.2418
2659 65.9632
2660 65.8794
2661 65.999
2662 65.6634
2663 66.1767
2664 66.0146
2665 65.9104
2666 66.1607
2667 66.1006
2668 65.5762
2669 66.0014
2670 65.9763
2671 65.9116
2672 66.0799
2673 65.7908
2674 66.1191
2675 66.029
2676 66.0813
2677 65.8182
2678 65.8386
2679 65.9664
2680 65.6953
2681 66.1409
2682 65.923
2683 66.0877
2684 66.1104
2685 65.7402
2686 65.7902
2687 65.6705
2688 66.1992
2689 65.993
2690 66.018
2691 65.8814
2692 65.9235
2693 65.9956
2694 66.1561
2695 65.6555
2696 66.1175
2697 65.75
2698 65.9549
2699 65.7686
2700 65.8943
2701 65.9562
2702 66.0908
2703 65.8093
2704 65.6487
2705 65.5399
2706 66.0388
2707 65.7815
2708 65.9836
2709 65.9954
2710 65.5972
2711 65.8341
2712 65.9374
2713 66.1556
2714 65.7683
2715 66.2685
2716 66.3774
2717 66.2196
2718 65.9287
2719 65.8691
2720 65.8587
2721 65.84
2722 65.843
2723 65.8357
2724 65.9678
2725 65.8801
2726 66.2405
2727 66.1654
2728 65.7579
2729 65.9317
2730 65.9202
2731 66.1079
2732 65.7346
2733 66.014
2734 65.8247
2735 65.5714
2736 65.9255
2737 65.8912
2738 65.9724
2739 65.7988
2740 66.1112
2741 66.0555
2742 66.2454
2743 66.0035
2744 65.8556
2745 65.8267
2746 65.9942
2747 65.9792
2748 65.5684
2749 66.1193
2750 65.7864
2751 65.9402
2752 65.6382
2753 65.9745
2754 65.8495
2755 65.8244
2756 66.1756
2757 66.1145
2758 66.1727
2759 66.1982
2760 66.1115
2761 65.581
2762 65.7703
2763 65.6322
2764 66.0472
2765 65.7078
2766 65.8106
2767 66.1295
2768 65.9451
2769 65.5951
2770 65.718
2771 65.8261
2772 65.7079
2773 65.6503
2774 66.1693
2775 66.0541
2776 65.8913
2777 66.4419
2778 66.0538
2779 66.0391
2780 66.041
2781 65.791
2782 65.8674
2783 65.8421
2784 65.8522
2785 65.9488
2786 65.8918
2787 65.8075
2788 66.0596
2789 65.8213
2790 65.9986
2791 66.2052
2792 65.8302
2793 65.7808
2794 66.0195
2795 66.0199
2796 65.624
2797 65.8998
2798 65.9887
2799 65.9332
2800 65.765
2801 65.8006
2802 65.7198
2803 65.663
2804 65.9191
2805 65.81
2806 65.8484
2807 66.1502
2808 65.9783
2809 66.0568
2810 65.7628
2811 66.1279
2812 65.9858
2813 66.0374
2814 65.9453
2815 66.1344
2816 65.8542
2817 65.7912
2818 65.8527
2819 66.3441
2820 65.8059
2821 66.0365
2822 66.4215
2823 65.8128
2824 65.6381
2825 65.6552
2826 65.627
2827 65.6953
2828 65.9566
2829 65.9816
2830 66.244
2831 65.9812
2832 66.0317
2833 65.7687
2834 66.0835
2835 66.1244
2836 66.228
2837 66.0706
2838 65.8314
2839 65.7726
2840 65.9172
2841 65.9207
2842 65.7274
2843 66.0063
2844 66.1694
2845 66.1104
2846 65.9238
2847 65.9238
2848 65.6321
2849 65.7537
2850 65.6624
2851 65.8024
2852 65.9178
2853 65.9444
2854 65.9234
2855 66.3808
2856 65.7165
2857 65.9255
2858 66.0881
2859 66.188
2860 66.2738
2861 66.0432
2862 65.953
2863 65.7916
2864 65.933
2865 65.8196
2866 66.0749
2867 65.8343
2868 65.7706
2869 65.7093
2870 65.8778
2871 66.1504
2872 66.0672
2873 65.8175
2874 65.8169
2875 66.0969
2876 66.0011
2877 66.297
2878 65.9125
2879 65.9269
2880 65.987
2881 66.2473
2882 65.8924
2883 66.2424
2884 65.9919
2885 65.6316
2886 65.8433
2887 65.8416
2888 66.0087
2889 66.11
2890 65.9088
2891 65.8563
2892 66.0305
2893 66.0786
2894 65.9866
2895 66.1391
2896 65.9074
2897 66.187
2898 66.3295
2899 65.9196
2900 65.8719
2901 66.0991
2902 66.1051
2903 66.0404
2904 65.7283
2905 65.8657
2906 66.0306
2907 66.3559
2908 66.1056
2909 65.8353
2910 65.8612
2911 66.1129
2912 65.9505
2913 65.9715
2914 65.8272
2915 65.8256
2916 65.9891
2917 65.5661
2918 65.739
2919 65.9914
2920 65.7925
2921 65.7684
2922 65.7173
2923 65.6783
2924 65.9919
2925 66.1992
2926 66.2715
2927 65.7852
2928 65.5726
2929 65.941
2930 65.7605
2931 66.0369
2932 66.023
2933 65.9035
2934 65.8994
2935 65.9361
2936 65.7914
2937 65.9185
2938 65.6161
2939 66.2485
2940 66.1819
2941 66.3861
2942 65.9304
2943 65.977
2944 66.0507
2945 66.1699
2946 66.3658
2947 65.8884
2948 65.9622
2949 65.7972
2950 65.9958
2951 66.3303
2952 66.1498
2953 65.9343
2954 65.8484
2955 65.7732
2956 65.5938
2957 66.1097
2958 65.8412
2959 65.8274
2960 66.0206
2961 66.071
2962 65.8625
2963 65.9527
2964 66.0784
2965 65.9274
2966 65.9728
2967 65.5871
2968 65.8405
2969 65.7232
2970 65.9288
2971 66.4052
2972 65.8179
2973 65.9893
2974 65.6701
2975 65.862
2976 66.0116
2977 65.9317
2978 65.7122
2979 65.9732
2980 65.8683
2981 65.7808
2982 65.8953
2983 65.9752
2984 65.9569
2985 65.6487
2986 65.8701
2987 66.1483
2988 66.0215
2989 65.9587
2990 66.1806
2991 65.7978
2992 66.1102
2993 65.8152
2994 65.7975
2995 66.1228
2996 65.8063
2997 66.1366
2998 65.7702
2999 65.9185
3000 65.7892
3001 66.1554
3002 65.9404
3003 66.0168
3004 65.6784
3005 65.9263
3006 65.8712
3007 65.9301
3008 65.5309
3009 65.9734
3010 66.0378
3011 65.8583
3012 65.8819
3013 66.1931
3014 66.1782
3015 65.7046
3016 66.1085
3017 65.5474
3018 65.9921
3019 66.0337
3020 65.8329
3021 66.1977
3022 65.9534
3023 66.1823
3024 65.8928
3025 65.6307
3026 65.9217
3027 66.1155
3028 66.0978
3029 66.008
3030 65.9598
3031 65.8655
3032 65.8043
3033 66.0656
3034 65.9222
3035 66.0178
3036 65.816
3037 65.9541
3038 65.7649
3039 65.5795
3040 65.781
3041 65.9555
3042 66.1106
3043 65.8283
3044 65.8171
3045 65.7591
3046 65.9175
3047 66.0136
3048 65.8968
3049 65.9886
3050 65.9573
3051 65.8051
3052 65.9429
3053 65.8156
3054 66.0937
3055 66.1709
3056 65.8156
3057 66.0349
3058 66.0059
3059 65.7993
3060 65.9491
3061 66.1918
3062 66.0362
3063 65.6667
3064 66.1059
3065 66.4899
3066 66.0777
3067 66.1583
3068 65.7651
3069 65.8795
3070 65.8019
3071 65.8213
3072 65.8361
3073 65.832
3074 65.6518
3075 65.9219
3076 65.9878
3077 65.9514
3078 66.3326
3079 65.675
3080 65.753
3081 65.6964
3082 66.0638
3083 65.7384
3084 65.9971
3085 66.0192
3086 66.0344
3087 65.9003
3088 65.9232
3089 66.0507
3090 65.7058
3091 65.88
3092 65.8763
3093 66.1061
3094 65.9464
3095 65.816
3096 66.0023
3097 65.706
3098 65.5588
3099 65.8468
3100 65.7796
3101 65.7963
3102 65.9267
3103 65.9848
3104 66.294
3105 66.007
3106 65.9028
3107 65.9863
3108 65.9173
3109 66.0249
3110 65.7979
3111 65.8898
3112 65.907
3113 66.4492
3114 65.8954
3115 65.978
3116 65.9068
3117 65.929
3118 66.0207
3119 65.898
3120 65.9695
3121 66.1637
3122 66.1215
3123 65.7583
3124 65.4509
3125 65.9181
3126 65.6983
3127 65.8765
3128 65.9801
3129 65.6868
3130 65.7144
3131 65.8679
3132 66.1864
3133 65.7553
3134 65.7999
3135 66.0575
3136 65.8184
3137 66.215
3138 65.8749
3139 65.654
3140 65.5272
3141 65.9045
3142 65.7921
3143 66.0305
3144 65.9561
3145 65.9976
3146 65.4813
3147 66.0325
3148 65.5958
3149 65.9355
3150 65.8562
3151 65.8276
3152 66.0931
3153 66.0949
3154 65.9679
3155 65.8885
3156 66.1077
3157 66.0893
3158 65.7235
3159 65.8606
3160 65.6245
3161 65.5832
3162 65.6418
3163 66.1292
3164 65.9067
3165 65.5493
3166 65.6841
3167 66.3624
3168 66.106
3169 65.7888
3170 65.5396
3171 65.717
3172 65.6684
3173 65.9981
3174 65.9101
3175 65.8916
3176 65.9602
3177 65.9105
3178 66.0079
3179 66.0185
3180 65.821
3181 65.63
3182 65.7568
3183 65.7248
3184 65.7573
3185 65.9705
3186 66.0975
3187 65.8586
3188 66.0439
3189 65.8699
3190 66.0306
3191 66.0109
3192 66.0531
3193 66.1438
3194 66.2115
3195 66.0815
3196 65.7048
3197 65.6859
3198 65.938
3199 66.1751
3200 66.1296
3201 65.7911
3202 66.1327
3203 66.1153
3204 66.244
3205 65.9933
3206 65.8123
3207 66.0388
3208 65.8787
3209 65.7936
3210 65.6193
3211 66.1701
3212 65.9634
3213 65.9135
3214 65.9994
3215 66.2177
3216 66.1542
3217 65.8573
3218 65.8993
3219 65.9251
3220 65.7243
3221 65.9064
3222 65.6313
3223 66.3325
3224 65.918
3225 65.7298
3226 65.8055
3227 65.831
3228 66.0313
3229 65.508
3230 66.0953
3231 65.7919
3232 66.2121
3233 65.8388
3234 65.6852
3235 65.8422
3236 65.5711
3237 66.0413
3238 66.1317
3239 65.9091
3240 66.0994
3241 65.923
3242 66.3624
3243 65.8349
3244 65.823
3245 66.1216
3246 66.2027
3247 65.9641
3248 66.2196
3249 65.7603
3250 65.984
3251 65.8537
3252 65.9713
3253 66.284
3254 66.0034
3255 66.1698
3256 66.0361
3257 66.0086
3258 66.2615
3259 65.8788
3260 65.833
3261 65.8556
3262 65.9584
3263 65.9003
3264 65.777
3265 65.6291
3266 65.868
3267 65.9769
3268 66.0081
3269 66.0914
3270 65.9734
3271 65.8921
3272 66.1941
3273 66.0594
3274 66.0088
3275 65.7571
3276 65.9953
3277 65.9135
3278 65.7486
3279 65.7651
3280 65.5179
3281 65.4964
3282 65.6863
3283 65.8628
3284 65.9445
3285 66.3509
3286 65.8789
3287 65.9107
3288 65.9694
3289 66.0502
3290 66.1107
3291 66.0295
3292 65.9777
3293 65.5481
3294 66.2536
3295 66.6272
3296 65.8749
3297 65.9907
3298 65.884
3299 65.8378
3300 66.0346
3301 66.1338
3302 66.049
3303 65.9207
3304 66.3197
3305 66.3675
3306 65.9608
3307 66.0275
3308 65.9775
3309 65.7091
3310 65.8897
3311 66.1989
3312 66.1616
3313 65.9365
3314 66.0603
3315 65.9928
3316 66.0044
3317 66.1132
3318 65.9856
3319 66.1107
3320 65.8355
3321 65.9843
3322 65.7316
3323 65.9384
3324 66.0008
3325 66.1664
3326 66.0387
3327 65.8234
3328 65.872
3329 66.0018
3330 66.2204
3331 66.3122
3332 66.0813
3333 66.0971
3334 65.6206
3335 65.7655
3336 65.9979
3337 66.0077
3338 65.9013
3339 65.8981
3340 66.086
3341 65.6768
3342 65.7928
3343 66.0836
3344 65.9726
3345 66.0144
3346 66.138
3347 66.168
3348 66.2509
3349 66.0443
3350 65.8345
3351 66.1221
3352 66.1286
3353 66.0512
3354 65.7843
3355 65.7191
3356 65.5012
3357 65.7105
3358 65.9674
3359 65.6546
3360 65.8826
3361 65.7872
3362 65.6351
3363 65.7314
3364 65.8745
3365 65.9602
3366 65.8589
3367 65.6202
3368 65.8242
3369 65.9388
3370 66.4335
3371 66.2079
3372 66.0629
3373 65.9779
3374 65.7074
3375 66.0838
3376 66.0647
3377 65.7971
3378 66.0466
3379 66.0538
3380 65.8635
3381 65.8447
3382 65.7987
3383 66.0511
3384 65.9366
3385 66.1633
3386 65.7982
3387 65.6849
3388 65.863
3389 66.0478
3390 66.3227
3391 65.9252
3392 65.8082
3393 65.9926
3394 65.725
3395 65.684
3396 65.8489
3397 65.8464
3398 65.9723
3399 65.852
3400 65.6175
3401 65.7769
3402 65.9471
3403 65.6846
3404 65.7266
3405 65.9223
3406 66.1119
3407 65.8519
3408 65.9177
3409 65.9036
3410 65.8985
3411 66.0439
3412 65.8518
3413 65.8031
3414 65.8851
3415 65.6619
3416 65.6789
3417 65.5235
3418 65.678
3419 65.7245
3420 66.1047
3421 66.0679
3422 65.8327
3423 65.6907
3424 65.6108
3425 65.7627
3426 65.9457
3427 65.7484
3428 65.7101
3429 65.9724
3430 66.1148
3431 66.0077
3432 65.9049
3433 65.7046
3434 65.942
3435 65.9944
3436 66.0685
3437 65.8412
3438 66.0389
3439 66.3024
3440 65.7177
3441 65.9635
3442 66.0021
3443 66.1355
3444 65.7138
3445 66.0141
3446 66.1694
3447 65.5123
3448 65.9685
3449 66.1656
3450 65.7774
3451 65.5468
3452 65.8715
3453 65.8869
3454 65.6948
3455 65.6184
3456 65.9569
3457 66.0612
3458 65.8201
3459 65.817
3460 65.8416
3461 65.846
3462 66.1078
3463 65.8169
3464 65.9341
3465 65.446
3466 65.8843
3467 65.9149
3468 66.1277
3469 65.8189
3470 65.9326
3471 65.75
3472 65.8301
3473 65.8718
3474 66.2878
3475 65.8308
3476 65.8838
3477 65.9318
3478 65.774
3479 65.8371
3480 65.9975
3481 65.7657
3482 66.0719
3483 65.6575
3484 65.8301
3485 65.7186
3486 66.1389
3487 65.8338
3488 65.5316
3489 65.8757
3490 65.8674
3491 66.2271
3492 66.174
3493 65.9312
3494 66.0543
3495 65.8964
3496 66.1324
3497 66.323
3498 65.9235
3499 65.9185
3500 66.2213
