1 390.536
2 366.198
3 342.591
4 331.806
5 321.919
6 301.383
7 290.717
8 279.286
9 272.184
10 264.54
11 257.14
12 251.134
13 246.005
14 237.617
15 232.284
16 224.189
17 218.806
18 213.229
19 208.694
20 203.796
21 198.248
22 194.274
23 188.473
24 184.227
25 181.236
26 177.864
27 174.865
28 171.419
29 167.023
30 166.014
31 165.467
32 162.102
33 160.004
34 157.926
35 152.758
36 148.682
37 146.732
38 144.902
39 142.625
40 140.673
41 138.035
42 137.154
43 135.779
44 133.561
45 132.001
46 129.699
47 128.2
48 126.607
49 125.88
50 124.782
51 123.703
52 122.394
53 121.249
54 120.219
55 119.041
56 118.396
57 117.809
58 115.052
59 113.485
60 112.425
61 111.709
62 110.308
63 108.431
64 107.593
65 106.112
66 104.748
67 103.529
68 101.877
69 101.742
70 101.711
71 100.931
72 100.123
73 99.7623
74 99.1851
75 98.5778
76 98.3011
77 97.939
78 97.2555
79 96.6437
80 95.6103
81 95.039
82 94.9512
83 94.3841
84 93.7698
85 93.0919
86 92.4526
87 90.0374
88 89.7506
89 89.2965
90 89.2965
91 88.7456
92 88.6144
93 87.8061
94 87.554
95 87.0066
96 85.9117
97 85.3644
98 84.973
99 84.973
100 84.9157
101 84.9157
102 84.5979
103 83.7957
104 83.6248
105 83.4876
106 83.3146
107 82.5915
108 82.1103
109 81.9455
110 81.8477
111 81.8137
112 81.0808
113 81.0808
114 80.7584
115 80.717
116 80.717
117 80.6082
118 80.3961
119 79.7822
120 79.4282
121 79.4282
122 79.0588
123 79.0344
124 78.8217
125 78.7321
126 78.1221
127 77.1716
128 77.1716
129 76.6516
130 76.3732
131 75.7392
132 75.5156
133 75.5156
134 75.0307
135 74.8071
136 74.7881
137 73.9073
138 73.8871
139 73.8871
140 73.7622
141 73.6969
142 73.1609
143 73.1609
144 73.1609
145 73.1427
146 73.0414
147 72.7223
148 72.7041
149 72.7041
150 72.7041
151 72.7041
152 72.7041
153 72.7041
154 72.7041
155 72.3852
156 72.3852
157 72.3852
158 71.8639
159 71.8639
160 71.5908
161 71.5908
162 71.4658
163 71.4658
164 71.3777
165 71.2621
166 71.1741
167 71.1741
168 71.1741
169 71.1741
170 71.1681
171 71.1681
172 71.0627
173 71.0627
174 71.0627
175 71.0627
176 70.8043
177 70.8043
178 70.8043
179 70.8043
180 70.8043
181 70.8043
182 70.8043
183 70.7253
184 70.4383
185 70.4383
186 70.38
187 70.3288
188 70.0539
189 70.0539
190 69.8832
191 69.876
192 69.2109
193 69.1647
194 69.1647
195 69.1647
196 69.1647
197 69.1647
198 69.1647
199 69.1647
200 69.1647
201 68.4827
202 68.4827
203 68.4827
204 68.4827
205 68.4827
206 68.4827
207 68.4827
208 68.4827
209 68.4827
210 68.4827
211 68.4827
212 68.4827
213 68.4827
214 68.4827
215 68.4827
216 68.4827
217 68.4827
218 68.4827
219 68.4827
220 68.4827
221 68.2217
222 68.2217
223 68.2217
224 68.2217
225 68.2217
226 68.2217
227 68.2217
228 68.2217
229 68.2217
230 68.2217
231 68.2217
232 68.2217
233 68.2217
234 68.2217
235 68.2217
236 68.2217
237 68.2217
238 68.2217
239 68.2217
240 68.2217
241 68.2217
242 68.2217
243 68.2217
244 68.2217
245 68.2217
246 68.2217
247 68.2217
248 68.2217
249 68.2217
250 68.2217
251 68.2217
252 68.2217
253 68.2217
254 68.2217
255 68.2217
256 68.2217
257 68.2217
258 68.2217
259 68.2217
260 68.2217
261 68.2217
262 68.2217
263 68.2217
264 68.2217
265 68.2217
266 68.2217
267 68.2217
268 68.2217
269 68.2217
270 68.2217
271 68.2217
272 68.2217
273 68.2217
274 68.061
275 66.9534
276 66.9534
277 66.9534
278 66.9534
279 66.9534
280 66.9534
281 66.9534
282 66.9534
283 66.9534
284 66.9534
285 66.9534
286 66.9534
287 66.9534
288 66.9534
289 66.9534
290 66.9534
291 66.9534
292 66.9534
293 66.9534
294 66.9534
295 66.9534
296 66.9534
297 66.9534
298 66.9534
299 66.9534
300 66.9534
301 66.9534
302 66.9534
303 66.9534
304 66.9534
305 66.9534
306 66.9534
307 66.9534
308 66.9534
309 66.9534
310 66.9534
311 66.9534
312 66.9534
313 66.9534
314 66.9534
315 66.8968
316 66.8968
317 66.8968
318 66.8968
319 66.8968
320 66.8968
321 66.8968
322 66.8968
323 66.8968
324 66.8968
325 66.8968
326 66.8968
327 66.8968
328 66.8968
329 66.8968
330 66.8968
331 66.8968
332 66.8968
333 66.8968
334 66.8968
335 66.8968
336 66.8968
337 66.8968
338 66.8968
339 66.8968
340 66.8968
341 66.8968
342 66.8968
343 66.8968
344 66.8968
345 66.8968
346 66.8968
347 66.8968
348 66.8968
349 66.8968
350 66.8968
351 66.8968
352 66.8968
353 66.8968
354 66.8968
355 66.8968
356 66.8968
357 66.8968
358 66.8968
359 66.8968
360 66.8968
361 66.8968
362 66.8968
363 66.8968
364 66.8968
365 66.8968
366 66.8968
367 66.8968
368 66.8968
369 66.8968
370 66.8968
371 66.8968
372 66.8968
373 66.8968
374 66.8968
375 66.8968
376 66.8968
377 66.8968
378 66.8968
379 66.8968
380 66.8968
381 66.8968
382 66.8968
383 66.8968
384 66.8968
385 66.8968
386 66.8968
387 66.8968
388 66.8968
389 66.8968
390 66.8968
391 66.8968
392 66.8968
393 66.8968
394 66.8968
395 66.8968
396 66.8968
397 66.8968
398 66.8968
399 66.8968
400 66.8968
401 66.8968
402 66.8968
403 66.8968
404 66.8968
405 66.8968
406 66.8968
407 66.8968
408 66.8968
409 66.8968
410 66.8968
411 66.8968
412 66.8968
413 66.8968
414 66.8968
415 66.8968
416 66.8968
417 66.8968
418 66.8968
419 66.8968
420 66.8968
421 66.8968
422 66.8968
423 66.8968
424 66.8968
425 66.8968
426 66.8968
427 66.8968
428 66.8968
429 66.8968
430 66.8968
431 66.8968
432 66.8968
433 66.8968
434 66.8968
435 66.8968
436 66.8968
437 66.8968
438 66.8968
439 66.8968
440 66.8968
441 66.8968
442 66.8968
443 66.8968
444 66.8968
445 66.8968
446 66.8968
447 66.8968
448 66.8968
449 66.8968
450 66.8968
451 66.8968
452 66.8968
453 66.8968
454 66.8968
455 66.8968
456 66.8968
457 66.8968
458 66.8968
459 66.8968
460 66.8968
461 66.8968
462 66.8968
463 66.8968
464 66.8968
465 66.8968
466 66.8968
467 66.8968
468 66.8968
469 66.8968
470 66.8968
471 66.8968
472 66.8968
473 66.8968
474 66.8968
475 66.8968
476 66.8968
477 66.8968
478 66.8968
479 66.8968
480 66.8968
481 66.8968
482 66.8968
483 66.8968
484 66.8968
485 66.8968
486 66.8968
487 66.8968
488 66.8968
489 66.8968
490 66.8968
491 66.8968
492 66.8968
493 66.8968
494 66.8968
495 66.8968
496 66.8968
497 66.8968
498 66.8968
499 66.8968
500 66.8968
501 66.8968
502 66.8968
503 66.8968
504 66.8968
505 66.8968
506 66.8968
507 66.8968
508 66.8968
509 66.8968
510 66.8968
511 66.8968
512 66.8968
513 66.8968
514 66.8968
515 66.8968
516 66.8968
517 66.8968
518 66.8968
519 66.8968
520 66.8968
521 66.8968
522 66.8968
523 66.8968
524 66.8968
525 66.8968
526 66.8968
527 66.8968
528 66.8968
529 66.8968
530 66.8968
531 66.8968
532 66.8968
533 66.8968
534 66.8968
535 66.8968
536 66.8968
537 66.8968
538 66.8968
539 66.8968
540 66.8968
541 66.8968
542 66.8968
543 66.8968
544 66.8968
545 66.8968
546 66.8968
547 66.8968
548 66.8968
549 66.8968
550 66.8968
551 66.8968
552 66.8968
553 66.8968
554 66.8968
555 66.8968
556 66.8968
557 66.8968
558 66.8968
559 66.8968
560 66.8968
561 66.8968
562 66.8968
563 66.8968
564 66.8968
565 66.8968
566 66.8968
567 66.8968
568 66.8968
569 66.8968
570 66.8968
571 66.8968
572 66.8968
573 66.8968
574 66.8968
575 66.8968
576 66.8968
577 66.8968
578 66.8968
579 66.8968
580 66.8968
581 66.8968
582 66.8968
583 66.8968
584 66.8968
585 66.8968
586 66.8968
587 66.8968
588 66.8968
589 66.8968
590 66.8968
591 66.8968
592 66.8968
593 66.8968
594 66.8968
595 66.8968
596 66.8968
597 66.8968
598 66.8968
599 66.8968
600 66.8968
601 66.8968
602 66.8968
603 66.8968
604 66.8968
605 66.8968
606 66.8968
607 66.8968
608 66.8968
609 66.8968
610 66.8968
611 66.8968
612 66.8968
613 66.8968
614 66.8968
615 66.8968
616 66.8968
617 66.8968
618 66.8968
619 66.8968
620 66.8968
621 66.8968
622 66.8968
623 66.8968
624 66.8968
625 66.8968
626 66.8968
627 66.8968
628 66.8968
629 66.8968
630 66.8968
631 66.8968
632 66.8968
633 66.8968
634 66.8968
635 66.8968
636 66.8968
637 66.8968
638 66.8968
639 66.8968
640 66.8968
641 66.8968
642 66.8968
643 66.8968
644 66.8968
645 66.8968
646 66.8968
647 66.8968
648 66.8968
649 66.8968
650 66.8968
651 66.8968
652 66.8968
653 66.8968
654 66.8968
655 66.8968
656 66.8968
657 66.8968
658 66.8968
659 66.8968
660 66.2905
661 66.2905
662 66.2905
663 66.2905
664 66.2905
665 66.2905
666 66.2905
667 66.2905
668 66.2905
669 66.2905
670 66.2905
671 66.2905
672 66.2905
673 66.2905
674 66.2905
675 66.2905
676 66.2905
677 66.2905
678 66.2905
679 66.2905
680 66.2905
681 66.2905
682 66.2905
683 66.2905
684 66.2905
685 66.2905
686 66.2905
687 66.2905
688 66.2905
689 66.2905
690 66.2905
691 66.2905
692 66.2905
693 66.2905
694 66.2905
695 66.2905
696 66.2905
697 66.2905
698 66.2905
699 66.2905
700 66.2905
701 66.2905
702 66.2905
703 66.2905
704 66.2905
705 66.2905
706 66.2905
707 66.2905
708 66.2905
709 66.2905
710 66.2905
711 66.2905
712 66.2905
713 66.2905
714 66.2905
715 66.2905
716 66.2905
717 66.2905
718 66.2905
719 66.2905
720 66.2905
721 66.2905
722 66.2905
723 66.2905
724 66.2905
725 66.2905
726 66.2905
727 66.2905
728 66.2905
729 66.2905
730 66.2905
731 66.2905
732 66.2905
733 66.2905
734 66.2905
735 66.2905
736 66.2905
737 66.2905
738 66.1785
739 65.6823
740 65.6823
741 65.6823
742 65.6823
743 65.6823
744 65.6823
745 65.6823
746 65.6823
747 65.6823
748 65.6823
749 65.6823
750 65.6823
751 65.6823
752 65.6823
753 65.6823
754 65.6823
755 65.6823
756 65.6823
757 65.6823
758 65.6823
759 65.6823
760 65.6823
761 65.6823
762 65.6823
763 65.6823
764 65.6823
765 65.6823
766 65.6823
767 65.6823
768 65.6823
769 65.6823
770 65.6823
771 65.6823
772 65.6823
773 65.6823
774 65.6823
775 65.6823
776 65.6823
777 65.6823
778 65.6823
779 65.6823
780 65.6823
781 65.6823
782 65.6823
783 65.6823
784 65.6823
785 65.6823
786 65.6823
787 65.6823
788 65.6823
789 65.6823
790 65.6823
791 65.6823
792 65.517
793 65.517
794 65.517
795 65.517
796 65.517
797 65.517
798 65.517
799 65.517
800 65.517
801 65.517
802 65.517
803 65.517
804 65.517
805 65.517
806 65.517
807 65.517
808 65.517
809 65.517
810 65.517
811 65.517
812 65.517
813 65.517
814 65.517
815 65.517
816 65.517
817 65.517
818 65.517
819 65.517
820 65.517
821 65.517
822 65.517
823 65.517
824 65.517
825 65.517
826 65.517
827 65.517
828 65.517
829 65.517
830 65.517
831 65.517
832 65.517
833 65.517
834 65.517
835 65.517
836 65.517
837 65.517
838 65.517
839 65.517
840 65.517
841 65.517
842 65.517
843 65.517
844 65.517
845 65.517
846 65.517
847 65.517
848 65.517
849 65.517
850 65.517
851 65.517
852 65.517
853 65.517
854 65.517
855 65.517
856 65.517
857 65.517
858 65.517
859 65.517
860 65.517
861 65.517
862 65.517
863 65.517
864 65.517
865 65.517
866 65.517
867 65.517
868 65.517
869 65.517
870 65.517
871 65.517
872 65.517
873 65.517
874 65.517
875 65.517
876 65.517
877 65.517
878 65.517
879 65.517
880 65.517
881 65.517
882 65.517
883 65.517
884 65.517
885 65.517
886 65.517
887 65.517
888 65.517
889 65.517
890 65.517
891 65.517
892 65.517
893 65.517
894 65.517
895 65.517
896 65.517
897 65.517
898 65.517
899 65.517
900 65.284
901 65.284
902 65.284
903 65.284
904 65.284
905 65.284
906 65.284
907 65.284
908 65.284
909 65.284
910 65.284
911 65.284
912 65.284
913 65.284
914 65.284
915 65.284
916 65.284
917 65.284
918 65.284
919 65.284
920 65.284
921 65.284
922 65.284
923 65.284
924 65.284
925 65.284
926 65.284
927 65.284
928 65.284
929 65.284
930 65.284
931 65.284
932 65.284
933 65.284
934 65.284
935 65.284
936 65.284
937 65.284
938 65.284
939 65.284
940 65.284
941 65.284
942 65.284
943 65.284
944 65.284
945 65.284
946 65.284
947 65.284
948 65.284
949 65.284
950 65.284
951 65.284
952 65.284
953 65.284
954 65.284
955 65.284
956 65.284
957 65.284
958 65.284
959 65.284
960 65.284
961 65.284
962 65.284
963 65.284
964 65.284
965 65.284
966 65.284
967 65.284
968 65.284
969 65.284
970 65.284
971 65.284
972 65.284
973 65.284
974 65.284
975 65.284
976 65.284
977 65.284
978 65.284
979 65.284
980 65.284
981 65.284
982 65.284
983 65.284
984 65.284
985 65.284
986 65.284
987 65.284
988 65.284
989 65.284
990 65.284
991 65.284
992 65.284
993 65.284
994 65.284
995 65.284
996 65.284
997 65.284
998 65.284
999 65.284
1000 65.284
1001 65.284
1002 65.284
1003 65.284
1004 65.284
1005 65.284
1006 65.284
1007 65.284
1008 65.284
1009 65.284
1010 65.284
1011 65.284
1012 65.284
1013 65.284
1014 65.284
1015 65.284
1016 65.284
1017 65.284
1018 65.284
1019 65.284
1020 65.284
1021 65.284
1022 65.284
1023 65.284
1024 65.284
1025 65.284
1026 65.284
1027 65.284
1028 65.284
1029 65.284
1030 65.284
1031 65.284
1032 65.284
1033 65.284
1034 65.284
1035 65.284
1036 65.284
1037 65.284
1038 65.284
1039 65.284
1040 65.284
1041 65.284
1042 65.284
1043 65.284
1044 65.284
1045 65.284
1046 65.284
1047 65.284
1048 65.284
1049 65.284
1050 65.284
1051 65.284
1052 65.284
1053 65.284
1054 65.284
1055 65.284
1056 65.284
1057 65.284
1058 65.284
1059 65.284
1060 65.284
1061 65.284
1062 65.284
1063 65.284
1064 65.284
1065 65.284
1066 65.284
1067 65.284
1068 65.284
1069 65.284
1070 65.284
1071 65.284
1072 65.284
1073 65.284
1074 65.284
1075 65.284
1076 65.284
1077 65.284
1078 65.284
1079 65.284
1080 65.284
1081 65.284
1082 65.284
1083 65.284
1084 65.284
1085 65.284
1086 65.284
1087 65.284
1088 65.284
1089 65.284
1090 65.284
1091 65.284
1092 65.284
1093 65.284
1094 65.284
1095 65.284
1096 65.284
1097 65.284
1098 65.284
1099 65.284
1100 65.284
1101 65.284
1102 65.284
1103 65.284
1104 65.284
1105 65.284
1106 65.284
1107 65.284
1108 65.284
1109 65.284
1110 65.284
1111 65.284
1112 65.284
1113 65.284
1114 65.284
1115 65.284
1116 65.284
1117 65.284
1118 65.284
1119 65.284
1120 65.284
1121 65.284
1122 65.284
1123 65.284
1124 65.284
1125 65.284
1126 65.284
1127 65.284
1128 65.284
1129 65.284
1130 65.284
1131 65.284
1132 65.284
1133 65.284
1134 65.284
1135 65.284
1136 65.284
1137 65.284
1138 65.284
1139 65.284
1140 65.284
1141 65.284
1142 65.284
1143 65.284
1144 65.284
1145 65.284
1146 65.284
1147 65.284
1148 65.284
1149 65.284
1150 65.284
1151 65.284
1152 65.284
1153 65.284
1154 65.284
1155 65.284
1156 65.284
1157 65.284
1158 65.284
1159 65.284
1160 65.284
1161 65.284
1162 65.284
1163 65.284
1164 65.284
1165 65.284
1166 65.284
1167 65.284
1168 65.284
1169 65.284
1170 65.284
1171 65.284
1172 65.284
1173 65.284
1174 65.284
1175 65.284
1176 65.284
1177 65.284
1178 65.284
1179 65.284
1180 65.284
1181 65.284
1182 65.284
1183 65.284
1184 65.284
1185 65.284
1186 65.284
1187 65.284
1188 65.284
1189 65.284
1190 65.284
1191 65.284
1192 65.284
1193 65.284
1194 65.284
1195 65.284
1196 65.284
1197 65.284
1198 65.284
1199 65.284
1200 65.284
1201 65.284
1202 65.284
1203 65.284
1204 65.284
1205 65.284
1206 65.284
1207 65.284
1208 65.284
1209 65.284
1210 65.284
1211 65.284
1212 65.284
1213 65.284
1214 65.284
1215 65.284
1216 65.284
1217 65.284
1218 65.284
1219 65.284
1220 65.284
1221 65.284
1222 65.284
1223 65.284
1224 65.284
1225 65.284
1226 65.284
1227 65.284
1228 65.284
1229 65.284
1230 65.284
1231 65.284
1232 65.284
1233 65.284
1234 65.284
1235 65.284
1236 65.284
1237 65.284
1238 65.284
1239 65.284
1240 65.284
1241 65.284
1242 65.284
1243 65.284
1244 65.284
1245 65.284
1246 65.284
1247 65.284
1248 65.284
1249 65.284
1250 65.284
1251 65.284
1252 65.284
1253 65.284
1254 65.284
1255 65.284
1256 65.284
1257 65.284
1258 65.284
1259 65.284
1260 65.284
1261 65.284
1262 65.284
1263 65.284
1264 65.284
1265 65.284
1266 65.284
1267 65.284
1268 65.284
1269 65.284
1270 65.284
1271 65.284
1272 65.284
1273 65.284
1274 65.284
1275 65.284
1276 65.284
1277 65.284
1278 65.284
1279 65.284
1280 65.284
1281 65.284
1282 65.284
1283 65.284
1284 65.284
1285 65.284
1286 65.284
1287 65.284
1288 65.284
1289 65.284
1290 65.284
1291 65.284
1292 65.284
1293 65.284
1294 65.284
1295 65.284
1296 65.284
1297 65.284
1298 65.284
1299 65.284
1300 65.284
1301 65.284
1302 65.284
1303 65.284
1304 65.284
1305 65.284
1306 65.284
1307 65.284
1308 65.284
1309 65.284
1310 65.284
1311 65.284
1312 65.284
1313 65.284
1314 65.284
1315 65.284
1316 65.284
1317 65.284
1318 65.284
1319 65.284
1320 65.284
1321 65.284
1322 65.284
1323 65.284
1324 65.284
1325 65.284
1326 65.284
1327 65.284
1328 65.284
1329 65.284
1330 65.284
1331 65.284
1332 65.284
1333 65.284
1334 65.284
1335 65.284
1336 65.284
1337 65.284
1338 65.284
1339 65.284
1340 65.284
1341 65.284
1342 65.284
1343 65.284
1344 65.284
1345 65.284
1346 65.284
1347 65.284
1348 65.284
1349 65.284
1350 65.284
1351 65.284
1352 65.284
1353 65.284
1354 65.284
1355 65.284
1356 65.284
1357 65.284
1358 65.284
1359 65.284
1360 65.284
1361 65.284
1362 65.284
1363 65.284
1364 65.284
1365 65.284
1366 65.284
1367 65.284
1368 65.284
1369 65.284
1370 65.284
1371 65.284
1372 65.284
1373 65.284
1374 65.284
1375 65.284
1376 65.284
1377 65.284
1378 65.284
1379 65.284
1380 65.284
1381 65.284
1382 65.284
1383 65.284
1384 65.284
1385 65.284
1386 65.284
1387 65.284
1388 65.284
1389 65.284
1390 65.284
1391 65.284
1392 65.284
1393 65.284
1394 65.284
1395 65.284
1396 65.284
1397 65.284
1398 65.284
1399 65.284
1400 65.284
1401 65.284
1402 65.284
1403 65.284
1404 65.284
1405 65.284
1406 65.284
1407 65.284
1408 65.284
1409 65.284
1410 64.9493
1411 64.9493
1412 64.9493
1413 64.9493
1414 64.9493
1415 64.9493
1416 64.9493
1417 64.9493
1418 64.9493
1419 64.9493
1420 64.9493
1421 64.9493
1422 64.9493
1423 64.9493
1424 64.9493
1425 64.9493
1426 64.9493
1427 64.9493
1428 64.9493
1429 64.9493
1430 64.9493
1431 64.9493
1432 64.9493
1433 64.9493
1434 64.9493
1435 64.9493
1436 64.9493
1437 64.9493
1438 64.9493
1439 64.9493
1440 64.9493
1441 64.9493
1442 64.9493
1443 64.9493
1444 64.9493
1445 64.9493
1446 64.9493
1447 64.9493
1448 64.9493
1449 64.9493
1450 64.9493
1451 64.9493
1452 64.9493
1453 64.9493
1454 64.9493
1455 64.9493
1456 64.9493
1457 64.9493
1458 64.9493
1459 64.9493
1460 64.9493
1461 64.9493
1462 64.9493
1463 64.9493
1464 64.9493
1465 64.9493
1466 64.9493
1467 64.9493
1468 64.9493
1469 64.9493
1470 64.9493
1471 64.9493
1472 64.9493
1473 64.9493
1474 64.9493
1475 64.9493
1476 64.9493
1477 64.9493
1478 64.9493
1479 64.9493
1480 64.9493
1481 64.9493
1482 64.9493
1483 64.9493
1484 64.9493
1485 64.9493
1486 64.9493
1487 64.9493
1488 64.9493
1489 64.9493
1490 64.9493
1491 64.9493
1492 64.9493
1493 64.9493
1494 64.9493
1495 64.9493
1496 64.9493
1497 64.9493
1498 64.9466
1499 64.9466
1500 64.9466
1501 64.9466
1502 64.9466
1503 64.9466
1504 64.9466
1505 64.9466
1506 64.9466
1507 64.9466
1508 64.9466
1509 64.723
1510 64.723
1511 64.723
1512 64.723
1513 64.723
1514 64.723
1515 64.723
1516 64.723
1517 64.723
1518 64.723
1519 64.723
1520 64.723
1521 64.723
1522 64.723
1523 64.723
1524 64.723
1525 64.723
1526 64.723
1527 64.723
1528 64.723
1529 64.723
1530 64.723
1531 64.723
1532 64.723
1533 64.723
1534 64.723
1535 64.723
1536 64.723
1537 64.723
1538 64.723
1539 64.723
1540 64.723
1541 64.723
1542 64.723
1543 64.723
1544 64.723
1545 64.723
1546 64.723
1547 64.723
1548 64.723
1549 64.723
1550 64.723
1551 64.723
1552 64.723
1553 64.723
1554 64.723
1555 64.723
1556 64.723
1557 64.723
1558 64.723
1559 64.723
1560 64.723
1561 64.723
1562 64.723
1563 64.723
1564 64.723
1565 64.723
1566 64.723
1567 64.723
1568 64.723
1569 64.723
1570 64.723
1571 64.723
1572 64.723
1573 64.723
1574 64.723
1575 64.723
1576 64.723
1577 64.723
1578 64.723
1579 64.723
1580 64.723
1581 64.723
1582 64.723
1583 64.723
1584 64.723
1585 64.723
1586 64.723
1587 64.723
1588 64.723
1589 64.723
1590 64.723
1591 64.723
1592 64.723
1593 64.723
1594 64.723
1595 64.723
1596 64.723
1597 64.723
1598 64.723
1599 64.723
1600 64.723
1601 64.723
1602 64.723
1603 64.723
1604 64.723
1605 64.723
1606 64.723
1607 64.723
1608 64.723
1609 64.723
1610 64.723
1611 64.723
1612 64.723
1613 64.723
1614 64.723
1615 64.723
1616 64.723
1617 64.723
1618 64.723
1619 64.723
1620 64.723
1621 64.723
1622 64.723
1623 64.723
1624 64.723
1625 64.723
1626 64.723
1627 64.723
1628 64.723
1629 64.723
1630 64.723
1631 64.723
1632 64.723
1633 64.723
1634 64.723
1635 64.723
1636 64.723
1637 64.723
1638 64.723
1639 64.723
1640 64.723
1641 64.723
1642 64.723
1643 64.723
1644 64.723
1645 64.723
1646 64.723
1647 64.723
1648 64.723
1649 64.723
1650 64.723
1651 64.723
1652 64.723
1653 64.723
1654 64.723
1655 64.723
1656 64.723
1657 64.723
1658 64.723
1659 64.723
1660 64.723
1661 64.723
1662 64.723
1663 64.723
1664 64.723
1665 64.723
1666 64.723
1667 64.723
1668 64.723
1669 64.723
1670 64.723
1671 64.723
1672 64.723
1673 64.723
1674 64.723
1675 64.723
1676 64.723
1677 64.723
1678 64.723
1679 64.723
1680 64.723
1681 64.723
1682 64.723
1683 64.723
1684 64.723
1685 64.723
1686 64.723
1687 64.723
1688 64.723
1689 64.723
1690 64.723
1691 64.723
1692 64.723
1693 64.723
1694 64.723
1695 64.723
1696 64.723
1697 64.723
1698 64.723
1699 64.723
1700 64.723
1701 64.723
1702 64.723
1703 64.723
1704 64.723
1705 64.723
1706 64.723
1707 64.723
1708 64.723
1709 64.723
1710 64.723
1711 64.723
1712 64.723
1713 64.723
1714 64.723
1715 64.723
1716 64.723
1717 64.723
1718 64.723
1719 64.723
1720 64.723
1721 64.723
1722 64.723
1723 64.723
1724 64.723
1725 64.723
1726 64.723
1727 64.723
1728 64.723
1729 64.723
1730 64.723
1731 64.723
1732 64.723
1733 64.723
1734 64.723
1735 64.723
1736 64.723
1737 64.723
1738 64.723
1739 64.723
1740 64.723
1741 64.723
1742 64.723
1743 64.723
1744 64.723
1745 64.723
1746 64.723
1747 64.723
1748 64.723
1749 64.723
1750 64.723
1751 64.723
1752 64.723
1753 64.723
1754 64.723
1755 64.723
1756 64.723
1757 64.723
1758 64.723
1759 64.723
1760 64.723
1761 64.723
1762 64.723
1763 64.723
1764 64.723
1765 64.723
1766 64.723
1767 64.723
1768 64.723
1769 64.723
1770 64.723
1771 64.723
1772 64.723
1773 64.723
1774 64.723
1775 64.723
1776 64.723
1777 64.723
1778 64.723
1779 64.723
1780 64.723
1781 64.723
1782 64.723
1783 64.723
1784 64.723
1785 64.723
1786 64.723
1787 64.723
1788 64.723
1789 64.723
1790 64.723
1791 64.723
1792 64.723
1793 64.723
1794 64.723
1795 64.723
1796 64.723
1797 64.723
1798 64.723
1799 64.723
1800 64.723
1801 64.723
1802 64.723
1803 64.723
1804 64.723
1805 64.723
1806 64.723
1807 64.723
1808 64.723
1809 64.723
1810 64.723
1811 64.723
1812 64.723
1813 64.723
1814 64.723
1815 64.723
1816 64.723
1817 64.723
1818 64.723
1819 64.723
1820 64.723
1821 64.723
1822 64.723
1823 64.723
1824 64.723
1825 64.723
1826 64.723
1827 64.723
1828 64.723
1829 64.723
1830 64.723
1831 64.723
1832 64.723
1833 64.723
1834 64.723
1835 64.723
1836 64.723
1837 64.723
1838 64.723
1839 64.723
1840 64.723
1841 64.723
1842 64.723
1843 64.723
1844 64.723
1845 64.723
1846 64.723
1847 64.723
1848 64.723
1849 64.723
1850 64.723
1851 64.723
1852 64.723
1853 64.723
1854 64.723
1855 64.723
1856 64.723
1857 64.723
1858 64.723
1859 64.723
1860 64.723
1861 64.723
1862 64.723
1863 64.723
1864 64.723
1865 64.723
1866 64.723
1867 64.723
1868 64.723
1869 64.723
1870 64.723
1871 64.723
1872 64.723
1873 64.723
1874 64.723
1875 64.723
1876 64.723
1877 64.723
1878 64.723
1879 64.723
1880 64.723
1881 64.723
1882 64.723
1883 64.723
1884 64.723
1885 64.723
1886 64.723
1887 64.723
1888 64.723
1889 64.723
1890 64.723
1891 64.723
1892 64.723
1893 64.723
1894 64.723
1895 64.723
1896 64.723
1897 64.723
1898 64.723
1899 64.723
1900 64.723
1901 64.723
1902 64.723
1903 64.723
1904 64.723
1905 64.723
1906 64.723
1907 64.723
1908 64.723
1909 64.723
1910 64.723
1911 64.723
1912 64.723
1913 64.723
1914 64.723
1915 64.723
1916 64.723
1917 64.723
1918 64.723
1919 64.723
1920 64.723
1921 64.723
1922 64.723
1923 64.723
1924 64.723
1925 64.723
1926 64.723
1927 64.723
1928 64.723
1929 64.723
1930 64.723
1931 64.723
1932 64.723
1933 64.723
1934 64.723
1935 64.723
1936 64.723
1937 64.723
1938 64.723
1939 64.723
1940 64.723
1941 64.723
1942 64.723
1943 64.723
1944 64.723
1945 64.723
1946 64.723
1947 64.723
1948 64.723
1949 64.723
1950 64.723
1951 64.723
1952 64.723
1953 64.723
1954 64.723
1955 64.723
1956 64.723
1957 64.723
1958 64.723
1959 64.723
1960 64.723
1961 64.723
1962 64.723
1963 64.723
1964 64.723
1965 64.723
1966 64.723
1967 64.723
1968 64.723
1969 64.723
1970 64.723
1971 64.723
1972 64.723
1973 64.723
1974 64.723
1975 64.723
1976 64.723
1977 64.723
1978 64.723
1979 64.723
1980 64.723
1981 64.723
1982 64.723
1983 64.723
1984 64.723
1985 64.723
1986 64.723
1987 64.723
1988 64.723
1989 64.723
1990 64.723
1991 64.723
1992 64.723
1993 64.723
1994 64.723
1995 64.723
1996 64.723
1997 64.723
1998 64.723
1999 64.723
2000 64.723
2001 64.723
2002 64.723
2003 64.723
2004 64.723
2005 64.723
2006 64.723
2007 64.723
2008 64.723
2009 64.723
2010 64.723
2011 64.723
2012 64.723
2013 64.723
2014 64.723
2015 64.723
2016 64.723
2017 64.723
2018 64.723
2019 64.723
2020 64.723
2021 64.723
2022 64.723
2023 64.723
2024 64.723
2025 64.723
2026 64.723
2027 64.723
2028 64.723
2029 64.723
2030 64.723
2031 64.723
2032 64.723
2033 64.723
2034 64.723
2035 64.723
2036 64.723
2037 64.723
2038 64.723
2039 64.723
2040 64.723
2041 64.723
2042 64.723
2043 64.723
2044 64.723
2045 64.723
2046 64.723
2047 64.723
2048 64.723
2049 64.723
2050 64.723
2051 64.723
2052 64.723
2053 64.723
2054 64.723
2055 64.723
2056 64.723
2057 64.723
2058 64.723
2059 64.723
2060 64.723
2061 64.723
2062 64.723
2063 64.723
2064 64.723
2065 64.723
2066 64.723
2067 64.723
2068 64.723
2069 64.723
2070 64.723
2071 64.723
2072 64.723
2073 64.723
2074 64.723
2075 64.723
2076 64.723
2077 64.723
2078 64.723
2079 64.723
2080 64.723
2081 64.723
2082 64.723
2083 64.723
2084 64.723
2085 64.723
2086 64.723
2087 64.723
2088 64.723
2089 64.723
2090 64.723
2091 64.723
2092 64.723
2093 64.723
2094 64.723
2095 64.723
2096 64.723
2097 64.723
2098 64.723
2099 64.723
2100 64.723
2101 64.723
2102 64.723
2103 64.723
2104 64.723
2105 64.723
2106 64.723
2107 64.723
2108 64.723
2109 64.723
2110 64.723
2111 64.723
2112 64.723
2113 64.723
2114 64.723
2115 64.723
2116 64.723
2117 64.723
2118 64.723
2119 64.723
2120 64.723
2121 64.723
2122 64.723
2123 64.723
2124 64.723
2125 64.723
2126 64.723
2127 64.723
2128 64.723
2129 64.723
2130 64.723
2131 64.723
2132 64.723
2133 64.723
2134 64.723
2135 64.723
2136 64.723
2137 64.723
2138 64.723
2139 64.723
2140 64.723
2141 64.723
2142 64.723
2143 64.723
2144 64.723
2145 64.723
2146 64.723
2147 64.723
2148 64.723
2149 64.723
2150 64.723
2151 64.723
2152 64.723
2153 64.723
2154 64.723
2155 64.723
2156 64.723
2157 64.723
2158 64.723
2159 64.723
2160 64.723
2161 64.723
2162 64.723
2163 64.723
2164 64.723
2165 64.723
2166 64.723
2167 64.723
2168 64.723
2169 64.723
2170 64.723
2171 64.723
2172 64.723
2173 64.723
2174 64.723
2175 64.723
2176 64.723
2177 64.723
2178 64.723
2179 64.723
2180 64.723
2181 64.723
2182 64.723
2183 64.723
2184 64.723
2185 64.723
2186 64.723
2187 64.723
2188 64.723
2189 64.723
2190 64.723
2191 64.723
2192 64.723
2193 64.723
2194 64.723
2195 64.723
2196 64.723
2197 64.723
2198 64.723
2199 64.723
2200 64.723
2201 64.723
2202 64.723
2203 64.723
2204 64.723
2205 64.723
2206 64.723
2207 64.723
2208 64.723
2209 64.723
2210 64.723
2211 64.723
2212 64.723
2213 64.723
2214 64.723
2215 64.723
2216 64.723
2217 64.723
2218 64.723
2219 64.723
2220 64.723
2221 64.723
2222 64.723
2223 64.723
2224 64.723
2225 64.723
2226 64.723
2227 64.723
2228 64.723
2229 64.723
2230 64.723
2231 64.723
2232 64.723
2233 64.723
2234 64.723
2235 64.723
2236 64.723
2237 64.723
2238 64.723
2239 64.723
2240 64.723
2241 64.723
2242 64.723
2243 64.723
2244 64.723
2245 64.723
2246 64.723
2247 64.723
2248 64.723
2249 64.723
2250 64.723
2251 64.723
2252 64.723
2253 64.723
2254 64.723
2255 64.723
2256 64.723
2257 64.723
2258 64.723
2259 64.723
2260 64.723
2261 64.723
2262 64.723
2263 64.723
2264 64.723
2265 64.723
2266 64.723
2267 64.723
2268 64.723
2269 64.723
2270 64.723
2271 64.723
2272 64.723
2273 64.723
2274 64.723
2275 64.723
2276 64.723
2277 64.723
2278 64.723
2279 64.723
2280 64.723
2281 64.723
2282 64.723
2283 64.723
2284 64.723
2285 64.723
2286 64.723
2287 64.723
2288 64.723
2289 64.723
2290 64.723
2291 64.723
2292 64.723
2293 64.723
2294 64.723
2295 64.723
2296 64.723
2297 64.723
2298 64.723
2299 64.723
2300 64.723
2301 64.723
2302 64.723
2303 64.723
2304 64.723
2305 64.723
2306 64.723
2307 64.723
2308 64.723
2309 64.723
2310 64.723
2311 64.723
2312 64.723
2313 64.723
2314 64.723
2315 64.723
2316 64.723
2317 64.723
2318 64.723
2319 64.723
2320 64.723
2321 64.723
2322 64.723
2323 64.723
2324 64.723
2325 64.723
2326 64.723
2327 64.723
2328 64.723
2329 64.723
2330 64.723
2331 64.723
2332 64.723
2333 64.723
2334 64.723
2335 64.723
2336 64.723
2337 64.723
2338 64.723
2339 64.723
2340 64.723
2341 64.723
2342 64.723
2343 64.723
2344 64.723
2345 64.723
2346 64.723
2347 64.723
2348 64.723
2349 64.723
2350 64.723
2351 64.723
2352 64.723
2353 64.723
2354 64.723
2355 64.723
2356 64.723
2357 64.723
2358 64.723
2359 64.723
2360 64.723
2361 64.723
2362 64.723
2363 64.723
2364 64.723
2365 64.723
2366 64.723
2367 64.723
2368 64.723
2369 64.723
2370 64.723
2371 64.723
2372 64.723
2373 64.723
2374 64.723
2375 64.723
2376 64.723
2377 64.723
2378 64.723
2379 64.723
2380 64.723
2381 64.723
2382 64.723
2383 64.723
2384 64.723
2385 64.723
2386 64.723
2387 64.723
2388 64.723
2389 64.723
2390 64.723
2391 64.723
2392 64.723
2393 64.723
2394 64.723
2395 64.723
2396 64.723
2397 64.723
2398 64.723
2399 64.723
2400 64.723
2401 64.723
2402 64.723
2403 64.723
2404 64.723
2405 64.723
2406 64.723
2407 64.723
2408 64.723
2409 64.723
2410 64.723
2411 64.723
2412 64.723
2413 64.723
2414 64.723
2415 64.723
2416 64.723
2417 64.723
2418 64.723
2419 64.723
2420 64.723
2421 64.723
2422 64.723
2423 64.723
2424 64.723
2425 64.723
2426 64.723
2427 64.723
2428 64.723
2429 64.723
2430 64.723
2431 64.723
2432 64.723
2433 64.723
2434 64.723
2435 64.723
2436 64.723
2437 64.723
2438 64.723
2439 64.723
2440 64.723
2441 64.723
2442 64.723
2443 64.723
2444 64.723
2445 64.723
2446 64.723
2447 64.723
2448 64.723
2449 64.723
2450 64.723
2451 64.723
2452 64.723
2453 64.723
2454 64.723
2455 64.723
2456 64.723
2457 64.723
2458 64.723
2459 64.723
2460 64.723
2461 64.723
2462 64.723
2463 64.723
2464 64.723
2465 64.723
2466 64.723
2467 64.723
2468 64.723
2469 64.723
2470 64.723
2471 64.723
2472 64.723
2473 64.723
2474 64.723
2475 64.723
2476 64.723
2477 64.723
2478 64.723
2479 64.723
2480 64.723
2481 64.723
2482 64.723
2483 64.723
2484 64.723
2485 64.723
2486 64.723
2487 64.723
2488 64.723
2489 64.723
2490 64.723
2491 64.723
2492 64.723
2493 64.723
2494 64.723
2495 64.723
2496 64.723
2497 64.723
2498 64.723
2499 64.723
2500 64.723
2501 64.723
2502 64.723
2503 64.723
2504 64.723
2505 64.723
2506 64.723
2507 64.723
2508 64.723
2509 64.723
2510 64.723
2511 64.723
2512 64.723
2513 64.723
2514 64.723
2515 64.723
2516 64.723
2517 64.723
2518 64.723
2519 64.723
2520 64.723
2521 64.723
2522 64.723
2523 64.723
2524 64.723
2525 64.723
2526 64.723
2527 64.723
2528 64.723
2529 64.723
2530 64.723
2531 64.723
2532 64.723
2533 64.723
2534 64.723
2535 64.723
2536 64.723
2537 64.723
2538 64.723
2539 64.723
2540 64.723
2541 64.723
2542 64.723
2543 64.723
2544 64.723
2545 64.723
2546 64.723
2547 64.723
2548 64.723
2549 64.723
2550 64.723
2551 64.723
2552 64.723
2553 64.723
2554 64.723
2555 64.723
2556 64.723
2557 64.723
2558 64.723
2559 64.723
2560 64.723
2561 64.723
2562 64.723
2563 64.723
2564 64.723
2565 64.723
2566 64.723
2567 64.723
2568 64.723
2569 64.723
2570 64.723
2571 64.723
2572 64.723
2573 64.723
2574 64.723
2575 64.723
2576 64.723
2577 64.723
2578 64.723
2579 64.723
2580 64.723
2581 64.723
2582 64.723
2583 64.723
2584 64.723
2585 64.723
2586 64.723
2587 64.723
2588 64.723
2589 64.723
2590 64.723
2591 64.723
2592 64.723
2593 64.723
2594 64.723
2595 64.723
2596 64.723
2597 64.723
2598 64.723
2599 64.723
2600 64.723
2601 64.723
2602 64.723
2603 64.723
2604 64.723
2605 64.723
2606 64.723
2607 64.723
2608 64.723
2609 64.723
2610 64.723
2611 64.723
2612 64.723
2613 64.723
2614 64.723
2615 64.723
2616 64.723
2617 64.723
2618 64.723
2619 64.723
2620 64.723
2621 64.723
2622 64.723
2623 64.723
2624 64.723
2625 64.723
2626 64.723
2627 64.723
2628 64.723
2629 64.723
2630 64.723
2631 64.723
2632 64.723
2633 64.723
2634 64.723
2635 64.723
2636 64.723
2637 64.723
2638 64.723
2639 64.723
2640 64.723
2641 64.723
2642 64.723
2643 64.723
2644 64.723
2645 64.723
2646 64.723
2647 64.723
2648 64.723
2649 64.723
2650 64.723
2651 64.723
2652 64.723
2653 64.723
2654 64.723
2655 64.723
2656 64.723
2657 64.723
2658 64.723
2659 64.723
2660 64.723
2661 64.723
2662 64.723
2663 64.723
2664 64.723
2665 64.723
2666 64.723
2667 64.723
2668 64.723
2669 64.723
2670 64.723
2671 64.723
2672 64.723
2673 64.723
2674 64.723
2675 64.723
2676 64.723
2677 64.723
2678 64.723
2679 64.723
2680 64.723
2681 64.723
2682 64.723
2683 64.723
2684 64.723
2685 64.723
2686 64.723
2687 64.723
2688 64.723
2689 64.723
2690 64.723
2691 64.723
2692 64.723
2693 64.723
2694 64.723
2695 64.723
2696 64.723
2697 64.723
2698 64.723
2699 64.723
2700 64.723
2701 64.723
2702 64.723
2703 64.723
2704 64.723
2705 64.723
2706 64.723
2707 64.723
2708 64.723
2709 64.723
2710 64.723
2711 64.723
2712 64.723
2713 64.723
2714 64.723
2715 64.723
2716 64.723
2717 64.723
2718 64.723
2719 64.723
2720 64.723
2721 64.723
2722 64.723
2723 64.723
2724 64.723
2725 64.723
2726 64.723
2727 64.723
2728 64.723
2729 64.723
2730 64.723
2731 64.723
2732 64.723
2733 64.723
2734 64.723
2735 64.723
2736 64.723
2737 64.723
2738 64.723
2739 64.723
2740 64.723
2741 64.723
2742 64.723
2743 64.723
2744 64.723
2745 64.723
2746 64.723
2747 64.723
2748 64.723
2749 64.723
2750 64.723
2751 64.723
2752 64.723
2753 64.723
2754 64.723
2755 64.723
2756 64.723
2757 64.723
2758 64.723
2759 64.723
2760 64.723
2761 64.723
2762 64.723
2763 64.723
2764 64.723
2765 64.723
2766 64.723
2767 64.723
2768 64.723
2769 64.723
2770 64.723
2771 64.723
2772 64.723
2773 64.723
2774 64.723
2775 64.723
2776 64.723
2777 64.723
2778 64.723
2779 64.723
2780 64.723
2781 64.723
2782 64.723
2783 64.723
2784 64.723
2785 64.723
2786 64.723
2787 64.723
2788 64.723
2789 64.723
2790 64.723
2791 64.723
2792 64.723
2793 64.723
2794 64.723
2795 64.723
2796 64.723
2797 64.723
2798 64.723
2799 64.723
2800 64.723
2801 64.723
2802 64.723
2803 64.723
2804 64.723
2805 64.723
2806 64.723
2807 64.723
2808 64.723
2809 64.723
2810 64.723
2811 64.723
2812 64.723
2813 64.723
2814 64.723
2815 64.723
2816 64.723
2817 64.723
2818 64.723
2819 64.723
2820 64.723
2821 64.723
2822 64.723
2823 64.723
2824 64.723
2825 64.723
2826 64.723
2827 64.723
2828 64.723
2829 64.723
2830 64.723
2831 64.723
2832 64.723
2833 64.723
2834 64.723
2835 64.723
2836 64.723
2837 64.723
2838 64.723
2839 64.723
2840 64.723
2841 64.723
2842 64.723
2843 64.723
2844 64.723
2845 64.723
2846 64.723
2847 64.723
2848 64.723
2849 64.723
2850 64.723
2851 64.723
2852 64.723
2853 64.723
2854 64.723
2855 64.723
2856 64.723
2857 64.723
2858 64.723
2859 64.723
2860 64.723
2861 64.723
2862 64.723
2863 64.723
2864 64.723
2865 64.723
2866 64.723
2867 64.723
2868 64.723
2869 64.723
2870 64.723
2871 64.723
2872 64.723
2873 64.723
2874 64.723
2875 64.723
2876 64.723
2877 64.723
2878 64.723
2879 64.723
2880 64.723
2881 64.723
2882 64.723
2883 64.723
2884 64.723
2885 64.723
2886 64.723
2887 64.723
2888 64.723
2889 64.723
2890 64.723
2891 64.723
2892 64.723
2893 64.723
2894 64.723
2895 64.723
2896 64.723
2897 64.723
2898 64.723
2899 64.723
2900 64.723
2901 64.723
2902 64.723
2903 64.723
2904 64.723
2905 64.723
2906 64.723
2907 64.723
2908 64.723
2909 64.723
2910 64.723
2911 64.723
2912 64.723
2913 64.723
2914 64.723
2915 64.723
2916 64.723
2917 64.723
2918 64.723
2919 64.723
2920 64.723
2921 64.723
2922 64.723
2923 64.723
2924 64.723
2925 64.723
2926 64.723
2927 64.723
2928 64.723
2929 64.723
2930 64.723
2931 64.723
2932 64.723
2933 64.723
2934 64.723
2935 64.723
2936 64.723
2937 64.723
2938 64.723
2939 64.723
2940 64.723
2941 64.723
2942 64.723
2943 64.723
2944 64.723
2945 64.723
2946 64.723
2947 64.723
2948 64.723
2949 64.723
2950 64.723
2951 64.723
2952 64.723
2953 64.723
2954 64.723
2955 64.723
2956 64.723
2957 64.723
2958 64.723
2959 64.723
2960 64.723
2961 64.723
2962 64.723
2963 64.723
2964 64.723
2965 64.723
2966 64.723
2967 64.723
2968 64.723
2969 64.723
2970 64.723
2971 64.723
2972 64.723
2973 64.723
2974 64.723
2975 64.723
2976 64.723
2977 64.723
2978 64.723
2979 64.723
2980 64.723
2981 64.723
2982 64.723
2983 64.723
2984 64.723
2985 64.723
2986 64.723
2987 64.723
2988 64.723
2989 64.723
2990 64.723
2991 64.723
2992 64.723
2993 64.723
2994 64.723
2995 64.723
2996 64.723
2997 64.723
2998 64.723
2999 64.723
3000 64.723
3001 64.723
3002 64.723
3003 64.723
3004 64.723
3005 64.723
3006 64.723
3007 64.723
3008 64.723
3009 64.723
3010 64.723
3011 64.723
3012 64.723
3013 64.723
3014 64.723
3015 64.723
3016 64.723
3017 64.723
3018 64.723
3019 64.723
3020 64.723
3021 64.723
3022 64.723
3023 64.723
3024 64.723
3025 64.723
3026 64.723
3027 64.723
3028 64.723
3029 64.723
3030 64.723
3031 64.723
3032 64.723
3033 64.723
3034 64.723
3035 64.723
3036 64.723
3037 64.723
3038 64.723
3039 64.723
3040 64.723
3041 64.723
3042 64.723
3043 64.723
3044 64.723
3045 64.723
3046 64.723
3047 64.723
3048 64.723
3049 64.723
3050 64.723
3051 64.723
3052 64.723
3053 64.723
3054 64.723
3055 64.723
3056 64.723
3057 64.723
3058 64.723
3059 64.723
3060 64.723
3061 64.723
3062 64.723
3063 64.723
3064 64.723
3065 64.723
3066 64.723
3067 64.723
3068 64.723
3069 64.723
3070 64.723
3071 64.723
3072 64.723
3073 64.723
3074 64.723
3075 64.723
3076 64.723
3077 64.723
3078 64.723
3079 64.723
3080 64.723
3081 64.723
3082 64.723
3083 64.723
3084 64.723
3085 64.723
3086 64.723
3087 64.723
3088 64.723
3089 64.723
3090 64.723
3091 64.723
3092 64.723
3093 64.723
3094 64.723
3095 64.723
3096 64.723
3097 64.723
3098 64.723
3099 64.723
3100 64.723
3101 64.723
3102 64.723
3103 64.723
3104 64.723
3105 64.723
3106 64.723
3107 64.723
3108 64.723
3109 64.723
3110 64.723
3111 64.723
3112 64.723
3113 64.723
3114 64.723
3115 64.723
3116 64.723
3117 64.723
3118 64.723
3119 64.723
3120 64.723
3121 64.723
3122 64.723
3123 64.723
3124 64.723
3125 64.723
3126 64.723
3127 64.723
3128 64.723
3129 64.723
3130 64.723
3131 64.723
3132 64.723
3133 64.723
3134 64.723
3135 64.723
3136 64.723
3137 64.723
3138 64.723
3139 64.723
3140 64.723
3141 64.723
3142 64.723
3143 64.723
3144 64.723
3145 64.723
3146 64.723
3147 64.723
3148 64.723
3149 64.723
3150 64.723
3151 64.723
3152 64.723
3153 64.723
3154 64.723
3155 64.723
3156 64.723
3157 64.723
3158 64.723
3159 64.723
3160 64.723
3161 64.723
3162 64.723
3163 64.723
3164 64.723
3165 64.723
3166 64.723
3167 64.723
3168 64.723
3169 64.723
3170 64.723
3171 64.723
3172 64.723
3173 64.723
3174 64.723
3175 64.723
3176 64.723
3177 64.723
3178 64.723
3179 64.723
3180 64.723
3181 64.723
3182 64.723
3183 64.723
3184 64.723
3185 64.723
3186 64.723
3187 64.723
3188 64.723
3189 64.723
3190 64.723
3191 64.723
3192 64.723
3193 64.723
3194 64.723
3195 64.723
3196 64.723
3197 64.723
3198 64.723
3199 64.723
3200 64.723
3201 64.723
3202 64.723
3203 64.723
3204 64.723
3205 64.723
3206 64.723
3207 64.723
3208 64.723
3209 64.723
3210 64.723
3211 64.723
3212 64.723
3213 64.723
3214 64.723
3215 64.723
3216 64.723
3217 64.723
3218 64.723
3219 64.723
3220 64.723
3221 64.723
3222 64.723
3223 64.723
3224 64.723
3225 64.723
3226 64.723
3227 64.723
3228 64.723
3229 64.723
3230 64.723
3231 64.723
3232 64.723
3233 64.723
3234 64.723
3235 64.723
3236 64.723
3237 64.723
3238 64.723
3239 64.723
3240 64.723
3241 64.723
3242 64.723
3243 64.723
3244 64.723
3245 64.723
3246 64.723
3247 64.723
3248 64.723
3249 64.723
3250 64.723
3251 64.723
3252 64.723
3253 64.723
3254 64.723
3255 64.723
3256 64.723
3257 64.723
3258 64.723
3259 64.723
3260 64.723
3261 64.723
3262 64.723
3263 64.723
3264 64.723
3265 64.723
3266 64.723
3267 64.723
3268 64.723
3269 64.723
3270 64.723
3271 64.723
3272 64.723
3273 64.723
3274 64.723
3275 64.723
3276 64.723
3277 64.723
3278 64.723
3279 64.723
3280 64.723
3281 64.723
3282 64.723
3283 64.723
3284 64.723
3285 64.723
3286 64.723
3287 64.723
3288 64.723
3289 64.723
3290 64.723
3291 64.723
3292 64.723
3293 64.723
3294 64.723
3295 64.723
3296 64.723
3297 64.723
3298 64.723
3299 64.723
3300 64.723
3301 64.723
3302 64.723
3303 64.723
3304 64.723
3305 64.723
3306 64.723
3307 64.723
3308 64.723
3309 64.723
3310 64.723
3311 64.723
3312 64.723
3313 64.723
3314 64.723
3315 64.723
3316 64.723
3317 64.723
3318 64.723
3319 64.723
3320 64.723
3321 64.723
3322 64.723
3323 64.723
3324 64.723
3325 64.723
3326 64.723
3327 64.723
3328 64.723
3329 64.723
3330 64.723
3331 64.723
3332 64.723
3333 64.723
3334 64.723
3335 64.723
3336 64.723
3337 64.723
3338 64.723
3339 64.723
3340 64.723
3341 64.723
3342 64.723
3343 64.723
3344 64.723
3345 64.723
3346 64.723
3347 64.723
3348 64.723
3349 64.723
3350 64.723
3351 64.723
3352 64.723
3353 64.723
3354 64.723
3355 64.723
3356 64.723
3357 64.723
3358 64.723
3359 64.723
3360 64.723
3361 64.723
3362 64.723
3363 64.723
3364 64.723
3365 64.723
3366 64.723
3367 64.723
3368 64.723
3369 64.723
3370 64.723
3371 64.723
3372 64.723
3373 64.723
3374 64.723
3375 64.723
3376 64.723
3377 64.723
3378 64.723
3379 64.723
3380 64.723
3381 64.723
3382 64.723
3383 64.723
3384 64.723
3385 64.723
3386 64.723
3387 64.723
3388 64.723
3389 64.723
3390 64.723
3391 64.723
3392 64.723
3393 64.723
3394 64.723
3395 64.723
3396 64.723
3397 64.723
3398 64.723
3399 64.723
3400 64.723
3401 64.723
3402 64.723
3403 64.723
3404 64.723
3405 64.723
3406 64.723
3407 64.723
3408 64.723
3409 64.723
3410 64.723
3411 64.723
3412 64.723
3413 64.723
3414 64.723
3415 64.723
3416 64.723
3417 64.723
3418 64.723
3419 64.723
3420 64.723
3421 64.723
3422 64.723
3423 64.723
3424 64.723
3425 64.723
3426 64.723
3427 64.723
3428 64.723
3429 64.723
3430 64.723
3431 64.723
3432 64.723
3433 64.723
3434 64.723
3435 64.723
3436 64.723
3437 64.723
3438 64.723
3439 64.723
3440 64.723
3441 64.723
3442 64.723
3443 64.723
3444 64.723
3445 64.723
3446 64.723
3447 64.723
3448 64.723
3449 64.723
3450 64.723
3451 64.723
3452 64.723
3453 64.723
3454 64.723
3455 64.723
3456 64.723
3457 64.723
3458 64.723
3459 64.723
3460 64.723
3461 64.723
3462 64.723
3463 64.723
3464 64.723
3465 64.723
3466 64.723
3467 64.723
3468 64.723
3469 64.723
3470 64.723
3471 64.723
3472 64.723
3473 64.723
3474 64.723
3475 64.723
3476 64.723
3477 64.723
3478 64.723
3479 64.723
3480 64.723
3481 64.723
3482 64.723
3483 64.723
3484 64.723
3485 64.723
3486 64.723
3487 64.723
3488 64.723
3489 64.723
3490 64.723
3491 64.723
3492 64.723
3493 64.723
3494 64.723
3495 64.723
3496 64.723
3497 64.723
3498 64.723
3499 64.723
3500 64.723
