1 397.82
2 382.655
3 364.605
4 343.86
5 336.296
6 320.716
7 312.47
8 303.631
9 294.903
10 285.53
11 274.442
12 269.656
13 261.366
14 255.802
15 250.329
16 247.192
17 241.551
18 236.308
19 230.412
20 222.108
21 216.95
22 211.723
23 207.094
24 204.654
25 201.195
26 198.34
27 196.433
28 193.438
29 188.591
30 184.065
31 182.372
32 179.808
33 177.614
34 175.622
35 173.07
36 169.266
37 166.286
38 165.434
39 163.555
40 160.906
41 158.3
42 156.37
43 153.194
44 146.83
45 144.708
46 142.306
47 140.574
48 139.679
49 139.156
50 137.444
51 136.326
52 134.666
53 133.568
54 132.616
55 130.374
56 128.759
57 127.705
58 126.975
59 125.733
60 124.226
61 121.686
62 119.83
63 118.632
64 117.436
65 116.734
66 116.224
67 114.76
68 113.719
69 113.599
70 112.539
71 110.923
72 110.393
73 109.295
74 107.667
75 106.71
76 106.413
77 105.401
78 104.523
79 103.361
80 103.361
81 102.82
82 102.319
83 101.884
84 100.959
85 98.9902
86 97.6124
87 96.5659
88 94.54
89 94.1558
90 93.2851
91 92.4401
92 91.7851
93 91.4537
94 90.4155
95 90.4155
96 90.1033
97 89.6364
98 88.724
99 88.5996
100 87.9466
101 87.5559
102 86.8944
103 86.3315
104 86.263
105 85.6278
106 85.6123
107 84.9079
108 84.124
109 83.1672
110 82.4743
111 81.7092
112 80.7873
113 79.9093
114 79.8938
115 79.0755
116 78.3142
117 77.157
118 76.9241
119 76.6467
120 76.4259
121 76.2628
122 75.8633
123 75.5326
124 74.7399
125 74.4997
126 74.1455
127 73.6231
128 73.1279
129 73.1166
130 72.866
131 72.514
132 72.0829
133 71.976
134 71.9137
135 71.7347
136 71.6723
137 71.6723
138 71.3044
139 71.0265
140 70.9642
141 70.9227
142 70.473
143 70.3691
144 70.3691
145 70.3691
146 70.1586
147 69.7837
148 69.7837
149 69.6693
150 69.434
151 69.3196
152 69.2752
153 69.2752
154 69.1707
155 69.1249
156 69.1249
157 69.1249
158 68.8883
159 68.8775
160 68.8775
161 68.7922
162 68.5226
163 68.4373
164 68.4373
165 68.4373
166 68.4373
167 68.4373
168 68.2954
169 68.2954
170 68.2954
171 68.1408
172 68.1408
173 68.1408
174 68.1408
175 67.9033
176 67.9033
177 67.9033
178 67.9033
179 67.9033
180 67.9033
181 67.8602
182 67.8602
183 67.8602
184 67.8602
185 67.8602
186 67.8602
187 67.8602
188 67.5499
189 67.5499
190 67.5499
191 67.5499
192 67.5499
193 67.5499
194 67.5499
195 67.5499
196 67.5499
197 67.5499
198 67.5499
199 67.3596
200 67.3596
201 67.3596
202 67.3596
203 67.3596
204 67.3596
205 67.3596
206 67.3596
207 67.3596
208 67.3596
209 67.3596
210 67.3596
211 67.3596
212 67.3596
213 67.3596
214 67.3596
215 67.3596
216 67.3596
217 67.3596
218 67.3596
219 67.3596
220 67.3596
221 67.3596
222 67.3596
223 67.3596
224 67.3596
225 67.3596
226 67.3596
227 67.3596
228 67.3596
229 67.3596
230 67.3596
231 67.3596
232 67.3596
233 67.3596
234 67.3596
235 67.3596
236 67.3596
237 67.3596
238 67.3596
239 67.3596
240 67.3596
241 67.3596
242 67.3596
243 67.3596
244 67.3596
245 67.3596
246 67.3596
247 67.3596
248 67.3596
249 67.3596
250 67.3596
251 67.3596
252 67.3596
253 67.3596
254 67.3596
255 67.3596
256 67.3596
257 67.3596
258 67.3596
259 67.3596
260 67.3596
261 67.3596
262 67.3596
263 67.3596
264 67.3596
265 67.3596
266 67.3596
267 67.3596
268 67.3596
269 67.3596
270 67.3596
271 67.3596
272 67.3596
273 67.3596
274 67.3596
275 67.3596
276 67.3596
277 67.3596
278 67.3596
279 67.3596
280 67.3596
281 67.3596
282 67.3596
283 67.3596
284 67.3596
285 67.3596
286 67.3596
287 67.3596
288 67.3596
289 67.3596
290 67.3596
291 67.3596
292 67.3596
293 67.3596
294 67.3596
295 67.3596
296 67.3596
297 67.3596
298 67.3596
299 67.3596
300 67.3596
301 67.3596
302 67.3596
303 67.3596
304 67.3596
305 67.3596
306 67.3596
307 67.3596
308 67.3596
309 67.3596
310 67.3596
311 67.3596
312 67.3596
313 67.3596
314 67.3596
315 67.3596
316 67.3596
317 67.3596
318 67.3596
319 67.3596
320 67.3596
321 67.3596
322 67.3596
323 67.3596
324 67.3596
325 67.3596
326 67.3596
327 67.3596
328 67.3596
329 67.3596
330 67.3596
331 67.3596
332 67.3596
333 67.3596
334 67.3596
335 67.3596
336 67.3596
337 67.3596
338 67.3596
339 67.3596
340 67.3596
341 67.3596
342 67.3596
343 67.3596
344 67.3596
345 67.3596
346 67.3596
347 67.3596
348 67.3596
349 67.3596
350 67.3596
351 67.3596
352 67.3596
353 67.3596
354 67.3596
355 67.3596
356 67.3596
357 67.3596
358 67.3596
359 67.3596
360 67.3596
361 67.3596
362 67.3596
363 67.3596
364 67.3596
365 67.3596
366 67.3596
367 67.3596
368 67.3596
369 67.3596
370 67.3596
371 67.3596
372 67.3596
373 67.3596
374 67.3596
375 67.3596
376 67.3596
377 67.3596
378 67.3596
379 67.3596
380 67.3596
381 67.3596
382 67.3596
383 67.3596
384 67.3596
385 67.3596
386 67.3596
387 67.3596
388 67.3596
389 67.3596
390 67.3596
391 67.3596
392 67.3596
393 67.3596
394 67.3596
395 67.3596
396 67.3596
397 67.3596
398 67.3596
399 67.3596
400 67.3596
401 67.3596
402 67.3596
403 67.3596
404 67.3596
405 67.3596
406 67.3596
407 67.3596
408 67.3596
409 67.3596
410 67.3596
411 67.3596
412 67.3596
413 67.3596
414 67.3596
415 67.3596
416 67.3596
417 67.3596
418 67.3596
419 67.3596
420 67.3596
421 67.3596
422 67.3596
423 67.3596
424 67.3596
425 67.3596
426 67.3596
427 67.3596
428 67.3596
429 67.3596
430 67.3596
431 67.3596
432 67.3596
433 67.3596
434 67.3596
435 67.3596
436 67.3596
437 67.3596
438 67.3596
439 67.3596
440 67.3596
441 67.3596
442 67.3596
443 67.3596
444 67.3596
445 67.3596
446 67.3596
447 67.3596
448 67.3596
449 67.3596
450 67.3596
451 67.3596
452 67.3596
453 67.3596
454 67.3596
455 67.3596
456 67.3596
457 67.3596
458 67.3596
459 67.3596
460 67.3596
461 67.3596
462 67.3596
463 67.3596
464 67.3596
465 67.3596
466 67.3596
467 67.3596
468 67.3596
469 67.3596
470 67.3596
471 67.3596
472 67.3596
473 67.3596
474 67.3596
475 67.3596
476 67.3596
477 67.3596
478 67.3596
479 67.3596
480 67.3596
481 67.3596
482 67.3596
483 67.3596
484 67.3596
485 67.3596
486 67.3596
487 67.3596
488 67.3596
489 67.3596
490 67.3596
491 67.3596
492 67.3596
493 67.3596
494 67.3596
495 67.3596
496 67.3596
497 67.3596
498 67.3596
499 67.3596
500 67.3596
501 67.3596
502 67.3596
503 67.3596
504 67.3596
505 67.3596
506 67.3596
507 67.3596
508 67.3596
509 67.3596
510 67.3596
511 67.3596
512 67.3596
513 67.3596
514 67.3596
515 67.3596
516 67.3596
517 67.3596
518 67.3596
519 67.3596
520 67.3596
521 67.3596
522 67.3596
523 67.3596
524 67.3596
525 67.3596
526 67.3596
527 67.3596
528 67.3596
529 67.3596
530 67.3596
531 67.3596
532 67.3596
533 67.3596
534 67.3596
535 67.3596
536 67.3596
537 67.3596
538 67.3596
539 67.3596
540 67.3596
541 67.3596
542 67.3596
543 67.3596
544 67.3596
545 67.3596
546 67.3596
547 67.3596
548 67.3596
549 67.3596
550 67.3596
551 67.3596
552 67.3596
553 67.3596
554 67.3596
555 67.3596
556 67.3596
557 67.3596
558 67.3596
559 67.3596
560 67.3596
561 67.3596
562 67.3596
563 67.3596
564 67.3596
565 67.3596
566 67.3596
567 67.3596
568 67.3596
569 67.3596
570 67.3596
571 67.3596
572 67.3596
573 67.3596
574 67.3596
575 67.3596
576 67.3596
577 67.3596
578 67.3596
579 67.3596
580 67.3596
581 67.3596
582 67.3596
583 67.3596
584 67.3596
585 67.3596
586 67.3596
587 67.3596
588 67.3596
589 67.3596
590 67.3596
591 67.3596
592 67.3596
593 67.3596
594 67.3596
595 67.3596
596 67.3596
597 67.3596
598 67.3596
599 67.3596
600 67.3596
601 67.3596
602 67.3596
603 67.3596
604 67.3596
605 67.3596
606 67.3596
607 67.3596
608 67.3596
609 67.3596
610 67.3596
611 67.3596
612 67.3596
613 67.3596
614 67.3596
615 67.3596
616 67.3596
617 67.3596
618 67.3596
619 67.3596
620 67.3596
621 67.3596
622 67.3596
623 67.3596
624 67.3596
625 67.3596
626 67.3596
627 67.3596
628 67.3596
629 67.3596
630 67.3596
631 67.3596
632 67.3596
633 67.3596
634 67.3596
635 67.3596
636 67.3596
637 67.3596
638 67.3596
639 67.3596
640 67.3596
641 67.3596
642 67.3596
643 67.3596
644 67.3596
645 67.3596
646 67.3596
647 67.3596
648 67.3596
649 67.3596
650 67.3596
651 67.3596
652 67.3596
653 67.3596
654 67.3596
655 67.3596
656 67.3596
657 67.3596
658 67.3596
659 67.3596
660 67.3596
661 67.3596
662 67.3596
663 67.3596
664 67.3596
665 67.3596
666 67.3596
667 67.3596
668 67.3596
669 67.3596
670 67.3596
671 67.3596
672 67.3596
673 67.3596
674 67.3596
675 67.3596
676 67.3596
677 67.3596
678 67.3596
679 67.3596
680 67.3596
681 67.3596
682 67.3596
683 67.3596
684 67.3596
685 67.3596
686 67.3596
687 67.3596
688 67.3596
689 67.3596
690 67.3596
691 67.3596
692 67.3596
693 67.3596
694 67.3596
695 67.3596
696 67.3596
697 67.3596
698 67.3596
699 67.3596
700 67.3596
701 67.3596
702 67.3596
703 67.3596
704 67.3596
705 67.3596
706 67.3596
707 67.3596
708 67.3596
709 67.3596
710 67.3596
711 67.3596
712 67.3596
713 67.3596
714 67.3596
715 67.3596
716 67.3596
717 67.3596
718 67.3596
719 67.3596
720 67.3596
721 67.3596
722 67.3596
723 67.3596
724 67.3596
725 67.3596
726 67.3596
727 67.3596
728 67.3596
729 67.3596
730 67.3596
731 67.3596
732 67.3596
733 67.3596
734 67.3596
735 67.3596
736 67.3596
737 67.3596
738 67.3596
739 67.3596
740 67.3596
741 67.3596
742 67.3596
743 67.3596
744 67.3596
745 67.3596
746 67.3596
747 67.3596
748 67.3596
749 67.3596
750 67.3596
751 67.3596
752 67.3596
753 67.3596
754 67.3596
755 67.3596
756 67.3596
757 67.3596
758 67.3596
759 67.1195
760 67.1195
761 66.9559
762 66.9559
763 66.9559
764 66.9559
765 66.9559
766 66.9559
767 66.9559
768 66.9559
769 66.9559
770 66.9559
771 66.9559
772 66.9559
773 66.9559
774 66.9559
775 66.9559
776 66.9559
777 66.9559
778 66.9559
779 66.9559
780 66.9559
781 66.9559
782 66.9559
783 66.9559
784 66.9559
785 66.9559
786 66.9559
787 66.9559
788 66.9559
789 66.9559
790 66.9559
791 66.9559
792 66.9559
793 66.9559
794 66.9559
795 66.9559
796 66.9559
797 66.9559
798 66.9559
799 66.9559
800 66.9559
801 66.9559
802 66.9559
803 66.9559
804 66.9559
805 66.9559
806 66.9559
807 66.9559
808 66.9559
809 66.9559
810 66.9559
811 66.9559
812 66.9559
813 66.9559
814 66.9559
815 66.9559
816 66.9559
817 66.9559
818 66.9559
819 66.9559
820 66.9559
821 66.9559
822 66.9559
823 66.9559
824 66.9559
825 66.9559
826 66.9559
827 66.9559
828 66.9559
829 66.9559
830 66.9559
831 66.9559
832 66.9559
833 66.9559
834 66.9559
835 66.9559
836 66.9559
837 66.9559
838 66.9559
839 66.9559
840 66.9559
841 66.9559
842 66.9559
843 66.9559
844 66.9559
845 66.9559
846 66.9559
847 66.9559
848 66.9559
849 66.9559
850 66.9559
851 66.9559
852 66.9559
853 66.9559
854 66.9559
855 66.9559
856 66.9559
857 66.9559
858 66.9559
859 66.9559
860 66.9559
861 66.9559
862 66.9559
863 66.9559
864 66.9559
865 66.9559
866 66.9559
867 66.9559
868 66.9559
869 66.9559
870 66.9559
871 66.9559
872 66.9559
873 66.9559
874 66.9559
875 66.9559
876 66.9559
877 66.9559
878 66.9559
879 66.9559
880 66.9559
881 66.9559
882 66.9559
883 66.9559
884 66.9559
885 66.9559
886 66.9559
887 66.9559
888 66.9559
889 66.9559
890 66.9559
891 66.9559
892 66.9559
893 66.9559
894 66.9559
895 66.9559
896 66.9559
897 66.9559
898 66.9559
899 66.9559
900 66.9559
901 66.9559
902 66.9559
903 66.9559
904 66.9559
905 66.9559
906 66.9559
907 66.9559
908 66.9559
909 66.9559
910 66.9559
911 66.9559
912 66.9559
913 66.9559
914 66.9559
915 66.9559
916 66.9559
917 66.9559
918 66.9559
919 66.9559
920 66.9559
921 66.9559
922 66.9559
923 66.9559
924 66.9559
925 66.9559
926 66.9559
927 66.9559
928 66.9559
929 66.9559
930 66.9559
931 66.9559
932 66.9559
933 66.9559
934 66.9559
935 66.9559
936 66.9559
937 66.9559
938 66.9559
939 66.9559
940 66.9559
941 66.9559
942 66.9559
943 66.9559
944 66.9559
945 66.9559
946 66.9559
947 66.9559
948 66.9559
949 66.9559
950 66.9559
951 66.9559
952 66.9559
953 66.9559
954 66.9559
955 66.9559
956 66.9559
957 66.9559
958 66.9559
959 66.9559
960 66.9559
961 66.9559
962 66.9559
963 66.9559
964 66.9559
965 66.9559
966 66.9559
967 66.9559
968 66.9559
969 66.9559
970 66.9559
971 66.9559
972 66.9559
973 66.9559
974 66.9559
975 66.9559
976 66.9559
977 66.9559
978 66.9559
979 66.9559
980 66.9559
981 66.9559
982 66.9559
983 66.9559
984 66.9559
985 66.9559
986 66.9559
987 66.9559
988 66.9559
989 66.9559
990 66.9559
991 66.9559
992 66.9559
993 66.9559
994 66.9559
995 66.9559
996 66.9559
997 66.9559
998 66.9559
999 66.9559
1000 66.9559
1001 66.9559
1002 66.9559
1003 66.9559
1004 66.9559
1005 66.9559
1006 66.9559
1007 66.9559
1008 66.9559
1009 66.9559
1010 66.9559
1011 66.9559
1012 66.9559
1013 66.9559
1014 66.9559
1015 66.9559
1016 66.9559
1017 66.9559
1018 66.9559
1019 66.9559
1020 66.9559
1021 66.9559
1022 66.9559
1023 66.9559
1024 66.9559
1025 66.9559
1026 66.9559
1027 66.9559
1028 66.9559
1029 66.9559
1030 66.9559
1031 66.9559
1032 66.9559
1033 66.9559
1034 66.9559
1035 66.9559
1036 66.9559
1037 66.9559
1038 66.9559
1039 66.9559
1040 66.9559
1041 66.9559
1042 66.9559
1043 66.9559
1044 66.9559
1045 66.9559
1046 66.9559
1047 66.9559
1048 66.9559
1049 66.9559
1050 66.9559
1051 66.9559
1052 66.9559
1053 66.9559
1054 66.9559
1055 66.9559
1056 66.9559
1057 66.9559
1058 66.9559
1059 66.9559
1060 66.9559
1061 66.9559
1062 66.9559
1063 66.9559
1064 66.9559
1065 66.9559
1066 66.9559
1067 66.9559
1068 66.9559
1069 66.9559
1070 66.9559
1071 66.9559
1072 66.9559
1073 66.9559
1074 66.9559
1075 66.9559
1076 66.9559
1077 66.9559
1078 66.9559
1079 66.9559
1080 66.9559
1081 66.9559
1082 66.9559
1083 66.9559
1084 66.9559
1085 66.9559
1086 66.9559
1087 66.9559
1088 66.9559
1089 66.9559
1090 66.9559
1091 66.9559
1092 66.9559
1093 66.9533
1094 66.9533
1095 66.9277
1096 66.9277
1097 66.9277
1098 66.9277
1099 66.9277
1100 66.9277
1101 66.9277
1102 66.9277
1103 66.9277
1104 66.9277
1105 66.9277
1106 66.9277
1107 66.9277
1108 66.9277
1109 66.9277
1110 66.9277
1111 66.9277
1112 66.9277
1113 66.9277
1114 66.9277
1115 66.9277
1116 66.9277
1117 66.9277
1118 66.9272
1119 66.9272
1120 66.7406
1121 66.7406
1122 66.7406
1123 66.7406
1124 66.7406
1125 66.7406
1126 66.7406
1127 66.7406
1128 66.7406
1129 66.7406
1130 66.7406
1131 66.7406
1132 66.7406
1133 66.7406
1134 66.7406
1135 66.7406
1136 66.7406
1137 66.7406
1138 66.7406
1139 66.7406
1140 66.7406
1141 66.7406
1142 66.7406
1143 66.7406
1144 66.7406
1145 66.7406
1146 66.7406
1147 66.7406
1148 66.7406
1149 66.7406
1150 66.7406
1151 66.7406
1152 66.7406
1153 66.7406
1154 66.7406
1155 66.7406
1156 66.7406
1157 66.7406
1158 66.7406
1159 66.7406
1160 66.7406
1161 66.7406
1162 66.7406
1163 66.7406
1164 66.7406
1165 66.7406
1166 66.7406
1167 66.7406
1168 66.7406
1169 66.7406
1170 66.7406
1171 66.7406
1172 66.7406
1173 66.7406
1174 66.7406
1175 66.7406
1176 66.7406
1177 66.7406
1178 66.7406
1179 66.7406
1180 66.7406
1181 66.7406
1182 66.7406
1183 66.7406
1184 66.7406
1185 66.7406
1186 66.7406
1187 66.7406
1188 66.7406
1189 66.7406
1190 66.7406
1191 66.7406
1192 66.7406
1193 66.7406
1194 66.7406
1195 66.7406
1196 66.7406
1197 66.7406
1198 66.7406
1199 66.7406
1200 66.7406
1201 66.7406
1202 66.7406
1203 66.7406
1204 66.7406
1205 66.7406
1206 66.7406
1207 66.7406
1208 66.7406
1209 66.7406
1210 66.7406
1211 66.7406
1212 66.7406
1213 66.7406
1214 66.7406
1215 66.7406
1216 66.7406
1217 66.7406
1218 66.7406
1219 66.7406
1220 66.7406
1221 66.7406
1222 66.7406
1223 66.7406
1224 66.7406
1225 66.7406
1226 66.7406
1227 66.7406
1228 66.7406
1229 66.7406
1230 66.7406
1231 66.7406
1232 66.7406
1233 66.7406
1234 66.7406
1235 66.7406
1236 66.7406
1237 66.7406
1238 66.7406
1239 66.7406
1240 66.7406
1241 66.7406
1242 66.7406
1243 66.7406
1244 66.7406
1245 66.7406
1246 66.7406
1247 66.7406
1248 66.7406
1249 66.7406
1250 66.7406
1251 66.7406
1252 66.7406
1253 66.7406
1254 66.7406
1255 66.7406
1256 66.7406
1257 66.7406
1258 66.7406
1259 66.7406
1260 66.7406
1261 66.7406
1262 66.7406
1263 66.7406
1264 66.7406
1265 66.7406
1266 66.7406
1267 66.7406
1268 66.7406
1269 66.7406
1270 66.7406
1271 66.7406
1272 66.7406
1273 66.7406
1274 66.7406
1275 66.7406
1276 66.7406
1277 66.7406
1278 66.7406
1279 66.7406
1280 66.7406
1281 66.7406
1282 66.7406
1283 66.7406
1284 66.7406
1285 66.7406
1286 66.7406
1287 66.7406
1288 66.7406
1289 66.7406
1290 66.7406
1291 66.7406
1292 66.7406
1293 66.7406
1294 66.7406
1295 66.7406
1296 66.7406
1297 66.7406
1298 66.7406
1299 66.7406
1300 66.7406
1301 66.7406
1302 66.7406
1303 66.7406
1304 66.7406
1305 66.7406
1306 66.7406
1307 66.7406
1308 66.7406
1309 66.7406
1310 66.7406
1311 66.7406
1312 66.7406
1313 66.7406
1314 66.7406
1315 66.7406
1316 66.7406
1317 66.7406
1318 66.7406
1319 66.7406
1320 66.7406
1321 66.7406
1322 66.7406
1323 66.7406
1324 66.7406
1325 66.7406
1326 66.7406
1327 66.7406
1328 66.7406
1329 66.7406
1330 66.7406
1331 66.7406
1332 66.7406
1333 66.7406
1334 66.7406
1335 66.7406
1336 66.7406
1337 66.7406
1338 66.7406
1339 66.7406
1340 66.7406
1341 66.7406
1342 66.7406
1343 66.7406
1344 66.7406
1345 66.7406
1346 66.7406
1347 66.7406
1348 66.7406
1349 66.7406
1350 66.7406
1351 66.7406
1352 66.7406
1353 66.7406
1354 66.7406
1355 66.7406
1356 66.7406
1357 66.7406
1358 66.7406
1359 66.7406
1360 66.7406
1361 66.7406
1362 66.7406
1363 66.7406
1364 66.7406
1365 66.7406
1366 66.7406
1367 66.7406
1368 66.7406
1369 66.7406
1370 66.7406
1371 66.7406
1372 66.7406
1373 66.7406
1374 66.7406
1375 66.7406
1376 66.7406
1377 66.7406
1378 66.7406
1379 66.7406
1380 66.7406
1381 66.7406
1382 66.7406
1383 66.7406
1384 66.7406
1385 66.7406
1386 66.7406
1387 66.7406
1388 66.7406
1389 66.7406
1390 66.7406
1391 66.7406
1392 66.7406
1393 66.7406
1394 66.7406
1395 66.7406
1396 66.7406
1397 66.7406
1398 66.7406
1399 66.7406
1400 66.7406
1401 66.7406
1402 66.7406
1403 66.7406
1404 66.7406
1405 66.7406
1406 66.7406
1407 66.7406
1408 66.7406
1409 66.7406
1410 66.7406
1411 66.7406
1412 66.7406
1413 66.7406
1414 66.7406
1415 66.7406
1416 66.7406
1417 66.7406
1418 66.7406
1419 66.7406
1420 66.7406
1421 66.7406
1422 66.7406
1423 66.7406
1424 66.7406
1425 66.7406
1426 66.7406
1427 66.7406
1428 66.7406
1429 66.7406
1430 66.7406
1431 66.7406
1432 66.7406
1433 66.7406
1434 66.7406
1435 66.7406
1436 66.7406
1437 66.7406
1438 66.7406
1439 66.7406
1440 66.7406
1441 66.7406
1442 66.7406
1443 66.7406
1444 66.7406
1445 66.7406
1446 66.7406
1447 66.7406
1448 66.7406
1449 66.7406
1450 66.7406
1451 66.7406
1452 66.7406
1453 66.7406
1454 66.7406
1455 66.7406
1456 66.7406
1457 66.7406
1458 66.7406
1459 66.7406
1460 66.7406
1461 66.7406
1462 66.7406
1463 66.7406
1464 66.7406
1465 66.7406
1466 66.7406
1467 66.7406
1468 66.7406
1469 66.7406
1470 66.7406
1471 66.7406
1472 66.7406
1473 66.7406
1474 66.7406
1475 66.7406
1476 66.7406
1477 66.7406
1478 66.7406
1479 66.7406
1480 66.7406
1481 66.7406
1482 66.7406
1483 66.7406
1484 66.7406
1485 66.7406
1486 66.7406
1487 66.7406
1488 66.7406
1489 66.7406
1490 66.7406
1491 66.7406
1492 66.7406
1493 66.7406
1494 66.7406
1495 66.7406
1496 66.7406
1497 66.7406
1498 66.7406
1499 66.7406
1500 66.7406
1501 66.7406
1502 66.7406
1503 66.7406
1504 66.7406
1505 66.7406
1506 66.7406
1507 66.7406
1508 66.7406
1509 66.7406
1510 66.7406
1511 66.7406
1512 66.7406
1513 66.7406
1514 66.7406
1515 66.7406
1516 66.7406
1517 66.7406
1518 66.7406
1519 66.7406
1520 66.7406
1521 66.7406
1522 66.7406
1523 66.7406
1524 66.7406
1525 66.7406
1526 66.7406
1527 66.7406
1528 66.7406
1529 66.7406
1530 66.7406
1531 66.7406
1532 66.7406
1533 66.7406
1534 66.7406
1535 66.7406
1536 66.7406
1537 66.7406
1538 66.7406
1539 66.7406
1540 66.7406
1541 66.7406
1542 66.7406
1543 66.7406
1544 66.7406
1545 66.7406
1546 66.7406
1547 66.7406
1548 66.7406
1549 66.7406
1550 66.7406
1551 66.7406
1552 66.7406
1553 66.7406
1554 66.7406
1555 66.7406
1556 66.7406
1557 66.7406
1558 66.7406
1559 66.7406
1560 66.7406
1561 66.7406
1562 66.7406
1563 66.7406
1564 66.7406
1565 66.7406
1566 66.7406
1567 66.7406
1568 66.7406
1569 66.7406
1570 66.7406
1571 66.7406
1572 66.7406
1573 66.7406
1574 66.7406
1575 66.7406
1576 66.7406
1577 66.7406
1578 66.7406
1579 66.7406
1580 66.7406
1581 66.7406
1582 66.7406
1583 66.7406
1584 66.7406
1585 66.7406
1586 66.7406
1587 66.7406
1588 66.7406
1589 66.7406
1590 66.7406
1591 66.7406
1592 66.7406
1593 66.7406
1594 66.7406
1595 66.7406
1596 66.7406
1597 66.7406
1598 66.7406
1599 66.7406
1600 66.7406
1601 66.7406
1602 66.7406
1603 66.7406
1604 66.7406
1605 66.7406
1606 66.7406
1607 66.7406
1608 66.7406
1609 66.7406
1610 66.7406
1611 66.7406
1612 66.7406
1613 66.7406
1614 66.7406
1615 66.7406
1616 66.7406
1617 66.7406
1618 66.7406
1619 66.7406
1620 66.7406
1621 66.7406
1622 66.7406
1623 66.7406
1624 66.7406
1625 66.7406
1626 66.7406
1627 66.7406
1628 66.7406
1629 66.7406
1630 66.7406
1631 66.7406
1632 66.7406
1633 66.7406
1634 66.7406
1635 66.7406
1636 66.7406
1637 66.7406
1638 66.7406
1639 66.7406
1640 66.7406
1641 66.7406
1642 66.7406
1643 66.7406
1644 66.7406
1645 66.7406
1646 66.7406
1647 66.7406
1648 66.7406
1649 66.7406
1650 66.7406
1651 66.7406
1652 66.7406
1653 66.7406
1654 66.7406
1655 66.7406
1656 66.7406
1657 66.7406
1658 66.7406
1659 66.7406
1660 66.7406
1661 66.7406
1662 66.7406
1663 66.7406
1664 66.7406
1665 66.7406
1666 66.7406
1667 66.7406
1668 66.7406
1669 66.7406
1670 66.7406
1671 66.7406
1672 66.7406
1673 66.7406
1674 66.7406
1675 66.7406
1676 66.7406
1677 66.7406
1678 66.7406
1679 66.7406
1680 66.7406
1681 66.7406
1682 66.7406
1683 66.7406
1684 66.7406
1685 66.7406
1686 66.7406
1687 66.7406
1688 66.7406
1689 66.7406
1690 66.7406
1691 66.7406
1692 66.7406
1693 66.7406
1694 66.7406
1695 66.7406
1696 66.7406
1697 66.7406
1698 66.7406
1699 66.7406
1700 66.7406
1701 66.7406
1702 66.7406
1703 66.7406
1704 66.7406
1705 66.7406
1706 66.7406
1707 66.7406
1708 66.7406
1709 66.7406
1710 66.7406
1711 66.7406
1712 66.7406
1713 66.7406
1714 66.7406
1715 66.7406
1716 66.7406
1717 66.7406
1718 66.7406
1719 66.7406
1720 66.7406
1721 66.7406
1722 66.7406
1723 66.7406
1724 66.7406
1725 66.7406
1726 66.7406
1727 66.7406
1728 66.7406
1729 66.7406
1730 66.7406
1731 66.7406
1732 66.7406
1733 66.7406
1734 66.7406
1735 66.7406
1736 66.7406
1737 66.7406
1738 66.7406
1739 66.7406
1740 66.7406
1741 66.7406
1742 66.7406
1743 66.7406
1744 66.7406
1745 66.7406
1746 66.7406
1747 66.7406
1748 66.7406
1749 66.7406
1750 66.7406
1751 66.7406
1752 66.7406
1753 66.7406
1754 66.7406
1755 66.7406
1756 66.7406
1757 66.7406
1758 66.7406
1759 66.7406
1760 66.7406
1761 66.7406
1762 66.7406
1763 66.7406
1764 66.7406
1765 66.7406
1766 66.7406
1767 66.7406
1768 66.7406
1769 66.7406
1770 66.7406
1771 66.7406
1772 66.7406
1773 66.7406
1774 66.7406
1775 66.7406
1776 66.7406
1777 66.7406
1778 66.7406
1779 66.7406
1780 66.7406
1781 66.7406
1782 66.7406
1783 66.7406
1784 66.7406
1785 66.7406
1786 66.7406
1787 66.7406
1788 66.7406
1789 66.7406
1790 66.7406
1791 66.7406
1792 66.7406
1793 66.7406
1794 66.7406
1795 66.7406
1796 66.7406
1797 66.7406
1798 66.7406
1799 66.7406
1800 66.7406
1801 66.7406
1802 66.7406
1803 66.7406
1804 66.7406
1805 66.7406
1806 66.7406
1807 66.7406
1808 66.7406
1809 66.7406
1810 66.7406
1811 66.7406
1812 66.7406
1813 66.7406
1814 66.7406
1815 66.7406
1816 66.7406
1817 66.7406
1818 66.7406
1819 66.7406
1820 66.7406
1821 66.7406
1822 66.7406
1823 66.7406
1824 66.7406
1825 66.7406
1826 66.7406
1827 66.7406
1828 66.7406
1829 66.7406
1830 66.7406
1831 66.7406
1832 66.7406
1833 66.7406
1834 66.7406
1835 66.7406
1836 66.7406
1837 66.7406
1838 66.7406
1839 66.7406
1840 66.7406
1841 66.7406
1842 66.7406
1843 66.7406
1844 66.7406
1845 66.7406
1846 66.7406
1847 66.7406
1848 66.7406
1849 66.7406
1850 66.7406
1851 66.7406
1852 66.7406
1853 66.7406
1854 66.7406
1855 66.7406
1856 66.7406
1857 66.7406
1858 66.7406
1859 66.7406
1860 66.7406
1861 66.7406
1862 66.7406
1863 66.7406
1864 66.7406
1865 66.7406
1866 66.7406
1867 66.7406
1868 66.7406
1869 66.7406
1870 66.7406
1871 66.7406
1872 66.7406
1873 66.7406
1874 66.7406
1875 66.7406
1876 66.7406
1877 66.7406
1878 66.7406
1879 66.7406
1880 66.7406
1881 66.7406
1882 66.7406
1883 66.7406
1884 66.7406
1885 66.7406
1886 66.7406
1887 66.7406
1888 66.7406
1889 66.7406
1890 66.7406
1891 66.7406
1892 66.7406
1893 66.7406
1894 66.7406
1895 66.7406
1896 66.7406
1897 66.7406
1898 66.7406
1899 66.7406
1900 66.7406
1901 66.7406
1902 66.7406
1903 66.7406
1904 66.7406
1905 66.7406
1906 66.7406
1907 66.7406
1908 66.7406
1909 66.7406
1910 66.7406
1911 66.7406
1912 66.7406
1913 66.7406
1914 66.7406
1915 66.7406
1916 66.7406
1917 66.7406
1918 66.7406
1919 66.7406
1920 66.7406
1921 66.7406
1922 66.7406
1923 66.7406
1924 66.7406
1925 66.7406
1926 66.7406
1927 66.7406
1928 66.7406
1929 66.7406
1930 66.7406
1931 66.7406
1932 66.7406
1933 66.7406
1934 66.7406
1935 66.676
1936 66.676
1937 66.676
1938 66.676
1939 66.676
1940 66.676
1941 66.676
1942 66.676
1943 66.676
1944 66.676
1945 66.4724
1946 66.4724
1947 66.4724
1948 66.4724
1949 66.4724
1950 66.4724
1951 66.4724
1952 66.4724
1953 66.4724
1954 66.4724
1955 66.4724
1956 66.4724
1957 66.4724
1958 66.4724
1959 66.4724
1960 66.4724
1961 66.4724
1962 66.4724
1963 66.4724
1964 66.4724
1965 66.4724
1966 66.4724
1967 66.4724
1968 66.4724
1969 66.4724
1970 66.4724
1971 66.4724
1972 66.4724
1973 66.4724
1974 66.4724
1975 66.4724
1976 66.4724
1977 66.4724
1978 66.4724
1979 66.4724
1980 66.4724
1981 66.4724
1982 66.4724
1983 66.4724
1984 66.4724
1985 66.4724
1986 66.4724
1987 66.4724
1988 66.4724
1989 66.4724
1990 66.4724
1991 66.4724
1992 66.4724
1993 66.4724
1994 66.4724
1995 66.4724
1996 66.4724
1997 66.4724
1998 66.4724
1999 66.4724
2000 66.4724
