0 510.106
1 462.287
2 438.652
3 417.54
4 395.717
5 379.455
6 364.968
7 352.193
8 340.219
9 329.65
10 317.6
11 306.146
12 297.014
13 290.395
14 284.814
15 279.012
16 273.113
17 267.993
18 262.577
19 257.007
20 251.86
21 244.171
22 234.899
23 226.934
24 221.772
25 218.179
26 214.291
27 210.022
28 206.499
29 203.16
30 200.538
31 197.139
32 193.882
33 190.587
34 186.843
35 183.757
36 181.498
37 178.78
38 173.822
39 169.441
40 166.575
41 164.229
42 162.13
43 159.845
44 157.027
45 154.642
46 152.41
47 151.354
48 149.203
49 147.8
50 146.348
51 145.275
52 144.743
53 143.982
54 142.112
55 140.908
56 140.224
57 138.998
58 137.847
59 135.742
60 133.214
61 131.859
62 130.591
63 129.078
64 127.507
65 125.941
66 124.552
67 123.682
68 122.146
69 120.706
70 119.146
71 118.277
72 117.261
73 116.408
74 115.524
75 114.142
76 112.987
77 112.329
78 111.766
79 111.326
80 110.795
81 110.475
82 109.895
83 109.365
84 108.522
85 107.857
86 106.352
87 105.432
88 105.166
89 104.869
90 104.211
91 103.59
92 103.484
93 103.298
94 102.79
95 102.477
96 101.231
97 101.115
98 100.866
99 101.057
100 101.216
101 99.3812
102 97.9454
103 96.7491
104 95.9226
105 95.3913
106 95.2743
107 94.4343
108 94.2561
109 94.1872
110 94.162
111 93.5263
112 94.2191
113 94.3303
114 93.6837
115 92.5091
116 93.8157
117 94.2071
118 92.9188
119 91.3234
120 91.32
121 91.5487
122 91.2638
123 88.5981
124 86.7127
125 85.5952
126 84.4317
127 83.6763
128 83.217
129 82.8036
130 82.1106
131 81.9559
132 83.0319
133 83.0607
134 81.8635
135 80.5685
136 80.0109
137 79.6744
138 79.3828
139 79.1594
140 78.5986
141 77.9866
142 77.6262
143 77.4792
144 77.3567
145 76.8675
146 76.7363
147 76.7829
148 78.5961
149 80.9368
150 80.7863
151 79.1814
152 77.8385
153 76.7157
154 76.3123
155 76.2553
156 76.5961
157 76.3579
158 76.6483
159 76.4315
160 76.6712
161 76.3239
162 76.3136
163 75.9728
164 75.8725
165 75.5862
166 75.5927
167 75.8403
168 75.7706
169 75.6471
170 75.5959
171 75.7148
172 75.4103
173 75.4063
174 75.58
175 75.4878
176 75.2999
177 75.5127
178 75.2605
179 75.3484
180 75.2158
181 75.0342
182 74.8884
183 75.0413
184 74.754
185 74.6679
186 74.7028
187 74.6485
188 74.2651
189 74.1674
190 73.8979
191 73.7518
192 74.0239
193 73.7434
194 73.9298
195 74.2674
196 74.0492
197 74.0033
198 73.9568
199 73.8685
200 73.9624
201 73.8015
202 73.7726
203 74.0157
204 74.3136
205 73.7911
206 73.9477
207 73.9447
208 73.8606
209 73.8832
210 74.3334
211 74.0294
212 73.8143
213 73.978
214 73.819
215 73.9817
216 73.7356
217 73.5518
218 73.3695
219 73.7156
220 73.6262
221 73.3994
222 73.2296
223 73.5021
224 73.4915
225 73.2963
226 73.0462
227 72.7798
228 72.6693
229 72.6009
230 72.7117
231 72.6345
232 72.2261
233 72.3563
234 72.5428
235 72.521
236 72.4383
237 72.2889
238 72.8278
239 72.7654
240 72.3688
241 72.725
242 72.3635
243 71.9941
244 72.1826
245 71.9812
246 71.789
247 71.775
248 71.3755
249 71.3376
250 71.3555
251 71.2944
252 71.7135
253 71.7421
254 71.4672
255 71.6429
256 71.7306
257 71.6398
258 71.602
259 71.5603
260 71.4807
261 71.2875
262 71.2313
263 71.7485
264 71.4661
265 71.3907
266 71.5978
267 71.77
268 71.6544
269 71.9666
270 71.7196
271 71.6166
272 71.5296
273 71.3083
274 71.3863
275 71.2907
276 71.522
277 71.9439
278 71.315
279 71.1865
280 71.1844
281 71.2541
282 71.3084
283 71.2199
284 71.2627
285 70.9839
286 70.9206
287 70.9215
288 70.9993
289 71.0691
290 71.3953
291 71.3851
292 71.2891
293 71.3977
294 70.8392
295 70.8666
296 70.7976
297 71.0547
298 71.5043
299 71.5609
300 71.1467
301 71.5049
302 71.0193
303 71.3046
304 70.9706
305 71.0843
306 71.1749
307 71.2113
308 70.9872
309 71.2595
310 71.1729
311 71.0172
312 71.3628
313 71.3074
314 71.0618
315 70.8379
316 71.0298
317 71.0162
318 70.8273
319 71.1653
320 70.8465
321 70.9117
322 70.8271
323 70.9572
324 70.9215
325 71.2141
326 70.9232
327 71.1002
328 70.9092
329 71.0527
330 71.0215
331 71.032
332 70.8489
333 71.0879
334 71.1735
335 70.6465
336 70.773
337 70.6321
338 70.8228
339 71.202
340 71.1496
341 71.0686
342 70.7895
343 71.0925
344 71.1551
345 70.9461
346 71.1383
347 71.0511
348 71.205
349 71.0053
350 70.9657
351 71.2371
352 71.1274
353 71.2851
354 70.87
355 71.016
356 71.1323
357 70.9585
358 71.2164
359 70.8808
360 70.9732
361 71.1106
362 71.0867
363 71.1463
364 70.8926
365 70.9368
366 70.7365
367 70.8628
368 71.3913
369 70.919
370 70.7669
371 71.123
372 71.2148
373 71.2742
374 71.2451
375 71.1494
376 70.9664
377 70.8837
378 71.236
379 71.0004
380 70.9668
381 71.2728
382 71.2646
383 70.9613
384 71.0253
385 71.3826
386 71.0557
387 70.9172
388 71.0954
389 71.199
390 70.8153
391 70.9901
392 71.3239
393 71.2754
394 71.2116
395 71.0898
396 71.1359
397 71.4297
398 71.1091
399 71.3884
400 71.143
401 71.0392
402 70.7997
403 70.8567
404 70.865
405 70.6882
406 71.1866
407 71.04
408 70.9278
409 71.2182
410 71.4035
411 71.3675
412 71.0815
413 71.1128
414 71.1021
415 71.1565
416 71.3938
417 71.0067
418 70.8815
419 71.0448
420 71.1241
421 71.2189
422 70.8963
423 71.018
424 71.4246
425 70.787
426 71.1396
427 71.2951
428 71.084
429 70.8363
430 70.8941
431 70.6996
432 71.0615
433 71.215
434 70.993
435 71.3896
436 71.305
437 70.9721
438 70.9708
439 71.0707
440 71.1445
441 71.0902
442 71.4585
443 70.5949
444 70.9826
445 71.0617
446 71.2792
447 71.5581
448 71.4568
449 71.0945
450 71.6281
451 71.0364
452 71.5325
453 71.2532
454 71.1962
455 70.8868
456 71.0058
457 71.285
458 71.3191
459 71.1096
460 70.6364
461 70.8796
462 70.8463
463 70.8302
464 71.2666
465 71.0987
466 71.2814
467 71.3016
468 70.8687
469 71.2779
470 71.0776
471 71.2209
472 71.1322
473 71.0976
474 71.0435
475 71.1643
476 71.0999
477 70.9786
478 71.1625
479 70.9275
480 71.0037
481 70.7442
482 70.5325
483 70.8382
484 70.657
485 71.0126
486 70.9189
487 71.0009
488 71.2307
489 71.1989
490 71.4742
491 71.5227
492 71.4389
493 71.0766
494 70.8998
495 71.1415
496 71.2352
497 71.1182
498 71.3502
499 70.914
500 71.1244
501 71.272
502 71.032
503 71.0468
504 70.6926
505 70.7761
506 70.7165
507 70.731
508 70.5577
509 70.6588
510 71.4129
511 70.9433
512 71.1521
513 70.7496
514 70.3754
515 70.6302
516 70.836
517 70.7834
518 70.9573
519 71.2555
520 70.936
521 70.7352
522 70.708
523 70.8063
524 70.8853
525 70.7456
526 70.5644
527 70.7035
528 70.4942
529 70.3837
530 70.5776
531 70.6498
532 70.9134
533 70.6884
534 70.7098
535 70.7542
536 70.6276
537 70.8506
538 70.7818
539 70.6955
540 70.4837
541 71.0813
542 70.5639
543 70.6387
544 70.799
545 70.3813
546 70.5202
547 70.6261
548 70.6794
549 70.6312
550 70.7352
551 70.4828
552 70.632
553 71.0014
554 70.8205
555 70.469
556 70.5378
557 70.7575
558 70.8737
559 70.9792
560 70.882
561 70.5462
562 70.5482
563 70.9764
564 70.4322
565 70.2882
566 70.5561
567 70.9979
568 70.9855
569 70.6713
570 70.7256
571 70.8628
572 70.8754
573 71.2485
574 70.7845
575 71.1752
576 70.9189
577 71.0741
578 70.73
579 70.7601
580 70.5295
581 70.8939
582 71.0583
583 70.9102
584 70.5198
585 70.4105
586 70.8302
587 71.1942
588 70.5967
589 70.5504
590 70.6421
591 70.1944
592 70.207
593 70.3567
594 70.3203
595 70.3213
596 70.2201
597 69.9002
598 70.222
599 69.8633
600 70.0111
601 70.1563
602 70.3769
603 70.3156
604 70.4163
605 70.1796
606 70.2087
607 70.6414
608 69.9563
609 69.7591
610 69.8803
611 70.0157
612 70.008
613 70.4791
614 69.9485
615 70.2716
616 69.7635
617 70.1019
618 70.4909
619 70.4633
620 70.22
621 70.5754
622 70.243
623 70.3307
624 70.2104
625 70.148
626 70.7724
627 70.426
628 70.325
629 70.2707
630 69.9651
631 69.927
632 69.8978
633 69.9648
634 70.1148
635 69.827
636 70.1593
637 69.9028
638 70.4054
639 70.5244
640 70.7677
641 70.3378
642 70.5288
643 70.343
644 70.4174
645 70.6186
646 70.3579
647 70.5812
648 70.5591
649 70.3243
650 70.4838
651 70.3655
652 70.3421
653 70.4207
654 70.2422
655 69.9002
656 70.0255
657 69.9875
658 70.6972
659 70.2381
660 70.5881
661 70.27
662 70.4677
663 70.4464
664 70.1648
665 70.4778
666 70.6296
667 70.5531
668 70.5297
669 70.5527
670 70.3612
671 70.023
672 70.0808
673 70.3588
674 70.5949
675 70.5824
676 70.5133
677 70.0869
678 70.3275
679 70.2621
680 70.3579
681 70.1824
682 69.7989
683 70.3299
684 70.3322
685 70.3047
686 70.0947
687 70.1018
688 70.4175
689 70.2931
690 70.1267
691 70.2584
692 69.9497
693 69.6255
694 70.0495
695 69.7844
696 70.0243
697 69.9655
698 70.2061
699 70.6618
700 70.1643
701 69.804
702 69.8672
703 70.2596
704 70.7269
705 70.3285
706 70.3833
707 70.6393
708 70.5506
709 70.2449
710 70.1621
711 70.3218
712 70.269
713 70.4979
714 70.314
715 70.1386
716 69.9863
717 70.3285
718 70.0726
719 70.0182
720 70.6771
721 70.3138
722 70.2262
723 70.6324
724 70.3716
725 70.4553
726 70.1246
727 70.5755
728 70.6205
729 70.7132
730 70.3826
731 70.39
732 70.2511
733 70.4817
734 70.0143
735 70.1355
736 70.5127
737 69.9382
738 69.9547
739 69.8654
740 70.2567
741 69.9749
742 70.1551
743 70.1903
744 69.9925
745 70.3595
746 70.1409
747 70.3131
748 70.5987
749 70.4976
750 70.684
751 70.4574
752 70.2299
753 70.2189
754 70.4543
755 70.1348
756 70.7319
757 70.6073
758 70.4333
759 70.2623
760 70.6253
761 70.6121
762 70.2308
763 70.0969
764 70.2358
765 70.2024
766 70.1288
767 70.1054
768 70.1979
769 69.968
770 69.8748
771 70.1996
772 70.1047
773 70.1989
774 70.1209
775 70.6189
776 70.7977
777 70.7685
778 70.3023
779 70.3068
780 70.5244
781 70.3133
782 70.2859
783 70.2323
784 70.0546
785 70.3945
786 70.0637
787 70.2862
788 70.1049
789 70.002
790 70.2921
791 70.4512
792 70.3912
793 70.0838
794 70.1915
795 70.2851
796 70.3509
797 70.0876
798 70.2135
799 70.0122
800 70.2959
801 70.5776
802 70.2576
803 70.2108
804 70.0776
805 70.0445
806 69.7345
807 70.2468
808 70.1302
809 70.3138
810 69.9893
811 70.1167
812 70.0955
813 70.2305
814 70.1553
815 70.127
816 70.0276
817 69.9419
818 70.3422
819 70.1657
820 70.1123
821 70.2545
822 70.206
823 70.1373
824 70.0417
825 70.2212
826 70.1224
827 70.161
828 70.5368
829 70.5385
830 70.0871
831 70.1696
832 70.2622
833 70.1468
834 70.354
835 70.4594
836 69.973
837 70.1574
838 70.2077
839 70.2586
840 70.1779
841 70.2958
842 70.1844
843 69.8483
844 69.8688
845 69.8678
846 70.4579
847 70.4837
848 70.2741
849 70.2994
850 70.3672
851 69.8888
852 70.246
853 70.1221
854 69.9405
855 70.5041
856 70.0296
857 70.3931
858 70.6188
859 70.564
860 69.6239
861 70.0106
862 70.0034
863 70.1207
864 70.0989
865 70.3775
866 70.722
867 70.458
868 70.5574
869 70.2942
870 70.1771
871 70.0388
872 69.9786
873 70.2509
874 70.4276
875 70.4436
876 70.4832
877 70.3753
878 70.3488
879 70.469
880 70.3595
881 70.2766
882 70.2086
883 70.4109
884 70.2692
885 70.3161
886 70.3512
887 70.5974
888 70.5424
889 70.2955
890 70.1182
891 70.1006
892 70.587
893 70.5008
894 70.2453
895 70.1641
896 70.2441
897 70.3575
898 70.022
899 69.8369
900 69.9718
901 70.4664
902 69.9938
903 70.2934
904 70.4952
905 70.2773
906 70.2411
907 70.2716
908 70.1544
909 70.0353
910 70.2008
911 70.3653
912 70.0992
913 70.267
914 70.273
915 70.2116
916 70.3588
917 70.0765
918 70.365
919 70.3509
920 70.0018
921 70.2835
922 70.4358
923 70.0802
924 70.1256
925 70.3731
926 70.2465
927 70.3469
928 70.5727
929 70.5513
930 70.583
931 70.2774
932 69.9605
933 70.2427
934 70.3927
935 70.5153
936 70.1704
937 70.109
938 69.8243
939 69.4082
940 69.4525
941 69.918
942 69.5126
943 69.1915
944 69.7861
945 69.8166
946 69.7853
947 69.3698
948 69.2535
949 69.3
950 69.4399
951 69.8696
952 69.7112
953 70.0094
954 70.1088
955 70.1056
956 70.0589
957 69.6773
958 69.4033
959 69.2791
960 69.8454
961 69.9197
962 69.7459
963 69.8662
964 69.4487
965 69.6488
966 69.5434
967 69.4358
968 69.704
969 69.4479
970 69.3595
971 69.6257
972 69.4051
973 69.729
974 69.6456
975 69.6864
976 70.1025
977 69.8122
978 69.6546
979 69.6897
980 69.8082
981 69.2493
982 69.4615
983 69.6337
984 69.4897
985 69.6801
986 69.6839
987 69.5876
988 69.4826
989 69.7819
990 69.6419
991 69.4008
992 69.1298
993 69.4323
994 69.2769
995 69.2166
996 69.5365
997 69.5519
998 69.7896
999 69.9065
1000 69.7475
1001 69.7362
1002 69.6912
1003 69.4995
1004 69.5518
1005 69.5453
1006 69.288
1007 69.7593
1008 69.6189
1009 69.5253
1010 69.7098
1011 69.437
1012 69.7534
1013 69.5652
1014 69.6001
1015 69.3143
1016 69.3523
1017 69.394
1018 69.3353
1019 69.4733
1020 70.012
1021 69.6738
1022 69.6016
1023 69.7481
1024 69.6751
1025 69.7082
1026 70.0187
1027 69.9193
1028 69.4469
1029 69.5397
1030 69.4233
1031 69.2563
1032 69.5273
1033 69.5137
1034 69.7407
1035 69.6561
1036 69.8108
1037 69.5861
1038 69.5835
1039 69.99
1040 70.2467
1041 69.7033
1042 69.5905
1043 69.7833
1044 69.9973
1045 69.6987
1046 69.9574
1047 69.9314
1048 69.5131
1049 69.4319
1050 69.5205
1051 69.7515
1052 69.4301
1053 69.3337
1054 69.1325
1055 69.5605
1056 69.7064
1057 69.4111
1058 69.8071
1059 69.9279
1060 69.8044
1061 69.4693
1062 69.401
1063 69.1454
1064 69.3735
1065 69.4997
1066 69.8655
1067 69.6967
1068 69.5763
1069 69.4207
1070 69.4207
1071 69.5504
1072 69.3123
1073 69.4693
1074 69.4935
1075 69.5412
1076 69.3191
1077 69.4994
1078 69.5842
1079 69.0457
1080 69.5556
1081 69.4125
1082 69.4782
1083 69.6433
1084 69.5883
1085 69.7456
1086 69.7234
1087 69.6933
1088 69.6467
1089 69.6882
1090 69.691
1091 69.3438
1092 69.4023
1093 69.552
1094 69.6222
1095 69.5533
1096 70.1111
1097 69.6097
1098 69.8571
1099 69.7845
1100 69.6063
1101 69.8158
1102 69.7465
1103 69.3857
1104 69.744
1105 69.7905
1106 69.8803
1107 69.623
1108 69.8022
1109 69.6586
1110 69.4361
1111 69.8837
1112 69.7762
1113 69.7315
1114 69.6363
1115 69.5855
1116 69.6224
1117 69.4834
1118 69.7026
1119 69.7673
1120 69.3079
1121 69.3155
1122 69.2271
1123 69.6632
1124 69.5844
1125 69.3289
1126 69.375
1127 69.5279
1128 69.8012
1129 69.5955
1130 69.8063
1131 69.6216
1132 69.5417
1133 69.7505
1134 70.0709
1135 70.1206
1136 69.6834
1137 69.7879
1138 69.628
1139 69.2457
1140 69.6188
1141 69.6236
1142 69.7542
1143 69.461
1144 69.6522
1145 69.4478
1146 69.7038
1147 69.1638
1148 69.485
1149 69.3488
1150 69.4609
1151 69.3678
1152 69.285
1153 69.655
1154 69.7019
1155 69.367
1156 69.6177
1157 69.6627
1158 69.4015
1159 69.7252
1160 69.7036
1161 69.4405
1162 70.2191
1163 69.8744
1164 69.5116
1165 69.8133
1166 69.7131
1167 69.6351
1168 69.9017
1169 69.5722
1170 69.7738
1171 69.555
1172 69.7195
1173 69.6237
1174 69.6636
1175 69.51
1176 69.4216
1177 69.3951
1178 69.4287
1179 69.4224
1180 69.7816
1181 69.9406
1182 69.6985
1183 69.894
1184 69.9845
1185 69.6338
1186 69.8644
1187 69.6379
1188 69.4331
1189 69.4286
1190 69.3442
1191 69.395
1192 69.2589
1193 69.3454
1194 69.5349
1195 69.7018
1196 69.5037
1197 69.5329
1198 69.6887
1199 69.9037
1200 69.6147
1201 69.8368
1202 69.598
1203 69.6417
1204 69.3853
1205 69.0216
1206 69.231
1207 69.491
1208 69.4773
1209 69.4941
1210 69.7428
1211 69.6643
1212 69.2841
1213 69.1518
1214 69.7061
1215 69.7678
1216 69.8578
1217 69.3838
1218 69.6259
1219 70.0012
1220 69.9536
1221 69.7998
1222 69.6494
1223 69.9207
1224 69.5659
1225 69.6843
1226 69.6752
1227 69.6642
1228 69.5356
1229 69.4922
1230 69.4897
1231 69.7367
1232 69.428
1233 69.7969
1234 69.5684
1235 69.7151
1236 69.5392
1237 69.6354
1238 69.807
1239 69.4832
1240 69.7345
1241 69.7163
1242 69.603
1243 69.3704
1244 68.9513
1245 69.5109
1246 69.5729
1247 69.4253
1248 69.4944
1249 69.4858
1250 69.4507
1251 69.7427
1252 69.4932
1253 69.6795
1254 69.7154
1255 69.6433
1256 69.6336
1257 69.7377
1258 69.4631
1259 69.4884
1260 69.7676
1261 69.5686
1262 69.847
1263 69.7653
1264 69.8744
1265 69.4987
1266 69.2767
1267 69.4277
1268 69.3278
1269 69.4838
1270 69.4798
1271 69.614
1272 69.4817
1273 69.6946
1274 69.3549
1275 69.5251
1276 69.6706
1277 69.7011
1278 69.3174
1279 69.8095
1280 69.7821
1281 69.5783
1282 69.7452
1283 69.9183
1284 69.6289
1285 69.5764
1286 69.4154
1287 69.6671
1288 69.9689
1289 69.4935
1290 69.4665
1291 69.3143
1292 69.4127
1293 69.2432
1294 69.4362
1295 69.2316
1296 69.684
1297 69.4523
1298 69.311
1299 69.3519
1300 69.5675
1301 69.3318
1302 69.4679
1303 69.933
1304 69.8255
1305 69.6507
1306 69.7222
1307 69.0504
1308 69.5493
1309 69.6159
1310 69.657
1311 69.4493
1312 69.4531
1313 69.6428
1314 69.6084
1315 69.7583
1316 69.8732
1317 69.8253
1318 69.8408
1319 69.838
1320 69.3831
1321 69.4871
1322 69.7241
1323 69.818
1324 69.3472
1325 69.6536
1326 69.6802
1327 69.6798
1328 69.5787
1329 69.6016
1330 69.3844
1331 69.4687
1332 69.3894
1333 69.7913
1334 69.5462
1335 69.3336
1336 69.2784
1337 69.4645
1338 69.5599
1339 69.5586
1340 69.4364
1341 69.7944
1342 69.8128
1343 69.7962
1344 69.8137
1345 69.8009
1346 69.841
1347 69.6875
1348 69.8983
1349 69.3312
1350 69.3429
1351 69.3716
1352 69.548
1353 69.9484
1354 69.6856
1355 69.4847
1356 69.2739
1357 69.1288
1358 69.3255
1359 69.2919
1360 69.6586
1361 70.1763
1362 69.604
1363 69.7508
1364 69.5145
1365 69.9593
1366 69.5052
1367 69.3522
1368 69.7738
1369 69.6124
1370 69.1086
1371 69.2749
1372 69.7775
1373 69.788
1374 69.8273
1375 69.381
1376 69.5188
1377 69.7232
1378 69.2157
1379 69.4068
1380 69.5475
1381 69.7889
1382 69.7378
1383 69.7092
1384 69.442
1385 69.6039
1386 69.3925
1387 69.7495
1388 69.3024
1389 69.4908
1390 69.8924
1391 69.5962
1392 69.2886
1393 69.33
1394 70.1022
1395 69.6636
1396 69.7763
1397 69.9366
1398 69.7295
1399 69.6277
1400 69.7076
1401 69.4011
1402 69.3656
1403 69.5652
1404 69.6884
1405 69.6387
1406 69.4755
1407 69.873
1408 69.7071
1409 69.592
1410 69.9547
1411 69.7553
1412 69.5754
1413 69.7771
1414 69.8383
1415 69.5021
1416 69.2766
1417 69.4725
1418 69.4559
1419 69.3983
1420 69.4101
1421 69.3376
1422 69.5383
1423 69.3989
1424 69.3493
1425 69.3957
1426 69.594
1427 69.6524
1428 69.1094
1429 69.5091
1430 69.4294
1431 69.2878
1432 69.6998
1433 69.3171
1434 69.4501
1435 69.3102
1436 69.748
1437 69.8276
1438 69.6492
1439 69.5135
1440 69.6602
1441 69.9892
1442 69.5953
1443 69.3016
1444 69.3921
1445 69.2937
1446 69.2988
1447 69.3496
1448 69.7245
1449 69.6661
1450 69.0096
1451 69.4064
1452 69.3873
1453 69.6927
1454 69.7456
1455 69.5222
1456 69.3531
1457 69.2699
1458 69.8869
1459 69.6273
1460 69.5356
1461 69.758
1462 69.6549
1463 69.7152
1464 69.7826
1465 69.7843
1466 69.6472
1467 69.8371
1468 69.8142
1469 69.3725
1470 69.6108
1471 69.6532
1472 69.6013
1473 69.5313
1474 69.3594
1475 69.5532
1476 69.3845
1477 69.1328
1478 69.3289
1479 68.9592
1480 69.3153
1481 69.1318
1482 69.5808
1483 69.7807
1484 69.3056
1485 69.8159
1486 69.8812
1487 69.3391
1488 69.3945
1489 69.6979
1490 69.6077
1491 69.5463
1492 69.5926
1493 69.6537
1494 69.7416
1495 69.6382
1496 69.5599
1497 69.7502
1498 69.8092
1499 70.0334
1500 69.883
1501 70.0484
1502 69.6243
1503 69.4966
1504 69.7465
1505 69.8589
1506 69.6481
1507 69.379
1508 69.5807
1509 69.3672
1510 69.6912
1511 69.6413
1512 69.8263
1513 69.5409
1514 69.3456
1515 69.5022
1516 69.4799
1517 70.0362
1518 69.7776
1519 69.5703
1520 69.5301
1521 69.1867
1522 69.4805
1523 69.4142
1524 69.2767
1525 69.4108
1526 69.4677
1527 69.6889
1528 69.4119
1529 69.9452
1530 69.5932
1531 69.7179
1532 69.7129
1533 69.6101
1534 69.9439
1535 69.8717
1536 69.8379
1537 69.7402
1538 69.3554
1539 69.3356
1540 69.5661
1541 69.2586
1542 69.3535
1543 69.4146
1544 69.5324
1545 69.5267
1546 69.8253
1547 69.4278
1548 69.4663
1549 69.5596
1550 69.7662
1551 69.4432
1552 69.5374
1553 69.3316
1554 69.667
1555 69.7374
1556 69.4902
1557 69.5472
1558 69.5683
1559 69.3713
1560 69.8755
1561 69.4384
1562 69.5539
1563 69.208
1564 69.4271
1565 69.5816
1566 69.5235
1567 69.6515
1568 69.6632
1569 69.5443
1570 69.6935
1571 69.3889
1572 69.3761
1573 69.3926
1574 69.8697
1575 69.3438
1576 69.6466
1577 69.5494
1578 69.424
1579 69.6094
1580 69.3787
1581 69.1842
1582 69.3324
1583 69.7944
1584 69.4558
1585 69.6674
1586 70.1426
1587 69.9475
1588 69.9299
1589 69.6265
1590 69.5454
1591 69.5816
1592 69.685
1593 69.4543
1594 69.1689
1595 69.3872
1596 69.2763
1597 69.5357
1598 69.8039
1599 69.9146
1600 69.5192
1601 69.6535
1602 69.4891
1603 69.4852
1604 69.4154
1605 69.6
1606 69.5522
1607 69.8621
1608 69.9767
1609 69.767
1610 69.4954
1611 69.4752
1612 69.7297
1613 70.0846
1614 69.9969
1615 70.03
1616 69.6198
1617 69.7983
1618 69.784
1619 69.8898
1620 70.1603
1621 69.8087
1622 69.8638
1623 69.6685
1624 69.3276
1625 69.4015
1626 69.5051
1627 69.3807
1628 69.5065
1629 69.4993
1630 69.6213
1631 69.5599
1632 69.3553
1633 69.6569
1634 69.6386
1635 69.6718
1636 69.5324
1637 69.2604
1638 69.3118
1639 69.4464
1640 69.8249
1641 69.9902
1642 69.8687
1643 69.6459
1644 69.6138
1645 69.5063
1646 69.7513
1647 69.4431
1648 69.4362
1649 69.4691
1650 69.5395
1651 69.5989
1652 69.6924
1653 69.6081
1654 69.5432
1655 69.5993
1656 69.4566
1657 69.5778
1658 69.4986
1659 69.5319
1660 69.4903
1661 69.3903
1662 69.3718
1663 69.8327
1664 69.5238
1665 69.8164
1666 69.8127
1667 69.8782
1668 69.586
1669 69.8525
1670 69.4213
1671 69.5633
1672 69.5943
1673 69.7645
1674 69.4301
1675 69.55
1676 69.5556
1677 69.3756
1678 69.3698
1679 69.3385
1680 69.4407
1681 69.4661
1682 69.3874
1683 69.6448
1684 69.5384
1685 69.5613
1686 69.6994
1687 69.4976
1688 69.2326
1689 69.4591
1690 69.709
1691 69.7064
1692 69.7713
1693 70.0477
1694 70.012
1695 69.6621
1696 69.6215
1697 69.4549
1698 69.4395
1699 69.4103
1700 69.4368
1701 69.6598
1702 69.5628
1703 69.5609
1704 69.4317
1705 69.6744
1706 69.6443
1707 69.6508
1708 69.0903
1709 69.3408
1710 69.5979
1711 69.4091
1712 69.7647
1713 69.4894
1714 69.5352
1715 69.3894
1716 69.7114
1717 69.8098
1718 69.4915
1719 69.5933
1720 69.8236
1721 69.8043
1722 69.5716
1723 69.6345
1724 69.4697
1725 69.4362
1726 69.3499
1727 69.5444
1728 69.3495
1729 69.5877
1730 69.5044
1731 69.7297
1732 69.4425
1733 69.4054
1734 69.3063
1735 69.2933
1736 69.4726
1737 69.4773
1738 69.4749
1739 69.5415
1740 69.7225
1741 69.4761
1742 69.3661
1743 69.2954
1744 69.403
1745 69.3655
1746 69.2879
1747 69.5039
1748 69.5929
1749 69.6225
1750 69.3403
1751 69.4701
1752 69.8425
1753 69.086
1754 69.1581
1755 69.4944
1756 69.4841
1757 69.7986
1758 69.9253
1759 69.7363
1760 69.6723
1761 69.2807
1762 69.4262
1763 69.6399
1764 69.6302
1765 69.6921
1766 69.5972
1767 69.5394
1768 69.5801
1769 69.5961
1770 69.5115
1771 69.6771
1772 69.5484
1773 69.3545
1774 69.6198
1775 69.7622
1776 69.4002
1777 69.5032
1778 69.333
1779 69.8398
1780 70.1688
1781 70.0212
1782 69.9375
1783 69.6841
1784 70.1024
1785 70.1418
1786 69.653
1787 69.7378
1788 69.7155
1789 69.4787
1790 69.6262
1791 69.4083
1792 69.5551
1793 69.7842
1794 69.6095
1795 69.8354
1796 69.591
1797 69.2631
1798 69.4829
1799 69.3214
1800 69.3369
1801 69.572
1802 69.633
1803 69.4997
1804 69.8721
1805 69.94
1806 69.4564
1807 69.6446
1808 69.5774
1809 69.9773
1810 69.1697
1811 69.6126
1812 69.9318
1813 69.7576
1814 70.146
1815 69.6115
1816 69.3534
1817 69.3052
1818 69.3216
1819 69.4896
1820 69.4009
1821 69.7424
1822 70.1718
1823 69.8871
1824 69.7298
1825 69.5249
1826 69.5217
1827 69.5978
1828 69.5514
1829 69.3753
1830 69.2531
1831 69.5398
1832 69.485
1833 69.4581
1834 69.5503
1835 69.5335
1836 69.1975
1837 69.3996
1838 69.7191
1839 69.2799
1840 69.1668
1841 69.5477
1842 69.3288
1843 69.5117
1844 69.1509
1845 69.5991
1846 69.1161
1847 69.5858
1848 69.5785
1849 69.7002
1850 70.1023
1851 69.8646
1852 69.8445
1853 69.6905
1854 69.3101
1855 69.4816
1856 69.2698
1857 69.4252
1858 69.5527
1859 69.6289
1860 69.5185
1861 69.5095
1862 69.5489
1863 69.9892
1864 69.6298
1865 69.9567
1866 69.5786
1867 69.7724
1868 69.5689
1869 69.5259
1870 69.5866
1871 69.8374
1872 69.8952
1873 69.7528
1874 69.2643
1875 69.4561
1876 69.3359
1877 69.5358
1878 69.5311
1879 69.7008
1880 69.5812
1881 69.351
1882 69.6099
1883 69.4868
1884 69.6224
1885 69.545
1886 69.7572
1887 69.5115
1888 70.1119
1889 69.5331
1890 69.4007
1891 69.5554
1892 69.3999
1893 69.6677
1894 69.4179
1895 69.614
1896 69.1615
1897 69.4328
1898 69.3853
1899 69.9465
1900 69.7905
1901 69.8166
1902 69.4098
1903 69.5855
1904 69.9112
1905 69.9163
1906 70.0453
1907 69.6767
1908 69.7035
1909 69.6958
1910 69.5581
1911 69.8699
1912 70.008
1913 69.4553
1914 69.722
1915 69.4892
1916 69.3046
1917 69.2326
1918 69.5468
1919 69.5016
1920 69.6629
1921 69.8003
1922 69.7522
1923 69.4447
1924 69.4529
1925 69.4485
1926 69.6975
1927 69.8905
1928 69.5842
1929 69.9956
1930 69.7478
1931 69.6804
1932 69.7534
1933 69.4881
1934 69.5306
1935 69.6017
1936 69.4719
1937 69.617
1938 69.6392
1939 69.6699
1940 69.6964
1941 70.0251
1942 69.5907
1943 69.6846
1944 69.775
1945 69.7705
1946 69.4656
1947 69.1766
1948 69.7913
1949 69.6366
1950 69.5176
1951 69.448
1952 69.6558
1953 69.4306
1954 69.4575
1955 69.9381
1956 69.6165
1957 69.6633
1958 69.7775
1959 69.5177
1960 69.8606
1961 69.6272
1962 69.708
1963 69.7328
1964 69.6339
1965 69.7828
1966 69.5052
1967 69.7408
1968 69.36
1969 69.7018
1970 69.2554
1971 69.3697
1972 69.5568
1973 69.6721
1974 69.3817
1975 69.3257
1976 69.2933
1977 69.3741
1978 69.8981
1979 69.4886
1980 69.5255
1981 69.7861
1982 69.8139
1983 69.6481
1984 69.6633
1985 69.4128
1986 70.0862
1987 69.9206
1988 69.6539
1989 69.4321
1990 69.3103
1991 69.4325
1992 69.7424
1993 69.6816
1994 69.5349
1995 69.6553
1996 69.7533
1997 69.5048
1998 69.33
1999 69.6616
2000 69.3158
