1 416.753
2 394.996
3 376.991
4 362.869
5 352.086
6 337.365
7 327.74
8 315.956
9 302.259
10 294.182
11 286.675
12 281.159
13 277.286
14 269.079
15 264.815
16 260.001
17 254.721
18 247.753
19 240.383
20 230.642
21 223.011
22 218.332
23 215.778
24 209.219
25 205.907
26 203.955
27 200
28 196.715
29 192.894
30 191.203
31 185.824
32 183.853
33 182.193
34 177.627
35 175.995
36 170.066
37 166.005
38 163.858
39 161.916
40 159.738
41 157.439
42 154.168
43 152.777
44 150.055
45 148.575
46 146.663
47 144.453
48 142.817
49 141.942
50 141.221
51 140.086
52 138.631
53 137.735
54 137.24
55 135.589
56 135.303
57 131.406
58 129.748
59 129.167
60 128.395
61 127.054
62 124.189
63 122.942
64 122.541
65 121.47
66 119.346
67 117.871
68 117.36
69 116.334
70 115.22
71 114.239
72 113.459
73 112.958
74 110.639
75 110.367
76 109.59
77 109.514
78 108.88
79 108.261
80 107.974
81 107.615
82 107.039
83 105.794
84 104.788
85 103.779
86 103.203
87 102.159
88 102.086
89 101.22
90 100.505
91 99.7323
92 99.3936
93 99.3543
94 97.8931
95 97.8371
96 96.7768
97 96.5707
98 95.7882
99 95.3388
100 95.3388
101 94.1893
102 93.5513
103 93.2961
104 93.1386
105 92.8834
106 92.3914
107 92.3914
108 91.8647
109 91.3435
110 90.6671
111 90.6145
112 90.2926
113 90.1515
114 90.1515
115 89.3838
116 87.5241
117 85.9402
118 85.8418
119 85.0762
120 84.2578
121 84.2578
122 83.4837
123 82.1738
124 81.9888
125 81.4065
126 81.226
127 80.7935
128 80.613
129 80.2758
130 79.902
131 79.2675
132 78.2925
133 78.2925
134 77.9918
135 77.9918
136 77.8548
137 77.6477
138 76.7238
139 76.5739
140 76.3349
141 76.0558
142 75.6145
143 75.2698
144 75.2698
145 75.2698
146 75.2698
147 74.6353
148 74.6353
149 74.6353
150 74.6353
151 74.6353
152 74.6353
153 74.6353
154 74.6353
155 74.6353
156 74.6353
157 74.6353
158 74.4208
159 74.4208
160 74.3414
161 74.0561
162 74.0561
163 74.0561
164 74.0561
165 74.0561
166 74.0561
167 73.9698
168 73.9095
169 73.9095
170 73.9095
171 73.8926
172 73.746
173 73.746
174 73.746
175 73.6886
176 73.4919
177 73.4345
178 73.4345
179 73.4345
180 73.4345
181 73.4345
182 73.334
183 73.3057
184 73.0073
185 72.9259
186 72.5361
187 72.5361
188 72.3889
189 72.3889
190 72.3889
191 72.3889
192 72.3889
193 72.3889
194 72.3889
195 72.3889
196 72.3889
197 72.3889
198 72.3889
199 72.3889
200 72.3889
201 72.3889
202 72.3889
203 72.3889
204 72.3889
205 72.3889
206 72.3889
207 72.3889
208 72.3889
209 72.3889
210 72.3889
211 72.2821
212 72.0208
213 71.8874
214 71.8874
215 71.8874
216 71.7624
217 71.585
218 71.585
219 71.585
220 71.585
221 71.585
222 71.585
223 71.5678
224 71.2779
225 71.2606
226 71.2443
227 71.2443
228 71.2443
229 71.2443
230 70.8763
231 70.8763
232 70.8763
233 70.8763
234 70.8763
235 70.8763
236 70.8763
237 70.8763
238 70.8763
239 70.6482
240 70.6482
241 70.6482
242 70.6482
243 70.6482
244 70.5543
245 70.022
246 70.022
247 70.022
248 70.022
249 70.022
250 70.022
251 70.022
252 70.022
253 70.022
254 70.022
255 69.9218
256 69.9218
257 69.9218
258 69.9218
259 69.9218
260 69.9218
261 69.9218
262 69.9218
263 69.9218
264 69.9218
265 69.9218
266 69.9218
267 69.862
268 69.862
269 69.862
270 69.862
271 69.862
272 69.862
273 69.862
274 69.862
275 69.862
276 69.6966
277 69.6966
278 69.6966
279 69.6966
280 69.6966
281 69.6966
282 69.6966
283 69.6966
284 69.6966
285 69.6966
286 69.6966
287 69.6966
288 69.6966
289 69.6966
290 69.6966
291 69.6966
292 69.6966
293 69.6966
294 69.6389
295 69.6389
296 69.6389
297 69.6389
298 69.6124
299 69.6124
300 69.6124
301 69.6124
302 69.6124
303 69.6124
304 69.6124
305 69.6124
306 69.6124
307 69.6124
308 69.4173
309 69.4173
310 69.4173
311 69.4173
312 69.4173
313 69.4173
314 69.4173
315 69.4173
316 69.4173
317 69.4173
318 69.4173
319 69.4173
320 69.4173
321 69.4173
322 69.4173
323 69.4173
324 69.4173
325 69.4173
326 69.4173
327 69.4173
328 69.4173
329 69.4173
330 69.4173
331 69.4173
332 69.4173
333 69.4173
334 69.4173
335 69.4173
336 69.4173
337 69.4173
338 69.4173
339 69.4173
340 69.4173
341 69.4173
342 69.4173
343 69.4173
344 69.4173
345 69.4173
346 69.4173
347 69.4173
348 69.4173
349 69.4173
350 69.4173
351 69.4173
352 69.4173
353 69.4173
354 69.4173
355 69.4173
356 69.4173
357 69.4173
358 69.4173
359 69.4173
360 69.4173
361 69.4173
362 69.4173
363 69.4173
364 69.4173
365 69.4173
366 69.4173
367 69.4173
368 69.4173
369 69.4173
370 69.4173
371 69.4173
372 69.4173
373 69.4173
374 69.4173
375 69.4173
376 69.4173
377 69.4173
378 69.4173
379 69.4173
380 69.4173
381 69.4173
382 69.4173
383 69.4173
384 69.4173
385 69.4173
386 69.4173
387 69.4173
388 69.4173
389 69.4173
390 69.4173
391 69.4173
392 69.4173
393 69.4173
394 69.4173
395 69.4173
396 69.4173
397 69.4173
398 69.4173
399 69.4173
400 69.4173
401 69.4173
402 69.4173
403 69.4173
404 69.4173
405 69.4173
406 69.4173
407 69.4173
408 69.4173
409 69.4173
410 69.4173
411 69.4173
412 69.4173
413 69.4173
414 69.4173
415 69.4173
416 69.4173
417 69.4173
418 69.4173
419 69.4173
420 69.4173
421 69.4173
422 69.4173
423 69.4173
424 69.4173
425 69.4173
426 69.4173
427 69.4173
428 69.4173
429 69.4173
430 69.4173
431 69.4173
432 69.4173
433 69.4173
434 69.4173
435 69.4173
436 69.4173
437 69.4173
438 69.4173
439 69.4173
440 69.4173
441 69.4173
442 69.4173
443 69.4173
444 69.4173
445 69.4173
446 69.4173
447 69.4173
448 69.4173
449 69.4173
450 69.4173
451 69.4173
452 69.4173
453 69.4173
454 69.4173
455 69.4173
456 69.4173
457 69.4173
458 69.4173
459 69.4173
460 69.4173
461 69.4173
462 69.4173
463 69.4173
464 69.4173
465 69.4173
466 69.4173
467 69.4173
468 69.4173
469 69.4173
470 69.4173
471 69.4173
472 69.4173
473 69.4173
474 69.4173
475 69.4173
476 69.4173
477 69.4173
478 69.4173
479 69.4173
480 69.4173
481 69.4173
482 69.4173
483 69.4173
484 69.4173
485 69.4173
486 69.4173
487 69.4173
488 69.4173
489 69.4173
490 69.4173
491 69.4173
492 69.4173
493 69.4173
494 69.4173
495 69.4173
496 69.4173
497 69.4173
498 69.4173
499 69.2522
500 69.1274
501 69.1274
502 69.1274
503 69.1274
504 69.1274
505 69.1274
506 69.1274
507 69.1274
508 69.1274
509 69.1274
510 69.1274
511 69.1274
512 69.1274
513 69.1274
514 69.1274
515 69.1274
516 69.1274
517 69.1274
518 69.1274
519 69.1274
520 69.1274
521 69.1274
522 69.1274
523 69.1274
524 69.1274
525 69.1274
526 69.1274
527 69.1274
528 69.1274
529 69.1274
530 69.1274
531 69.1274
532 69.1274
533 69.1274
534 69.1274
535 69.1274
536 69.1274
537 69.1274
538 69.1274
539 69.1274
540 69.1274
541 69.1274
542 69.1274
543 69.1274
544 69.1274
545 69.1274
546 69.1274
547 69.1274
548 69.1274
549 69.1274
550 69.1274
551 69.1274
552 69.1274
553 69.1274
554 69.1274
555 69.1274
556 69.1274
557 69.1274
558 69.1274
559 69.1274
560 69.1274
561 69.1274
562 69.0743
563 69.0743
564 69.0743
565 69.0743
566 69.0743
567 69.0743
568 69.0743
569 69.0743
570 69.0743
571 69.0743
572 69.0743
573 69.0743
574 69.0743
575 69.0743
576 69.0743
577 69.0743
578 69.0743
579 69.0743
580 69.0743
581 69.0743
582 69.0743
583 69.0743
584 69.0743
585 69.0743
586 68.6572
587 68.6572
588 68.6572
589 68.6572
590 68.5955
591 68.5955
592 68.5955
593 68.5955
594 68.5955
595 68.5955
596 68.5955
597 68.5955
598 68.5955
599 68.5955
600 68.5955
601 68.5955
602 68.5955
603 68.5955
604 68.5955
605 68.5955
606 68.5955
607 68.5955
608 68.5955
609 68.5955
610 68.5955
611 68.5955
612 68.5955
613 68.5955
614 68.5955
615 68.5955
616 68.5955
617 68.5955
618 68.5955
619 68.5955
620 68.5955
621 68.5955
622 68.5955
623 68.5955
624 68.5955
625 68.5955
626 68.5955
627 68.5955
628 68.5955
629 68.5955
630 68.5955
631 68.5955
632 68.5955
633 68.5955
634 68.5955
635 68.5955
636 68.5955
637 68.5955
638 68.5955
639 68.5955
640 68.5955
641 68.5955
642 68.5955
643 68.5955
644 68.5955
645 68.5955
646 68.5955
647 68.5955
648 68.5955
649 68.5955
650 68.5955
651 68.5955
652 68.5955
653 68.5955
654 68.5955
655 68.5955
656 68.5955
657 68.5955
658 68.5955
659 68.5955
660 68.5955
661 68.5955
662 68.5955
663 68.5955
664 68.5955
665 68.5955
666 68.5955
667 68.5955
668 68.5955
669 68.5955
670 68.5955
671 68.5955
672 68.5955
673 68.5955
674 68.5955
675 68.5955
676 68.5955
677 68.5955
678 68.5955
679 68.5955
680 68.5955
681 68.5955
682 68.5955
683 68.5955
684 68.5955
685 68.5955
686 68.5955
687 68.5955
688 68.5955
689 68.5955
690 68.5955
691 68.5955
692 68.5955
693 68.5955
694 68.5955
695 68.5955
696 68.5955
697 68.5955
698 68.5955
699 68.5955
700 68.5955
701 68.5955
702 68.5955
703 68.5955
704 68.5955
705 68.5955
706 68.5955
707 68.5955
708 68.5955
709 68.5955
710 68.5955
711 68.5955
712 68.5955
713 68.5955
714 68.5955
715 68.5955
716 68.5955
717 68.5955
718 68.5955
719 68.5955
720 68.5955
721 68.5955
722 68.5955
723 68.5955
724 68.5955
725 68.5955
726 68.5955
727 68.5955
728 68.5955
729 68.5955
730 68.5955
731 68.5955
732 68.5955
733 68.5955
734 68.5955
735 68.5955
736 68.5955
737 68.5955
738 68.5955
739 68.5955
740 68.5955
741 68.5955
742 68.5955
743 68.5955
744 68.5955
745 68.5955
746 68.5955
747 68.5955
748 68.5955
749 68.5955
750 68.5955
751 68.5955
752 68.5955
753 68.5955
754 68.5955
755 68.5955
756 68.5955
757 68.5955
758 68.5955
759 68.5955
760 68.5955
761 68.5955
762 68.5955
763 68.5955
764 68.5955
765 68.5955
766 68.5955
767 68.5955
768 68.5955
769 68.5955
770 68.5955
771 68.5955
772 68.5955
773 68.5955
774 68.5955
775 68.5955
776 68.5955
777 68.5955
778 68.5955
779 68.5955
780 68.5955
781 68.5955
782 68.5955
783 68.5955
784 68.5955
785 68.5955
786 68.5955
787 68.5955
788 68.5955
789 68.5955
790 68.5955
791 68.5955
792 68.5955
793 68.5955
794 68.5955
795 68.5955
796 68.5955
797 68.5955
798 68.5955
799 68.5955
800 68.5955
801 68.5955
802 68.5955
803 68.5955
804 68.5955
805 68.5955
806 68.5955
807 68.5955
808 68.5955
809 68.5955
810 68.5955
811 68.5955
812 68.5955
813 68.5955
814 68.5955
815 68.5955
816 68.5955
817 68.5955
818 68.5955
819 68.5955
820 68.5955
821 68.5955
822 68.5955
823 68.5955
824 68.5955
825 68.5955
826 68.5955
827 68.5955
828 68.5955
829 68.5955
830 68.5955
831 68.5955
832 68.5955
833 68.5955
834 68.5955
835 68.5955
836 68.5955
837 68.5955
838 68.5955
839 68.5955
840 68.5955
841 68.5955
842 68.5955
843 68.5955
844 68.5955
845 68.5955
846 68.5955
847 68.5955
848 68.5955
849 68.5955
850 68.5955
851 68.5955
852 68.5955
853 68.5955
854 68.5955
855 68.5955
856 68.5955
857 68.5955
858 68.5955
859 68.5955
860 68.5955
861 68.5955
862 68.5955
863 68.5955
864 68.5955
865 68.5955
866 68.5955
867 68.5955
868 68.5955
869 68.5955
870 68.5955
871 68.5955
872 68.5955
873 68.5955
874 68.5955
875 68.5955
876 68.5955
877 68.5955
878 68.5955
879 68.5955
880 68.5955
881 68.5955
882 68.5955
883 68.5955
884 68.5955
885 68.5955
886 68.5955
887 68.5955
888 68.5955
889 68.5955
890 68.5955
891 68.5955
892 68.5955
893 68.5955
894 68.5955
895 68.5955
896 68.5955
897 68.5955
898 68.5955
899 68.5955
900 68.5955
901 68.5955
902 68.5955
903 68.5955
904 68.5955
905 68.5955
906 68.5955
907 68.5955
908 68.5955
909 68.5955
910 68.5955
911 68.5955
912 68.5955
913 68.5955
914 68.5955
915 68.5955
916 68.5955
917 68.5955
918 68.5955
919 68.5955
920 68.5955
921 68.5955
922 68.5955
923 68.5955
924 68.5955
925 68.5955
926 68.5955
927 68.5955
928 68.5955
929 68.5955
930 68.5955
931 68.5955
932 68.5955
933 68.5955
934 68.5955
935 68.5955
936 67.9503
937 67.9503
938 67.9503
939 67.9503
940 67.9503
941 67.9503
942 67.9503
943 67.9503
944 67.9503
945 67.9503
946 67.9503
947 67.9503
948 67.9503
949 67.9503
950 67.9503
951 67.9503
952 67.9503
953 67.9503
954 67.9503
955 67.9503
956 67.9503
957 67.9503
958 67.9503
959 67.9503
960 67.9503
961 67.9503
962 67.9503
963 67.9503
964 67.9503
965 67.9503
966 67.9503
967 67.9503
968 67.9503
969 67.9503
970 67.9503
971 67.9503
972 67.9503
973 67.9503
974 67.9503
975 67.9503
976 67.9503
977 67.9503
978 67.9503
979 67.9503
980 67.9503
981 67.9503
982 67.9503
983 67.9503
984 67.9503
985 67.9503
986 67.9503
987 67.9503
988 67.9503
989 67.9503
990 67.9503
991 67.9503
992 67.9503
993 67.9503
994 67.9503
995 67.9503
996 67.9503
997 67.9503
998 67.9503
999 67.9503
1000 67.9503
1001 67.9503
1002 67.9503
1003 67.9503
1004 67.9503
1005 67.9503
1006 67.9503
1007 67.9503
1008 67.9503
1009 67.9503
1010 67.9503
1011 67.9503
1012 67.9503
1013 67.9503
1014 67.9503
1015 67.9503
1016 67.9503
1017 67.9503
1018 67.9503
1019 67.9503
1020 67.9503
1021 67.9503
1022 67.9503
1023 67.9503
1024 67.9503
1025 67.9503
1026 67.9503
1027 67.9503
1028 67.9503
1029 67.9503
1030 67.9503
1031 67.9503
1032 67.9503
1033 67.9503
1034 67.9503
1035 67.9503
1036 67.9503
1037 67.9503
1038 67.9503
1039 67.9503
1040 67.9503
1041 67.9503
1042 67.9503
1043 67.9503
1044 67.9503
1045 67.9503
1046 67.9503
1047 67.9503
1048 67.9503
1049 67.9503
1050 67.9503
1051 67.9503
1052 67.9503
1053 67.9503
1054 67.9503
1055 67.9503
1056 67.9503
1057 67.9503
1058 67.9503
1059 67.9503
1060 67.9503
1061 67.9503
1062 67.9503
1063 67.9503
1064 67.9503
1065 67.9503
1066 67.9503
1067 67.9503
1068 67.9503
1069 67.9503
1070 67.9503
1071 67.9503
1072 67.9503
1073 67.9503
1074 67.9503
1075 67.9503
1076 67.9503
1077 67.9503
1078 67.9503
1079 67.9503
1080 67.9503
1081 67.9503
1082 67.9503
1083 67.9503
1084 67.9503
1085 67.9503
1086 67.9503
1087 67.9503
1088 67.9503
1089 67.9503
1090 67.9503
1091 67.9503
1092 67.9503
1093 67.9503
1094 67.9503
1095 67.9503
1096 67.9503
1097 67.9503
1098 67.9503
1099 67.9503
1100 67.9503
1101 67.9503
1102 67.9503
1103 67.9503
1104 67.9503
1105 67.9503
1106 67.9503
1107 67.9503
1108 67.9503
1109 67.9503
1110 67.9503
1111 67.9503
1112 67.9503
1113 67.9503
1114 67.9503
1115 67.9503
1116 67.9503
1117 67.9503
1118 67.9503
1119 67.9503
1120 67.9503
1121 67.9503
1122 67.9503
1123 67.9503
1124 67.9503
1125 67.9503
1126 67.9503
1127 67.9503
1128 67.9503
1129 67.9503
1130 67.9503
1131 67.9503
1132 67.9503
1133 67.9503
1134 67.9503
1135 67.9503
1136 67.9503
1137 67.9503
1138 67.9503
1139 67.9503
1140 67.9503
1141 67.9503
1142 67.9503
1143 67.9503
1144 67.9503
1145 67.9503
1146 67.9503
1147 67.9503
1148 67.9503
1149 67.9503
1150 67.9503
1151 67.9503
1152 67.9503
1153 67.9503
1154 67.9503
1155 67.9503
1156 67.9503
1157 67.9503
1158 67.9503
1159 67.9503
1160 67.9503
1161 67.9503
1162 67.9503
1163 67.9503
1164 67.9503
1165 67.9503
1166 67.9503
1167 67.9503
1168 67.9503
1169 67.9503
1170 67.9503
1171 67.9503
1172 67.9503
1173 67.9503
1174 67.9503
1175 67.9503
1176 67.9503
1177 67.9503
1178 67.9503
1179 67.9503
1180 67.9503
1181 67.9503
1182 67.9503
1183 67.9503
1184 67.9503
1185 67.9503
1186 67.9503
1187 67.9503
1188 67.9503
1189 67.9503
1190 67.9503
1191 67.9503
1192 67.9503
1193 67.9503
1194 67.9503
1195 67.9503
1196 67.9503
1197 67.9503
1198 67.9503
1199 67.9503
1200 67.9503
1201 67.9503
1202 67.9503
1203 67.9503
1204 67.9503
1205 67.9503
1206 67.9503
1207 67.9503
1208 67.9503
1209 67.9503
1210 67.9503
1211 67.9503
1212 67.9503
1213 67.9503
1214 67.9503
1215 67.9503
1216 67.9503
1217 67.9503
1218 67.9503
1219 67.9503
1220 67.9503
1221 67.9503
1222 67.9503
1223 67.9503
1224 67.9503
1225 67.9503
1226 67.9503
1227 67.9503
1228 67.9503
1229 67.9503
1230 67.9503
1231 67.9503
1232 67.9503
1233 67.9503
1234 67.9503
1235 67.9503
1236 67.9503
1237 67.9503
1238 67.9503
1239 67.9503
1240 67.9503
1241 67.9503
1242 67.9503
1243 67.9503
1244 67.9503
1245 67.9503
1246 67.9503
1247 67.9503
1248 67.9503
1249 67.9503
1250 67.9503
1251 67.9503
1252 67.9503
1253 67.9503
1254 67.9503
1255 67.9503
1256 67.9503
1257 67.9503
1258 67.9503
1259 67.9503
1260 67.9503
1261 67.9503
1262 67.9503
1263 67.9503
1264 67.9503
1265 67.9503
1266 67.9503
1267 67.9503
1268 67.9503
1269 67.9503
1270 67.9503
1271 67.9503
1272 67.9503
1273 67.9503
1274 67.9503
1275 67.9503
1276 67.9503
1277 67.9503
1278 67.9503
1279 67.9503
1280 67.9503
1281 67.9503
1282 67.9503
1283 67.9503
1284 67.9503
1285 67.9503
1286 67.9503
1287 67.9503
1288 67.9503
1289 67.9503
1290 67.9503
1291 67.9503
1292 67.9503
1293 67.9503
1294 67.9503
1295 67.9503
1296 67.9503
1297 67.9503
1298 67.9503
1299 67.9503
1300 67.9503
1301 67.9503
1302 67.9503
1303 67.9503
1304 67.9503
1305 67.9503
1306 67.9503
1307 67.9503
1308 67.9503
1309 67.9503
1310 67.9503
1311 67.9503
1312 67.9503
1313 67.9503
1314 67.9503
1315 67.9503
1316 67.9503
1317 67.9503
1318 67.9503
1319 67.9503
1320 67.9503
1321 67.9503
1322 67.9503
1323 67.9503
1324 67.9503
1325 67.9503
1326 67.9503
1327 67.9503
1328 67.9503
1329 67.9503
1330 67.9503
1331 67.9503
1332 67.9503
1333 67.9503
1334 67.9503
1335 67.9503
1336 67.9503
1337 67.9503
1338 67.9503
1339 67.9503
1340 67.9503
1341 67.9503
1342 67.9503
1343 67.9503
1344 67.9503
1345 67.9503
1346 67.9503
1347 67.9503
1348 67.9503
1349 67.9503
1350 67.9503
1351 67.9503
1352 67.9503
1353 67.9503
1354 67.9503
1355 67.9503
1356 67.9503
1357 67.9503
1358 67.9503
1359 67.9503
1360 67.9503
1361 67.9503
1362 67.9503
1363 67.9503
1364 67.9503
1365 67.9503
1366 67.9503
1367 67.9503
1368 67.9503
1369 67.9503
1370 67.9503
1371 67.9503
1372 67.9503
1373 67.9503
1374 67.9503
1375 67.9503
1376 67.9503
1377 67.9503
1378 67.9503
1379 67.9503
1380 67.9503
1381 67.9503
1382 67.9503
1383 67.9503
1384 67.9503
1385 67.9503
1386 67.9503
1387 67.9503
1388 67.9503
1389 67.9503
1390 67.9503
1391 67.9503
1392 67.9503
1393 67.9503
1394 67.9503
1395 67.9503
1396 67.9503
1397 67.9503
1398 67.9503
1399 67.9503
1400 67.9503
1401 67.9503
1402 67.9503
1403 67.9503
1404 67.9503
1405 67.9503
1406 67.9503
1407 67.9503
1408 67.9503
1409 67.9503
1410 67.9503
1411 67.9503
1412 67.9503
1413 67.9503
1414 67.9503
1415 67.9503
1416 67.9503
1417 67.9503
1418 67.9503
1419 67.9503
1420 67.9503
1421 67.9503
1422 67.9503
1423 67.9503
1424 67.9503
1425 67.9503
1426 67.9503
1427 67.9503
1428 67.9503
1429 67.9503
1430 67.9503
1431 67.9503
1432 67.9503
1433 67.9503
1434 67.9503
1435 67.9503
1436 67.9503
1437 67.9503
1438 67.9503
1439 67.9503
1440 67.9503
1441 67.9503
1442 67.9503
1443 67.9503
1444 67.9503
1445 67.9503
1446 67.9503
1447 67.9503
1448 67.9503
1449 67.9503
1450 67.9503
1451 67.9503
1452 67.9503
1453 67.9503
1454 67.9503
1455 67.9503
1456 67.9503
1457 67.9503
1458 67.9503
1459 67.9503
1460 67.9503
1461 67.9503
1462 67.9503
1463 67.9503
1464 67.9503
1465 67.9503
1466 67.9503
1467 67.9503
1468 67.9503
1469 67.9503
1470 67.9503
1471 67.9503
1472 67.9503
1473 67.9503
1474 67.9503
1475 67.9503
1476 67.9503
1477 67.9503
1478 67.9503
1479 67.9503
1480 67.9503
1481 67.9503
1482 67.9503
1483 67.9503
1484 67.9503
1485 67.9503
1486 67.9503
1487 67.9503
1488 67.9503
1489 67.9503
1490 67.9503
1491 67.9503
1492 67.9503
1493 67.9503
1494 67.9503
1495 67.9503
1496 67.9503
1497 67.9503
1498 67.9503
1499 67.9503
1500 67.9503
1501 67.9503
1502 67.9503
1503 67.9503
1504 67.9503
1505 67.9503
1506 67.9503
1507 67.9503
1508 67.9503
1509 67.9503
1510 67.9503
1511 67.9503
1512 67.9503
1513 67.9503
1514 67.9503
1515 67.9503
1516 67.9503
1517 67.9503
1518 67.9503
1519 67.9503
1520 67.9503
1521 67.9503
1522 67.9503
1523 67.9503
1524 67.9503
1525 67.9503
1526 67.9503
1527 67.9503
1528 67.9503
1529 67.9503
1530 67.9503
1531 67.9503
1532 67.9503
1533 67.9503
1534 67.9503
1535 67.9503
1536 67.9503
1537 67.9503
1538 67.9503
1539 67.9503
1540 67.9503
1541 67.9503
1542 67.9503
1543 67.9503
1544 67.9503
1545 67.9503
1546 67.9503
1547 67.9503
1548 67.9503
1549 67.9503
1550 67.9503
1551 67.9503
1552 67.9503
1553 67.9503
1554 67.9503
1555 67.9503
1556 67.9503
1557 67.9503
1558 67.9503
1559 67.9503
1560 67.9503
1561 67.9503
1562 67.9503
1563 67.9503
1564 67.9503
1565 67.9503
1566 67.9503
1567 67.9503
1568 67.9503
1569 67.9503
1570 67.9503
1571 67.9503
1572 67.9503
1573 67.9503
1574 67.9503
1575 67.9503
1576 67.9503
1577 67.9503
1578 67.9503
1579 67.9503
1580 67.9503
1581 67.9503
1582 67.9503
1583 67.9503
1584 67.9503
1585 67.9503
1586 67.9503
1587 67.9503
1588 67.9503
1589 67.9503
1590 67.9503
1591 67.9503
1592 67.9503
1593 67.9503
1594 67.9503
1595 67.9503
1596 67.9503
1597 67.9503
1598 67.9503
1599 67.9503
1600 67.9503
1601 67.9503
1602 67.9503
1603 67.9503
1604 67.9503
1605 67.9503
1606 67.9503
1607 67.9503
1608 67.9503
1609 67.9503
1610 67.9503
1611 67.9503
1612 67.9503
1613 67.9503
1614 67.9503
1615 67.9503
1616 67.9503
1617 67.9503
1618 67.9503
1619 67.9503
1620 67.9503
1621 67.9503
1622 67.9503
1623 67.9503
1624 67.9503
1625 67.9503
1626 67.9503
1627 67.9503
1628 67.9503
1629 67.9503
1630 67.9503
1631 67.9503
1632 67.9503
1633 67.9503
1634 67.9503
1635 67.9503
1636 67.9503
1637 67.9503
1638 67.9503
1639 67.9503
1640 67.9503
1641 67.9503
1642 67.9503
1643 67.9503
1644 67.9503
1645 67.9503
1646 67.9503
1647 67.9503
1648 67.9503
1649 67.9503
1650 67.9503
1651 67.9503
1652 67.9503
1653 67.9503
1654 67.9503
1655 67.9503
1656 67.9503
1657 67.9503
1658 67.9503
1659 67.9503
1660 67.9503
1661 67.9503
1662 67.9503
1663 67.9503
1664 67.9503
1665 67.9503
1666 67.9503
1667 67.9503
1668 67.9503
1669 67.9503
1670 67.9503
1671 67.9503
1672 67.9503
1673 67.9503
1674 67.9503
1675 67.9503
1676 67.9503
1677 67.9503
1678 67.9503
1679 67.9503
1680 67.9503
1681 67.9503
1682 67.9503
1683 67.9503
1684 67.9503
1685 67.9503
1686 67.9503
1687 67.9503
1688 67.9503
1689 67.9503
1690 67.9503
1691 67.9503
1692 67.9503
1693 67.9503
1694 67.9503
1695 67.9503
1696 67.9503
1697 67.9503
1698 67.9503
1699 67.9503
1700 67.9503
1701 67.9503
1702 67.9503
1703 67.9503
1704 67.9503
1705 67.9503
1706 67.9503
1707 67.9503
1708 67.9503
1709 67.9503
1710 67.9503
1711 67.9503
1712 67.9503
1713 67.9503
1714 67.9503
1715 67.9503
1716 67.9503
1717 67.9503
1718 67.9503
1719 67.9503
1720 67.9503
1721 67.9503
1722 67.9503
1723 67.9503
1724 67.9503
1725 67.9503
1726 67.9503
1727 67.9503
1728 67.9503
1729 67.9503
1730 67.9503
1731 67.9503
1732 67.9503
1733 67.9503
1734 67.9503
1735 67.9503
1736 67.9503
1737 67.9503
1738 67.9503
1739 67.9503
1740 67.9503
1741 67.9503
1742 67.9503
1743 67.9503
1744 67.9503
1745 67.9503
1746 67.9503
1747 67.9503
1748 67.9503
1749 67.9503
1750 67.9503
1751 67.9503
1752 67.9503
1753 67.9503
1754 67.9503
1755 67.9503
1756 67.9503
1757 67.9503
1758 67.9503
1759 67.9503
1760 67.9503
1761 67.9503
1762 67.9503
1763 67.9503
1764 67.9503
1765 67.9503
1766 67.9503
1767 67.9503
1768 67.9503
1769 67.9503
1770 67.9503
1771 67.9503
1772 67.9503
1773 67.9503
1774 67.9503
1775 67.9503
1776 67.9503
1777 67.9503
1778 67.9503
1779 67.9503
1780 67.9503
1781 67.9503
1782 67.9503
1783 67.9503
1784 67.9503
1785 67.9503
1786 67.9503
1787 67.9503
1788 67.9503
1789 67.9503
1790 67.9503
1791 67.9503
1792 67.9503
1793 67.9503
1794 67.9503
1795 67.9503
1796 67.9503
1797 67.9503
1798 67.9503
1799 67.9503
1800 67.9503
1801 67.9503
1802 67.9503
1803 67.9503
1804 67.9503
1805 67.9503
1806 67.9503
1807 67.9503
1808 67.9503
1809 67.9503
1810 67.9503
1811 67.9503
1812 67.9503
1813 67.9503
1814 67.9503
1815 67.9503
1816 67.9503
1817 67.9503
1818 67.9503
1819 67.9503
1820 67.9503
1821 67.9503
1822 67.9503
1823 67.9503
1824 67.9503
1825 67.9503
1826 67.9503
1827 67.9503
1828 67.9503
1829 67.9503
1830 67.9503
1831 67.9503
1832 67.9503
1833 67.9503
1834 67.9503
1835 67.9503
1836 67.9503
1837 67.9503
1838 67.9503
1839 67.9503
1840 67.9503
1841 67.9503
1842 67.9503
1843 67.9503
1844 67.9503
1845 67.9503
1846 67.9503
1847 67.9503
1848 67.9503
1849 67.9503
1850 67.9503
1851 67.9503
1852 67.9503
1853 67.9503
1854 67.9503
1855 67.9503
1856 67.9503
1857 67.9503
1858 67.9503
1859 67.9503
1860 67.9503
1861 67.9503
1862 67.9503
1863 67.9503
1864 67.9503
1865 67.9503
1866 67.9503
1867 67.9503
1868 67.9503
1869 67.9503
1870 67.9503
1871 67.9503
1872 67.9503
1873 67.9503
1874 67.9503
1875 67.9503
1876 67.9503
1877 67.9503
1878 67.9503
1879 67.9503
1880 67.9503
1881 67.9503
1882 67.9503
1883 67.9503
1884 67.9503
1885 67.9503
1886 67.9503
1887 67.9503
1888 67.9503
1889 67.9503
1890 67.9503
1891 67.9503
1892 67.9503
1893 67.9503
1894 67.9503
1895 67.9503
1896 67.9503
1897 67.9503
1898 67.9503
1899 67.9503
1900 67.9503
1901 67.9503
1902 67.9503
1903 67.9503
1904 67.9503
1905 67.9503
1906 67.9503
1907 67.9503
1908 67.9503
1909 67.9503
1910 67.9503
1911 67.9503
1912 67.9503
1913 67.9503
1914 67.9503
1915 67.9503
1916 67.9503
1917 67.9503
1918 67.9503
1919 67.9503
1920 67.9503
1921 67.9503
1922 67.9503
1923 67.9503
1924 67.9503
1925 67.9503
1926 67.9503
1927 67.9503
1928 67.9503
1929 67.9503
1930 67.9503
1931 67.9503
1932 67.9503
1933 67.9503
1934 67.9503
1935 67.9503
1936 67.9503
1937 67.9503
1938 67.9503
1939 67.9503
1940 67.9503
1941 67.9503
1942 67.9503
1943 67.9503
1944 67.9503
1945 67.9503
1946 67.9503
1947 67.9503
1948 67.9503
1949 67.9503
1950 67.9503
1951 67.9503
1952 67.9503
1953 67.9503
1954 67.9503
1955 67.9503
1956 67.9503
1957 67.9503
1958 67.9503
1959 67.9503
1960 67.9503
1961 67.9503
1962 67.9503
1963 67.9503
1964 67.9503
1965 67.9503
1966 67.9503
1967 67.9503
1968 67.9503
1969 67.9503
1970 67.9503
1971 67.9503
1972 67.9503
1973 67.9503
1974 67.9503
1975 67.9503
1976 67.9503
1977 67.9503
1978 67.9503
1979 67.9503
1980 67.9503
1981 67.9503
1982 67.9503
1983 67.9503
1984 67.9503
1985 67.9503
1986 67.9503
1987 67.9503
1988 67.9503
1989 67.9503
1990 67.9503
1991 67.9503
1992 67.9503
1993 67.9503
1994 67.9503
1995 67.9503
1996 67.9503
1997 67.9503
1998 67.9503
1999 67.9503
2000 67.9503
