0 510.203
1 458.232
2 424.221
3 398.026
4 376.204
5 363.752
6 350.959
7 340.523
8 331.766
9 319.203
10 306.102
11 296.826
12 289.367
13 283.399
14 275.687
15 268.981
16 263.889
17 259.562
18 255.197
19 250.454
20 245.132
21 239.244
22 234.273
23 229.902
24 224.872
25 220.229
26 216.779
27 213.806
28 210.089
29 206.714
30 203.545
31 198.799
32 194.324
33 189.736
34 186.522
35 184.111
36 182.304
37 179.248
38 177.481
39 175.829
40 174.577
41 172.514
42 170.145
43 167.874
44 165.921
45 164.305
46 162.25
47 159.59
48 155.969
49 154.708
50 155.201
51 154.774
52 153.792
53 152.735
54 151.579
55 149.065
56 146.947
57 144.804
58 143.595
59 141.608
60 138.66
61 136.489
62 134.52
63 133.684
64 132.588
65 131.98
66 130.303
67 127.69
68 124.76
69 122.456
70 120.741
71 119.263
72 118.365
73 117.485
74 117.215
75 115.903
76 114.986
77 113.28
78 111.74
79 110.69
80 110.225
81 109.452
82 110.231
83 109.812
84 107.884
85 106.5
86 106.016
87 106.516
88 105.326
89 102.4
90 100.809
91 99.7413
92 98.7787
93 98.0091
94 96.9833
95 96.4453
96 96.0254
97 95.7084
98 95.3169
99 94.4932
100 94.3931
101 94.7063
102 94.2009
103 92.8701
104 91.2818
105 89.9899
106 88.8894
107 88.008
108 87.9503
109 87.399
110 87.3378
111 86.4431
112 85.7861
113 85.4072
114 85.2731
115 84.8692
116 84.6237
117 84.2134
118 83.7266
119 83.4129
120 82.741
121 82.5017
122 82.9343
123 82.4458
124 81.8457
125 81.8353
126 81.4829
127 81.3426
128 80.7829
129 80.9979
130 80.3151
131 79.3712
132 78.99
133 78.0234
134 77.9156
135 77.5874
136 76.8705
137 76.7031
138 77.0498
139 76.4575
140 76.277
141 75.8388
142 75.6818
143 75.4024
144 74.8982
145 74.6506
146 74.7547
147 74.5159
148 74.7126
149 73.9484
150 74.3932
151 74.4273
152 74.2302
153 73.7958
154 74.225
155 74.4144
156 74.0537
157 73.226
158 73.0212
159 72.5299
160 72.9174
161 72.7245
162 72.4768
163 72.601
164 72.5099
165 72.3886
166 72.0888
167 72.3714
168 72.3291
169 72.2466
170 72.0971
171 72.1006
172 72.2157
173 71.9835
174 71.6263
175 71.4997
176 71.5867
177 71.7162
178 71.9143
179 71.9898
180 71.9364
181 71.4498
182 71.6132
183 71.4536
184 71.4776
185 71.5323
186 71.4631
187 71.4016
188 71.3972
189 71.5482
190 71.2949
191 71.3262
192 71.6097
193 71.4293
194 71.4426
195 71.3629
196 71.3646
197 71.5755
198 71.6372
199 71.6348
200 71.6759
201 71.4014
202 71.3614
203 71.2492
204 71.4848
205 70.9917
206 71.1169
207 71.3369
208 71.0401
209 71.3833
210 71.1847
211 71.4106
212 71.2946
213 71.0376
214 71.3279
215 71.3264
216 70.8583
217 70.8952
218 70.6983
219 70.5637
220 70.833
221 70.5428
222 70.5439
223 70.4754
224 70.3782
225 70.311
226 70.4804
227 70.5112
228 70.6207
229 70.8218
230 70.6892
231 72.7435
232 74.7454
233 74.622
234 72.4123
235 71.3633
236 71.1666
237 71.0467
238 70.7848
239 70.548
240 70.6711
241 70.4088
242 70.4955
243 70.2509
244 70.3967
245 70.6385
246 70.5544
247 70.6074
248 70.6065
249 70.3956
250 70.749
251 70.4692
252 70.5267
253 70.5341
254 70.5637
255 70.6288
256 70.7198
257 70.6348
258 70.3842
259 70.7177
260 70.5946
261 70.3975
262 70.7606
263 70.7007
264 70.8013
265 70.7073
266 70.4651
267 70.3893
268 70.6741
269 70.7094
270 70.7918
271 70.4634
272 70.0658
273 70.3387
274 70.5091
275 70.0916
276 70.3535
277 70.8767
278 70.7802
279 70.5878
280 70.6755
281 70.5627
282 70.6884
283 70.5881
284 70.9378
285 70.6374
286 70.4059
287 70.1545
288 70.0295
289 69.3644
290 69.338
291 69.7795
292 69.2376
293 69.2695
294 69.024
295 68.7739
296 68.6813
297 68.9156
298 69.0391
299 68.5303
300 68.9213
301 68.8032
302 69.0015
303 69.1821
304 69.0198
305 69.2235
306 68.9295
307 69.0629
308 69.0928
309 68.8289
310 68.8723
311 69.1053
312 69.0828
313 69.3053
314 69.2621
315 69.3203
316 69.414
317 69.1605
318 71.1557
319 73.4766
320 73.316
321 71.5403
322 70.0841
323 69.6719
324 69.1456
325 69.1451
326 68.8376
327 68.5625
328 69.0853
329 68.9232
330 68.9443
331 68.8992
332 69.0346
333 68.941
334 68.8145
335 68.6095
336 68.9578
337 68.8469
338 68.9758
339 69.0563
340 68.9603
341 69.1182
342 68.9042
343 68.7448
344 68.8445
345 68.5624
346 68.8664
347 69.0729
348 68.9981
349 69.0162
350 68.6445
351 68.9017
352 68.8182
353 68.4239
354 68.4746
355 68.3143
356 68.8333
357 69.0408
358 68.9533
359 68.8776
360 68.5807
361 68.2123
362 68.1659
363 68.2813
364 68.6158
365 68.7171
366 68.6311
367 68.4623
368 68.5912
369 68.6604
370 68.6577
371 68.4654
372 68.5337
373 68.3928
374 68.3869
375 68.3595
376 68.7697
377 68.9279
378 68.6351
379 68.7375
380 68.6815
381 68.3806
382 68.4062
383 68.6245
384 68.7004
385 68.4923
386 68.6178
387 68.7818
388 69.0476
389 68.6382
390 68.6698
391 68.8601
392 68.5246
393 68.6349
394 68.9764
395 68.533
396 68.4507
397 68.8456
398 68.5158
399 68.6255
400 68.4368
401 68.7261
402 69.4776
403 69.1073
404 68.6017
405 68.4843
406 68.5054
407 68.3135
408 68.553
409 68.8999
410 68.6543
411 68.6939
412 69.0092
413 68.9441
414 68.5522
415 68.3848
416 68.1759
417 68.3825
418 68.2924
419 68.575
420 68.9565
421 68.7049
422 68.2008
423 68.5774
424 68.4669
425 68.3405
426 68.6305
427 68.8701
428 69.0172
429 68.7244
430 68.8048
431 68.7771
432 68.8104
433 68.3223
434 68.6002
435 68.8927
436 68.7652
437 68.7671
438 68.667
439 68.3443
440 68.4028
441 68.4319
442 68.6401
443 68.5435
444 68.3441
445 68.0286
446 68.1114
447 68.4564
448 68.488
449 68.2071
450 68.0589
451 68.0216
452 68.2981
453 68.4103
454 68.3583
455 68.3974
456 68.1799
457 68.227
458 67.961
459 68.417
460 68.2595
461 68.4307
462 68.2911
463 68.4689
464 68.4384
465 68.2826
466 67.7107
467 68.063
468 68.3983
469 68.1917
470 67.8814
471 67.9306
472 67.8967
473 67.7158
474 68.0582
475 68.2874
476 68.101
477 68.005
478 67.7801
479 67.7135
480 67.816
481 67.9391
482 68.2981
483 68.242
484 68.0044
485 67.9473
486 67.9131
487 68.0616
488 67.9754
489 67.7977
490 68.2233
491 68.0867
492 68.548
493 67.8719
494 67.9544
495 68.2188
496 68.239
497 68.4058
498 68.2385
499 67.9095
500 68.2459
501 67.7444
502 68.0252
503 68.4231
504 68.483
505 68.2165
506 68.0949
507 68.3897
508 68.2471
509 67.9083
510 68.0609
511 67.9737
512 68.4201
513 68.1076
514 67.9116
515 68.0481
516 68.3137
517 68.2735
518 68.7492
519 68.3334
520 68.439
521 68.0373
522 68.1841
523 68.4022
524 68.1801
525 68.2061
526 67.775
527 67.8184
528 68.4137
529 68.6099
530 68.2768
531 68.0943
532 68.3071
533 68.1412
534 68.0093
535 68.1956
536 68.3475
537 68.3589
538 68.3473
539 68.3336
540 68.4892
541 68.2477
542 68.2451
543 68.4142
544 68.0506
545 67.8606
546 67.8047
547 68.2927
548 68.0879
549 68.098
550 68.0812
551 68.2806
552 68.5113
553 68.191
554 68.2103
555 68.1107
556 67.9321
557 67.9487
558 68.1058
559 68.1535
560 68.19
561 68.1229
562 67.7809
563 67.8005
564 67.9868
565 68.1516
566 68.0802
567 68.0095
568 68.3252
569 67.9686
570 68.3125
571 68.0702
572 67.9962
573 68.2467
574 67.9932
575 68.2556
576 68.5131
577 68.1839
578 68.1166
579 68.1386
580 67.5845
581 67.9895
582 68.0371
583 67.8492
584 68.0288
585 68.1395
586 67.8538
587 67.8665
588 67.9068
589 67.8736
590 68.2309
591 67.9838
592 67.9969
593 68.2439
594 68.6373
595 68.0345
596 68.3921
597 68.0401
598 67.8819
599 68.1949
600 68.2041
601 68.2376
602 68.3786
603 68.5279
604 68.5011
605 68.4848
606 68.132
607 68.1034
608 67.7953
609 67.8383
610 67.8197
611 68.0569
612 68.2846
613 67.8416
614 67.6582
615 68.0913
616 67.9207
617 68.3418
618 68.2676
619 67.8753
620 67.9248
621 67.5694
622 67.552
623 67.8093
624 67.9
625 68.0889
626 68.1347
627 67.7719
628 67.7511
629 68.164
630 67.6768
631 67.7825
632 67.6791
633 68.0206
634 68.0808
635 67.9545
636 68.0358
637 68.0507
638 68.1692
639 68.1125
640 67.9882
641 68.0595
642 68.2088
643 68.3388
644 68.7826
645 68.6483
646 68.0816
647 68.1757
648 68.3691
649 67.896
650 67.4438
651 67.9759
652 68.1295
653 67.9072
654 67.8799
655 68.1605
656 67.7985
657 67.991
658 67.6945
659 68.0918
660 67.5744
661 68.0263
662 67.9251
663 68.0155
664 67.8137
665 67.857
666 68.1199
667 67.9611
668 67.9649
669 68.4469
670 68.3483
671 68.2434
672 68.0372
673 67.9396
674 68.2474
675 68.1428
676 67.8574
677 68.2151
678 68.1214
679 68.2441
680 68.4215
681 67.9708
682 67.9043
683 68.2905
684 68.5345
685 68.2943
686 68.143
687 68.1164
688 68.077
689 68.028
690 67.7705
691 67.7486
692 68.3614
693 68.4154
694 68.1076
695 68.0146
696 68.1922
697 68.1302
698 68.138
699 68.1502
700 68.1236
701 67.6777
702 68.0493
703 68.4995
704 68.4084
705 68.1586
706 67.9597
707 67.9741
708 68.071
709 67.8506
710 67.9536
711 67.9288
712 67.8987
713 68.2171
714 68.4215
715 68.4324
716 68.4579
717 68.4733
718 68.2086
719 67.8563
720 67.7473
721 68.2001
722 68.0125
723 67.9381
724 68.4285
725 68.4455
726 67.8797
727 67.8816
728 67.946
729 68.094
730 68.4058
731 68.1881
732 67.5821
733 67.7073
734 67.7144
735 67.737
736 67.8054
737 67.8878
738 67.9489
739 68.226
740 68.3438
741 67.8122
742 68.0358
743 68.2412
744 68.1348
745 67.9247
746 67.9556
747 67.7785
748 67.8253
749 68.2935
750 68.6108
751 68.5212
752 68.3854
753 67.865
754 68.3089
755 68.041
756 68.1551
757 68.1143
758 67.9654
759 68.2266
760 68.3231
761 68.2101
762 68.1515
763 67.9009
764 68.4572
765 68.1524
766 68.5407
767 68.3875
768 68.4287
769 68.2251
770 68.0446
771 67.9058
772 67.8784
773 67.8715
774 68.234
775 68.1513
776 68.2079
777 68.2766
778 67.9208
779 67.708
780 68.2908
781 68.1911
782 67.9976
783 68.0065
784 67.8577
785 67.8174
786 67.8817
787 67.8795
788 68.0142
789 68.1735
790 68.153
791 68.1372
792 68.3085
793 68.5611
794 67.9917
795 67.7329
796 68.1636
797 68.0566
798 68.3419
799 68.1581
800 68.4301
801 68.2492
802 68.0778
803 68.1745
804 68.2069
805 68.2125
806 68.32
807 67.9907
808 67.6538
809 67.6676
810 68.0819
811 68.0339
812 68.1412
813 68.3214
814 68.4328
815 68.0364
816 67.7516
817 67.9526
818 68.131
819 68.4447
820 68.0211
821 68.0521
822 68.0014
823 68.2566
824 68.1213
825 68.003
826 67.8984
827 68.2856
828 68.2678
829 68.3192
830 68.1821
831 68.1173
832 68.0381
833 67.9245
834 68.1686
835 67.9369
836 67.9287
837 67.8906
838 67.9457
839 67.7152
840 68.1772
841 68.0415
842 68.0221
843 68.2621
844 68.0528
845 68.0605
846 67.9676
847 68.1005
848 68.2034
849 67.9644
850 68.1257
851 67.8941
852 68.1277
853 67.7614
854 68.0843
855 67.8805
856 68.0119
857 68.0605
858 68.3887
859 68.3467
860 68.1978
861 68.3213
862 68.15
863 68.1057
864 68.2037
865 68.1017
866 68.0457
867 67.8321
868 67.9857
869 68.006
870 68.0034
871 68.16
872 68.1783
873 68.3584
874 68.1594
875 68.1765
876 67.9808
877 68.2848
878 68.0341
879 67.9664
880 67.6672
881 67.8358
882 68.0799
883 67.9813
884 68.3261
885 68.2023
886 68.2837
887 68.4799
888 68.3245
889 67.9072
890 68.2244
891 68.0682
892 68.3605
893 68.3596
894 67.9905
895 68.0289
896 67.8428
897 68.3405
898 68.3101
899 67.8349
900 67.859
901 68.0322
902 68.1229
903 68.0825
904 68.069
905 67.8139
906 68.2661
907 68.0787
908 67.8585
909 68.0132
910 68.4507
911 68.3264
912 68.3399
913 68.0024
914 68.2999
915 68.1391
916 67.9209
917 68.1053
918 68.0044
919 68.03
920 68.0935
921 68.2552
922 67.9806
923 68.2948
924 68.3079
925 68.3275
926 68.3
927 68.0437
928 68.1265
929 67.7974
930 67.8976
931 67.9263
932 67.8703
933 67.9913
934 68.1193
935 68.0676
936 67.9082
937 68.1255
938 68.2673
939 68.3678
940 68.257
941 68.3323
942 67.9781
943 68.5766
944 68.276
945 68.1704
946 68.555
947 68.3623
948 68.5164
949 68.1994
950 68.4028
951 68.1724
952 68.2763
953 68.0223
954 68.0361
955 68.1257
956 67.9336
957 67.622
958 68.1407
959 68.2074
960 68.2597
961 67.9724
962 68.1697
963 68.3046
964 67.8354
965 67.8921
966 67.7739
967 68.0545
968 67.9111
969 68.3371
970 67.964
971 68.2451
972 67.7556
973 67.7929
974 67.8096
975 68.0139
976 67.8258
977 67.7252
978 67.9735
979 67.7886
980 68.191
981 67.8012
982 67.9703
983 67.7867
984 68.2928
985 67.986
986 67.7542
987 67.831
988 67.9869
989 68.3083
990 67.8462
991 68.0317
992 67.8923
993 68.2078
994 68.0571
995 68.1887
996 67.7575
997 68.328
998 68.1894
999 68.3131
1000 68.0498
1001 67.9693
1002 68.0939
1003 68.1338
1004 68.1745
1005 68.3037
1006 67.9628
1007 67.8877
1008 67.9324
1009 67.9638
1010 67.732
1011 67.9766
1012 67.8965
1013 68.0191
1014 67.9895
1015 68.0253
1016 68.1487
1017 68.4183
1018 68.2337
1019 68.0434
1020 68.0412
1021 68.2498
1022 67.7049
1023 68.0785
1024 67.9684
1025 67.9036
1026 68.1493
1027 68.487
1028 67.9831
1029 68.0783
1030 68.3673
1031 68.0375
1032 68.4078
1033 68.1791
1034 67.911
1035 68.1148
1036 68.1533
1037 68.0427
1038 68.0051
1039 68.0234
1040 68.2344
1041 68.1469
1042 68.4551
1043 68.5345
1044 68.5583
1045 68.2491
1046 68.0825
1047 67.9685
1048 67.9435
1049 67.8816
1050 67.9769
1051 67.6386
1052 67.7461
1053 68.0378
1054 68.0367
1055 68.6016
1056 68.5539
1057 68.2425
1058 68.0782
1059 68.1237
1060 68.0304
1061 67.6437
1062 68.3374
1063 68.3441
1064 68.0775
1065 68.3836
1066 68.3538
1067 68.1894
1068 68.1324
1069 68.1223
1070 68.3176
1071 67.6807
1072 67.9238
1073 67.7821
1074 67.8489
1075 67.7013
1076 68.0759
1077 67.9785
1078 67.9513
1079 67.8643
1080 67.8512
1081 67.8681
1082 68.0658
1083 67.7956
1084 67.6837
1085 68.0273
1086 68.2006
1087 68.4129
1088 67.8659
1089 67.7572
1090 68.1948
1091 68.3233
1092 68.0914
1093 68.0437
1094 68.2155
1095 68.0804
1096 68.1647
1097 67.8775
1098 68.1481
1099 68.1766
1100 67.784
1101 68.0595
1102 67.8115
1103 67.8253
1104 67.9217
1105 68.4372
1106 68.2451
1107 68.0782
1108 67.9094
1109 68.0764
1110 67.8864
1111 68.0792
1112 68.2481
1113 67.9273
1114 68.2215
1115 67.8253
1116 68.4634
1117 68.32
1118 68.3536
1119 68.1146
1120 68.2291
1121 67.81
1122 68.0809
1123 67.828
1124 68.0013
1125 67.9962
1126 68.2934
1127 68.0516
1128 68.0367
1129 67.9059
1130 68.1316
1131 68.0405
1132 68.0227
1133 68.1253
1134 67.9738
1135 68.0669
1136 67.9022
1137 67.9272
1138 68.3097
1139 68.3426
1140 68.1529
1141 67.881
1142 68.21
1143 68.0176
1144 67.9563
1145 68.0661
1146 68.168
1147 67.7383
1148 68.2666
1149 68.2406
1150 67.8068
1151 67.6087
1152 67.9124
1153 68.3078
1154 67.8615
1155 67.901
1156 68.1336
1157 68.2785
1158 67.7284
1159 68.0327
1160 67.5028
1161 67.9266
1162 67.8186
1163 67.6959
1164 67.7684
1165 67.5002
1166 67.9407
1167 67.7472
1168 67.8363
1169 67.8049
1170 67.7461
1171 67.8859
1172 68.2246
1173 68.0908
1174 68.2011
1175 67.885
1176 68.2658
1177 67.995
1178 67.831
1179 67.9664
1180 68.1839
1181 67.993
1182 68.2651
1183 68.0807
1184 68.0853
1185 68.035
1186 68.1416
1187 68.1633
1188 68.2837
1189 68.5309
1190 68.3671
1191 68.3737
1192 68.3058
1193 68.2474
1194 67.6859
1195 67.5334
1196 67.7894
1197 68.1698
1198 68.0677
1199 68.2062
1200 68.0836
1201 68.0152
1202 68.2917
1203 68.1081
1204 67.9971
1205 67.9569
1206 68.1356
1207 68.1323
1208 68.0147
1209 68.1275
1210 68.1337
1211 67.9497
1212 67.8421
1213 67.8585
1214 67.9898
1215 68.0715
1216 68.3345
1217 68.1792
1218 68.5009
1219 68.1606
1220 68.1203
1221 68.0257
1222 68.1429
1223 67.9587
1224 67.5719
1225 67.7187
1226 67.9618
1227 67.8672
1228 68.0051
1229 67.9967
1230 68.4644
1231 68.3085
1232 68.3123
1233 67.9025
1234 67.9928
1235 67.9839
1236 67.8681
1237 68.0159
1238 68.3028
1239 68.0289
1240 68.1561
1241 68.0743
1242 68.1428
1243 67.8642
1244 67.9314
1245 67.9229
1246 68.1603
1247 68.0544
1248 68.0286
1249 67.8382
1250 68.2537
1251 68.1826
1252 68.2547
1253 68.4702
1254 68.4862
1255 68.2175
1256 67.9773
1257 68.6073
1258 68.157
1259 68.115
1260 68.1513
1261 68.2857
1262 67.9879
1263 68.1999
1264 68.2752
1265 67.8963
1266 67.7526
1267 67.9657
1268 67.851
1269 67.6879
1270 68.0946
1271 68.054
1272 68.1491
1273 67.9575
1274 68.0171
1275 68.0008
1276 67.9585
1277 68.105
1278 67.8165
1279 67.9785
1280 68.0618
1281 67.6223
1282 67.5688
1283 67.9854
1284 68.0332
1285 67.9143
1286 68.2371
1287 67.9355
1288 67.7348
1289 68.021
1290 68.1267
1291 68.0677
1292 68.0079
1293 68.1589
1294 67.6505
1295 67.8793
1296 67.7789
1297 67.8002
1298 68.2089
1299 67.8389
1300 68.2416
1301 68.0001
1302 68.2204
1303 68.0415
1304 67.9297
1305 68.1428
1306 68.2401
1307 68.228
1308 68.1426
1309 67.7542
1310 67.9924
1311 68.1159
1312 68.0836
1313 68.1308
1314 68.1683
1315 68.1757
1316 67.9482
1317 68.294
1318 68.2562
1319 68.3139
1320 68.066
1321 67.7047
1322 67.9465
1323 68.1224
1324 68.3574
1325 67.6892
1326 67.7855
1327 67.9307
1328 68.1585
1329 68.2145
1330 68.2735
1331 68.0438
1332 68.0436
1333 68.2536
1334 68.0059
1335 67.6497
1336 67.7514
1337 68.2405
1338 68.0225
1339 67.8156
1340 68.0243
1341 68.2768
1342 68.1966
1343 68.1786
1344 68.2929
1345 68.128
1346 68.0098
1347 68.1973
1348 68.1427
1349 68.4142
1350 68.207
1351 68.1164
1352 67.9997
1353 68.0254
1354 68.2592
1355 68.2943
1356 67.7616
1357 68.2114
1358 67.853
1359 67.7894
1360 68.041
1361 68.0877
1362 68.0777
1363 68.2316
1364 68.2431
1365 67.6631
1366 68.0144
1367 68.0607
1368 68.0963
1369 68.1567
1370 67.8336
1371 67.7505
1372 67.88
1373 67.5172
1374 67.9684
1375 68.1979
1376 68.0372
1377 68.0577
1378 67.8255
1379 68.1174
1380 68.0636
1381 68.1177
1382 67.8879
1383 67.9804
1384 68.467
1385 68.0622
1386 67.9608
1387 68.1964
1388 67.9137
1389 67.7649
1390 68.4388
1391 68.2871
1392 68.3841
1393 68.3037
1394 68.1466
1395 68.2816
1396 68.6359
1397 68.2656
1398 68.2882
1399 68.1874
1400 68.5687
1401 68.1672
1402 68.0554
1403 68.3105
1404 67.8552
1405 68.3924
1406 68.3327
1407 68.194
1408 68.0942
1409 68.2641
1410 68.2383
1411 67.8519
1412 67.8447
1413 67.9933
1414 68.3704
1415 68.0925
1416 67.914
1417 67.9338
1418 68.0271
1419 68.4103
1420 68.1707
1421 67.9617
1422 68.0496
1423 68.2762
1424 67.807
1425 68.1045
1426 68.2101
1427 67.8458
1428 68.0877
1429 67.8919
1430 68.0537
1431 68.2143
1432 68.5114
1433 68.2726
1434 68.3955
1435 68.0387
1436 68.0995
1437 68.0915
1438 68.3092
1439 68.3782
1440 67.8848
1441 68.0585
1442 68.1221
1443 68.431
1444 68.0179
1445 67.8346
1446 67.9083
1447 68.5694
1448 67.9375
1449 67.9804
1450 68.2776
1451 67.9474
1452 67.7635
1453 68.2013
1454 67.8605
1455 68.1701
1456 68.1714
1457 67.8316
1458 67.4989
1459 67.9865
1460 67.9829
1461 67.9783
1462 68.2298
1463 68.1986
1464 68.2018
1465 68.2902
1466 67.9922
1467 67.8365
1468 68.3454
1469 68.1564
1470 68.1808
1471 67.872
1472 68.3804
1473 68.4511
1474 68.0069
1475 67.7695
1476 67.8789
1477 68.3755
1478 68.2145
1479 68.0425
1480 67.7259
1481 67.9793
1482 67.7591
1483 67.8345
1484 67.993
1485 68.019
1486 68.2225
1487 68.3311
1488 68.2235
1489 67.8822
1490 68.1997
1491 68.212
1492 68.0623
1493 67.9268
1494 67.9407
1495 67.8881
1496 68.0197
1497 67.846
1498 68.2129
1499 67.9314
1500 68.0091
1501 67.7907
1502 68.0609
1503 68.0256
1504 68.3604
1505 68.1883
1506 67.8883
1507 67.8437
1508 68.0639
1509 67.9232
1510 68.0282
1511 67.6343
1512 68.008
1513 68.1712
1514 67.783
1515 67.6197
1516 67.737
1517 68.0691
1518 67.9945
1519 68.1952
1520 68.1366
1521 67.8117
1522 67.7177
1523 67.8466
1524 68.1601
1525 68.7954
1526 67.9854
1527 67.7776
1528 67.6688
1529 67.5905
1530 67.9758
1531 67.8893
1532 67.7891
1533 67.89
1534 67.784
1535 68.5405
1536 68.3015
1537 68.2064
1538 68.0148
1539 68.2192
1540 68.2769
1541 67.9777
1542 67.7888
1543 67.6539
1544 67.8924
1545 68.0783
1546 67.9969
1547 67.8277
1548 68.1803
1549 68.066
1550 68.2367
1551 68.3058
1552 68.2313
1553 67.8553
1554 67.9127
1555 68.2799
1556 68.1124
1557 67.705
1558 67.8761
1559 67.9508
1560 67.7173
1561 68.0607
1562 68.1765
1563 68.4968
1564 67.9582
1565 68.1484
1566 68.2095
1567 67.9842
1568 68.1616
1569 67.9034
1570 68.1826
1571 68.0898
1572 68.1062
1573 67.8342
1574 68.0444
1575 67.908
1576 68.2331
1577 68.1895
1578 67.9769
1579 68.4376
1580 68.5624
1581 68.2739
1582 68.0196
1583 68.4041
1584 68.3838
1585 68.1592
1586 67.983
1587 67.9735
1588 68.0677
1589 68.1946
1590 68.3139
1591 68.1537
1592 68.3406
1593 68.0635
1594 67.8478
1595 67.8137
1596 68.1396
1597 67.9908
1598 67.636
1599 68.1825
1600 68.5179
1601 68.1645
1602 67.8745
1603 67.6364
1604 67.87
1605 68.1564
1606 68.2028
1607 68.1773
1608 68.2638
1609 68.121
1610 68.2449
1611 68.3013
1612 68.2133
1613 67.8338
1614 67.942
1615 67.8515
1616 67.8696
1617 68.0214
1618 67.9735
1619 68.1026
1620 67.9115
1621 68.0636
1622 68.1253
1623 67.8167
1624 68.061
1625 68.0245
1626 67.7388
1627 67.9227
1628 67.9379
1629 68.0165
1630 67.9992
1631 68.3282
1632 67.9956
1633 68.0577
1634 68.1837
1635 67.9678
1636 67.885
1637 68.2447
1638 68.0263
1639 68.0956
1640 68.1135
1641 68.05
1642 67.9565
1643 68.1292
1644 67.8643
1645 68.13
1646 67.8577
1647 68.0278
1648 67.946
1649 67.828
1650 68.0475
1651 67.8839
1652 68.3855
1653 68.2669
1654 68.2716
1655 68.5557
1656 68.2814
1657 68.106
1658 68.2115
1659 68.001
1660 68.2065
1661 67.6722
1662 67.9275
1663 68.313
1664 68.2559
1665 68.3264
1666 68.2027
1667 67.9193
1668 68.1544
1669 67.8735
1670 68.2117
1671 67.8818
1672 68.1432
1673 68.6004
1674 68.1971
1675 68.4432
1676 68.2019
1677 67.9245
1678 67.9978
1679 68.0494
1680 68.3663
1681 67.8258
1682 68.1884
1683 68.2059
1684 68.3025
1685 68.1843
1686 68.1071
1687 68.0713
1688 68.0607
1689 68.1805
1690 68.3241
1691 67.8768
1692 68.0061
1693 67.9262
1694 68.0635
1695 67.8878
1696 67.9086
1697 68.1826
1698 68.4121
1699 68.2912
1700 68.1412
1701 67.9233
1702 67.8258
1703 67.8852
1704 68.3518
1705 68.368
1706 68.4536
1707 68.0735
1708 68.4557
1709 68.5859
1710 68.1913
1711 68.1963
1712 68.2932
1713 67.9589
1714 68.0571
1715 67.9963
1716 68.464
1717 68.0867
1718 68.0685
1719 67.9559
1720 67.9807
1721 68.2442
1722 67.8463
1723 68.3577
1724 68.2945
1725 67.958
1726 67.94
1727 68.0565
1728 68.2097
1729 68.1214
1730 68.1576
1731 68.1082
1732 67.8634
1733 68.0279
1734 68.0058
1735 68.0168
1736 68.1566
1737 67.7271
1738 68.3531
1739 68.3336
1740 68.2904
1741 68.5813
1742 67.8674
1743 67.8681
1744 67.9013
1745 67.9669
1746 67.8816
1747 68.0015
1748 67.8655
1749 68.0821
1750 68.128
1751 68.0022
1752 68.4012
1753 68.169
1754 68.0006
1755 68.4368
1756 68.2968
1757 68.061
1758 68.0556
1759 68.0145
1760 67.9737
1761 68.4257
1762 68.1035
1763 68.1197
1764 68.1389
1765 67.8192
1766 68.204
1767 68.0904
1768 68.0558
1769 67.8786
1770 68.0746
1771 67.7649
1772 68.1065
1773 67.8203
1774 68.3117
1775 68.3015
1776 67.9347
1777 67.9729
1778 67.8518
1779 67.7853
1780 67.8464
1781 67.9222
1782 68.1622
1783 67.6146
1784 68.3126
1785 68.2476
1786 67.8768
1787 67.9123
1788 68.1647
1789 68.4628
1790 68.1134
1791 67.8333
1792 68.0058
1793 68.2323
1794 68.3204
1795 68.2726
1796 68.2146
1797 68.2901
1798 68.25
1799 67.9496
1800 67.9978
1801 68.3177
1802 68.4936
1803 68.1952
1804 68.2615
1805 68.1127
1806 68.2215
1807 67.9776
1808 68.1488
1809 68.4624
1810 68.3664
1811 68.472
1812 68.1796
1813 68.0011
1814 68.3305
1815 68.4352
1816 68.4304
1817 68.1513
1818 67.7885
1819 67.9508
1820 67.7652
1821 68.0131
1822 67.9743
1823 67.7773
1824 68.013
1825 68.3435
1826 67.8935
1827 67.7724
1828 68.1885
1829 68.0463
1830 67.8639
1831 68.1352
1832 68.1173
1833 68.3348
1834 68.1977
1835 68.1743
1836 67.9848
1837 68.314
1838 67.822
1839 68.1021
1840 68.0967
1841 68.2391
1842 68.5232
1843 68.1921
1844 67.8806
1845 67.9093
1846 67.8735
1847 67.9652
1848 68.2158
1849 68.2003
1850 68.2236
1851 67.7071
1852 68.2417
1853 68.2853
1854 68.1398
1855 68.1563
1856 68.1927
1857 67.8582
1858 68.064
1859 68.0182
1860 68.0732
1861 68.1847
1862 67.8299
1863 68.1067
1864 68.1958
1865 68.1615
1866 68.0281
1867 68.2904
1868 68.2108
1869 68.5249
1870 68.0262
1871 68.0888
1872 68.2688
1873 68.1261
1874 67.765
1875 68.1075
1876 68.0453
1877 68.0236
1878 67.669
1879 68.4471
1880 68.1921
1881 68.2228
1882 67.9859
1883 68.0073
1884 67.9247
1885 68.3144
1886 68.189
1887 68.277
1888 68.0837
1889 68.0372
1890 68.3595
1891 68.255
1892 68.2981
1893 68.2782
1894 68.1288
1895 67.6489
1896 67.8266
1897 67.5389
1898 67.6617
1899 68.2303
1900 68.421
1901 68.3269
1902 68.2424
1903 68.2419
1904 67.8987
1905 67.9927
1906 67.6263
1907 68.0053
1908 67.7983
1909 67.595
1910 67.4909
1911 67.7399
1912 67.9873
1913 67.8155
1914 67.9873
1915 68.207
1916 68.0615
1917 68.0626
1918 68.2143
1919 67.9332
1920 67.6526
1921 68.0758
1922 68.1664
1923 68.3969
1924 67.6823
1925 68.0127
1926 68.2136
1927 68.0289
1928 67.9725
1929 68.5286
1930 68.3207
1931 67.8419
1932 67.5277
1933 67.7064
1934 67.9083
1935 67.8823
1936 68.5096
1937 67.9833
1938 68.077
1939 68.0709
1940 68.1627
1941 67.7578
1942 67.998
1943 67.8465
1944 67.8597
1945 67.8326
1946 68.1095
1947 68.0727
1948 67.8765
1949 67.9426
1950 67.8995
1951 68.0274
1952 68.1499
1953 68.3526
1954 68.1145
1955 67.9497
1956 67.9773
1957 67.981
1958 68.3874
1959 68.4025
1960 68.5214
1961 68.0704
1962 68.2454
1963 68.3922
1964 68.4872
1965 67.945
1966 67.9146
1967 68.0416
1968 67.8753
1969 67.9789
1970 67.8313
1971 68.2874
1972 68.1031
1973 68.3883
1974 68.3341
1975 68.2079
1976 68.4863
1977 68.2117
1978 68.0723
1979 67.9635
1980 68.099
1981 67.8877
1982 67.9479
1983 68.1183
1984 68.4215
1985 68.1933
1986 67.7562
1987 67.7413
1988 67.9274
1989 68.0024
1990 68.2614
1991 68.0268
1992 67.8375
1993 67.7354
1994 67.9689
1995 67.7832
1996 67.9446
1997 67.7231
1998 67.799
1999 68.1224
2000 67.9721
