0 509.523
1 453.123
2 416.946
3 391.018
4 373.29
5 361.254
6 348.379
7 334.342
8 321.676
9 309.166
10 296.597
11 287.236
12 281.034
13 274.83
14 268.233
15 263.354
16 258.881
17 250.731
18 241.443
19 235.534
20 230.979
21 227.829
22 222.043
23 215.878
24 210.606
25 206.643
26 203.168
27 200.903
28 198.291
29 196.049
30 194.286
31 191.357
32 186.533
33 181.986
34 177.324
35 174.275
36 172.037
37 169.998
38 165.867
39 161.186
40 157.5
41 155.05
42 153.093
43 151.612
44 150.216
45 149.222
46 147.008
47 144.929
48 142.31
49 140.475
50 137.93
51 135.718
52 133.56
53 131.743
54 130.678
55 128.845
56 126.28
57 124.861
58 123.738
59 123.093
60 122.935
61 122.296
62 120.379
63 118.309
64 116.741
65 114.93
66 113.406
67 112.102
68 111.426
69 110.899
70 109.942
71 109.24
72 108.52
73 107.229
74 105.294
75 103.282
76 101.55
77 98.8596
78 97.816
79 96.8716
80 95.6816
81 94.6629
82 94.0126
83 93.2422
84 93.0208
85 92.7802
86 92.8708
87 92.692
88 91.4236
89 90.9124
90 90.627
91 90.5741
92 89.6839
93 89.1206
94 88.5637
95 88.2292
96 87.9396
97 87.5356
98 87.4349
99 87.1781
100 86.6924
101 85.6936
102 85.2716
103 85.1864
104 84.5769
105 84.0539
106 83.6211
107 83.5854
108 83.2191
109 83.2134
110 83.2109
111 82.8295
112 82.4659
113 82.3494
114 82.3635
115 82.1481
116 81.7213
117 81.1928
118 81.2179
119 81.6239
120 81.3628
121 81.0036
122 80.9961
123 80.6587
124 80.6647
125 80.6622
126 80.3228
127 80.1864
128 79.7061
129 79.3222
130 78.4297
131 78.3097
132 78.0387
133 77.9634
134 77.6488
135 77.5008
136 77.5244
137 77.077
138 76.4267
139 76.7231
140 76.2843
141 76.1172
142 75.9935
143 75.4111
144 75.2953
145 75.2187
146 75.1278
147 74.7534
148 74.5506
149 74.0983
150 73.5628
151 73.7085
152 73.74
153 74.1327
154 73.6262
155 74.9631
156 77.9253
157 78.0839
158 79.0837
159 78.5055
160 78.3904
161 76.3934
162 74.6533
163 73.7584
164 73.541
165 73.0157
166 72.8859
167 73.0262
168 72.6544
169 72.4633
170 72.5321
171 72.3735
172 72.3851
173 72.0833
174 72.3256
175 72.2412
176 72.2729
177 72.1543
178 72.6855
179 72.3749
180 72.2628
181 72.3101
182 72.1809
183 72.2176
184 72.0046
185 72.0846
186 71.8217
187 71.895
188 71.7611
189 72.5615
190 72.1789
191 72.2308
192 72.1356
193 71.95
194 71.664
195 71.6785
196 71.9985
197 71.8428
198 72.2577
199 72.0109
200 71.9481
201 71.8445
202 71.5779
203 71.8408
204 71.7124
205 71.6203
206 71.903
207 72.0019
208 71.6763
209 71.6205
210 72.0418
211 71.8598
212 72.1254
213 71.703
214 71.9657
215 71.942
216 71.9931
217 72.2214
218 71.9555
219 71.8758
220 71.9371
221 71.8419
222 71.7135
223 71.7256
224 71.6278
225 71.7923
226 71.777
227 71.5802
228 71.8566
229 71.6877
230 71.838
231 71.6211
232 71.6437
233 71.691
234 71.4835
235 71.4948
236 71.5162
237 71.4008
238 71.3598
239 71.092
240 71.0406
241 71.3807
242 71.0654
243 71.1453
244 70.9565
245 70.7803
246 70.9219
247 70.7416
248 70.8806
249 70.9977
250 70.9632
251 71.2638
252 70.8868
253 71.0719
254 70.6873
255 71.0806
256 70.9951
257 70.8558
258 71.1856
259 70.7994
260 70.7958
261 70.7502
262 71.0754
263 70.9032
264 70.6772
265 70.8258
266 70.8969
267 70.4792
268 70.5484
269 70.5412
270 70.616
271 70.6325
272 70.599
273 70.4292
274 70.1955
275 70.3744
276 70.8857
277 70.56
278 70.4925
279 70.3734
280 70.4747
281 70.2914
282 70.2322
283 70.3895
284 70.5983
285 70.2038
286 70.2391
287 70.3832
288 70.1793
289 70.1857
290 70.3645
291 70.0459
292 70.2587
293 69.9757
294 70.1183
295 70.1219
296 70.2355
297 70.2785
298 70.1244
299 70.4473
300 70.7536
301 70.7286
302 70.4191
303 70.2711
304 70.5612
305 70.4328
306 70.1987
307 70.4798
308 70.405
309 70.3786
310 70.4715
311 70.3579
312 70.1254
313 70.3304
314 70.2771
315 70.3219
316 70.4862
317 70.1796
318 70.6412
319 70.5929
320 70.9509
321 70.6401
322 72.8915
323 74.5457
324 74.6582
325 72.864
326 71.2444
327 70.6407
328 70.3208
329 70.4434
330 70.1913
331 70.5272
332 70.3086
333 70.4389
334 70.1054
335 70.0831
336 70.122
337 69.7938
338 70.481
339 70.4481
340 70.6096
341 70.2316
342 70.1681
343 70.1885
344 70.2972
345 70.4653
346 70.4178
347 70.4893
348 70.4523
349 70.0779
350 70.4523
351 70.2189
352 70.5199
353 70.8329
354 70.6759
355 70.8986
356 70.5181
357 70.1083
358 70.4946
359 70.3501
360 70.4713
361 70.8651
362 70.2318
363 70.6275
364 70.188
365 70.3836
366 70.3013
367 70.2504
368 70.167
369 70.1272
370 70.232
371 70.5074
372 70.532
373 70.2302
374 70.4018
375 70.456
376 70.0923
377 70.4148
378 70.6427
379 70.9287
380 70.3714
381 70.3962
382 70.5486
383 70.3652
384 70.312
385 70.8071
386 71.2361
387 70.8959
388 70.3212
389 70.6516
390 70.1161
391 70.1937
392 70.2971
393 70.04
394 70.5005
395 70.2666
396 70.2018
397 70.6743
398 70.5796
399 70.5081
400 70.1767
401 69.9474
402 70.3589
403 70.5607
404 70.2602
405 70.3963
406 70.9844
407 70.4595
408 70.6682
409 70.3298
410 70.5176
411 70.3609
412 70.4637
413 70.2833
414 70.3802
415 70.1847
416 69.9867
417 70.2204
418 70.3656
419 70.312
420 70.426
421 70.4315
422 70.4402
423 70.1981
424 70.3923
425 70.3664
426 70.7659
427 70.639
428 70.4074
429 70.1751
430 70.6314
431 70.4544
432 70.4692
433 70.1037
434 70.0547
435 70.1938
436 70.3643
437 70.3607
438 70.1344
439 70.4842
440 70.1959
441 70.7038
442 70.4881
443 70.9289
444 70.9279
445 70.4849
446 70.4516
447 70.4955
448 70.6132
449 70.6292
450 70.7128
451 70.3346
452 70.4576
453 70.7947
454 70.2573
455 70.1129
456 70.2056
457 70.4576
458 70.3286
459 70.438
460 70.3334
461 70.6221
462 70.4325
463 70.7615
464 70.5053
465 70.5189
466 70.1899
467 70.5168
468 70.0811
469 70.5212
470 70.384
471 70.368
472 70.443
473 70.7132
474 70.4337
475 70.265
476 70.5419
477 70.5871
478 70.1072
479 70.2058
480 70.1665
481 70.3918
482 70.4241
483 70.0303
484 70.425
485 70.1159
486 70.2319
487 70.3529
488 70.4663
489 70.5139
490 70.0975
491 70.3259
492 70.3488
493 70.2699
494 70.8208
495 70.6454
496 70.0348
497 70.2065
498 70.3379
499 70.3679
500 70.4176
501 70.5394
502 70.2311
503 70.2244
504 70.3649
505 70.1382
506 70.408
507 70.281
508 70.4354
509 70.4844
510 70.0671
511 70.5147
512 70.4261
513 70.0402
514 70.1706
515 70.3942
516 70.2751
517 70.1573
518 70.1454
519 70.1828
520 70.5243
521 70.5133
522 70.1287
523 70.2254
524 70.2195
525 70.461
526 70.2194
527 70.3093
528 70.4121
529 70.305
530 70.1885
531 70.1889
532 70.1521
533 70.3368
534 69.9788
535 70.2522
536 70.8537
537 70.3213
538 70.2838
539 70.421
540 70.41
541 70.1019
542 70.2127
543 70.1591
544 70.4351
545 70.4163
546 70.4112
547 70.311
548 70.1316
549 69.82
550 70.0601
551 70.1983
552 70.0886
553 70.1614
554 70.2753
555 70.3118
556 70.163
557 70.2556
558 70.1546
559 70.4085
560 70.2862
561 70.4786
562 70.439
563 70.0806
564 70.2264
565 70.2354
566 70.2996
567 70.4873
568 70.2274
569 70.2607
570 70.2279
571 70.4171
572 70.2206
573 70.1029
574 70.24
575 70.0871
576 70.2839
577 70.387
578 70.4118
579 70.0704
580 70.122
581 70.8692
582 70.624
583 70.4113
584 70.2438
585 70.0109
586 70.1026
587 70.4477
588 70.536
589 70.1939
590 70.5446
591 70.3286
592 70.1615
593 70.1831
594 69.9475
595 70.1579
596 70.3259
597 70.4855
598 70.7594
599 70.7094
600 70.3865
601 70.5731
602 70.3864
603 70.5098
604 70.8541
605 71.0731
606 70.6178
607 70.1466
608 70.6908
609 70.3021
610 70.6633
611 70.502
612 70.4665
613 70.061
614 70.1485
615 69.9445
616 70.4904
617 70.2625
618 70.7007
619 70.3698
620 70.4848
621 70.5997
622 70.3274
623 70.3502
624 70.4727
625 70.1318
626 70.065
627 70.0603
628 70.1115
629 70.5005
630 70.2804
631 70.384
632 70.376
633 70.1535
634 70.3925
635 70.0339
636 70.1913
637 70.2949
638 70.379
639 70.3031
640 70.0656
641 70.3296
642 70.3294
643 70.4413
644 70.6909
645 70.0636
646 70.1742
647 70.4011
648 70.199
649 70.0441
650 70.5646
651 70.6225
652 70.4781
653 70.7249
654 70.7615
655 70.6469
656 70.5432
657 70.1043
658 70.5604
659 70.6737
660 70.3427
661 70.2789
662 70.3896
663 70.2867
664 70.436
665 70.3298
666 70.5705
667 70.172
668 70.3709
669 70.0203
670 70.3849
671 70.3712
672 70.3146
673 70.1611
674 70.1344
675 70.3529
676 70.2183
677 69.9726
678 69.9512
679 70.0878
680 70.4977
681 70.6308
682 70.2544
683 70.2776
684 70.2898
685 70.203
686 70.3956
687 70.4313
688 70.392
689 70.1273
690 70.1304
691 70.1389
692 70.3509
693 70.6249
694 70.1454
695 70.8692
696 70.521
697 70.4128
698 70.4938
699 70.3729
700 70.0979
701 70.2085
702 70.4372
703 70.3241
704 70.2415
705 70.3386
706 70.4297
707 70.0814
708 70.4762
709 70.3779
710 70.006
711 70.1307
712 70.351
713 70.6139
714 70.3463
715 70.4132
716 70.2663
717 70.1986
718 70.5564
719 69.9972
720 70.2111
721 70.3005
722 70.3917
723 70.4273
724 70.5995
725 70.4518
726 70.222
727 70.4116
728 70.1075
729 70.473
730 70.498
731 70.3689
732 70.2478
733 70.3884
734 69.8865
735 70.1481
736 70.1428
737 70.1263
738 70.0087
739 70.1385
740 70.1945
741 70.5132
742 70.6168
743 70.2845
744 70.4217
745 70.0895
746 70.1433
747 70.0099
748 70.568
749 70.5635
750 70.3533
751 70.7726
752 70.4345
753 70.494
754 70.125
755 70.4744
756 70.3721
757 70.2108
758 70.2897
759 70.4956
760 70.4102
761 70.0111
762 70.4805
763 70.7652
764 70.4051
765 70.5258
766 70.6577
767 70.6647
768 70.9275
769 70.6976
770 70.176
771 70.0262
772 70.1257
773 70.1941
774 70.1782
775 70.0991
776 70.4093
777 70.2919
778 70.5266
779 70.5121
780 70.2023
781 70.3622
782 70.0935
783 70.1742
784 69.9569
785 69.9195
786 69.9875
787 70.0445
788 70.0891
789 70.2751
790 70.4178
791 70.1369
792 70.2924
793 70.0653
794 70.5093
795 70.3361
796 70.3097
797 70.3086
798 70.2835
799 70.148
800 70.4712
801 70.1742
802 70.153
803 70.4764
804 70.2928
805 70.0633
806 70.0314
807 70.4503
808 70.7298
809 70.4922
810 70.5752
811 70.2408
812 70.4726
813 70.4531
814 70.6014
815 70.3279
816 70.6315
817 70.1041
818 70.3613
819 70.0879
820 70.1976
821 69.9152
822 70.3323
823 70.7666
824 70.4348
825 70.3086
826 70.2605
827 70.2002
828 70.6002
829 70.3829
830 70.4747
831 70.5247
832 70.4871
833 70.1325
834 70.1044
835 70.5375
836 70.3665
837 70.3447
838 70.4012
839 70.169
840 70.547
841 70.5384
842 70.6283
843 70.6254
844 70.3467
845 70.6476
846 70.1504
847 70.3734
848 70.2631
849 70.4614
850 70.2564
851 70.6193
852 70.38
853 70.127
854 70.138
855 69.9536
856 70.5062
857 70.521
858 70.1766
859 70.1267
860 70.1419
861 70.2913
862 70.3818
863 70.3281
864 70.5243
865 70.4217
866 70.4907
867 70.4909
868 70.6335
869 70.2142
870 70.2035
871 70.3136
872 70.6175
873 70.4911
874 70.6453
875 70.5245
876 70.2733
877 69.9318
878 70.1932
879 70.1704
880 70.4266
881 70.1969
882 70.2295
883 70.5707
884 70.414
885 70.2752
886 70.3418
887 70.5074
888 70.31
889 70.4055
890 70.2271
891 70.3435
892 70.5271
893 70.4724
894 70.2194
895 70.3134
896 70.2634
897 70.26
898 70.3452
899 70.5337
900 70.4815
901 70.5953
902 70.3162
903 70.0567
904 70.2478
905 70.2907
906 70.6487
907 70.1413
908 70.2104
909 70.3327
910 70.2396
911 70.6148
912 70.4133
913 70.2966
914 70.4493
915 70.4103
916 70.2962
917 70.2454
918 70.3398
919 70.2679
920 70.0387
921 70.2261
922 70.1524
923 70.1224
924 70.4969
925 70.0789
926 70.4619
927 70.4803
928 70.4577
929 70.2816
930 70.271
931 70.5501
932 70.5749
933 70.4178
934 70.5265
935 70.0215
936 70.3628
937 70.238
938 70.3215
939 70.4398
940 70.3344
941 70.3365
942 70.1281
943 70.4044
944 70.4971
945 70.8825
946 70.4096
947 70.2943
948 70.0468
949 70.1185
950 70.003
951 70.2416
952 70.4546
953 70.2274
954 70.17
955 70.3257
956 70.4404
957 70.2239
958 70.1355
959 70.2816
960 70.3741
961 70.2775
962 70.3948
963 70.0675
964 70.3087
965 70.4431
966 70.1325
967 70.4088
968 70.5795
969 70.2855
970 70.4514
971 70.5825
972 70.8459
973 70.5186
974 70.246
975 70.2074
976 70.2294
977 70.4477
978 70.4604
979 70.269
980 70.3829
981 70.5372
982 70.6558
983 70.4978
984 70.1925
985 70.4642
986 70.2616
987 70.4188
988 70.1439
989 70.2005
990 70.4528
991 70.565
992 70.8097
993 70.7482
994 70.5817
995 70.2198
996 70.1063
997 70.3294
998 70.4121
999 70.2225
1000 70.2706
1001 70.6536
1002 70.418
1003 70.4858
1004 70.3958
1005 70.5913
1006 70.2661
1007 70.7134
1008 70.3321
1009 70.1602
1010 70.2723
1011 70.2039
1012 70.3335
1013 70.5139
1014 70.2128
1015 70.2079
1016 70.3032
1017 70.2248
1018 70.3589
1019 70.2345
1020 70.4686
1021 70.3329
1022 70.8699
1023 70.4967
1024 70.5735
1025 70.1094
1026 70.1694
1027 70.3838
1028 70.3855
1029 70.7023
1030 70.1056
1031 69.7293
1032 70.0821
1033 69.9719
1034 70.1418
1035 70.4529
1036 70.4302
1037 69.9535
1038 69.5496
1039 70.041
1040 70.1574
1041 69.9255
1042 69.8975
1043 69.756
1044 70.0843
1045 70.2844
1046 70.1927
1047 70.3524
1048 70.3337
1049 69.8678
1050 70.2609
1051 69.8963
1052 69.5308
1053 69.7302
1054 69.7141
1055 70.2242
1056 69.7681
1057 70.0339
1058 69.8934
1059 69.7064
1060 69.8022
1061 69.6375
1062 69.8351
1063 69.7239
1064 69.8785
1065 69.8776
1066 70.0317
1067 70.0513
1068 69.9738
1069 69.9406
1070 69.8577
1071 69.874
1072 69.8984
1073 70.0219
1074 69.8806
1075 69.6065
1076 69.8327
1077 69.6491
1078 69.782
1079 69.6612
1080 69.7357
1081 69.7345
1082 69.5966
1083 69.846
1084 70.1718
1085 69.8092
1086 70.1291
1087 69.8074
1088 70.0387
1089 70.0691
1090 70.3293
1091 70.583
1092 70.2108
1093 69.958
1094 69.9799
1095 70.1008
1096 70.1271
1097 70.2375
1098 70.1859
1099 70.0897
1100 70.221
1101 70.297
1102 69.9058
1103 69.6405
1104 69.6072
1105 69.4907
1106 69.8743
1107 69.8217
1108 70.0286
1109 69.9926
1110 69.7553
1111 70.2451
1112 70.25
1113 70.1133
1114 70.3767
1115 69.967
1116 70.1993
1117 70.1298
1118 70.1843
1119 70.2072
1120 70.2238
1121 70.0946
1122 69.9098
1123 70.0946
1124 70.1806
1125 70.1525
1126 70.1299
1127 69.9555
1128 69.325
1129 69.7811
1130 69.9983
1131 69.7674
1132 69.7931
1133 70.0846
1134 70.2993
1135 70.3238
1136 70.1557
1137 69.5778
1138 69.9211
1139 70.0224
1140 70.0888
1141 70.0888
1142 70.1122
1143 70.2867
1144 70.0578
1145 69.9531
1146 69.762
1147 69.6763
1148 69.9505
1149 69.8941
1150 69.9651
1151 69.9396
1152 69.9997
1153 70.0817
1154 69.8495
1155 69.9623
1156 70.0607
1157 69.9832
1158 69.9435
1159 70.3512
1160 69.9279
1161 69.8541
1162 70.1916
1163 69.8807
1164 70.3921
1165 70.1308
1166 69.9528
1167 69.9947
1168 70.0236
1169 70.1547
1170 69.9832
1171 69.5372
1172 69.775
1173 69.9313
1174 70.0974
1175 69.8703
1176 70.0664
1177 69.9807
1178 69.8313
1179 70.131
1180 69.9727
1181 69.8021
1182 69.9085
1183 70.1448
1184 69.718
1185 69.9466
1186 70.0856
1187 69.8584
1188 70.1177
1189 70.0279
1190 69.7005
1191 70.0716
1192 69.9838
1193 69.919
1194 70.2324
1195 69.8693
1196 70.0324
1197 70.1753
1198 70.2629
1199 70.2224
1200 70.475
1201 70.1263
1202 70.0979
1203 70.1381
1204 69.9929
1205 70.1653
1206 70.3728
1207 70.3455
1208 69.8325
1209 70.0537
1210 69.7553
1211 70.0458
1212 69.7459
1213 69.9318
1214 70.174
1215 70.2548
1216 70.1839
1217 70.1365
1218 70.0924
1219 69.9542
1220 70.2528
1221 69.9513
1222 69.6698
1223 69.5686
1224 70.2764
1225 69.8758
1226 69.7854
1227 69.8547
1228 69.8705
1229 69.6108
1230 69.6398
1231 69.9706
1232 69.6475
1233 69.629
1234 69.8644
1235 69.8611
1236 69.9647
1237 69.9544
1238 69.9565
1239 69.7114
1240 69.8121
1241 70.0296
1242 69.9838
1243 70.0667
1244 69.8502
1245 69.5807
1246 69.8749
1247 70.0525
1248 70.8068
1249 70.6023
1250 70.1377
1251 70.2836
1252 69.8623
1253 69.7653
1254 69.917
1255 70.0915
1256 69.8237
1257 69.6798
1258 69.724
1259 69.7989
1260 70.0089
1261 70.2103
1262 70.3119
1263 70.133
1264 70.1002
1265 69.8771
1266 69.8375
1267 69.9742
1268 70.2263
1269 70.5066
1270 69.7753
1271 69.6996
1272 69.741
1273 69.744
1274 70.1513
1275 69.8179
1276 69.7234
1277 69.7872
1278 69.8411
1279 69.8934
1280 70.0773
1281 70.0306
1282 69.9979
1283 69.9366
1284 69.6763
1285 69.8035
1286 70.2969
1287 70.0446
1288 70.438
1289 70.3717
1290 70.8074
1291 70.2562
1292 70.2767
1293 70.2739
1294 70.1733
1295 70.0851
1296 69.9598
1297 70.1814
1298 70.1235
1299 70.1617
1300 69.8143
1301 69.6607
1302 70.0145
1303 70.006
1304 69.8662
1305 70.1342
1306 69.9829
1307 70.0253
1308 69.8996
1309 70.0107
1310 70.2898
1311 70.0763
1312 70.1393
1313 70.2199
1314 70.1609
1315 70.0453
1316 70.0716
1317 70.0077
1318 69.9616
1319 70.2742
1320 70.2372
1321 70.1591
1322 70.1698
1323 69.9191
1324 69.6928
1325 69.9206
1326 69.9192
1327 70.2681
1328 70.0798
1329 69.6904
1330 69.7914
1331 70.1669
1332 70.1369
1333 70.0629
1334 70.3967
1335 70.357
1336 69.9287
1337 70.0891
1338 69.8419
1339 70.0212
1340 69.8351
1341 70.0919
1342 69.6107
1343 70.0572
1344 70.1758
1345 70.3072
1346 69.9855
1347 69.8924
1348 70.1359
1349 69.7695
1350 69.6466
1351 69.7156
1352 69.5649
1353 69.847
1354 70.2641
1355 70.2569
1356 70.0733
1357 70.1476
1358 69.8516
1359 69.7556
1360 70.0103
1361 70.1335
1362 69.9507
1363 70.2178
1364 69.9674
1365 69.7268
1366 70.1038
1367 69.9525
1368 69.7857
1369 69.8464
1370 70.0402
1371 70.1011
1372 70.2618
1373 69.9685
1374 69.7538
1375 69.6216
1376 69.9822
1377 69.8117
1378 69.8562
1379 70.3169
1380 70.1818
1381 70.0773
1382 70.3269
1383 70.037
1384 69.9934
1385 70.6012
1386 70.1662
1387 70.1189
1388 69.7986
1389 69.9642
1390 69.8481
1391 69.9792
1392 69.8845
1393 69.686
1394 69.6918
1395 69.8664
1396 70.1059
1397 69.8377
1398 69.7308
1399 69.7845
1400 70.0439
1401 69.8769
1402 70.1625
1403 70.2402
1404 70.2322
1405 69.7388
1406 69.8791
1407 69.8545
1408 70.0164
1409 70.3565
1410 70.2526
1411 70.0365
1412 69.6299
1413 69.7616
1414 69.8029
1415 70.1549
1416 69.857
1417 70.0536
1418 69.8624
1419 70.0897
1420 69.6312
1421 70.0364
1422 69.9158
1423 70.0537
1424 70.1398
1425 70.3357
1426 69.8565
1427 69.8643
1428 70.0413
1429 69.8623
1430 69.8886
1431 69.5562
1432 70.0096
1433 69.9382
1434 70.3893
1435 69.9255
1436 70.0804
1437 69.7635
1438 69.2482
1439 69.0651
1440 68.8334
1441 68.9107
1442 69.2357
1443 69.2118
1444 69.2648
1445 69.7218
1446 69.5911
1447 69.4898
1448 69.3447
1449 69.0051
1450 69.4312
1451 69.3487
1452 69.5108
1453 69.5964
1454 69.3991
1455 69.5593
1456 69.5045
1457 69.2386
1458 69.06
1459 69.2286
1460 69.3989
1461 69.2653
1462 69.5663
1463 69.696
1464 69.7971
1465 69.4875
1466 69.4947
1467 69.7768
1468 69.3154
1469 69.1667
1470 69.2136
1471 69.5923
1472 69.2885
1473 69.396
1474 69.7212
1475 69.4646
1476 69.2099
1477 69.1475
1478 69.535
1479 68.9337
1480 69.1858
1481 69.5218
1482 69.4426
1483 69.2868
1484 69.5863
1485 69.4808
1486 68.9774
1487 69.6439
1488 69.4013
1489 69.2575
1490 69.4201
1491 68.9301
1492 69.7075
1493 69.2613
1494 69.0352
1495 69.1334
1496 69.2945
1497 69.4902
1498 69.9143
1499 69.45
1500 69.3962
1501 69.3276
1502 69.3025
1503 69.3567
1504 69.5208
1505 69.3932
1506 69.2744
1507 69.2736
1508 69.5801
1509 69.7453
1510 69.3675
1511 69.3419
1512 69.1981
1513 69.2937
1514 69.3598
1515 68.9698
1516 69.3921
1517 69.1834
1518 69.0248
1519 69.0827
1520 69.1942
1521 69.4949
1522 69.5249
1523 69.5508
1524 69.5126
1525 69.4952
1526 69.4152
1527 69.5805
1528 69.3741
1529 69.1303
1530 69.24
1531 69.5433
1532 69.6082
1533 69.8944
1534 69.3709
1535 69.0043
1536 69.3915
1537 69.3983
1538 69.6217
1539 69.4639
1540 69.4348
1541 69.2917
1542 69.3442
1543 69.6123
1544 69.536
1545 69.3737
1546 69.4402
1547 69.2884
1548 69.0502
1549 69.5892
1550 69.3365
1551 69.4936
1552 69.3643
1553 69.2834
1554 69.152
1555 69.5128
1556 69.4773
1557 69.3145
1558 69.4135
1559 69.2579
1560 69.2461
1561 69.3094
1562 69.3094
1563 69.5379
1564 69.5073
1565 69.5159
1566 69.4109
1567 69.4503
1568 69.1956
1569 69.478
1570 69.6652
1571 69.7107
1572 69.9673
1573 69.3853
1574 69.4009
1575 69.5271
1576 69.2208
1577 69.1141
1578 69.2506
1579 69.3275
1580 69.3978
1581 69.275
1582 69.2288
1583 69.2829
1584 69.1605
1585 69.2536
1586 69.3229
1587 69.3068
1588 69.5354
1589 68.9784
1590 69.2324
1591 69.2804
1592 69.1356
1593 69.2487
1594 69.1855
1595 69.5864
1596 69.2432
1597 69.4836
1598 69.5495
1599 69.2286
1600 69.377
1601 69.2724
1602 69.5175
1603 69.1498
1604 69.1106
1605 69.3659
1606 69.0898
1607 69.2711
1608 69.4203
1609 69.6992
1610 69.2646
1611 69.3797
1612 69.1833
1613 69.2636
1614 68.8578
1615 69.2953
1616 69.15
1617 69.154
1618 69.5247
1619 69.2591
1620 69.4075
1621 69.2702
1622 69.6683
1623 69.564
1624 69.9613
1625 69.875
1626 69.4781
1627 69.0498
1628 69.4043
1629 69.3789
1630 69.3487
1631 69.2358
1632 69.1353
1633 69.2997
1634 69.4927
1635 69.059
1636 69.0884
1637 69.1431
1638 69.4438
1639 69.1213
1640 69.1353
1641 69.651
1642 69.3561
1643 69.3023
1644 69.0773
1645 69.1455
1646 69.3432
1647 69.4095
1648 69.5605
1649 69.498
1650 69.7215
1651 69.4502
1652 69.5548
1653 69.2479
1654 69.3506
1655 69.6148
1656 69.6776
1657 69.2486
1658 69.0855
1659 69.2849
1660 69.7559
1661 69.4706
1662 69.1624
1663 69.1811
1664 69.272
1665 69.5413
1666 69.6194
1667 69.516
1668 69.2065
1669 69.0689
1670 69.1027
1671 68.9602
1672 68.8277
1673 69.037
1674 69.0039
1675 69.3862
1676 68.912
1677 69.4067
1678 69.4282
1679 69.255
1680 69.0356
1681 69.289
1682 69.1932
1683 69.0399
1684 69.1027
1685 68.8194
1686 69.0161
1687 69.0958
1688 68.9599
1689 68.7193
1690 68.8952
1691 68.9552
1692 69.2598
1693 69.3471
1694 69.2633
1695 68.7842
1696 69.4125
1697 69.2229
1698 69.0513
1699 68.8449
1700 68.9745
1701 69.3535
1702 68.9933
1703 69.1904
1704 68.8111
1705 69.3143
1706 69.3881
1707 69.6107
1708 69.3092
1709 68.8158
1710 68.7667
1711 68.9447
1712 69.0116
1713 68.9172
1714 69.2104
1715 69.3417
1716 69.1028
1717 69.0584
1718 68.948
1719 68.9062
1720 68.772
1721 68.9821
1722 69.1696
1723 69.1336
1724 69.6381
1725 69.5656
1726 69.0407
1727 68.9198
1728 69.2759
1729 69.1672
1730 69.0647
1731 69.3126
1732 68.9682
1733 68.9597
1734 69.1989
1735 69.1837
1736 69.3587
1737 69.1317
1738 69.0685
1739 68.9333
1740 69.0894
1741 69.2681
1742 69.5176
1743 69.2447
1744 69.1576
1745 69.0601
1746 68.867
1747 68.7865
1748 68.9696
1749 69.0694
1750 68.8063
1751 69.0198
1752 69.2312
1753 69.1639
1754 69.1242
1755 68.8943
1756 69.0396
1757 69.2303
1758 68.8873
1759 69.1071
1760 68.9461
1761 69.1077
1762 68.9761
1763 69.1479
1764 69.2429
1765 69.4842
1766 69.2277
1767 69.3932
1768 69.5829
1769 69.2332
1770 69.2726
1771 69.4351
1772 69.3581
1773 68.9656
1774 69.091
1775 69.2046
1776 69.4504
1777 69.1999
1778 69.5574
1779 68.9707
1780 68.9323
1781 69.1777
1782 69.1387
1783 69.5061
1784 69.3127
1785 69.1662
1786 68.8732
1787 68.9841
1788 69.1528
1789 69.4505
1790 68.9198
1791 69.0335
1792 69.276
1793 69.1529
1794 68.9962
1795 69.243
1796 69.4256
1797 69.1494
1798 69.3191
1799 68.8807
1800 68.8907
1801 69.127
1802 68.9728
1803 69.0677
1804 69.1943
1805 69.4918
1806 69.017
1807 69.0902
1808 69.2463
1809 68.8878
1810 69.0705
1811 69.9026
1812 69.576
1813 69.5187
1814 69.4215
1815 69.1257
1816 69.1714
1817 69.151
1818 69.0315
1819 69.1845
1820 68.9942
1821 69.3385
1822 69.3457
1823 69.3887
1824 69.587
1825 69.2432
1826 69.1987
1827 69.1494
1828 69.103
1829 69.0066
1830 69.1476
1831 69.0888
1832 69.4193
1833 69.2016
1834 68.8169
1835 69.1097
1836 69.0503
1837 69.3691
1838 69.0708
1839 69.4794
1840 69.373
1841 68.9508
1842 68.954
1843 69.3093
1844 69.2981
1845 68.9006
1846 69.2104
1847 69.4824
1848 69.0968
1849 68.8619
1850 69.0867
1851 68.855
1852 69.3353
1853 68.987
1854 69.0279
1855 69.0708
1856 69.4461
1857 69.1863
1858 69.1578
1859 69.2538
1860 69.2741
1861 69.2145
1862 69.413
1863 69.0976
1864 68.9045
1865 69.5808
1866 69.2748
1867 69.4662
1868 69.3239
1869 69.011
1870 68.961
1871 69.1432
1872 68.9579
1873 69.1468
1874 69.0681
1875 69.4817
1876 69.589
1877 69.1261
1878 69.0697
1879 68.9814
1880 69.0713
1881 69.4132
1882 68.9161
1883 69.1051
1884 68.9582
1885 69.0314
1886 68.9338
1887 68.9968
1888 69.1847
1889 69.5745
1890 69.1567
1891 69.393
1892 69.4229
1893 69.3773
1894 69.3031
1895 68.9857
1896 68.8356
1897 69.2518
1898 68.8597
1899 69.3491
1900 69.6645
1901 69.7083
1902 69.5201
1903 69.5223
1904 68.7654
1905 68.9302
1906 69.1615
1907 69.0283
1908 68.9412
1909 69.1582
1910 69.2033
1911 68.9774
1912 69.0575
1913 69.1816
1914 69.3155
1915 68.851
1916 68.9323
1917 69.1062
1918 68.9913
1919 68.9224
1920 68.9672
1921 69.2185
1922 69.2274
1923 69.5573
1924 69.4164
1925 69.2028
1926 68.94
1927 68.9057
1928 69.2058
1929 69.2707
1930 68.9388
1931 68.8168
1932 69.0987
1933 69.1589
1934 69.5903
1935 69.5161
1936 69.237
1937 68.7818
1938 69.2078
1939 69.3835
1940 68.8254
1941 69.1163
1942 69.1533
1943 69.1522
1944 69.1659
1945 68.9061
1946 69.2941
1947 69.0156
1948 69.0697
1949 69.171
1950 69.3728
1951 69.3819
1952 69.1879
1953 69.3723
1954 69.4198
1955 68.991
1956 69.1409
1957 68.8618
1958 68.622
1959 68.7132
1960 68.5728
1961 68.7288
1962 69.2542
1963 69.2139
1964 69.2354
1965 69.7283
1966 69.1542
1967 69.2333
1968 69.0556
1969 69.1927
1970 69.1144
1971 69.3603
1972 69.0593
1973 69.0419
1974 69.2072
1975 69.3146
1976 68.9595
1977 69.2265
1978 69.1706
1979 69.1214
1980 69.0115
1981 68.8859
1982 68.9381
1983 69.248
1984 69.446
1985 69.9522
1986 69.118
1987 69.0489
1988 69.1751
1989 69.139
1990 69.304
1991 69.4169
1992 69.1859
1993 69.1525
1994 69.0375
1995 68.8309
1996 68.7944
1997 68.988
1998 69.1371
1999 69.2424
2000 69.0383
