1 402.745
2 377.93
3 333.77
4 318.577
5 305.77
6 294.196
7 283.963
8 272.992
9 266.301
10 255.906
11 249.584
12 245.353
13 238.004
14 232.344
15 228.132
16 225.047
17 213.159
18 207.979
19 204.155
20 201.908
21 199.375
22 194.073
23 188.845
24 184.969
25 180.486
26 173.873
27 172.156
28 167.867
29 163.603
30 161.986
31 159.986
32 154.574
33 149.792
34 143.55
35 141.794
36 139.004
37 137.267
38 135.671
39 134.289
40 133.322
41 131.953
42 131.197
43 130.23
44 128.376
45 124.903
46 121.79
47 120.946
48 119.699
49 117.576
50 116.387
51 114.353
52 113.455
53 111.952
54 110.414
55 109.369
56 106.931
57 104.843
58 104.247
59 103.978
60 103.56
61 102.621
62 102.143
63 101.077
64 100.617
65 100.328
66 99.8368
67 99.3087
68 98.5819
69 98.3951
70 98.1013
71 97.8159
72 97.3353
73 97.0761
74 95.3608
75 94.4328
76 93.7911
77 93.0564
78 92.1555
79 91.7717
80 91.4159
81 89.9733
82 88.2125
83 87.3408
84 87.2349
85 86.4679
86 85.6928
87 85.1415
88 85.1293
89 85.0152
90 84.4669
91 84.2659
92 84.019
93 83.6665
94 82.4194
95 81.9406
96 81.9406
97 81.8399
98 81.1642
99 80.6719
100 80.4449
101 80.3973
102 80.2308
103 79.8553
104 79.1989
105 79.0868
106 79.065
107 78.7564
108 78.3815
109 78.265
110 77.7757
111 77.4607
112 77.1829
113 76.9511
114 75.9004
115 75.4145
116 75.1827
117 75.1498
118 75.0225
119 75.0182
120 75.0182
121 74.9787
122 74.3794
123 73.9245
124 73.4221
125 73.4221
126 73.4221
127 73.0483
128 73.0483
129 73.0087
130 73.0087
131 72.7993
132 72.7993
133 72.7993
134 72.7993
135 72.7993
136 72.6041
137 72.2569
138 72.1995
139 72.1305
140 72.0211
141 71.8714
142 71.4384
143 71.3811
144 71.3294
145 71.3294
146 71.3294
147 71.0823
148 70.7614
149 70.7614
150 70.3455
151 70.3364
152 69.4822
153 69.3574
154 69.2763
155 69.0989
156 69.0989
157 69.0989
158 69.0989
159 69.0989
160 69.0989
161 69.0989
162 69.0989
163 69.0989
164 69.0412
165 69.0412
166 69.0412
167 69.0412
168 69.0412
169 69.0412
170 69.0412
171 68.9601
172 68.9601
173 68.9601
174 68.9601
175 68.9601
176 68.8196
177 68.8196
178 68.8196
179 68.8196
180 68.8196
181 68.8196
182 68.8196
183 68.8196
184 68.8196
185 68.8196
186 68.8196
187 68.8196
188 68.8196
189 68.8196
190 68.8196
191 68.8196
192 68.8196
193 68.8196
194 68.8196
195 68.8196
196 68.8196
197 68.8196
198 68.8196
199 68.8196
200 68.8196
201 68.8196
202 68.8196
203 68.8196
204 68.8196
205 68.8196
206 68.8196
207 68.8196
208 68.8196
209 68.8196
210 68.8196
211 68.8196
212 68.8196
213 68.8196
214 68.8196
215 68.8196
216 68.1744
217 68.1744
218 68.1744
219 68.1744
220 68.1744
221 68.1744
222 68.1744
223 68.1744
224 68.1744
225 68.1744
226 68.1744
227 68.1744
228 68.1744
229 68.1744
230 68.1744
231 68.1744
232 68.1744
233 68.1744
234 68.1744
235 68.1744
236 68.1744
237 68.1744
238 68.1744
239 68.1744
240 68.1744
241 68.1744
242 68.1744
243 68.1744
244 68.1744
245 68.1744
246 68.1744
247 68.1744
248 68.1744
249 68.1744
250 68.1744
251 68.1744
252 68.1744
253 68.1744
254 68.1744
255 68.1744
256 68.1744
257 68.1744
258 68.1744
259 68.1744
260 68.1744
261 68.1744
262 68.1744
263 68.1744
264 68.1744
265 68.1744
266 68.1744
267 68.1744
268 68.1744
269 68.0857
270 68.0857
271 68.0857
272 68.0857
273 68.0857
274 68.0857
275 68.0857
276 68.0857
277 68.0857
278 68.0857
279 68.0857
280 68.0857
281 68.0857
282 68.0857
283 68.0857
284 68.0857
285 68.0857
286 68.0857
287 68.0857
288 68.0857
289 68.0574
290 68.0574
291 68.0574
292 68.0574
293 68.0574
294 68.0574
295 68.0574
296 68.0574
297 68.0574
298 68.0574
299 68.0574
300 68.0574
301 68.0574
302 68.0574
303 67.9572
304 67.8983
305 67.8983
306 67.8983
307 67.8983
308 67.8983
309 67.8983
310 67.8983
311 67.8983
312 67.8983
313 67.8983
314 67.8983
315 67.8983
316 67.8983
317 67.8983
318 67.8983
319 67.8983
320 67.8983
321 67.8983
322 67.8983
323 67.8983
324 67.8983
325 67.8983
326 67.8983
327 67.8983
328 67.8983
329 67.8983
330 67.8983
331 67.8983
332 67.8983
333 67.8983
334 67.8983
335 67.8983
336 67.8983
337 67.8983
338 67.8303
339 67.7525
340 67.6845
341 67.6845
342 67.6845
343 67.6845
344 67.6845
345 67.6845
346 67.6845
347 67.6845
348 67.6845
349 67.6845
350 67.6845
351 67.6845
352 67.6845
353 67.6845
354 67.6845
355 67.6845
356 67.5963
357 67.5963
358 67.5963
359 67.5963
360 67.5963
361 67.5963
362 67.3474
363 67.3474
364 67.3474
365 67.3474
366 67.3474
367 67.3474
368 67.3474
369 67.3474
370 67.3474
371 67.3474
372 67.3474
373 67.3474
374 67.3474
375 67.3474
376 67.3474
377 67.3474
378 67.3474
379 67.3474
380 67.3474
381 67.3474
382 67.3474
383 67.3474
384 67.3474
385 67.3474
386 67.3474
387 67.3474
388 67.3474
389 67.3474
390 67.3474
391 67.3474
392 67.3474
393 67.3474
394 67.3474
395 67.3474
396 67.3474
397 67.3474
398 67.3474
399 67.3474
400 67.3474
401 67.3474
402 67.3474
403 67.3474
404 67.3474
405 67.3474
406 67.3474
407 67.3474
408 67.3474
409 67.3474
410 67.3474
411 67.3474
412 67.3474
413 67.3474
414 67.3474
415 67.3474
416 67.3474
417 67.3474
418 67.3474
419 67.3474
420 67.3474
421 67.3474
422 67.1571
423 67.1571
424 67.1571
425 67.1571
426 67.1571
427 67.1571
428 67.1571
429 67.1571
430 67.1571
431 67.1571
432 67.1571
433 67.1571
434 67.1571
435 67.1571
436 67.1571
437 67.1571
438 67.1571
439 67.1571
440 67.1571
441 67.1571
442 67.1571
443 67.1571
444 67.1571
445 67.1571
446 67.1571
447 67.1571
448 67.1571
449 67.1571
450 67.1571
451 67.1571
452 67.1571
453 67.1571
454 67.1571
455 67.1571
456 67.1571
457 67.1571
458 67.1571
459 67.1571
460 67.1571
461 67.1571
462 67.1571
463 67.1571
464 67.1571
465 67.1571
466 67.1571
467 67.1571
468 67.1571
469 67.1571
470 67.1571
471 67.1571
472 67.1571
473 67.1571
474 67.1571
475 67.1571
476 67.1571
477 67.1571
478 67.1571
479 67.1571
480 67.1571
481 67.1571
482 67.1571
483 67.1571
484 67.1571
485 67.1571
486 67.1571
487 67.1571
488 67.1571
489 67.1571
490 67.1571
491 67.1571
492 67.1571
493 67.1571
494 67.1571
495 67.1571
496 67.1571
497 67.1571
498 67.1571
499 67.1571
500 67.1571
501 67.1571
502 67.1571
503 67.1571
504 67.1571
505 67.1571
506 67.1571
507 67.1571
508 67.1571
509 67.1571
510 67.1571
511 67.1571
512 67.1571
513 67.1571
514 67.1571
515 67.1571
516 67.1571
517 67.1571
518 67.1571
519 67.1571
520 67.1571
521 67.1571
522 67.1571
523 67.1571
524 67.1571
525 67.1571
526 67.1571
527 67.1571
528 67.1571
529 67.1571
530 67.1571
531 67.1571
532 67.1571
533 67.1571
534 67.1571
535 67.1571
536 67.1571
537 67.1571
538 67.1571
539 67.1571
540 67.1571
541 67.1571
542 67.1571
543 67.1571
544 67.1571
545 67.1571
546 67.1571
547 67.1571
548 67.1571
549 67.1571
550 67.1571
551 67.1571
552 67.1571
553 67.1571
554 67.1571
555 67.1571
556 67.1571
557 67.1571
558 67.1571
559 67.1571
560 67.1571
561 67.1571
562 67.1571
563 67.1571
564 67.1571
565 67.1571
566 67.1571
567 67.1571
568 67.1571
569 67.1571
570 67.1571
571 67.1571
572 67.1571
573 67.1571
574 67.1571
575 67.1571
576 67.1571
577 67.1571
578 67.1571
579 67.1571
580 67.1571
581 67.1571
582 67.1571
583 67.1571
584 67.1571
585 67.1571
586 67.1571
587 67.1571
588 67.1571
589 67.1571
590 67.1571
591 67.1571
592 67.1571
593 67.1571
594 67.1571
595 67.1571
596 67.1571
597 67.1571
598 67.1571
599 67.1571
600 67.1571
601 67.1571
602 67.1571
603 67.1571
604 67.1571
605 67.0798
606 67.0798
607 67.0798
608 67.0798
609 67.0798
610 67.0798
611 67.0798
612 67.0798
613 67.0798
614 67.0798
615 67.0798
616 67.0798
617 67.0798
618 67.0798
619 67.0798
620 67.0798
621 67.0798
622 67.0798
623 67.0798
624 67.0798
625 67.0798
626 67.0798
627 67.0798
628 67.0798
629 67.0798
630 67.0798
631 67.0798
632 67.0798
633 67.0798
634 67.0798
635 67.0798
636 67.0798
637 67.0798
638 67.0798
639 67.0798
640 67.0798
641 67.0798
642 67.0798
643 67.0798
644 67.0798
645 67.0798
646 67.0798
647 67.0798
648 67.0798
649 67.0798
650 67.0798
651 67.0798
652 67.0798
653 67.0798
654 67.0798
655 67.0798
656 67.0798
657 67.0798
658 67.0798
659 67.0798
660 67.0798
661 67.0798
662 67.0798
663 67.0798
664 67.0798
665 67.0798
666 67.0798
667 67.0798
668 67.0798
669 67.0798
670 67.0798
671 67.0798
672 67.0798
673 67.0798
674 67.0798
675 67.0798
676 67.0798
677 67.0798
678 67.0798
679 67.0798
680 67.0798
681 67.0798
682 67.0798
683 67.0798
684 67.0798
685 67.0798
686 67.0798
687 67.0798
688 67.0798
689 67.0798
690 67.0798
691 67.0798
692 67.0798
693 67.0798
694 67.0798
695 67.0798
696 67.0798
697 67.0798
698 67.0798
699 67.0798
700 67.0798
701 67.0798
702 67.0798
703 67.0798
704 67.0798
705 67.0798
706 67.0798
707 67.0798
708 67.0798
709 67.0798
710 67.0798
711 67.0798
712 67.0798
713 67.0798
714 67.0798
715 67.0798
716 67.0798
717 67.0798
718 67.0798
719 67.0798
720 67.0798
721 67.0798
722 67.0798
723 67.0798
724 67.0798
725 67.0798
726 67.0798
727 67.0798
728 67.0798
729 67.0798
730 67.0798
731 67.0798
732 67.0798
733 67.0798
734 67.0798
735 67.0798
736 67.0798
737 67.0798
738 67.0798
739 67.0798
740 67.0798
741 67.0798
742 67.0798
743 67.0798
744 67.0798
745 67.0798
746 67.0798
747 67.0798
748 67.0798
749 67.0798
750 67.0798
751 67.0798
752 67.0798
753 67.0798
754 67.0798
755 67.0798
756 67.0798
757 67.0798
758 67.0798
759 67.0798
760 67.0798
761 67.0798
762 67.0798
763 67.0798
764 67.0798
765 67.0798
766 67.0798
767 67.0798
768 67.0798
769 67.0798
770 67.0798
771 67.0798
772 67.0798
773 67.0798
774 67.0798
775 67.0798
776 67.0798
777 67.0798
778 67.0798
779 67.0798
780 67.0798
781 67.0798
782 67.0798
783 67.0798
784 67.0798
785 67.0798
786 67.0798
787 67.0798
788 67.0798
789 67.0798
790 67.0798
791 67.0798
792 67.0798
793 67.0798
794 67.0798
795 67.0798
796 67.0798
797 67.0798
798 67.0798
799 67.0798
800 67.0798
801 67.0798
802 67.0798
803 67.0798
804 67.0798
805 67.0798
806 67.0798
807 67.0798
808 67.0798
809 67.0798
810 67.0798
811 67.0798
812 67.0798
813 67.0798
814 67.0798
815 67.0798
816 67.0798
817 67.0798
818 67.0798
819 67.0798
820 67.0798
821 67.0798
822 67.0798
823 67.0798
824 67.0798
825 67.0798
826 67.0798
827 67.0798
828 67.0798
829 67.0798
830 67.0798
831 67.0798
832 67.0798
833 67.0798
834 67.0798
835 67.0798
836 67.0798
837 67.0798
838 67.0798
839 67.0798
840 67.0798
841 67.0798
842 67.0798
843 67.0798
844 67.0798
845 67.0798
846 67.0798
847 67.0798
848 67.0798
849 66.9622
850 66.9622
851 66.9622
852 66.9522
853 66.9522
854 66.9522
855 66.9522
856 66.9522
857 66.9522
858 66.9522
859 66.9522
860 66.9522
861 66.9522
862 66.9522
863 66.9522
864 66.9522
865 66.9522
866 66.9522
867 66.9522
868 66.9522
869 66.9522
870 66.9522
871 66.9522
872 66.9522
873 66.9522
874 66.9522
875 66.9522
876 66.9522
877 66.9522
878 66.9522
879 66.9522
880 66.9522
881 66.9522
882 66.9522
883 66.9522
884 66.9522
885 66.9522
886 66.9522
887 66.9522
888 66.9522
889 66.9522
890 66.9522
891 66.9522
892 66.9522
893 66.9522
894 66.9522
895 66.9522
896 66.9522
897 66.9522
898 66.9522
899 66.9522
900 66.9522
901 66.9522
902 66.9522
903 66.9522
904 66.9522
905 66.9522
906 66.9522
907 66.9522
908 66.9522
909 66.9522
910 66.9522
911 66.9522
912 66.9522
913 66.9522
914 66.9522
915 66.9522
916 66.9522
917 66.9522
918 66.9522
919 66.9522
920 66.9522
921 66.9522
922 66.9522
923 66.9522
924 66.9522
925 66.9522
926 66.9522
927 66.9522
928 66.9522
929 66.9522
930 66.9522
931 66.9522
932 66.9522
933 66.9522
934 66.9522
935 66.9522
936 66.9522
937 66.9522
938 66.9522
939 66.9522
940 66.9522
941 66.9522
942 66.9522
943 66.9522
944 66.9522
945 66.9522
946 66.9522
947 66.9522
948 66.9522
949 66.9522
950 66.9522
951 66.9522
952 66.9522
953 66.9522
954 66.9522
955 66.9522
956 66.9522
957 66.9522
958 66.9522
959 66.9522
960 66.9522
961 66.9522
962 66.9522
963 66.9522
964 66.9522
965 66.9522
966 66.9522
967 66.9522
968 66.9522
969 66.9522
970 66.9522
971 66.9522
972 66.9522
973 66.9522
974 66.9522
975 66.9522
976 66.9522
977 66.9522
978 66.9522
979 66.9522
980 66.9522
981 66.9522
982 66.9522
983 66.9522
984 66.9522
985 66.9522
986 66.9522
987 66.9522
988 66.9522
989 66.9522
990 66.9522
991 66.9522
992 66.9522
993 66.9522
994 66.9522
995 66.9522
996 66.9522
997 66.9522
998 66.9522
999 66.9522
1000 66.9522
1001 66.9522
1002 66.9522
1003 66.9522
1004 66.9522
1005 66.9522
1006 66.9522
1007 66.9522
1008 66.9522
1009 66.9522
1010 66.9522
1011 66.9522
1012 66.9522
1013 66.9522
1014 66.9522
1015 66.9522
1016 66.9522
1017 66.9522
1018 66.9522
1019 66.9522
1020 66.9522
1021 66.9522
1022 66.9522
1023 66.9522
1024 66.9522
1025 66.9522
1026 66.9522
1027 66.9522
1028 66.9522
1029 66.9522
1030 66.9522
1031 66.9522
1032 66.9522
1033 66.9522
1034 66.9522
1035 66.9522
1036 66.9522
1037 66.9522
1038 66.9522
1039 66.9522
1040 66.9522
1041 66.9522
1042 66.9522
1043 66.9522
1044 66.9522
1045 66.9522
1046 66.9522
1047 66.9522
1048 66.9522
1049 66.9522
1050 66.9522
1051 66.9522
1052 66.9522
1053 66.9522
1054 66.9522
1055 66.9522
1056 66.9522
1057 66.9522
1058 66.9522
1059 66.9522
1060 66.9522
1061 66.9522
1062 66.9522
1063 66.9522
1064 66.9522
1065 66.9522
1066 66.9522
1067 66.9522
1068 66.9522
1069 66.9522
1070 66.9522
1071 66.9522
1072 66.9522
1073 66.9522
1074 66.9522
1075 66.9522
1076 66.9522
1077 66.9522
1078 66.9522
1079 66.9522
1080 66.9522
1081 66.9522
1082 66.9522
1083 66.9522
1084 66.9522
1085 66.9522
1086 66.9522
1087 66.9522
1088 66.9522
1089 66.9522
1090 66.9522
1091 66.9522
1092 66.9522
1093 66.9522
1094 66.9522
1095 66.9522
1096 66.9522
1097 66.9522
1098 66.9522
1099 66.9522
1100 66.9522
1101 66.9522
1102 66.9522
1103 66.9522
1104 66.9522
1105 66.9522
1106 66.9522
1107 66.9522
1108 66.9522
1109 66.9522
1110 66.9522
1111 66.9522
1112 66.9522
1113 66.9522
1114 66.9522
1115 66.9522
1116 66.9522
1117 66.9522
1118 66.9522
1119 66.9522
1120 66.9522
1121 66.9522
1122 66.9522
1123 66.9522
1124 66.9522
1125 66.9522
1126 66.9522
1127 66.9522
1128 66.9522
1129 66.9522
1130 66.9522
1131 66.9522
1132 66.9522
1133 66.9522
1134 66.9522
1135 66.9522
1136 66.9522
1137 66.9522
1138 66.9522
1139 66.9522
1140 66.9522
1141 66.9522
1142 66.9522
1143 66.9522
1144 66.9522
1145 66.9522
1146 66.9522
1147 66.9522
1148 66.9522
1149 66.9522
1150 66.9522
1151 66.9522
1152 66.9522
1153 66.9522
1154 66.9522
1155 66.9522
1156 66.9522
1157 66.9522
1158 66.9522
1159 66.9522
1160 66.9522
1161 66.9522
1162 66.9522
1163 66.9522
1164 66.9522
1165 66.9522
1166 66.9522
1167 66.9522
1168 66.9522
1169 66.9522
1170 66.9522
1171 66.9522
1172 66.9522
1173 66.9522
1174 66.9522
1175 66.9522
1176 66.9522
1177 66.9522
1178 66.9522
1179 66.9522
1180 66.9522
1181 66.9522
1182 66.9522
1183 66.9522
1184 66.9522
1185 66.9522
1186 66.9522
1187 66.9522
1188 66.9522
1189 66.9522
1190 66.9522
1191 66.9522
1192 66.9522
1193 66.9522
1194 66.9522
1195 66.9522
1196 66.9522
1197 66.9522
1198 66.9522
1199 66.9522
1200 66.9522
1201 66.9522
1202 66.9522
1203 66.9522
1204 66.9522
1205 66.9522
1206 66.9522
1207 66.9522
1208 66.9522
1209 66.9522
1210 66.9522
1211 66.9522
1212 66.9522
1213 66.9522
1214 66.9522
1215 66.9522
1216 66.9522
1217 66.9522
1218 66.9522
1219 66.9522
1220 66.9522
1221 66.9522
1222 66.9522
1223 66.9522
1224 66.9522
1225 66.9522
1226 66.9522
1227 66.9522
1228 66.9522
1229 66.9522
1230 66.9522
1231 66.9522
1232 66.9522
1233 66.9522
1234 66.9522
1235 66.9522
1236 66.9522
1237 66.9522
1238 66.9522
1239 66.9522
1240 66.9522
1241 66.9522
1242 66.9522
1243 66.9522
1244 66.9522
1245 66.9522
1246 66.9522
1247 66.9522
1248 66.9522
1249 66.9522
1250 66.9522
1251 66.9522
1252 66.9522
1253 66.9522
1254 66.9522
1255 66.9522
1256 66.9522
1257 66.9522
1258 66.9522
1259 66.9522
1260 66.9522
1261 66.9522
1262 66.9522
1263 66.9522
1264 66.9522
1265 66.9522
1266 66.9522
1267 66.9522
1268 66.9522
1269 66.9522
1270 66.9522
1271 66.9522
1272 66.9522
1273 66.9522
1274 66.9522
1275 66.9522
1276 66.9522
1277 66.9522
1278 66.9522
1279 66.9522
1280 66.9522
1281 66.9522
1282 66.9522
1283 66.9522
1284 66.9522
1285 66.9522
1286 66.9522
1287 66.9522
1288 66.9522
1289 66.9522
1290 66.9522
1291 66.9522
1292 66.9522
1293 66.9522
1294 66.9522
1295 66.9522
1296 66.9522
1297 66.9522
1298 66.9522
1299 66.9522
1300 66.9522
1301 66.9522
1302 66.9522
1303 66.9522
1304 66.9522
1305 66.9522
1306 66.9522
1307 66.9522
1308 66.9522
1309 66.9522
1310 66.9522
1311 66.9522
1312 66.9522
1313 66.9522
1314 66.9522
1315 66.9522
1316 66.9522
1317 66.9522
1318 66.9522
1319 66.9522
1320 66.9522
1321 66.9522
1322 66.9522
1323 66.9522
1324 66.9522
1325 66.9522
1326 66.9522
1327 66.9522
1328 66.9522
1329 66.9522
1330 66.9522
1331 66.9522
1332 66.9522
1333 66.9522
1334 66.9522
1335 66.9522
1336 66.9522
1337 66.9522
1338 66.9522
1339 66.9522
1340 66.9522
1341 66.9522
1342 66.9522
1343 66.9522
1344 66.9522
1345 66.9522
1346 66.9522
1347 66.9522
1348 66.9522
1349 66.9522
1350 66.9522
1351 66.9522
1352 66.9522
1353 66.9522
1354 66.9522
1355 66.9522
1356 66.9522
1357 66.9522
1358 66.9522
1359 66.9522
1360 66.9522
1361 66.9522
1362 66.9522
1363 66.9522
1364 66.9522
1365 66.9522
1366 66.9522
1367 66.9522
1368 66.9522
1369 66.9522
1370 66.9522
1371 66.9522
1372 66.9522
1373 66.9522
1374 66.9522
1375 66.9522
1376 66.9522
1377 66.9522
1378 66.9522
1379 66.9522
1380 66.9522
1381 66.9522
1382 66.9522
1383 66.9522
1384 66.9522
1385 66.9522
1386 66.9522
1387 66.9522
1388 66.9522
1389 66.9522
1390 66.9522
1391 66.9522
1392 66.9522
1393 66.9522
1394 66.9522
1395 66.9522
1396 66.9522
1397 66.9522
1398 66.9522
1399 66.9522
1400 66.9522
1401 66.9522
1402 66.9522
1403 66.9522
1404 66.9522
1405 66.9522
1406 66.9522
1407 66.9522
1408 66.9522
1409 66.9522
1410 66.9522
1411 66.9522
1412 66.9522
1413 66.9522
1414 66.9522
1415 66.9522
1416 66.9522
1417 66.9522
1418 66.9522
1419 66.9522
1420 66.9522
1421 66.9522
1422 66.9522
1423 66.9522
1424 66.9522
1425 66.9522
1426 66.9522
1427 66.9522
1428 66.9522
1429 66.9522
1430 66.9522
1431 66.9522
1432 66.9522
1433 66.9522
1434 66.9522
1435 66.9522
1436 66.9522
1437 66.9522
1438 66.9522
1439 66.9522
1440 66.9522
1441 66.9522
1442 66.9522
1443 66.9522
1444 66.9522
1445 66.9522
1446 66.9522
1447 66.9522
1448 66.9522
1449 66.9522
1450 66.9522
1451 66.9522
1452 66.9522
1453 66.9522
1454 66.9522
1455 66.9522
1456 66.9522
1457 66.9522
1458 66.9522
1459 66.9522
1460 66.9522
1461 66.9522
1462 66.9522
1463 66.9522
1464 66.9522
1465 66.9522
1466 66.9522
1467 66.9522
1468 66.9522
1469 66.9522
1470 66.9522
1471 66.9522
1472 66.9522
1473 66.9522
1474 66.9522
1475 66.9522
1476 66.9522
1477 66.9522
1478 66.9522
1479 66.9522
1480 66.9522
1481 66.9522
1482 66.9522
1483 66.9522
1484 66.9522
1485 66.9522
1486 66.9522
1487 66.9522
1488 66.9522
1489 66.9522
1490 66.9522
1491 66.9522
1492 66.9522
1493 66.9522
1494 66.9522
1495 66.9522
1496 66.9522
1497 66.9522
1498 66.9522
1499 66.9522
1500 66.9522
1501 66.9522
1502 66.9522
1503 66.9522
1504 66.9522
1505 66.9522
1506 66.9522
1507 66.9522
1508 66.9522
1509 66.9522
1510 66.9522
1511 66.9522
1512 66.9522
1513 66.9522
1514 66.9522
1515 66.9522
1516 66.9522
1517 66.9522
1518 66.9522
1519 66.9522
1520 66.9522
1521 66.9522
1522 66.9522
1523 66.9522
1524 66.9522
1525 66.9522
1526 66.9522
1527 66.9522
1528 66.9522
1529 66.9522
1530 66.9522
1531 66.9522
1532 66.9522
1533 66.9522
1534 66.9522
1535 66.9522
1536 66.9522
1537 66.9522
1538 66.9522
1539 66.9522
1540 66.9522
1541 66.9522
1542 66.9522
1543 66.9522
1544 66.9522
1545 66.9522
1546 66.9522
1547 66.9522
1548 66.9522
1549 66.9522
1550 66.9522
1551 66.9522
1552 66.9522
1553 66.9522
1554 66.9522
1555 66.9522
1556 66.9522
1557 66.9522
1558 66.9522
1559 66.9522
1560 66.9522
1561 66.9522
1562 66.9522
1563 66.9522
1564 66.9522
1565 66.9522
1566 66.9522
1567 66.9522
1568 66.9522
1569 66.9522
1570 66.9522
1571 66.9522
1572 66.9522
1573 66.9522
1574 66.9522
1575 66.9522
1576 66.9522
1577 66.9522
1578 66.9522
1579 66.9522
1580 66.9522
1581 66.9522
1582 66.9522
1583 66.9522
1584 66.9522
1585 66.9522
1586 66.9522
1587 66.9522
1588 66.9522
1589 66.9522
1590 66.9522
1591 66.9522
1592 66.9522
1593 66.9522
1594 66.9522
1595 66.9522
1596 66.9522
1597 66.9522
1598 66.9522
1599 66.9522
1600 66.9522
1601 66.9522
1602 66.9522
1603 66.9522
1604 66.9522
1605 66.9522
1606 66.9522
1607 66.9522
1608 66.9522
1609 66.9522
1610 66.9522
1611 66.9522
1612 66.9522
1613 66.9522
1614 66.9522
1615 66.9522
1616 66.9522
1617 66.9522
1618 66.9522
1619 66.9522
1620 66.9522
1621 66.9522
1622 66.9522
1623 66.9522
1624 66.9522
1625 66.9522
1626 66.9522
1627 66.9522
1628 66.9522
1629 66.9522
1630 66.9522
1631 66.9522
1632 66.9522
1633 66.9522
1634 66.9522
1635 66.9522
1636 66.9522
1637 66.9522
1638 66.9522
1639 66.9522
1640 66.9522
1641 66.9522
1642 66.9522
1643 66.9522
1644 66.9522
1645 66.9522
1646 66.9522
1647 66.9522
1648 66.9522
1649 66.9522
1650 66.9522
1651 66.9522
1652 66.9522
1653 66.9522
1654 66.9522
1655 66.9522
1656 66.9522
1657 66.9522
1658 66.9522
1659 66.9522
1660 66.9522
1661 66.9522
1662 66.9522
1663 66.9522
1664 66.9522
1665 66.9522
1666 66.9522
1667 66.9522
1668 66.9522
1669 66.9522
1670 66.9522
1671 66.9522
1672 66.9522
1673 66.9522
1674 66.9522
1675 66.9522
1676 66.9522
1677 66.9522
1678 66.9522
1679 66.9522
1680 66.9522
1681 66.9522
1682 66.9522
1683 66.9522
1684 66.9522
1685 66.9522
1686 66.9522
1687 66.9522
1688 66.9522
1689 66.9522
1690 66.9522
1691 66.9522
1692 66.9522
1693 66.9522
1694 66.9522
1695 66.9522
1696 66.9522
1697 66.9522
1698 66.9522
1699 66.9522
1700 66.9522
1701 66.9522
1702 66.9522
1703 66.9522
1704 66.9522
1705 66.9522
1706 66.9522
1707 66.9522
1708 66.9522
1709 66.9522
1710 66.9522
1711 66.9522
1712 66.9522
1713 66.9522
1714 66.9522
1715 66.9522
1716 66.9522
1717 66.9522
1718 66.9522
1719 66.9522
1720 66.9522
1721 66.9522
1722 66.9522
1723 66.9522
1724 66.9522
1725 66.9522
1726 66.9522
1727 66.9522
1728 66.9522
1729 66.9522
1730 66.9522
1731 66.9522
1732 66.9522
1733 66.9522
1734 66.9522
1735 66.9522
1736 66.9522
1737 66.9522
1738 66.9522
1739 66.9522
1740 66.9522
1741 66.9522
1742 66.9522
1743 66.9522
1744 66.9522
1745 66.9522
1746 66.9522
1747 66.9522
1748 66.9522
1749 66.9522
1750 66.9522
1751 66.9522
1752 66.9522
1753 66.9522
1754 66.9522
1755 66.9522
1756 66.9522
1757 66.9522
1758 66.9522
1759 66.9522
1760 66.9522
1761 66.9522
1762 66.9522
1763 66.9522
1764 66.9522
1765 66.9522
1766 66.9522
1767 66.9522
1768 66.9522
1769 66.9522
1770 66.9522
1771 66.9522
1772 66.9522
1773 66.9522
1774 66.9522
1775 66.9522
1776 66.9522
1777 66.9522
1778 66.9522
1779 66.9522
1780 66.9522
1781 66.9522
1782 66.9522
1783 66.9522
1784 66.9522
1785 66.9522
1786 66.9522
1787 66.9522
1788 66.9522
1789 66.9522
1790 66.9522
1791 66.9522
1792 66.9522
1793 66.9522
1794 66.9522
1795 66.9522
1796 66.9522
1797 66.9522
1798 66.9522
1799 66.9522
1800 66.9522
1801 66.9522
1802 66.9522
1803 66.9522
1804 66.9522
1805 66.9522
1806 66.9522
1807 66.9522
1808 66.9522
1809 66.9522
1810 66.9522
1811 66.9522
1812 66.9522
1813 66.9522
1814 66.9522
1815 66.9522
1816 66.9522
1817 66.9522
1818 66.9522
1819 66.9522
1820 66.9522
1821 66.9522
1822 66.9522
1823 66.9522
1824 66.9522
1825 66.9522
1826 66.9522
1827 66.9522
1828 66.9522
1829 66.9522
1830 66.9522
1831 66.9522
1832 66.9522
1833 66.9522
1834 66.9522
1835 66.9522
1836 66.9522
1837 66.9522
1838 66.9522
1839 66.9522
1840 66.9522
1841 66.9522
1842 66.9522
1843 66.9522
1844 66.9522
1845 66.9522
1846 66.9522
1847 66.9522
1848 66.9522
1849 66.9522
1850 66.9522
1851 66.9522
1852 66.9522
1853 66.9522
1854 66.9522
1855 66.9522
1856 66.9522
1857 66.9522
1858 66.9522
1859 66.9522
1860 66.9522
1861 66.9522
1862 66.9522
1863 66.9522
1864 66.9522
1865 66.9522
1866 66.9522
1867 66.9522
1868 66.9522
1869 66.9522
1870 66.9522
1871 66.9522
1872 66.9522
1873 66.9522
1874 66.9522
1875 66.9522
1876 66.9522
1877 66.9522
1878 66.9522
1879 66.9522
1880 66.9522
1881 66.9522
1882 66.9522
1883 66.9522
1884 66.9522
1885 66.9522
1886 66.9522
1887 66.9522
1888 66.9522
1889 66.9522
1890 66.9522
1891 66.9522
1892 66.9522
1893 66.9522
1894 66.9522
1895 66.9522
1896 66.9522
1897 66.9522
1898 66.9522
1899 66.9522
1900 66.9522
1901 66.9522
1902 66.9522
1903 66.9522
1904 66.9522
1905 66.9522
1906 66.9522
1907 66.9522
1908 66.9522
1909 66.9522
1910 66.9522
1911 66.9522
1912 66.9522
1913 66.9522
1914 66.9522
1915 66.9522
1916 66.9522
1917 66.9522
1918 66.9522
1919 66.9522
1920 66.9522
1921 66.9522
1922 66.9522
1923 66.9522
1924 66.9522
1925 66.9522
1926 66.9522
1927 66.9522
1928 66.9522
1929 66.9522
1930 66.9522
1931 66.9522
1932 66.9522
1933 66.9522
1934 66.9522
1935 66.9522
1936 66.9522
1937 66.9522
1938 66.9522
1939 66.9522
1940 66.9522
1941 66.9522
1942 66.9522
1943 66.9522
1944 66.9522
1945 66.9522
1946 66.9522
1947 66.9522
1948 66.9522
1949 66.9522
1950 66.9522
1951 66.9522
1952 66.9522
1953 66.9522
1954 66.9522
1955 66.9522
1956 66.9522
1957 66.9522
1958 66.9522
1959 66.9522
1960 66.9522
1961 66.9522
1962 66.9522
1963 66.9522
1964 66.9522
1965 66.9522
1966 66.9522
1967 66.9522
1968 66.9522
1969 66.9522
1970 66.9522
1971 66.9522
1972 66.9522
1973 66.9522
1974 66.9522
1975 66.9522
1976 66.9522
1977 66.9522
1978 66.9522
1979 66.9522
1980 66.9522
1981 66.9522
1982 66.9522
1983 66.9522
1984 66.9522
1985 66.9522
1986 66.9522
1987 66.9522
1988 66.9522
1989 66.9522
1990 66.9522
1991 66.9522
1992 66.9522
1993 66.9522
1994 66.9522
1995 66.9522
1996 66.9522
1997 66.9522
1998 66.9522
1999 66.9522
2000 66.9522
2001 66.9522
2002 66.9522
2003 66.9522
2004 66.9522
2005 66.9522
2006 66.9522
2007 66.9522
2008 66.9522
2009 66.9522
2010 66.9522
2011 66.9522
2012 66.9522
2013 66.9522
2014 66.9522
2015 66.9522
2016 66.9522
2017 66.9522
2018 66.9522
2019 66.9522
2020 66.9522
2021 66.9522
2022 66.9522
2023 66.9522
2024 66.9522
2025 66.9522
2026 66.9522
2027 66.9522
2028 66.9522
2029 66.9522
2030 66.9522
2031 66.9522
2032 66.9522
2033 66.9522
2034 66.9522
2035 66.9522
2036 66.9522
2037 66.9522
2038 66.9522
2039 66.9522
2040 66.9522
2041 66.9522
2042 66.9522
2043 66.9522
2044 66.9522
2045 66.9522
2046 66.9522
2047 66.9522
2048 66.9522
2049 66.9522
2050 66.9522
2051 66.9522
2052 66.9522
2053 66.9522
2054 66.9522
2055 66.9522
2056 66.9522
2057 66.9522
2058 66.9522
2059 66.9522
2060 66.9522
2061 66.9522
2062 66.9522
2063 66.9522
2064 66.9522
2065 66.9522
2066 66.9522
2067 66.9522
2068 66.9522
2069 66.9522
2070 66.9522
2071 66.9522
2072 66.9522
2073 66.9522
2074 66.9522
2075 66.9522
2076 66.9522
2077 66.9522
2078 66.9522
2079 66.9522
2080 66.9522
2081 66.9522
2082 66.9522
2083 66.9522
2084 66.9522
2085 66.9522
2086 66.9522
2087 66.9522
2088 66.9522
2089 66.9522
2090 66.9522
2091 66.9522
2092 66.9522
2093 66.9522
2094 66.9522
2095 66.9522
2096 66.9522
2097 66.9522
2098 66.9522
2099 66.9522
2100 66.9522
2101 66.9522
2102 66.9522
2103 66.9522
2104 66.9522
2105 66.9522
2106 66.9522
2107 66.9522
2108 66.9522
2109 66.9522
2110 66.9522
2111 66.9522
2112 66.9522
2113 66.9522
2114 66.9522
2115 66.9522
2116 66.9522
2117 66.9522
2118 66.9522
2119 66.9522
2120 66.9522
2121 66.9522
2122 66.9522
2123 66.9522
2124 66.9522
2125 66.9522
2126 66.9522
2127 66.9522
2128 66.9522
2129 66.9522
2130 66.9522
2131 66.9522
2132 66.9522
2133 66.9522
2134 66.9522
2135 66.9522
2136 66.9522
2137 66.9522
2138 66.9522
2139 66.9522
2140 66.9522
2141 66.9522
2142 66.9522
2143 66.9522
2144 66.9522
2145 66.9522
2146 66.9522
2147 66.9522
2148 66.9522
2149 66.9522
2150 66.9522
2151 66.9522
2152 66.9522
2153 66.9522
2154 66.9522
2155 66.9522
2156 66.9522
2157 66.9522
2158 66.9522
2159 66.9522
2160 66.9522
2161 66.9522
2162 66.9522
2163 66.9522
2164 66.9522
2165 66.9522
2166 66.9522
2167 66.9522
2168 66.9522
2169 66.9522
2170 66.9522
2171 66.9522
2172 66.9522
2173 66.9522
2174 66.9522
2175 66.9522
2176 66.9522
2177 66.9522
2178 66.9522
2179 66.9522
2180 66.9522
2181 66.9522
2182 66.9522
2183 66.9522
2184 66.9522
2185 66.9522
2186 66.9522
2187 66.9522
2188 66.9522
2189 66.9522
2190 66.9522
2191 66.9522
2192 66.9522
2193 66.9522
2194 66.9522
2195 66.9522
2196 66.9522
2197 66.9522
2198 66.9522
2199 66.9522
2200 66.9522
2201 66.9522
2202 66.9522
2203 66.9522
2204 66.9522
2205 66.9522
2206 66.9522
2207 66.9522
2208 66.9522
2209 66.9522
2210 66.9522
2211 66.9522
2212 66.9522
2213 66.9522
2214 66.9522
2215 66.9522
2216 66.9522
2217 66.9522
2218 66.9522
2219 66.9522
2220 66.9522
2221 66.9522
2222 66.9522
2223 66.9522
2224 66.9522
2225 66.9522
2226 66.9522
2227 66.9522
2228 66.9522
2229 66.9522
2230 66.9522
2231 66.9522
2232 66.9522
2233 66.9522
2234 66.9522
2235 66.9522
2236 66.9522
2237 66.9522
2238 66.9522
2239 66.9522
2240 66.9522
2241 66.9522
2242 66.9522
2243 66.9522
2244 66.9522
2245 66.9522
2246 66.9522
2247 66.9522
2248 66.9522
2249 66.9522
2250 66.9522
2251 66.9522
2252 66.9522
2253 66.9522
2254 66.9522
2255 66.9522
2256 66.9522
2257 66.9522
2258 66.9522
2259 66.9522
2260 66.9522
2261 66.9522
2262 66.9522
2263 66.9522
2264 66.9522
2265 66.9522
2266 66.9522
2267 66.9522
2268 66.9522
2269 66.9522
2270 66.9522
2271 66.9522
2272 66.9522
2273 66.9522
2274 66.9522
2275 66.9522
2276 66.9522
2277 66.9522
2278 66.9522
2279 66.9522
2280 66.9522
2281 66.9522
2282 66.9522
2283 66.9522
2284 66.9522
2285 66.9522
2286 66.9522
2287 66.9522
2288 66.9522
2289 66.9522
2290 66.9522
2291 66.9522
2292 66.9522
2293 66.9522
2294 66.9522
2295 66.9522
2296 66.9522
2297 66.9522
2298 66.9522
2299 66.9522
2300 66.9522
2301 66.9522
2302 66.9522
2303 66.9522
2304 66.9522
2305 66.9522
2306 66.9522
2307 66.9522
2308 66.9522
2309 66.9522
2310 66.9522
2311 66.9522
2312 66.9522
2313 66.9522
2314 66.9522
2315 66.9522
2316 66.9522
2317 66.9522
2318 66.9522
2319 66.9522
2320 66.9522
2321 66.9522
2322 66.9522
2323 66.9522
2324 66.9522
2325 66.9522
2326 66.9522
2327 66.9522
2328 66.9522
2329 66.9522
2330 66.9522
2331 66.9522
2332 66.9522
2333 66.9522
2334 66.9522
2335 66.9522
2336 66.9522
2337 66.9522
2338 66.9522
2339 66.9522
2340 66.9522
2341 66.9522
2342 66.9522
2343 66.9522
2344 66.9522
2345 66.9522
2346 66.9522
2347 66.9522
2348 66.9522
2349 66.9522
2350 66.9522
2351 66.9522
2352 66.9522
2353 66.9522
2354 66.9522
2355 66.9522
2356 66.9522
2357 66.9522
2358 66.9522
2359 66.9522
2360 66.9522
2361 66.9522
2362 66.9522
2363 66.9522
2364 66.9522
2365 66.9522
2366 66.9522
2367 66.9522
2368 66.9522
2369 66.9522
2370 66.9522
2371 66.9522
2372 66.9522
2373 66.9522
2374 66.9522
2375 66.9522
2376 66.9522
2377 66.9522
2378 66.9522
2379 66.9522
2380 66.9522
2381 66.9522
2382 66.9522
2383 66.9522
2384 66.9522
2385 66.9522
2386 66.9522
2387 66.9522
2388 66.9522
2389 66.9522
2390 66.9522
2391 66.9522
2392 66.9522
2393 66.9522
2394 66.9522
2395 66.9522
2396 66.9522
2397 66.9522
2398 66.9522
2399 66.9522
2400 66.9522
2401 66.9522
2402 66.9522
2403 66.9522
2404 66.9522
2405 66.9522
2406 66.9522
2407 66.9522
2408 66.9522
2409 66.9522
2410 66.9522
2411 66.9522
2412 66.9522
2413 66.9522
2414 66.9522
2415 66.9522
2416 66.9522
2417 66.9522
2418 66.9522
2419 66.9522
2420 66.9522
2421 66.9522
2422 66.9522
2423 66.9522
2424 66.9522
2425 66.9522
2426 66.9522
2427 66.9522
2428 66.9522
2429 66.9522
2430 66.9522
2431 66.9522
2432 66.9522
2433 66.9522
2434 66.9522
2435 66.9522
2436 66.9522
2437 66.9522
2438 66.9522
2439 66.9522
2440 66.9522
2441 66.9522
2442 66.9522
2443 66.9522
2444 66.9522
2445 66.9522
2446 66.9522
2447 66.9522
2448 66.9522
2449 66.9522
2450 66.9522
2451 66.9522
2452 66.9522
2453 66.9522
2454 66.9522
2455 66.9522
2456 66.9522
2457 66.9522
2458 66.9522
2459 66.9522
2460 66.9522
2461 66.9522
2462 66.9522
2463 66.9522
2464 66.9522
2465 66.9522
2466 66.9522
2467 66.9522
2468 66.9522
2469 66.9522
2470 66.9522
2471 66.9522
2472 66.9522
2473 66.9522
2474 66.9522
2475 66.9522
2476 66.9522
2477 66.9522
2478 66.9522
2479 66.9522
2480 66.9522
2481 66.9522
2482 66.9522
2483 66.9522
2484 66.9522
2485 66.9522
2486 66.9522
2487 66.9522
2488 66.9522
2489 66.9522
2490 66.9522
2491 66.9522
2492 66.9522
2493 66.9522
2494 66.9522
2495 66.9522
2496 66.9522
2497 66.9522
2498 66.9522
2499 66.9522
2500 66.9522
2501 66.9522
2502 66.9522
2503 66.9522
2504 66.9522
2505 66.9522
2506 66.9522
2507 66.9522
2508 66.9522
2509 66.9522
2510 66.9522
2511 66.9522
2512 66.9522
2513 66.9522
2514 66.9522
2515 66.9522
2516 66.9522
2517 66.9522
2518 66.9522
2519 66.9522
2520 66.9522
2521 66.9522
2522 66.9522
2523 66.9522
2524 66.9522
2525 66.9522
2526 66.9522
2527 66.9522
2528 66.9522
2529 66.9522
2530 66.9522
2531 66.9522
2532 66.9522
2533 66.9522
2534 66.9522
2535 66.9522
2536 66.9522
2537 66.9522
2538 66.9522
2539 66.9522
2540 66.9522
2541 66.9522
2542 66.9522
2543 66.9522
2544 66.9522
2545 66.9522
2546 66.9522
2547 66.9522
2548 66.9522
2549 66.9522
2550 66.9522
2551 66.9522
2552 66.9522
2553 66.9522
2554 66.9522
2555 66.9522
2556 66.9522
2557 66.9522
2558 66.9522
2559 66.9522
2560 66.9522
2561 66.9522
2562 66.9522
2563 66.9522
2564 66.9522
2565 66.9522
2566 66.9522
2567 66.9522
2568 66.9522
2569 66.9522
2570 66.9522
2571 66.9522
2572 66.9522
2573 66.9522
2574 66.9522
2575 66.9522
2576 66.9522
2577 66.9522
2578 66.9522
2579 66.9522
2580 66.9522
2581 66.9522
2582 66.9522
2583 66.9522
2584 66.9522
2585 66.9522
2586 66.9522
2587 66.9522
2588 66.9522
2589 66.9522
2590 66.9522
2591 66.9522
2592 66.9522
2593 66.9522
2594 66.9522
2595 66.9522
2596 66.9522
2597 66.9522
2598 66.9522
2599 66.9522
2600 66.9522
2601 66.9522
2602 66.9522
2603 66.9522
2604 66.9522
2605 66.9522
2606 66.9522
2607 66.9522
2608 66.9522
2609 66.9522
2610 66.9522
2611 66.9522
2612 66.9522
2613 66.9522
2614 66.9522
2615 66.9522
2616 66.9522
2617 66.9522
2618 66.9522
2619 66.9522
2620 66.9522
2621 66.9522
2622 66.9522
2623 66.9522
2624 66.9522
2625 66.9522
2626 66.9522
2627 66.9522
2628 66.9522
2629 66.9522
2630 66.9522
2631 66.9522
2632 66.9522
2633 66.9522
2634 66.9522
2635 66.9522
2636 66.9522
2637 66.9522
2638 66.9522
2639 66.9522
2640 66.9522
2641 66.9522
2642 66.9522
2643 66.9522
2644 66.9522
2645 66.9522
2646 66.9522
2647 66.9522
2648 66.9522
2649 66.9522
2650 66.9522
2651 66.9522
2652 66.9522
2653 66.9522
2654 66.9522
2655 66.9522
2656 66.9522
2657 66.9522
2658 66.9522
2659 66.9522
2660 66.9522
2661 66.9522
2662 66.9522
2663 66.9522
2664 66.9522
2665 66.9522
2666 66.9522
2667 66.9522
2668 66.9522
2669 66.9522
2670 66.9522
2671 66.9522
2672 66.9522
2673 66.9522
2674 66.9522
2675 66.9522
2676 66.9522
2677 66.9522
2678 66.9522
2679 66.9522
2680 66.9522
2681 66.9522
2682 66.9522
2683 66.9522
2684 66.9522
2685 66.9522
2686 66.9522
2687 66.9522
2688 66.9522
2689 66.9522
2690 66.9522
2691 66.9522
2692 66.9522
2693 66.9522
2694 66.9522
2695 66.9522
2696 66.9522
2697 66.9522
2698 66.9522
2699 66.9522
2700 66.9522
2701 66.9522
2702 66.9522
2703 66.9522
2704 66.9522
2705 66.9522
2706 66.9522
2707 66.9522
2708 66.9522
2709 66.9522
2710 66.9522
2711 66.9522
2712 66.9522
2713 66.9522
2714 66.9522
2715 66.9522
2716 66.9522
2717 66.9522
2718 66.9522
2719 66.9522
2720 66.9522
2721 66.9522
2722 66.9522
2723 66.9522
2724 66.9522
2725 66.9522
2726 66.9522
2727 66.9522
2728 66.9522
2729 66.9522
2730 66.9522
2731 66.9522
2732 66.9522
2733 66.9522
2734 66.9522
2735 66.9522
2736 66.9522
2737 66.9522
2738 66.9522
2739 66.9522
2740 66.9522
2741 66.9522
2742 66.9522
2743 66.9522
2744 66.9522
2745 66.9522
2746 66.9522
2747 66.9522
2748 66.9522
2749 66.9522
2750 66.9522
2751 66.9522
2752 66.9522
2753 66.9522
2754 66.9522
2755 66.9522
2756 66.9522
2757 66.9522
2758 66.9522
2759 66.9522
2760 66.9522
2761 66.9522
2762 66.9522
2763 66.9522
2764 66.9522
2765 66.9522
2766 66.9522
2767 66.9522
2768 66.9522
2769 66.9522
2770 66.9522
2771 66.9522
2772 66.9522
2773 66.9522
2774 66.9522
2775 66.9522
2776 66.9522
2777 66.9522
2778 66.9522
2779 66.9522
2780 66.9522
2781 66.9522
2782 66.9522
2783 66.9522
2784 66.9522
2785 66.9522
2786 66.9522
2787 66.9522
2788 66.9522
2789 66.9522
2790 66.9522
2791 66.9522
2792 66.9522
2793 66.9522
2794 66.9522
2795 66.9522
2796 66.9522
2797 66.9522
2798 66.9522
2799 66.9522
2800 66.9522
2801 66.9522
2802 66.9522
2803 66.9522
2804 66.9522
2805 66.9522
2806 66.9522
2807 66.9522
2808 66.9522
2809 66.9522
2810 66.9522
2811 66.9522
2812 66.9522
2813 66.9522
2814 66.9522
2815 66.9522
2816 66.9522
2817 66.9522
2818 66.9522
2819 66.9522
2820 66.9522
2821 66.9522
2822 66.9522
2823 66.9522
2824 66.9522
2825 66.9522
2826 66.9522
2827 66.9522
2828 66.9522
2829 66.9522
2830 66.9522
2831 66.9522
2832 66.9522
2833 66.9522
2834 66.9522
2835 66.9522
2836 66.9522
2837 66.9522
2838 66.9522
2839 66.9522
2840 66.9522
2841 66.9522
2842 66.9522
2843 66.9522
2844 66.9522
2845 66.9522
2846 66.9522
2847 66.9522
2848 66.9522
2849 66.9522
2850 66.9522
2851 66.9522
2852 66.9522
2853 66.9522
2854 66.9522
2855 66.9522
2856 66.9522
2857 66.9522
2858 66.9522
2859 66.9522
2860 66.9522
2861 66.9522
2862 66.9522
2863 66.9522
2864 66.9522
2865 66.9522
2866 66.9522
2867 66.9522
2868 66.9522
2869 66.9522
2870 66.9522
2871 66.9522
2872 66.9522
2873 66.9522
2874 66.9522
2875 66.9522
2876 66.9522
2877 66.9522
2878 66.9522
2879 66.9522
2880 66.9522
2881 66.9522
2882 66.9522
2883 66.9522
2884 66.9522
2885 66.9522
2886 66.9522
2887 66.9522
2888 66.9522
2889 66.9522
2890 66.9522
2891 66.9522
2892 66.9522
2893 66.9522
2894 66.9522
2895 66.9522
2896 66.9522
2897 66.9522
2898 66.9522
2899 66.9522
2900 66.9522
2901 66.9522
2902 66.9522
2903 66.9522
2904 66.9522
2905 66.9522
2906 66.9522
2907 66.9522
2908 66.9522
2909 66.9522
2910 66.9522
2911 66.9522
2912 66.9522
2913 66.9522
2914 66.9522
2915 66.9522
2916 66.9522
2917 66.9522
2918 66.9522
2919 66.9522
2920 66.9522
2921 66.9522
2922 66.9522
2923 66.9522
2924 66.9522
2925 66.9522
2926 66.9522
2927 66.9522
2928 66.9522
2929 66.9522
2930 66.9522
2931 66.9522
2932 66.9522
2933 66.9522
2934 66.9522
2935 66.9522
2936 66.9522
2937 66.9522
2938 66.9522
2939 66.9522
2940 66.9522
2941 66.9522
2942 66.9522
2943 66.9522
2944 66.9522
2945 66.9522
2946 66.9522
2947 66.9522
2948 66.9522
2949 66.9522
2950 66.9522
2951 66.9522
2952 66.9522
2953 66.9522
2954 66.9522
2955 66.9522
2956 66.9522
2957 66.9522
2958 66.9522
2959 66.9522
2960 66.9522
2961 66.9522
2962 66.9522
2963 66.9522
2964 66.9522
2965 66.9522
2966 66.9522
2967 66.9522
2968 66.9522
2969 66.9522
2970 66.9522
2971 66.9522
2972 66.9522
2973 66.9522
2974 66.9522
2975 66.9522
2976 66.9522
2977 66.9522
2978 66.9522
2979 66.9522
2980 66.9522
2981 66.9522
2982 66.9522
2983 66.9522
2984 66.9522
2985 66.9522
2986 66.9522
2987 66.9522
2988 66.9522
2989 66.9522
2990 66.9522
2991 66.9522
2992 66.9522
2993 66.9522
2994 66.9522
2995 66.9522
2996 66.9522
2997 66.9522
2998 66.9522
2999 66.9522
3000 66.9522
3001 66.9522
3002 66.9522
3003 66.9522
3004 66.9522
3005 66.9522
3006 66.9522
3007 66.9522
3008 66.9522
3009 66.9522
3010 66.9522
3011 66.9522
3012 66.9522
3013 66.9522
3014 66.9522
3015 66.9522
3016 66.9522
3017 66.9522
3018 66.9522
3019 66.9522
3020 66.9522
3021 66.9522
3022 66.9522
3023 66.9522
3024 66.9522
3025 66.9522
3026 66.9522
3027 66.9522
3028 66.9522
3029 66.9522
3030 66.9522
3031 66.9522
3032 66.9522
3033 66.9522
3034 66.9522
3035 66.9522
3036 66.9522
3037 66.9522
3038 66.9522
3039 66.9522
3040 66.9522
3041 66.9522
3042 66.9522
3043 66.9522
3044 66.9522
3045 66.9522
3046 66.9522
3047 66.9522
3048 66.9522
3049 66.9522
3050 66.9522
3051 66.9522
3052 66.9522
3053 66.9522
3054 66.9522
3055 66.9522
3056 66.9522
3057 66.9522
3058 66.9522
3059 66.9522
3060 66.9522
3061 66.9522
3062 66.9522
3063 66.9391
3064 66.9391
3065 66.9391
3066 66.9391
3067 66.9391
3068 66.9391
3069 66.9391
3070 66.9391
3071 66.9391
3072 66.9391
3073 66.9391
3074 66.9116
3075 66.9116
3076 66.9116
3077 66.9116
3078 66.9116
3079 66.9116
3080 66.9116
3081 66.9116
3082 66.9116
3083 66.9116
3084 66.6506
3085 66.6506
3086 66.6506
3087 66.6506
3088 66.6506
3089 66.6506
3090 66.6506
3091 66.6506
3092 66.6506
3093 66.6506
3094 66.6506
3095 66.6506
3096 66.6506
3097 66.6506
3098 66.6506
3099 66.6506
3100 66.6506
3101 66.6506
3102 66.6506
3103 66.6506
3104 66.6506
3105 66.6506
3106 66.6506
3107 66.6506
3108 66.6506
3109 66.6506
3110 66.6506
3111 66.6506
3112 66.6506
3113 66.6506
3114 66.6506
3115 66.6506
3116 66.6506
3117 66.6506
3118 66.6506
3119 66.6506
3120 66.6506
3121 66.6506
3122 66.6506
3123 66.6506
3124 66.6506
3125 66.6506
3126 66.6506
3127 66.6506
3128 66.6506
3129 66.6506
3130 66.6506
3131 66.6506
3132 66.6506
3133 66.6506
3134 66.6506
3135 66.6506
3136 66.6506
3137 66.6506
3138 66.6506
3139 66.6506
3140 66.6506
3141 66.6506
3142 66.6506
3143 66.6506
3144 66.6506
3145 66.6506
3146 66.6506
3147 66.6506
3148 66.6506
3149 66.6506
3150 66.6506
3151 66.6506
3152 66.6506
3153 66.6506
3154 66.6506
3155 66.6506
3156 66.6506
3157 66.6506
3158 66.6506
3159 66.6506
3160 66.6506
3161 66.6506
3162 66.6506
3163 66.6506
3164 66.6506
3165 66.6506
3166 66.6506
3167 66.6506
3168 66.6506
3169 66.6506
3170 66.6506
3171 66.6506
3172 66.6506
3173 66.6506
3174 66.6506
3175 66.6506
3176 66.6506
3177 66.6506
3178 66.6506
3179 66.6506
3180 66.6506
3181 66.6506
3182 66.6506
3183 66.6506
3184 66.6506
3185 66.6506
3186 66.6506
3187 66.6506
3188 66.6506
3189 66.6506
3190 66.6506
3191 66.6506
3192 66.6506
3193 66.6506
3194 66.6506
3195 66.6506
3196 66.6506
3197 66.6506
3198 66.6506
3199 66.6506
3200 66.6506
3201 66.6506
3202 66.6506
3203 66.6506
3204 66.6506
3205 66.6506
3206 66.6506
3207 66.6506
3208 66.6506
3209 66.6506
3210 66.6506
3211 66.6506
3212 66.6506
3213 66.6506
3214 66.6506
3215 66.6506
3216 66.6506
3217 66.6506
3218 66.6506
3219 66.6506
3220 66.6506
3221 66.6506
3222 66.6506
3223 66.6506
3224 66.6506
3225 66.6506
3226 66.6506
3227 66.6506
3228 66.6506
3229 66.6506
3230 66.6506
3231 66.6506
3232 66.6506
3233 66.6506
3234 66.6506
3235 66.6506
3236 66.6506
3237 66.6506
3238 66.6506
3239 66.6506
3240 66.6506
3241 66.6506
3242 66.6506
3243 66.6506
3244 66.6506
3245 66.6506
3246 66.6506
3247 66.6506
3248 66.6506
3249 66.6506
3250 66.6506
3251 66.6506
3252 66.6506
3253 66.6506
3254 66.6506
3255 66.6506
3256 66.6506
3257 66.6506
3258 66.6506
3259 66.6506
3260 66.6506
3261 66.6506
3262 66.6506
3263 66.6506
3264 66.6506
3265 66.6506
3266 66.6506
3267 66.6506
3268 66.6506
3269 66.6506
3270 66.6506
3271 66.6506
3272 66.6506
3273 66.6506
3274 66.6506
3275 66.6506
3276 66.6506
3277 66.6506
3278 66.6506
3279 66.6506
3280 66.6506
3281 66.6506
3282 66.6506
3283 66.6506
3284 66.6506
3285 66.6506
3286 66.6506
3287 66.6506
3288 66.6506
3289 66.6506
3290 66.6506
3291 66.5925
3292 66.5925
3293 66.5925
3294 66.5925
3295 66.5925
3296 66.5925
3297 66.5925
3298 66.5925
3299 66.5925
3300 66.5925
3301 66.5925
3302 66.5925
3303 66.5925
3304 66.5925
3305 66.5925
3306 66.5925
3307 66.5925
3308 66.5925
3309 66.5925
3310 66.5925
3311 66.5925
3312 66.5925
3313 66.5925
3314 66.5925
3315 66.5925
3316 66.5925
3317 66.5925
3318 66.5925
3319 66.5925
3320 66.5925
3321 66.5925
3322 66.5925
3323 66.5925
3324 66.5925
3325 66.5925
3326 66.5925
3327 66.5925
3328 66.5925
3329 66.5925
3330 66.5925
3331 66.5925
3332 66.5925
3333 66.5925
3334 66.5925
3335 66.5925
3336 66.5925
3337 66.5925
3338 66.5925
3339 66.5925
3340 66.5925
3341 66.5925
3342 66.5925
3343 66.5925
3344 66.5925
3345 66.5925
3346 66.5925
3347 66.5925
3348 66.5925
3349 66.5925
3350 66.5925
3351 66.5925
3352 66.5925
3353 66.5925
3354 66.5925
3355 66.5925
3356 66.5925
3357 66.5925
3358 66.5925
3359 66.5925
3360 66.5925
3361 66.5925
3362 66.5925
3363 66.5925
3364 66.5925
3365 66.5925
3366 66.5925
3367 66.5925
3368 66.5925
3369 66.5925
3370 66.5925
3371 66.5925
3372 66.5925
3373 66.5925
3374 66.5925
3375 66.5925
3376 66.5925
3377 66.5925
3378 66.5925
3379 66.5925
3380 66.5925
3381 66.5925
3382 66.5925
3383 66.5925
3384 66.5925
3385 66.5925
3386 66.5925
3387 66.5925
3388 66.5925
3389 66.5925
3390 66.5925
3391 66.5925
3392 66.5925
3393 66.5925
3394 66.5925
3395 66.5925
3396 66.5925
3397 66.5925
3398 66.5925
3399 66.5925
3400 66.5925
3401 66.5925
3402 66.5925
3403 66.5925
3404 66.5925
3405 66.5925
3406 66.5925
3407 66.5925
3408 66.5925
3409 66.5925
3410 66.5925
3411 66.5925
3412 66.5925
3413 66.5925
3414 66.5925
3415 66.5925
3416 66.5925
3417 66.5925
3418 66.5925
3419 66.5925
3420 66.5925
3421 66.5925
3422 66.5925
3423 66.5925
3424 66.5925
3425 66.5925
3426 66.5925
3427 66.5925
3428 66.5925
3429 66.5925
3430 66.5925
3431 66.5925
3432 66.5925
3433 66.5925
3434 66.5925
3435 66.5925
3436 66.5925
3437 66.5925
3438 66.5925
3439 66.5925
3440 66.5925
3441 66.5925
3442 66.5925
3443 66.5925
3444 66.5925
3445 66.5925
3446 66.5925
3447 66.5925
3448 66.5925
3449 66.5925
3450 66.5925
3451 66.5925
3452 66.5925
3453 66.5925
3454 66.5925
3455 66.5925
3456 66.5925
3457 66.5925
3458 66.5925
3459 66.5925
3460 66.5925
3461 66.5925
3462 66.5925
3463 66.5925
3464 66.5925
3465 66.5925
3466 66.5925
3467 66.5925
3468 66.5925
3469 66.5925
3470 66.5925
3471 66.5925
3472 66.5925
3473 66.5925
3474 66.5925
3475 66.5925
3476 66.5925
3477 66.5925
3478 66.5925
3479 66.5925
3480 66.5925
3481 66.5925
3482 66.5925
3483 66.5925
3484 66.5925
3485 66.5925
3486 66.5925
3487 66.5925
3488 66.5925
3489 66.5925
3490 66.5925
3491 66.5925
3492 66.5925
3493 66.5925
3494 66.5925
3495 66.5925
3496 66.5925
3497 66.5925
3498 66.5925
3499 66.5925
3500 66.5925
