0 509.167
1 450.501
2 414.854
3 392.955
4 377.491
5 360.969
6 346.804
7 332.59
8 316.205
9 302.071
10 291.902
11 284.213
12 277.32
13 269.97
14 263.717
15 257.806
16 251.327
17 243.645
18 237.643
19 232.19
20 225.837
21 217.901
22 212.115
23 209.244
24 207.165
25 201.537
26 196.024
27 192.381
28 188.384
29 183.468
30 179.343
31 175.308
32 172.182
33 169.072
34 166.447
35 163.303
36 159.902
37 156.601
38 153.642
39 151.865
40 149.879
41 148.551
42 147.671
43 145.242
44 143.122
45 141.836
46 140.708
47 138.947
48 137.509
49 136.317
50 134.456
51 134.441
52 133.377
53 135.418
54 135.348
55 134.364
56 132.151
57 131.422
58 129.957
59 126.69
60 123.604
61 121.105
62 120.799
63 120.11
64 118.863
65 116.995
66 115.235
67 114.199
68 113.786
69 112.971
70 111.241
71 109.555
72 107.442
73 106.816
74 106.293
75 104.993
76 104.333
77 102.898
78 101.314
79 100.098
80 99.1332
81 97.6965
82 97.1657
83 95.3328
84 93.9593
85 92.7634
86 91.8694
87 91.48
88 90.9316
89 90.2873
90 89.4588
91 90.4747
92 90.7326
93 89.7663
94 88.6931
95 87.0059
96 84.8775
97 83.5905
98 83.3243
99 82.7525
100 83.2947
101 83.0543
102 82.4745
103 81.8647
104 81.2767
105 80.3319
106 79.4438
107 79.1608
108 78.7352
109 78.3633
110 78.0298
111 77.9011
112 77.6563
113 77.3838
114 76.3288
115 76.2481
116 76.0942
117 76.23
118 76.1101
119 75.4489
120 75.5784
121 75.5671
122 75.3252
123 74.9775
124 74.8178
125 74.8866
126 75.1449
127 75.416
128 74.7736
129 74.7748
130 74.5765
131 74.4338
132 73.9662
133 73.7672
134 73.6587
135 73.3852
136 73.4117
137 73.4062
138 73.1801
139 73.4444
140 73.0855
141 72.8861
142 72.719
143 72.5519
144 72.7257
145 72.4342
146 71.9347
147 72.1002
148 72.3527
149 72.1603
150 72.0273
151 72.0665
152 71.9761
153 71.6178
154 71.6897
155 71.7101
156 71.2802
157 71.3467
158 71.1192
159 70.6686
160 70.8519
161 70.887
162 70.956
163 71.2928
164 70.9255
165 71.3269
166 70.8455
167 70.479
168 70.5324
169 70.3129
170 70.3671
171 70.5253
172 70.1488
173 70.5144
174 70.4562
175 70.7137
176 70.7383
177 70.3451
178 70.2488
179 70.5257
180 70.8184
181 70.5204
182 70.4167
183 70.2388
184 70.677
185 70.4478
186 70.6215
187 70.6511
188 70.2381
189 70.5926
190 70.7098
191 70.5444
192 70.4861
193 70.5392
194 70.2685
195 70.2781
196 70.3807
197 70.6257
198 70.5059
199 70.7539
200 70.4078
201 70.2994
202 70.3163
203 70.5894
204 70.3349
205 70.0426
206 71.1804
207 71.1805
208 70.7152
209 70.6247
210 70.6254
211 70.7831
212 70.409
213 70.5571
214 70.9443
215 70.4349
216 70.5525
217 70.6057
218 70.4821
219 70.717
220 70.6547
221 70.3144
222 70.5882
223 70.4755
224 70.4069
225 70.4062
226 70.4683
227 70.1573
228 70.1104
229 70.6707
230 70.7991
231 70.2948
232 70.4694
233 70.4674
234 70.2124
235 70.5044
236 70.435
237 70.2781
238 70.435
239 70.4015
240 70.3086
241 70.2765
242 70.6702
243 70.7761
244 70.5763
245 70.5686
246 70.4825
247 70.4208
248 70.3653
249 70.564
250 70.7608
251 70.6333
252 70.7452
253 70.4303
254 70.2905
255 70.3839
256 70.5651
257 70.3893
258 70.5655
259 70.4387
260 70.4757
261 70.0173
262 70.7173
263 70.6584
264 70.826
265 70.8299
266 70.5268
267 70.3539
268 70.3775
269 70.138
270 70.3455
271 70.4545
272 70.4695
273 70.6046
274 70.6923
275 70.6277
276 70.4727
277 70.5619
278 70.6209
279 70.5499
280 70.402
281 70.4919
282 70.6298
283 70.4528
284 70.2115
285 70.5133
286 70.7499
287 70.3689
288 70.6263
289 70.4215
290 70.3955
291 70.4637
292 70.8819
293 70.4688
294 70.4069
295 70.777
296 70.2808
297 70.4269
298 70.5597
299 70.5494
300 70.5127
301 70.8429
302 70.5245
303 70.2332
304 70.4737
305 70.2669
306 70.8796
307 70.7829
308 70.5599
309 70.7122
310 70.6975
311 70.2661
312 70.1454
313 70.0708
314 69.8741
315 70.0592
316 70.1163
317 70.2363
318 70.1224
319 70.3314
320 70.4868
321 70.5728
322 70.355
323 70.1776
324 70.4791
325 70.2873
326 70.1241
327 70.2219
328 69.9846
329 70.0361
330 70.3498
331 70.3521
332 70.4289
333 70.573
334 70.394
335 70.0852
336 70.6238
337 70.1352
338 70.2227
339 70.3095
340 70.3034
341 70.2813
342 70.2946
343 70.5217
344 70.5522
345 70.3904
346 70.521
347 70.2355
348 70.3013
349 70.2938
350 69.9959
351 70.0004
352 70.0869
353 70.6441
354 70.2702
355 70.1631
356 70.0799
357 70.1009
358 69.8291
359 69.9537
360 69.9908
361 70.113
362 69.9748
363 69.8802
364 70.3886
365 70.2412
366 70.3814
367 70.2852
368 69.8564
369 70.2332
370 70.4158
371 70.0253
372 70.3212
373 70.2983
374 70.7023
375 69.8378
376 70.2866
377 69.9552
378 70.1952
379 70.2712
380 70.2918
381 70.0718
382 69.8471
383 69.5763
384 69.7317
385 69.642
386 69.6287
387 69.6742
388 69.5821
389 69.5908
390 69.6627
391 69.4713
392 69.4138
393 69.614
394 69.8123
395 69.5413
396 69.7683
397 69.8075
398 69.769
399 69.9422
400 69.9428
401 69.8511
402 69.8478
403 69.8011
404 69.8914
405 70.0651
406 69.5749
407 69.6734
408 69.7718
409 69.5494
410 69.5765
411 69.7553
412 69.693
413 69.6207
414 69.7761
415 69.7091
416 69.6154
417 69.8966
418 69.4459
419 69.6158
420 69.6638
421 69.3535
422 69.6849
423 69.9625
424 69.659
425 69.8447
426 69.7914
427 69.8313
428 69.5707
429 69.8003
430 69.6573
431 69.8232
432 69.5682
433 69.764
434 70.0353
435 69.8775
436 70.0466
437 69.6706
438 69.8009
439 69.4699
440 69.4965
441 69.6796
442 69.505
443 69.7376
444 69.6283
445 69.7695
446 69.6652
447 69.7698
448 69.9635
449 69.6476
450 70.0416
451 70.0567
452 69.8509
453 69.479
454 69.3261
455 69.7422
456 69.5595
457 69.9684
458 69.7859
459 69.9288
460 70.1021
461 69.6504
462 69.6734
463 69.6454
464 69.7072
465 69.8854
466 69.8374
467 69.826
468 69.8472
469 69.5721
470 69.6702
471 69.8098
472 69.6449
473 69.6696
474 69.644
475 69.551
476 69.7753
477 69.7864
478 69.8367
479 70.017
480 69.6532
481 69.8106
482 69.931
483 69.9937
484 69.7415
485 69.8643
486 69.8751
487 69.6576
488 69.9023
489 69.6222
490 69.4409
491 69.6049
492 69.769
493 69.9033
494 69.8388
495 69.8402
496 70.0333
497 70.1653
498 69.7336
499 69.8061
500 69.7196
501 69.6984
502 69.871
503 69.6198
504 69.7905
505 69.9242
506 69.5733
507 69.4438
508 69.4654
509 69.6829
510 70.0519
511 69.5568
512 69.5077
513 69.6311
514 69.6676
515 69.579
516 69.7983
517 69.795
518 69.4752
519 69.5302
520 69.6015
521 69.7248
522 69.6865
523 69.8065
524 70.003
525 69.5773
526 69.7613
527 69.6316
528 69.4416
529 69.8737
530 69.8963
531 69.6847
532 70.0139
533 69.6247
534 69.6984
535 69.3023
536 69.5867
537 69.7255
538 69.609
539 69.7621
540 69.6351
541 69.5428
542 69.774
543 69.508
544 69.7065
545 69.7184
546 69.877
547 69.8176
548 69.7191
549 69.5834
550 69.6356
551 69.467
552 69.7412
553 69.7144
554 69.5943
555 69.8247
556 69.7868
557 69.8031
558 69.6233
559 69.7319
560 69.6384
561 69.705
562 69.931
563 70.1515
564 69.8733
565 69.664
566 69.7041
567 69.5149
568 69.8969
569 69.9975
570 69.6813
571 69.8566
572 69.9033
573 69.6939
574 69.6339
575 69.6066
576 69.7579
577 69.7395
578 69.757
579 69.6968
580 69.6024
581 69.6178
582 69.7078
583 69.6888
584 69.8025
585 69.6939
586 69.745
587 69.4066
588 69.555
589 69.7242
590 69.7634
591 69.7561
592 69.6551
593 70.0513
594 69.7784
595 69.9228
596 69.4804
597 69.8345
598 69.8248
599 69.7355
600 69.377
601 69.6877
602 69.6286
603 69.4287
604 69.4813
605 69.6463
606 69.8411
607 69.6791
608 69.4601
609 69.6658
610 69.7273
611 69.9722
612 69.6069
613 69.6894
614 69.6526
615 69.7441
616 69.9121
617 69.7636
618 69.649
619 69.3462
620 69.6365
621 69.6049
622 69.4782
623 69.5967
624 69.7148
625 69.4923
626 69.5625
627 69.9287
628 69.7064
629 69.6393
630 69.5058
631 69.5638
632 69.8626
633 69.8197
634 69.6751
635 69.5784
636 69.502
637 69.4021
638 69.9537
639 69.7393
640 69.3812
641 69.571
642 69.7779
643 69.9279
644 69.8891
645 69.99
646 69.6469
647 69.4101
648 69.4939
649 69.8144
650 69.4424
651 69.3587
652 69.8064
653 69.705
654 69.5495
655 69.6737
656 69.5797
657 69.6512
658 69.7395
659 69.3997
660 69.4483
661 70.0867
662 69.9286
663 69.7084
664 69.9846
665 69.676
666 69.3338
667 69.605
668 69.7414
669 69.9397
670 69.5572
671 69.5011
672 69.5745
673 69.7734
674 69.8412
675 69.6576
676 69.7269
677 69.5025
678 69.8498
679 69.6329
680 69.6067
681 69.6505
682 69.7322
683 69.6795
684 69.9219
685 69.6057
686 69.7314
687 69.4245
688 69.5233
689 69.6762
690 69.7931
691 69.6722
692 69.3679
693 69.3981
694 69.4593
695 69.583
696 69.5878
697 69.5839
698 69.8712
699 69.6052
700 69.5519
701 69.7124
702 69.5266
703 69.8234
704 69.7306
705 69.6395
706 69.566
707 69.7638
708 69.8964
709 69.6532
710 69.6481
711 69.6802
712 69.6364
713 69.9614
714 69.7893
715 69.632
716 69.4917
717 69.836
718 69.736
719 69.7173
720 69.7052
721 70.1149
722 69.8222
723 69.8003
724 69.6979
725 69.6787
726 69.6426
727 69.3323
728 69.6848
729 69.6767
730 69.9211
731 69.5631
732 69.6895
733 69.6605
734 69.6619
735 69.8638
736 69.7417
737 69.7675
738 69.8284
739 69.6023
740 69.7693
741 69.8029
742 69.7374
743 69.517
744 69.3738
745 69.6856
746 69.8927
747 69.6035
748 69.4242
749 69.4745
750 69.5892
751 69.756
752 69.2983
753 69.5635
754 69.6651
755 69.5503
756 69.7095
757 69.7661
758 69.5613
759 69.3678
760 69.6057
761 69.5343
762 69.4273
763 69.7746
764 69.6315
765 69.6858
766 69.6744
767 69.4499
768 69.4868
769 69.4937
770 69.7836
771 69.6715
772 69.4646
773 69.9015
774 69.8926
775 69.6972
776 69.3827
777 69.663
778 69.749
779 69.7676
780 69.606
781 69.6287
782 69.5069
783 69.655
784 69.9556
785 69.8373
786 69.7561
787 70.0818
788 69.8348
789 69.6489
790 69.6887
791 69.7097
792 69.4413
793 69.6155
794 69.549
795 69.5567
796 69.7778
797 70.0236
798 69.5751
799 69.4369
800 69.5242
801 69.5613
802 69.5057
803 69.7441
804 69.7529
805 69.355
806 69.2923
807 69.4706
808 69.4948
809 69.1792
810 69.4577
811 69.6416
812 69.708
813 69.5676
814 69.5755
815 69.5663
816 69.8166
817 69.6712
818 69.6785
819 69.3718
820 69.5163
821 69.912
822 69.4788
823 69.8016
824 69.7956
825 69.8389
826 69.652
827 69.567
828 69.8868
829 69.5089
830 69.3881
831 69.8133
832 69.9569
833 69.7902
834 69.8973
835 69.7435
836 69.6169
837 69.6116
838 69.6649
839 69.7601
840 69.4325
841 69.4408
842 69.526
843 69.4767
844 69.4527
845 69.381
846 69.3673
847 69.4168
848 69.3871
849 69.7147
850 69.5818
851 69.8789
852 69.611
853 69.5634
854 69.5634
855 69.7185
856 69.7221
857 69.4166
858 69.5589
859 69.743
860 69.6531
861 69.7124
862 69.6738
863 69.3628
864 69.4923
865 69.4437
866 69.6459
867 69.5519
868 69.8706
869 69.5322
870 69.7529
871 69.5911
872 69.6329
873 69.587
874 69.8569
875 69.3485
876 69.4145
877 69.6512
878 69.6488
879 69.6394
880 69.4603
881 69.5911
882 69.4995
883 69.7812
884 69.5134
885 69.5859
886 69.3172
887 69.6968
888 69.6682
889 69.6834
890 69.603
891 69.5788
892 69.7728
893 69.7039
894 69.5569
895 69.6643
896 69.6981
897 69.2568
898 69.6195
899 69.4197
900 69.5086
901 69.3001
902 69.4557
903 69.4968
904 69.4938
905 69.4844
906 69.5328
907 69.4137
908 69.4235
909 69.3476
910 69.6113
911 69.7704
912 69.8628
913 69.4866
914 69.7478
915 69.3647
916 69.6994
917 69.6033
918 69.6761
919 69.3694
920 69.4644
921 69.2951
922 69.5031
923 69.6039
924 69.7064
925 69.5425
926 69.4836
927 69.5061
928 69.521
929 69.6847
930 69.5517
931 70.1289
932 69.7585
933 69.6189
934 69.4785
935 69.5738
936 69.5098
937 69.6196
938 69.3904
939 69.723
940 69.4194
941 69.2743
942 69.2318
943 69.495
944 69.6514
945 69.4338
946 69.5764
947 69.6974
948 69.4929
949 69.7985
950 69.93
951 69.6088
952 69.5844
953 69.5218
954 69.568
955 69.6361
956 69.7545
957 69.5545
958 69.5612
959 69.4624
960 69.5571
961 69.5843
962 69.6011
963 69.7201
964 69.7288
965 69.6295
966 69.6428
967 69.7298
968 69.5576
969 69.5522
970 69.335
971 69.6789
972 70.0636
973 69.5687
974 69.6756
975 69.7076
976 69.585
977 69.4808
978 70.1515
979 69.6284
980 69.8679
981 69.9538
982 69.9446
983 69.4571
984 69.5106
985 69.6485
986 69.3104
987 69.2839
988 69.6371
989 69.8542
990 69.7356
991 69.6029
992 69.6741
993 69.7585
994 69.5051
995 69.3913
996 69.8251
997 69.5395
998 69.4502
999 69.7261
1000 69.346
1001 69.7061
1002 69.3589
1003 69.4885
1004 69.4934
1005 69.3942
1006 69.7841
1007 69.8602
1008 69.6403
1009 69.4956
1010 69.5652
1011 69.5621
1012 69.3522
1013 69.6648
1014 69.6677
1015 69.6537
1016 69.7634
1017 69.5956
1018 69.7865
1019 70.0109
1020 69.4835
1021 69.2785
1022 69.5162
1023 69.6137
1024 69.5278
1025 69.6563
1026 69.57
1027 69.6421
1028 69.6432
1029 69.6474
1030 69.4762
1031 69.5119
1032 69.8559
1033 69.4273
1034 69.5177
1035 69.734
1036 69.5395
1037 69.5734
1038 69.4501
1039 69.4933
1040 69.3636
1041 69.4858
1042 69.3714
1043 69.6026
1044 69.72
1045 69.7351
1046 69.6897
1047 69.9368
1048 69.6863
1049 69.7661
1050 69.7927
1051 69.5692
1052 69.7185
1053 69.7869
1054 69.5664
1055 69.6498
1056 69.1896
1057 69.3448
1058 69.6259
1059 69.6497
1060 69.349
1061 69.8104
1062 69.5616
1063 69.6528
1064 69.5412
1065 69.4797
1066 69.6601
1067 69.3583
1068 69.3155
1069 69.5952
1070 69.5116
1071 69.5615
1072 69.3727
1073 69.4867
1074 69.4859
1075 69.4585
1076 69.7701
1077 69.5726
1078 69.8226
1079 69.8439
1080 69.6768
1081 69.4179
1082 69.6271
1083 69.4164
1084 69.4254
1085 69.8449
1086 69.5944
1087 69.6096
1088 69.5757
1089 69.9051
1090 70.0769
1091 69.7903
1092 70.0423
1093 69.8665
1094 69.8056
1095 69.4407
1096 69.6864
1097 69.659
1098 69.6772
1099 69.6859
1100 69.8636
1101 69.4915
1102 69.5453
1103 69.6086
1104 69.7031
1105 69.8228
1106 69.707
1107 69.5631
1108 69.1889
1109 69.4866
1110 69.4659
1111 69.3068
1112 69.2071
1113 69.594
1114 69.2296
1115 69.512
1116 69.2856
1117 69.3944
1118 69.5904
1119 69.4664
1120 69.4796
1121 69.3786
1122 69.5999
1123 69.7794
1124 69.3763
1125 69.3605
1126 69.5787
1127 69.7342
1128 69.7214
1129 69.451
1130 69.6473
1131 69.7805
1132 69.7383
1133 69.9406
1134 69.9787
1135 69.6123
1136 69.7411
1137 69.8616
1138 69.5477
1139 69.2744
1140 69.3248
1141 69.4352
1142 69.4504
1143 69.2789
1144 69.3617
1145 69.3551
1146 69.9072
1147 69.6883
1148 69.3622
1149 69.5166
1150 69.4487
1151 69.4484
1152 69.5067
1153 69.6115
1154 69.2718
1155 69.5158
1156 69.4701
1157 69.5719
1158 69.4198
1159 69.5193
1160 69.4297
1161 69.6797
1162 69.6805
1163 69.3647
1164 69.8773
1165 69.5843
1166 69.6356
1167 70.1259
1168 69.4872
1169 69.8131
1170 69.7397
1171 69.6571
1172 69.6961
1173 69.6455
1174 69.8124
1175 69.643
1176 69.4352
1177 69.6929
1178 69.8328
1179 69.9655
1180 69.6152
1181 69.6219
1182 69.3318
1183 69.593
1184 69.7539
1185 69.7725
1186 70.0608
1187 69.481
1188 69.7321
1189 69.6258
1190 69.7074
1191 69.761
1192 69.9516
1193 69.7624
1194 69.5558
1195 69.584
1196 69.6632
1197 69.6468
1198 69.6082
1199 69.4509
1200 69.8175
1201 69.8476
1202 69.3482
1203 69.6826
1204 69.5911
1205 69.6693
1206 69.6813
1207 69.4835
1208 69.7763
1209 69.5964
1210 69.6612
1211 69.759
1212 69.8019
1213 69.5498
1214 69.6325
1215 69.3461
1216 69.8315
1217 69.6673
1218 69.4026
1219 69.3727
1220 69.9458
1221 69.5531
1222 69.6169
1223 69.5755
1224 69.6188
1225 69.4403
1226 69.7433
1227 69.7539
1228 69.9193
1229 69.7467
1230 69.7362
1231 69.8287
1232 69.8538
1233 69.7992
1234 69.6941
1235 69.667
1236 69.7245
1237 69.6604
1238 70.046
1239 69.8934
1240 69.5839
1241 69.9301
1242 69.4341
1243 69.5832
1244 69.6436
1245 69.6931
1246 69.8282
1247 69.6661
1248 69.4689
1249 69.2542
1250 69.5007
1251 69.7636
1252 69.904
1253 69.9097
1254 69.3628
1255 69.2796
1256 69.642
1257 69.5125
1258 69.8264
1259 69.9456
1260 69.5061
1261 69.6818
1262 69.617
1263 69.4688
1264 69.6764
1265 69.7646
1266 69.735
1267 69.7925
1268 69.6964
1269 69.7313
1270 69.8328
1271 69.9257
1272 69.6221
1273 69.6515
1274 69.5868
1275 69.4079
1276 69.3569
1277 69.306
1278 69.5917
1279 69.3967
1280 69.5104
1281 69.4763
1282 69.6686
1283 69.4613
1284 69.6824
1285 69.6036
1286 69.9981
1287 69.3882
1288 69.3463
1289 69.563
1290 69.8965
1291 69.7351
1292 69.7387
1293 69.7609
1294 69.5555
1295 69.6629
1296 69.4792
1297 69.6651
1298 69.728
1299 69.464
1300 69.7631
1301 69.3772
1302 69.4502
1303 69.7913
1304 69.6096
1305 69.5347
1306 69.4789
1307 69.4646
1308 69.645
1309 69.4141
1310 69.5129
1311 69.6179
1312 69.4895
1313 69.4573
1314 69.5399
1315 69.5287
1316 69.4556
1317 69.3909
1318 69.4199
1319 69.3533
1320 69.7709
1321 69.8379
1322 69.6974
1323 69.6613
1324 69.7507
1325 69.4725
1326 69.3107
1327 69.4017
1328 69.555
1329 69.6707
1330 69.4839
1331 69.4123
1332 69.764
1333 69.3731
1334 69.4514
1335 69.7424
1336 69.4889
1337 69.7092
1338 69.4531
1339 69.6191
1340 69.642
1341 69.6304
1342 69.5334
1343 69.7378
1344 69.3331
1345 69.3128
1346 69.4674
1347 69.2949
1348 69.6755
1349 69.4893
1350 69.7633
1351 69.9158
1352 69.8849
1353 70.0277
1354 69.7545
1355 69.4709
1356 69.4688
1357 69.6703
1358 69.648
1359 69.6131
1360 69.3214
1361 69.5061
1362 69.3521
1363 69.5156
1364 69.526
1365 69.4761
1366 69.6227
1367 69.3129
1368 69.5412
1369 69.5116
1370 69.3628
1371 69.4459
1372 69.3765
1373 69.8854
1374 69.61
1375 69.4907
1376 69.4518
1377 69.5151
1378 69.6476
1379 69.884
1380 69.6434
1381 69.9203
1382 69.6717
1383 69.86
1384 69.7317
1385 69.9822
1386 69.535
1387 69.6865
1388 69.3649
1389 69.7249
1390 69.6923
1391 69.6879
1392 69.594
1393 69.4493
1394 69.427
1395 69.6681
1396 69.5316
1397 69.2555
1398 69.553
1399 69.3943
1400 69.7281
1401 69.5157
1402 69.5538
1403 69.7596
1404 69.5867
1405 70.0467
1406 69.7995
1407 69.6255
1408 69.7056
1409 69.9674
1410 69.9921
1411 69.6116
1412 69.792
1413 69.6213
1414 69.6073
1415 69.4071
1416 69.4525
1417 69.5328
1418 69.7386
1419 69.6277
1420 69.4648
1421 69.5456
1422 69.6962
1423 69.5871
1424 69.4435
1425 69.8638
1426 69.8333
1427 69.4612
1428 69.375
1429 69.3693
1430 69.5729
1431 69.6456
1432 69.6435
1433 69.7344
1434 69.7093
1435 69.5975
1436 69.5658
1437 69.4455
1438 69.536
1439 69.864
1440 69.6157
1441 69.6155
1442 69.7025
1443 69.8002
1444 69.5578
1445 69.3504
1446 69.918
1447 69.5294
1448 69.4592
1449 69.2589
1450 69.7724
1451 69.4927
1452 69.3756
1453 69.8249
1454 69.827
1455 69.7645
1456 69.4354
1457 69.4437
1458 69.6844
1459 69.8624
1460 69.5444
1461 69.3752
1462 69.7875
1463 69.6675
1464 69.8077
1465 69.6006
1466 69.7669
1467 69.5331
1468 69.3902
1469 69.6754
1470 69.5764
1471 69.4135
1472 69.5024
1473 69.5223
1474 69.8142
1475 69.5625
1476 69.8266
1477 69.8594
1478 69.6545
1479 69.4283
1480 69.5798
1481 69.7634
1482 69.5616
1483 69.8277
1484 69.5295
1485 69.6859
1486 69.3945
1487 69.3966
1488 69.7993
1489 69.7709
1490 69.4978
1491 69.3513
1492 69.7381
1493 69.5884
1494 69.8257
1495 69.7526
1496 70.1293
1497 69.7656
1498 69.4535
1499 69.2899
1500 69.5283
1501 69.4916
1502 69.6899
1503 69.7582
1504 69.5094
1505 69.9393
1506 69.6107
1507 69.5362
1508 69.5627
1509 69.7246
1510 69.7732
1511 69.5902
1512 69.5172
1513 69.4308
1514 69.6056
1515 69.7724
1516 69.7306
1517 69.8079
1518 69.4238
1519 69.3369
1520 69.325
1521 69.7601
1522 69.5885
1523 69.6175
1524 69.8619
1525 69.6529
1526 69.481
1527 69.5104
1528 69.5231
1529 69.6146
1530 69.5533
1531 69.5418
1532 69.8525
1533 69.7858
1534 69.6557
1535 69.6035
1536 69.5618
1537 70.0627
1538 69.9503
1539 70.1268
1540 69.6041
1541 69.5901
1542 69.8904
1543 69.5357
1544 69.8975
1545 69.7098
1546 69.8697
1547 69.5742
1548 69.2631
1549 69.594
1550 69.4849
1551 69.5799
1552 69.5903
1553 69.8136
1554 69.4391
1555 69.9014
1556 69.9468
1557 69.695
1558 69.7242
1559 69.5106
1560 69.8791
1561 69.9042
1562 69.7442
1563 69.6414
1564 69.4713
1565 69.7306
1566 69.5183
1567 69.882
1568 69.6691
1569 69.6394
1570 69.7607
1571 69.842
1572 69.6824
1573 69.7164
1574 69.3817
1575 69.3397
1576 69.6776
1577 69.5898
1578 69.466
1579 69.2958
1580 69.3864
1581 69.5756
1582 69.5572
1583 69.5414
1584 69.5531
1585 69.4278
1586 69.5236
1587 69.2543
1588 69.7105
1589 69.8062
1590 70.1582
1591 69.968
1592 69.4864
1593 69.6815
1594 69.7449
1595 69.7261
1596 69.7966
1597 69.9923
1598 69.7745
1599 69.6393
1600 69.8078
1601 69.4257
1602 69.8153
1603 69.5859
1604 69.6613
1605 69.2547
1606 69.1689
1607 69.1167
1608 69.3125
1609 69.1696
1610 69.0818
1611 69.284
1612 69.294
1613 69.263
1614 69.137
1615 69.2278
1616 69.1011
1617 68.7692
1618 69.1864
1619 69.2167
1620 69.6822
1621 69.0564
1622 69.1795
1623 69.143
1624 69.2127
1625 69.1022
1626 69.2851
1627 69.3125
1628 69.1645
1629 68.8844
1630 69.0117
1631 69.1094
1632 68.9808
1633 68.9106
1634 69.1165
1635 68.9172
1636 68.9145
1637 68.9782
1638 68.7403
1639 69.3959
1640 69.055
1641 69.2672
1642 69.1347
1643 69.0327
1644 68.8034
1645 69.2546
1646 69.1412
1647 68.7585
1648 69.2013
1649 68.9435
1650 68.7468
1651 68.4968
1652 68.6599
1653 68.833
1654 68.7566
1655 68.8093
1656 68.5401
1657 68.9834
1658 68.9031
1659 68.4713
1660 68.7294
1661 68.6853
1662 68.9203
1663 68.9396
1664 68.7913
1665 68.9243
1666 68.4006
1667 68.7641
1668 68.7905
1669 68.5486
1670 68.5617
1671 68.7737
1672 68.5368
1673 68.734
1674 68.72
1675 69.0928
1676 68.5641
1677 68.5159
1678 68.6429
1679 68.7815
1680 68.723
1681 69.0394
1682 68.6299
1683 68.9277
1684 68.6215
1685 68.4811
1686 68.2886
1687 68.9486
1688 68.7137
1689 68.6749
1690 68.7913
1691 68.8638
1692 68.5616
1693 69.1572
1694 68.6301
1695 68.237
1696 68.2785
1697 67.9555
1698 67.7547
1699 68.088
1700 68.3335
1701 68.1108
1702 68.0516
1703 68.029
1704 67.9975
1705 67.9813
1706 68.1568
1707 67.9073
1708 67.7238
1709 67.7679
1710 67.9455
1711 67.94
1712 67.9085
1713 67.6709
1714 68.0359
1715 67.7379
1716 67.7181
1717 67.8544
1718 67.8152
1719 67.797
1720 68.048
1721 67.8883
1722 67.7559
1723 68.0844
1724 67.7961
1725 67.9378
1726 67.9181
1727 67.7614
1728 67.7965
1729 67.7905
1730 67.7747
1731 67.989
1732 67.956
1733 68.0552
1734 67.8542
1735 68.0852
1736 67.7802
1737 68.1617
1738 67.8526
1739 68.1489
1740 67.7809
1741 67.9298
1742 67.8749
1743 67.8907
1744 67.9344
1745 67.8863
1746 68.0905
1747 67.8411
1748 67.7464
1749 67.916
1750 67.748
1751 67.666
1752 68.2267
1753 68.2564
1754 67.7313
1755 67.877
1756 67.8324
1757 67.7188
1758 67.849
1759 67.6555
1760 67.7855
1761 67.8
1762 67.8298
1763 68.098
1764 68.2991
1765 68.2542
1766 67.8082
1767 68.0198
1768 67.942
1769 67.9193
1770 67.7791
1771 67.8797
1772 67.9087
1773 67.9114
1774 67.4358
1775 67.722
1776 67.7555
1777 67.8873
1778 67.8667
1779 67.7801
1780 67.7921
1781 67.9256
1782 67.8279
1783 67.7301
1784 67.8641
1785 67.7761
1786 67.6829
1787 67.905
1788 68.2325
1789 68.208
1790 67.7039
1791 67.6921
1792 67.9263
1793 67.557
1794 67.8947
1795 68.0105
1796 67.7888
1797 67.8912
1798 68.2154
1799 67.6478
1800 67.7614
1801 67.6426
1802 67.9399
1803 67.889
1804 68.1112
1805 67.8758
1806 67.8579
1807 67.9158
1808 67.7089
1809 67.8934
1810 67.9163
1811 67.9155
1812 67.9208
1813 67.9495
1814 67.6647
1815 67.8519
1816 68.0267
1817 67.8591
1818 67.7428
1819 68.1558
1820 68.4435
1821 68.1608
1822 68.1641
1823 67.8276
1824 68.057
1825 68.0006
1826 67.8343
1827 67.7982
1828 67.7869
1829 67.947
1830 67.8499
1831 68.151
1832 68.3709
1833 67.8259
1834 68.1633
1835 68.0015
1836 67.9405
1837 67.686
1838 67.7116
1839 67.8946
1840 67.964
1841 68.0066
1842 68.034
1843 67.9542
1844 67.7923
1845 67.8412
1846 67.7941
1847 67.6175
1848 67.6998
1849 67.6686
1850 67.6769
1851 67.4426
1852 67.6106
1853 67.7804
1854 67.5759
1855 68.024
1856 68.0779
1857 68.0246
1858 67.9864
1859 67.7529
1860 67.755
1861 67.9749
1862 67.9432
1863 67.5278
1864 67.6567
1865 67.6372
1866 67.7093
1867 67.8735
1868 67.5813
1869 67.844
1870 67.8354
1871 67.7454
1872 67.8961
1873 67.8241
1874 67.7993
1875 67.9177
1876 67.7361
1877 67.7527
1878 67.828
1879 67.921
1880 67.9781
1881 68.0203
1882 67.8104
1883 67.7302
1884 67.4367
1885 67.3974
1886 67.6417
1887 67.8588
1888 67.8865
1889 67.5808
1890 67.844
1891 67.8152
1892 67.4327
1893 67.7789
1894 67.4991
1895 67.6679
1896 67.9125
1897 67.918
1898 68.0209
1899 67.7025
1900 67.7121
1901 67.6955
1902 67.8754
1903 67.9022
1904 67.8386
1905 67.5969
1906 67.4517
1907 68.2591
1908 67.8447
1909 67.7895
1910 67.7656
1911 68.2015
1912 68.0622
1913 68.0845
1914 67.6088
1915 67.875
1916 67.8546
1917 67.4962
1918 67.6436
1919 67.6084
1920 67.3718
1921 67.7317
1922 67.6941
1923 67.9259
1924 67.6353
1925 68.1307
1926 67.8157
1927 67.8072
1928 68.031
1929 67.8676
1930 67.5859
1931 67.7898
1932 67.5639
1933 67.6631
1934 67.4406
1935 67.4125
1936 67.6345
1937 67.712
1938 67.5177
1939 67.5539
1940 68.037
1941 67.8535
1942 68.1162
1943 67.7627
1944 67.5245
1945 67.6678
1946 67.6851
1947 67.7675
1948 67.521
1949 67.7109
1950 67.8122
1951 67.7547
1952 67.7281
1953 67.4826
1954 67.5816
1955 67.8403
1956 67.6914
1957 67.6709
1958 67.4982
1959 67.6616
1960 67.5328
1961 68.0122
1962 67.8276
1963 67.8352
1964 67.8388
1965 67.7419
1966 68.0543
1967 67.9762
1968 67.7899
1969 67.9298
1970 67.8265
1971 67.9009
1972 67.7707
1973 67.7378
1974 67.7369
1975 67.679
1976 67.6265
1977 67.8223
1978 67.8067
1979 67.9056
1980 67.5992
1981 67.4244
1982 67.4579
1983 67.6245
1984 67.5838
1985 67.7258
1986 67.8109
1987 68.0193
1988 67.6688
1989 67.29
1990 67.2951
1991 67.5145
1992 67.6046
1993 67.7614
1994 67.9362
1995 67.8461
1996 67.6902
1997 67.5287
1998 67.5279
1999 67.7048
2000 67.8581
2001 67.8718
2002 67.4242
2003 67.7209
2004 67.6506
2005 67.7229
2006 67.7261
2007 67.7449
2008 67.5601
2009 67.629
2010 67.6152
2011 67.5653
2012 67.6543
2013 67.3872
2014 67.4401
2015 67.7092
2016 67.6083
2017 67.7618
2018 68.1623
2019 67.8967
2020 67.4908
2021 67.5937
2022 67.8001
2023 67.617
2024 67.4794
2025 67.8322
2026 67.4729
2027 67.704
2028 67.5658
2029 67.5689
2030 67.5881
2031 67.6266
2032 67.7796
2033 68.2049
2034 67.8578
2035 68.1307
2036 67.9383
2037 67.7961
2038 67.5731
2039 67.8428
2040 67.5969
2041 67.4385
2042 67.6771
2043 67.77
2044 67.8227
2045 67.6828
2046 67.4783
2047 67.7138
2048 68.027
2049 67.8362
2050 67.6215
2051 67.6873
2052 67.4447
2053 67.6392
2054 67.7982
2055 67.6396
2056 67.6655
2057 67.3265
2058 67.4084
2059 67.7579
2060 67.6685
2061 67.7712
2062 67.719
2063 67.4373
2064 67.8381
2065 67.4955
2066 67.6829
2067 67.3848
2068 67.7921
2069 67.7834
2070 67.7329
2071 67.6969
2072 67.6332
2073 67.6771
2074 67.5491
2075 67.8685
2076 67.9469
2077 67.7203
2078 67.6345
2079 67.8946
2080 67.632
2081 67.7245
2082 67.7545
2083 67.6252
2084 67.5967
2085 67.4139
2086 67.8184
2087 67.9517
2088 67.8882
2089 67.6963
2090 67.798
2091 67.7797
2092 67.7148
2093 67.7595
2094 67.6161
2095 67.4
2096 67.5122
2097 68.0622
2098 67.9742
2099 67.7154
2100 67.5902
2101 67.7354
2102 67.5018
2103 67.6938
2104 67.5234
2105 67.3394
2106 67.6471
2107 67.6572
2108 67.6675
2109 67.4706
2110 67.597
2111 67.9957
2112 67.5721
2113 67.686
2114 67.9626
2115 67.8588
2116 67.6349
2117 67.5678
2118 67.8844
2119 67.7689
2120 67.6023
2121 67.8414
2122 67.9774
2123 67.6847
2124 67.7967
2125 67.7042
2126 67.7623
2127 67.7044
2128 67.597
2129 67.8424
2130 67.8297
2131 67.8601
2132 67.7898
2133 67.6841
2134 67.681
2135 67.6067
2136 67.8709
2137 67.8913
2138 67.9407
2139 67.7269
2140 67.7339
2141 67.5684
2142 67.5315
2143 67.7131
2144 67.3989
2145 67.8007
2146 67.8308
2147 67.6225
2148 67.5264
2149 67.6971
2150 67.8262
2151 67.8562
2152 67.6886
2153 67.6627
2154 67.7633
2155 68.0004
2156 67.49
2157 67.5366
2158 67.7516
2159 67.2311
2160 67.5556
2161 67.837
2162 67.9103
2163 67.759
2164 67.571
2165 67.5249
2166 67.4339
2167 67.878
2168 67.6814
2169 67.6315
2170 67.4107
2171 67.6758
2172 67.6806
2173 67.7253
2174 67.7754
2175 67.7441
2176 67.4881
2177 67.9438
2178 67.6713
2179 67.5824
2180 67.6775
2181 67.7451
2182 67.4652
2183 67.3849
2184 67.5855
2185 67.6332
2186 67.56
2187 67.606
2188 67.6547
2189 67.6335
2190 67.7031
2191 68.0704
2192 67.8077
2193 68.039
2194 68.1619
2195 67.5792
2196 67.6355
2197 67.4932
2198 67.5449
2199 67.7924
2200 67.7737
2201 67.7311
2202 67.6683
2203 67.5687
2204 67.8337
2205 67.6663
2206 67.6782
2207 67.7283
2208 67.9223
2209 67.6879
2210 67.6478
2211 67.6286
2212 67.5502
2213 67.7985
2214 67.7772
2215 67.6088
2216 67.8859
2217 67.8052
2218 67.9679
2219 67.5854
2220 67.9478
2221 67.4566
2222 67.2687
2223 67.7302
2224 67.7547
2225 67.8088
2226 67.7143
2227 67.4335
2228 67.7595
2229 67.649
2230 68.0816
2231 67.943
2232 67.8574
2233 67.7078
2234 67.7641
2235 67.6786
2236 67.8559
2237 67.5542
2238 67.996
2239 67.4945
2240 67.682
2241 67.5868
2242 67.5414
2243 67.758
2244 67.6209
2245 67.7774
2246 67.7676
2247 67.9548
2248 67.2428
2249 67.4689
2250 67.6749
2251 67.5716
2252 67.516
2253 67.4696
2254 67.6014
2255 67.5872
2256 67.4869
2257 67.3513
2258 67.319
2259 67.4689
2260 67.0737
2261 67.5604
2262 67.7304
2263 67.3946
2264 67.571
2265 67.7381
2266 67.6868
2267 67.5155
2268 67.5897
2269 67.4988
2270 67.7312
2271 67.7749
2272 67.3117
2273 67.6849
2274 67.5991
2275 67.4187
2276 67.5361
2277 67.9556
2278 67.8724
2279 67.8479
2280 67.6806
2281 68.1017
2282 67.5133
2283 67.4757
2284 67.3777
2285 67.6626
2286 67.864
2287 67.4027
2288 67.6585
2289 67.5159
2290 67.7243
2291 67.7747
2292 67.848
2293 67.9901
2294 68.0072
2295 67.7522
2296 67.2412
2297 67.5487
2298 67.9925
2299 68.0676
2300 67.9624
2301 67.5647
2302 67.5583
2303 67.7132
2304 67.8562
2305 67.8186
2306 67.8735
2307 67.8638
2308 67.8013
2309 67.8284
2310 67.6817
2311 67.8694
2312 67.6674
2313 67.5929
2314 67.8121
2315 68.0553
2316 67.4881
2317 67.5984
2318 67.512
2319 67.6951
2320 67.4525
2321 67.3895
2322 67.6153
2323 67.831
2324 67.9644
2325 67.6297
2326 67.8773
2327 67.8106
2328 67.7945
2329 67.6321
2330 67.778
2331 67.6739
2332 67.8371
2333 67.55
2334 67.2577
2335 67.4413
2336 67.6878
2337 67.4253
2338 67.5695
2339 67.7632
2340 67.7992
2341 67.6488
2342 67.8343
2343 67.6632
2344 67.5375
2345 68.0021
2346 68.0819
2347 67.7109
2348 67.6548
2349 67.8726
2350 67.8237
2351 67.6621
2352 67.4737
2353 67.3532
2354 67.5371
2355 67.6994
2356 67.5203
2357 67.5405
2358 67.9874
2359 67.698
2360 67.7103
2361 67.4734
2362 67.7053
2363 67.6309
2364 67.8962
2365 67.5688
2366 67.6321
2367 67.6352
2368 67.599
2369 67.712
2370 67.7323
2371 67.5405
2372 67.6173
2373 67.739
2374 67.5911
2375 67.6433
2376 67.6798
2377 67.519
2378 67.6255
2379 67.7855
2380 67.717
2381 67.4525
2382 67.7521
2383 67.6945
2384 67.7106
2385 68.0601
2386 67.6266
2387 67.5911
2388 67.6798
2389 67.6796
2390 67.4902
2391 67.5991
2392 67.572
2393 67.4819
2394 67.8803
2395 67.7671
2396 67.3045
2397 67.6351
2398 67.3687
2399 67.7139
2400 67.8265
2401 68.0248
2402 67.8225
2403 67.5862
2404 67.8218
2405 67.8183
2406 67.5222
2407 67.2691
2408 68.191
2409 67.6873
2410 67.7793
2411 67.6203
2412 67.9863
2413 67.4841
2414 67.685
2415 67.3407
2416 67.4422
2417 67.8988
2418 67.679
2419 67.6794
2420 67.9505
2421 67.7157
2422 67.7356
2423 67.5295
2424 67.6928
2425 67.8084
2426 67.737
2427 67.8424
2428 67.7648
2429 67.5923
2430 67.7525
2431 67.9327
2432 67.5807
2433 67.9343
2434 67.7276
2435 67.8165
2436 67.7579
2437 67.4562
2438 67.8799
2439 67.6782
2440 67.9774
2441 67.7029
2442 67.7203
2443 67.7087
2444 67.6598
2445 67.5791
2446 67.6233
2447 67.6618
2448 67.4995
2449 67.3489
2450 67.3845
2451 67.5353
2452 67.5068
2453 67.7396
2454 67.5649
2455 67.5928
2456 68.0866
2457 67.7461
2458 67.6427
2459 67.3938
2460 67.4272
2461 67.7533
2462 67.5849
2463 67.4475
2464 67.6892
2465 67.948
2466 67.6317
2467 67.6936
2468 67.6404
2469 67.9658
2470 67.9777
2471 67.7329
2472 67.33
2473 67.782
2474 67.4792
2475 67.7288
2476 67.595
2477 67.3972
2478 67.5454
2479 67.6036
2480 67.8859
2481 67.7021
2482 67.7241
2483 67.7161
2484 67.5701
2485 67.8495
2486 67.7809
2487 67.7215
2488 67.6519
2489 67.6726
2490 67.6641
2491 67.7236
2492 67.9424
2493 68.108
2494 67.5742
2495 67.5736
2496 67.4334
2497 67.2741
2498 67.3868
2499 67.6775
2500 67.6442
2501 67.7588
2502 67.5676
2503 67.5167
2504 68.0292
2505 68.208
2506 67.6887
2507 67.9262
2508 67.5236
2509 67.6939
2510 67.6114
2511 67.9484
2512 67.9579
2513 68.0245
2514 67.5553
2515 67.3727
2516 67.8054
2517 67.8453
2518 67.4373
2519 67.5455
2520 67.5839
2521 67.6412
2522 67.5534
2523 67.5389
2524 67.8204
2525 67.6651
2526 68.2358
2527 67.7316
2528 67.5618
2529 67.5994
2530 67.56
2531 67.8519
2532 67.5878
2533 67.7121
2534 67.4063
2535 67.6608
2536 67.5928
2537 67.3981
2538 67.6788
2539 67.9423
2540 67.424
2541 67.5619
2542 67.662
2543 67.8506
2544 68.0915
2545 67.6189
2546 67.7502
2547 67.6066
2548 67.5963
2549 67.3253
2550 67.4372
2551 67.5042
2552 67.3148
2553 67.3262
2554 67.5907
2555 67.6709
2556 67.6239
2557 67.4738
2558 67.6035
2559 67.3867
2560 67.888
2561 67.631
2562 67.7473
2563 67.6384
2564 67.6635
2565 67.8523
2566 68.2675
2567 67.839
2568 68.1344
2569 67.8439
2570 67.6704
2571 67.8643
2572 67.6372
2573 67.7941
2574 67.4794
2575 67.6353
2576 67.7464
2577 68.0483
2578 67.8314
2579 67.589
2580 67.4985
2581 67.8906
2582 68.143
2583 67.9976
2584 67.915
2585 68.1506
2586 67.7668
2587 67.865
2588 67.5359
2589 67.6955
2590 67.7854
2591 67.6761
2592 67.6125
2593 67.606
2594 67.5765
2595 67.5204
2596 67.9121
2597 67.6006
2598 67.7656
2599 67.6598
2600 68.2203
2601 67.8032
2602 67.4665
2603 67.6597
2604 67.8591
2605 67.3419
2606 67.5111
2607 67.7455
2608 67.7557
2609 67.8014
2610 67.5952
2611 67.7103
2612 67.7095
2613 67.5248
2614 67.8872
2615 68.4239
2616 67.8361
2617 67.7793
2618 67.4871
2619 67.7494
2620 67.7883
2621 67.5964
2622 67.7878
2623 67.7585
2624 67.596
2625 67.5203
2626 67.9284
2627 67.5742
2628 67.4839
2629 67.843
2630 67.9192
2631 68.3305
2632 67.7981
2633 67.837
2634 67.7623
2635 67.851
2636 67.812
2637 67.4673
2638 67.5829
2639 67.9339
2640 67.8719
2641 67.5643
2642 67.1476
2643 67.6803
2644 67.6378
2645 67.4931
2646 67.448
2647 67.3023
2648 67.4059
2649 67.7581
2650 68.1061
2651 67.9299
2652 67.7285
2653 67.4275
2654 67.4831
2655 67.8263
2656 67.4579
2657 67.7921
2658 67.4066
2659 67.3664
2660 67.4437
2661 67.7973
2662 67.9417
2663 67.3286
2664 67.5069
2665 67.8378
2666 68.0219
2667 67.5906
2668 67.5603
2669 67.8436
2670 68.026
2671 67.671
2672 67.6468
2673 67.9365
2674 67.8842
2675 67.7465
2676 67.477
2677 67.9012
2678 67.8078
2679 67.6649
2680 67.8878
2681 67.8055
2682 67.8185
2683 67.4876
2684 67.6019
2685 67.5557
2686 67.6395
2687 67.555
2688 67.7033
2689 67.9683
2690 67.8854
2691 67.7171
2692 67.4576
2693 67.3558
2694 67.4779
2695 67.7295
2696 67.4558
2697 67.4553
2698 67.5873
2699 67.4047
2700 67.7769
2701 67.7418
2702 67.7698
2703 67.8451
2704 67.4842
2705 67.7222
2706 67.9055
2707 67.6406
2708 67.6796
2709 67.6499
2710 67.9203
2711 67.7722
2712 67.5016
2713 67.9145
2714 67.6162
2715 67.658
2716 67.675
2717 67.7477
2718 67.8417
2719 67.6637
2720 67.9086
2721 67.698
2722 67.856
2723 67.7909
2724 67.9917
2725 68.1477
2726 67.6209
2727 67.6894
2728 67.5365
2729 67.7427
2730 67.6502
2731 67.952
2732 67.3733
2733 67.7342
2734 67.3731
2735 67.6971
2736 67.5683
2737 67.8637
2738 67.444
2739 67.6404
2740 67.7007
2741 67.484
2742 67.4902
2743 67.4895
2744 67.6531
2745 67.5562
2746 67.5679
2747 67.5357
2748 68.0106
2749 67.4565
2750 67.3716
2751 67.2294
2752 67.2614
2753 67.792
2754 67.5418
2755 67.4892
2756 67.3537
2757 67.354
2758 67.6504
2759 67.7418
2760 67.5164
2761 67.6801
2762 67.6355
2763 67.849
2764 67.8687
2765 67.6722
2766 67.6312
2767 67.4855
2768 67.5231
2769 67.5898
2770 67.4812
2771 67.6667
2772 67.9497
2773 67.8443
2774 67.7318
2775 67.5675
2776 67.5804
2777 67.5606
2778 67.6219
2779 67.6841
2780 68.1372
2781 67.7351
2782 67.541
2783 67.7671
2784 67.8131
2785 68.0244
2786 67.3927
2787 67.6859
2788 67.6537
2789 67.9084
2790 67.5565
2791 67.5349
2792 67.4571
2793 67.5973
2794 68.1389
2795 67.9437
2796 67.9115
2797 67.9653
2798 67.6406
2799 67.6786
2800 67.898
2801 67.7194
2802 67.671
2803 67.6671
2804 67.4747
2805 67.488
2806 67.5856
2807 67.5832
2808 67.7411
2809 67.882
2810 67.8475
2811 67.7765
2812 67.6194
2813 67.7003
2814 67.5374
2815 67.8261
2816 67.932
2817 67.7942
2818 67.6372
2819 67.9792
2820 67.7554
2821 67.6076
2822 67.7613
2823 67.569
2824 67.8071
2825 67.6054
2826 67.6698
2827 67.5756
2828 67.921
2829 67.6924
2830 67.9105
2831 67.5814
2832 67.6502
2833 67.7802
2834 67.7168
2835 67.874
2836 67.8646
2837 67.5251
2838 67.4432
2839 67.5147
2840 67.6749
2841 67.8019
2842 67.7157
2843 67.6607
2844 67.5952
2845 67.6
2846 67.6302
2847 67.5002
2848 67.3538
2849 67.5349
2850 67.6091
2851 67.9857
2852 67.9624
2853 67.5016
2854 67.505
2855 67.5246
2856 67.7081
2857 67.571
2858 67.4526
2859 67.6472
2860 67.9739
2861 68.0801
2862 67.975
2863 67.6608
2864 67.5686
2865 67.6211
2866 67.6761
2867 67.3539
2868 67.6499
2869 67.8112
2870 67.6777
2871 67.6633
2872 67.5622
2873 67.3758
2874 67.7211
2875 67.7168
2876 67.6028
2877 67.2781
2878 67.8058
2879 67.7323
2880 67.7099
2881 67.5974
2882 67.751
2883 67.6668
2884 67.8741
2885 67.7226
2886 67.6462
2887 67.789
2888 67.6695
2889 67.7338
2890 67.3516
2891 67.8246
2892 67.7827
2893 67.6813
2894 67.72
2895 67.9272
2896 67.8122
2897 67.6822
2898 67.5357
2899 67.4547
2900 67.4813
2901 67.4071
2902 67.6173
2903 67.5202
2904 67.6199
2905 67.5765
2906 67.6152
2907 67.6582
2908 67.62
2909 67.6779
2910 67.6358
2911 67.5636
2912 67.5772
2913 67.4239
2914 67.4821
2915 67.6719
2916 67.4316
2917 67.5743
2918 67.6483
2919 67.4072
2920 67.7985
2921 67.614
2922 67.7508
2923 67.8852
2924 67.6831
2925 67.8176
2926 67.8123
2927 67.9558
2928 67.7659
2929 67.5316
2930 67.8148
2931 67.576
2932 68.0053
2933 67.7151
2934 68.0189
2935 68.0743
2936 67.3982
2937 67.4849
2938 67.454
2939 67.8791
2940 67.4922
2941 67.4077
2942 67.7141
2943 67.4059
2944 67.7636
2945 67.8227
2946 67.5908
2947 67.7585
2948 67.9148
2949 67.6457
2950 67.3733
2951 67.8491
2952 67.5049
2953 67.7505
2954 67.57
2955 67.5201
2956 67.7199
2957 67.3429
2958 67.6485
2959 67.8673
2960 67.7907
2961 68.1856
2962 67.8543
2963 67.924
2964 67.7082
2965 67.7119
2966 67.8224
2967 67.8085
2968 67.6363
2969 67.5821
2970 67.6452
2971 67.502
2972 67.6771
2973 67.5668
2974 67.7428
2975 67.479
2976 67.409
2977 67.5455
2978 67.6379
2979 68.2636
2980 67.8807
2981 67.9036
2982 67.6082
2983 67.6761
2984 67.4884
2985 67.4991
2986 67.4404
2987 67.7588
2988 67.6704
2989 67.7265
2990 67.5554
2991 67.7711
2992 67.9502
2993 67.4824
2994 67.4745
2995 67.8068
2996 67.7287
2997 67.3878
2998 67.5596
2999 67.6821
3000 67.4481
3001 67.5323
3002 67.7876
3003 67.8312
3004 67.7647
3005 67.6116
3006 67.6982
3007 67.9118
3008 67.7219
3009 67.536
3010 67.6736
3011 68.0152
3012 67.996
3013 67.6115
3014 67.956
3015 67.9503
3016 67.8097
3017 67.9361
3018 67.7621
3019 67.2346
3020 67.5211
3021 67.775
3022 67.7508
3023 67.7115
3024 67.8202
3025 67.9544
3026 67.4967
3027 67.8712
3028 67.9226
3029 67.8694
3030 67.5005
3031 67.5397
3032 67.8517
3033 67.7381
3034 67.6608
3035 67.8915
3036 67.9913
3037 67.7775
3038 67.5814
3039 67.825
3040 67.7056
3041 67.6004
3042 67.4786
3043 67.3027
3044 67.3715
3045 67.5372
3046 67.4555
3047 67.7054
3048 67.7845
3049 67.7537
3050 67.616
3051 67.4695
3052 67.5293
3053 67.4624
3054 67.4302
3055 67.9677
3056 67.8709
3057 67.5669
3058 67.505
3059 67.5581
3060 67.9554
3061 67.2556
3062 67.4551
3063 67.8017
3064 67.8915
3065 67.9902
3066 67.9044
3067 67.5239
3068 67.6395
3069 67.659
3070 67.9877
3071 67.4731
3072 67.9726
3073 67.6417
3074 67.8633
3075 67.619
3076 67.3486
3077 67.6754
3078 67.5932
3079 67.8109
3080 67.885
3081 67.6257
3082 67.7765
3083 67.6974
3084 67.447
3085 67.7088
3086 67.6118
3087 67.708
3088 67.4079
3089 67.776
3090 67.6864
3091 67.9762
3092 67.742
3093 68.1714
3094 67.9954
3095 67.2057
3096 67.5594
3097 67.6528
3098 67.5806
3099 68.0575
3100 67.7415
3101 67.7082
3102 67.7355
3103 67.4014
3104 67.5436
3105 67.5357
3106 67.5251
3107 67.6317
3108 67.8236
3109 67.5323
3110 67.6341
3111 67.7793
3112 67.5462
3113 67.6869
3114 67.5659
3115 67.6484
3116 67.7436
3117 67.3144
3118 67.7003
3119 67.9853
3120 68.1264
3121 67.4202
3122 67.7011
3123 67.8247
3124 67.6666
3125 67.9864
3126 67.5566
3127 67.7154
3128 68.1239
3129 67.5694
3130 67.784
3131 67.7881
3132 67.3775
3133 67.3345
3134 67.4857
3135 67.5521
3136 67.3923
3137 67.6612
3138 67.5818
3139 67.633
3140 67.9973
3141 67.7176
3142 67.4808
3143 67.6709
3144 67.5837
3145 67.6855
3146 67.746
3147 67.5912
3148 67.2598
3149 67.4954
3150 67.6164
3151 67.5211
3152 67.4585
3153 67.6365
3154 67.4898
3155 67.7311
3156 67.3706
3157 67.4692
3158 67.5567
3159 67.5917
3160 67.746
3161 67.3836
3162 67.5141
3163 67.6998
3164 67.7555
3165 67.9034
3166 67.4457
3167 67.6004
3168 67.4607
3169 67.4504
3170 67.3295
3171 67.4398
3172 67.4473
3173 67.6849
3174 67.5596
3175 67.9574
3176 67.587
3177 68.1071
3178 67.3466
3179 67.7924
3180 67.8916
3181 67.6742
3182 67.3133
3183 68.0675
3184 67.5614
3185 67.9032
3186 67.6471
3187 67.5629
3188 67.8088
3189 67.8024
3190 67.7492
3191 67.6908
3192 67.6392
3193 67.6501
3194 67.8157
3195 67.9449
3196 67.7676
3197 67.4719
3198 67.456
3199 67.5082
3200 67.5794
3201 67.5664
3202 67.4986
3203 67.4641
3204 67.56
3205 67.4664
3206 67.7533
3207 67.463
3208 67.667
3209 67.6253
3210 67.3452
3211 67.2075
3212 67.5449
3213 67.5586
3214 67.5752
3215 67.6289
3216 67.6435
3217 67.6356
3218 67.5557
3219 67.8161
3220 67.7179
3221 67.8205
3222 67.6611
3223 67.4934
3224 67.6517
3225 67.711
3226 67.8569
3227 67.6658
3228 67.7675
3229 67.6384
3230 67.8187
3231 68.4009
3232 67.5212
3233 67.5929
3234 67.4672
3235 67.5902
3236 67.7499
3237 67.899
3238 67.6399
3239 67.5696
3240 67.6081
3241 67.9477
3242 67.6451
3243 67.2465
3244 67.5548
3245 67.5129
3246 67.2374
3247 67.497
3248 67.7385
3249 67.4904
3250 67.5557
3251 67.4936
3252 67.434
3253 67.475
3254 67.467
3255 67.3349
3256 67.9433
3257 67.6718
3258 67.7479
3259 67.7133
3260 67.4848
3261 67.4919
3262 67.7779
3263 67.4776
3264 67.6515
3265 67.6269
3266 67.5937
3267 67.6127
3268 67.7199
3269 67.6493
3270 67.5337
3271 67.859
3272 68.1699
3273 68.0441
3274 67.9479
3275 67.5572
3276 67.7398
3277 67.8963
3278 68.0299
3279 68.1098
3280 67.6806
3281 67.8562
3282 67.8139
3283 67.7919
3284 67.5985
3285 67.3439
3286 67.4799
3287 67.3735
3288 67.8442
3289 67.692
3290 67.7908
3291 67.9579
3292 67.985
3293 67.7295
3294 67.3891
3295 67.7488
3296 67.5089
3297 67.7171
3298 67.6078
3299 67.3849
3300 67.9028
3301 67.6327
3302 67.9368
3303 67.4678
3304 67.3293
3305 67.3838
3306 67.6772
3307 67.6305
3308 67.7591
3309 67.5793
3310 67.6154
3311 67.6378
3312 67.5087
3313 67.3957
3314 67.4668
3315 67.6534
3316 67.6284
3317 67.5439
3318 67.5195
3319 67.5635
3320 68.0677
3321 67.7478
3322 67.338
3323 67.2583
3324 67.1024
3325 67.6222
3326 67.7415
3327 67.6848
3328 67.5965
3329 67.6392
3330 67.4596
3331 67.583
3332 67.2168
3333 67.4398
3334 67.5607
3335 67.4134
3336 67.5276
3337 67.9164
3338 67.7747
3339 67.5399
3340 67.6741
3341 67.6343
3342 67.4073
3343 67.343
3344 67.5443
3345 67.8421
3346 67.6569
3347 67.719
3348 67.5108
3349 67.7409
3350 67.7375
3351 67.3874
3352 67.6567
3353 67.9248
3354 67.6163
3355 67.6055
3356 67.5963
3357 67.4946
3358 67.704
3359 67.595
3360 67.4383
3361 67.3572
3362 67.6163
3363 67.6665
3364 67.5422
3365 67.5886
3366 67.3678
3367 67.3477
3368 67.4624
3369 67.4092
3370 67.3196
3371 67.3322
3372 67.3465
3373 67.5334
3374 67.7463
3375 67.5211
3376 67.6258
3377 67.6529
3378 67.6152
3379 67.5183
3380 67.5838
3381 67.414
3382 67.6077
3383 67.5919
3384 67.6495
3385 67.3923
3386 67.0782
3387 67.4735
3388 67.528
3389 67.1931
3390 67.5193
3391 67.6497
3392 67.6734
3393 67.7305
3394 67.3013
3395 67.1635
3396 67.4025
3397 67.3215
3398 67.4769
3399 67.571
3400 67.8344
3401 67.6538
3402 67.7254
3403 67.2355
3404 67.7568
3405 67.7479
3406 67.0866
3407 67.3277
3408 67.4024
3409 67.5482
3410 67.7605
3411 67.7777
3412 67.4642
3413 67.3159
3414 67.4533
3415 67.2228
3416 67.4786
3417 67.3636
3418 67.1756
3419 67.2977
3420 67.4027
3421 67.4213
3422 67.3517
3423 67.1917
3424 67.2835
3425 67.6232
3426 67.7428
3427 67.7059
3428 67.55
3429 67.4764
3430 67.379
3431 67.7467
3432 67.4331
3433 67.3829
3434 67.6353
3435 67.8722
3436 67.3743
3437 67.4237
3438 67.6724
3439 67.3557
3440 67.569
3441 67.5366
3442 67.6886
3443 67.4796
3444 67.5027
3445 67.5417
3446 67.4482
3447 67.5458
3448 67.6684
3449 67.5813
3450 67.5976
3451 67.3977
3452 67.7733
3453 67.3072
3454 67.5272
3455 67.5295
3456 67.3957
3457 67.6002
3458 67.2196
3459 67.1391
3460 67.485
3461 67.3917
3462 67.3249
3463 67.5215
3464 67.2515
3465 67.463
3466 67.6798
3467 67.8816
3468 67.4566
3469 67.4177
3470 67.2306
3471 67.1945
3472 67.6219
3473 67.4362
3474 67.8216
3475 67.6222
3476 67.6845
3477 67.7046
3478 67.5662
3479 67.4112
3480 67.4424
3481 67.9403
3482 67.8345
3483 67.4747
3484 67.3703
3485 67.6695
3486 67.4263
3487 67.2492
3488 67.4263
3489 67.5187
3490 67.4792
3491 67.6421
3492 67.4258
3493 67.4225
3494 67.6301
3495 67.3459
3496 67.2504
3497 67.2433
3498 67.2753
3499 67.2391
3500 67.2224
