1 398.952
2 385.206
3 366.823
4 349.899
5 336.519
6 322.416
7 306.974
8 292.943
9 286.759
10 275.857
11 271.052
12 262.794
13 257.338
14 251.727
15 243.033
16 236.886
17 231.643
18 226.215
19 219.471
20 210.551
21 207.611
22 203.412
23 199.417
24 193.794
25 192.21
26 189.055
27 182.533
28 179.47
29 174.891
30 171.331
31 168.108
32 165.304
33 161.138
34 158.542
35 155.514
36 153.282
37 150.815
38 148.965
39 147.401
40 146.168
41 144.5
42 141.975
43 140.697
44 139.601
45 137.529
46 135.878
47 134.471
48 133.518
49 132.307
50 130.652
51 130.37
52 129.657
53 128.762
54 127.661
55 126.572
56 126.366
57 123.686
58 121.027
59 118.426
60 118.075
61 117.633
62 117.132
63 114.795
64 113.63
65 112.406
66 110.893
67 109.94
68 108.944
69 107.717
70 106.098
71 105.22
72 104.345
73 103.688
74 102.962
75 101.703
76 100.199
77 99.0967
78 98.1303
79 96.8283
80 95.2924
81 94.2371
82 92.9589
83 92.0853
84 90.8186
85 90.4748
86 90.0171
87 89.2654
88 88.3435
89 87.9761
90 87.4891
91 87.4891
92 86.9071
93 86.1176
94 83.1406
95 82.4724
96 81.7763
97 81.5809
98 81.5733
99 81.0951
100 80.5863
101 80.5787
102 80.2725
103 80.2202
104 78.3111
105 77.6641
106 77.501
107 76.8539
108 76.6301
109 76.5559
110 76.1507
111 75.8966
112 75.5254
113 75.0271
114 75.0271
115 75.0271
116 74.9698
117 74.4427
118 74.3379
119 74.1968
120 74.035
121 74.035
122 73.8048
123 73.6575
124 73.5747
125 73.2308
126 73.0407
127 72.9819
128 72.9819
129 72.9716
130 72.9338
131 72.9079
132 72.5017
133 72.4433
134 72.2161
135 72.1681
136 72.1681
137 72.1681
138 71.8586
139 71.8586
140 71.5785
141 71.5785
142 71.5785
143 70.9297
144 70.9297
145 70.9297
146 70.9297
147 70.9297
148 70.9297
149 70.9297
150 70.4942
151 70.4942
152 70.4942
153 70.4718
154 70.4718
155 70.0124
156 69.7693
157 69.7693
158 69.7693
159 69.7693
160 69.7693
161 69.7693
162 69.7693
163 69.6893
164 69.6893
165 69.3743
166 69.3743
167 69.3743
168 69.3743
169 69.3743
170 69.3743
171 69.3743
172 69.3743
173 69.3743
174 69.3743
175 69.3743
176 69.3743
177 69.3743
178 69.3743
179 69.3743
180 69.3743
181 69.3743
182 69.3743
183 69.3743
184 69.3743
185 69.3743
186 69.3743
187 69.3743
188 69.3743
189 69.3743
190 69.3743
191 69.3743
192 69.3743
193 69.3743
194 69.3743
195 69.3743
196 69.3743
197 69.3743
198 69.3743
199 69.3743
200 69.3743
201 69.3743
202 69.3743
203 69.3743
204 69.3743
205 69.3179
206 69.3179
207 69.3179
208 69.3179
209 69.3179
210 69.3179
211 69.3179
212 69.3179
213 69.3179
214 69.3179
215 69.3179
216 69.3179
217 69.3179
218 69.3179
219 69.3179
220 69.3179
221 69.3179
222 69.3179
223 69.3179
224 69.3179
225 69.3179
226 69.3179
227 69.3179
228 69.3179
229 69.3179
230 69.3179
231 69.3179
232 69.3179
233 69.3179
234 69.3179
235 69.3179
236 69.3179
237 69.3179
238 69.3179
239 69.3179
240 69.3179
241 69.3179
242 69.3179
243 69.3179
244 69.3179
245 69.3179
246 69.3179
247 69.3179
248 69.3179
249 69.3179
250 69.3179
251 69.3179
252 69.3179
253 69.3179
254 69.3179
255 69.3179
256 69.3179
257 69.3179
258 69.3179
259 69.3179
260 69.3179
261 69.3179
262 69.3179
263 69.3179
264 69.3179
265 69.3179
266 69.3179
267 69.3179
268 69.3179
269 69.3179
270 69.3179
271 69.3179
272 69.3179
273 69.3179
274 69.3179
275 69.3179
276 69.3179
277 69.3179
278 69.3179
279 69.3179
280 69.3179
281 69.3179
282 69.3179
283 69.3179
284 69.3179
285 69.3179
286 69.3179
287 69.3179
288 69.3179
289 69.3179
290 69.3179
291 69.3179
292 69.3179
293 69.3179
294 69.3179
295 69.3179
296 69.3179
297 69.3179
298 69.3179
299 69.3179
300 69.3179
301 69.3179
302 69.3179
303 69.3179
304 69.3179
305 69.3179
306 69.3179
307 69.3179
308 69.1236
309 69.1236
310 69.1236
311 69.1236
312 69.1236
313 69.1236
314 69.1236
315 69.1236
316 69.1236
317 69.1236
318 69.1236
319 69.1236
320 69.1236
321 69.1236
322 69.1236
323 69.1236
324 69.1236
325 69.1236
326 69.1236
327 69.1236
328 69.1236
329 69.1236
330 69.1236
331 69.1236
332 69.1236
333 69.1236
334 69.1236
335 69.1236
336 69.1236
337 69.1236
338 69.1236
339 69.1236
340 69.1236
341 69.1236
342 69.0559
343 69.0559
344 69.0559
345 69.0559
346 69.0559
347 69.0559
348 69.0559
349 69.0559
350 69.0559
351 69.0559
352 69.0559
353 68.9614
354 68.9614
355 68.9614
356 68.9614
357 68.9614
358 68.9614
359 68.9614
360 68.9614
361 68.9614
362 68.9614
363 68.9614
364 68.9614
365 68.9614
366 68.9614
367 68.9614
368 68.9614
369 68.9614
370 68.9614
371 68.9614
372 68.9614
373 68.9614
374 68.9614
375 68.9614
376 68.9614
377 68.9614
378 68.9614
379 68.9614
380 68.9614
381 68.4918
382 68.4918
383 68.4918
384 68.4918
385 68.4918
386 68.4918
387 68.4918
388 68.4918
389 68.4918
390 68.4918
391 68.4918
392 68.4918
393 68.4918
394 68.4918
395 68.4918
396 68.4918
397 68.4918
398 68.4918
399 68.4918
400 68.4918
401 68.4918
402 68.4918
403 68.4918
404 68.4918
405 68.4918
406 68.4918
407 68.4918
408 68.4918
409 68.4918
410 68.4918
411 68.4918
412 68.4918
413 68.4918
414 68.4918
415 68.4918
416 68.4918
417 68.4918
418 68.4918
419 68.4918
420 68.4918
421 68.4918
422 68.4918
423 68.4918
424 68.4918
425 68.4918
426 68.4918
427 68.4918
428 68.4918
429 68.4918
430 68.4918
431 68.4918
432 68.4918
433 68.4918
434 68.4918
435 68.4918
436 68.4918
437 68.4918
438 68.4918
439 68.4918
440 68.4918
441 68.4918
442 68.4918
443 68.4918
444 68.4918
445 68.4918
446 68.4918
447 68.4918
448 68.4918
449 68.4918
450 68.4918
451 68.4918
452 68.4918
453 68.4918
454 68.4918
455 68.4918
456 68.4918
457 68.4918
458 68.4918
459 68.4918
460 68.4918
461 68.4918
462 68.4918
463 68.4918
464 68.4918
465 68.4918
466 68.4918
467 68.4918
468 68.4918
469 68.4918
470 68.4918
471 68.4918
472 68.4918
473 68.4918
474 68.4918
475 68.4918
476 68.4918
477 68.4918
478 68.4918
479 68.4918
480 68.4918
481 68.4918
482 68.4918
483 68.4918
484 68.4918
485 68.4918
486 68.4918
487 68.4918
488 68.4918
489 68.4918
490 68.4918
491 68.4918
492 68.4918
493 68.4918
494 68.4918
495 68.4918
496 68.4918
497 68.4918
498 68.4918
499 68.4918
500 68.4918
501 68.4918
502 68.4918
503 68.4918
504 68.4918
505 68.4918
506 68.4918
507 68.4918
508 68.4918
509 68.4918
510 68.4918
511 68.4918
512 68.4918
513 68.4918
514 68.4918
515 68.4918
516 68.4918
517 68.4918
518 68.4918
519 68.4918
520 68.4918
521 68.4918
522 68.4918
523 68.4918
524 68.4918
525 68.4918
526 68.4918
527 68.4918
528 68.4918
529 68.4918
530 68.4918
531 68.4918
532 68.4918
533 68.4918
534 68.4918
535 68.4918
536 68.4918
537 68.4918
538 68.4918
539 68.4918
540 68.4918
541 68.4918
542 68.4918
543 68.4918
544 68.4918
545 68.4918
546 68.4918
547 68.4918
548 68.4918
549 68.4918
550 68.4918
551 68.4918
552 68.4918
553 68.4918
554 68.4918
555 68.4918
556 68.4918
557 68.4918
558 68.4918
559 68.4918
560 68.4918
561 68.4918
562 68.4918
563 68.4918
564 68.4918
565 68.4918
566 68.4918
567 68.4918
568 68.4918
569 68.4918
570 68.4918
571 68.4918
572 68.4918
573 68.4918
574 68.4918
575 68.4918
576 68.4918
577 68.4918
578 68.4918
579 68.4918
580 68.4918
581 68.4918
582 68.4918
583 68.4918
584 68.4918
585 68.4918
586 68.4918
587 68.4918
588 68.4918
589 68.4918
590 68.4918
591 68.4918
592 68.4918
593 68.4918
594 68.4918
595 68.4918
596 68.4918
597 68.4918
598 68.4918
599 68.4918
600 68.4918
601 68.4918
602 68.4918
603 68.4918
604 68.4918
605 68.4918
606 68.4918
607 68.4918
608 68.4918
609 68.4918
610 68.4918
611 68.4918
612 68.4918
613 68.4918
614 68.4918
615 68.4918
616 68.4918
617 68.4918
618 68.4918
619 68.4918
620 68.4918
621 68.4918
622 68.4918
623 68.4918
624 68.4918
625 68.4918
626 68.4918
627 68.4918
628 68.4918
629 68.4918
630 68.4918
631 68.4918
632 68.4918
633 68.4918
634 68.4918
635 68.4918
636 68.4918
637 68.4918
638 68.4918
639 68.4918
640 68.4918
641 68.4918
642 68.4918
643 68.4401
644 68.4401
645 68.4401
646 68.4401
647 68.4401
648 68.4401
649 68.4401
650 68.4401
651 68.4401
652 68.4401
653 68.4401
654 68.4401
655 68.4401
656 68.4401
657 68.4401
658 68.4401
659 68.4401
660 68.4401
661 68.4401
662 68.4401
663 68.4401
664 68.4401
665 68.4401
666 68.4401
667 68.4401
668 68.4401
669 68.4401
670 68.4401
671 68.4401
672 68.4401
673 68.4401
674 68.4401
675 68.4401
676 68.4401
677 68.4401
678 68.4401
679 68.4401
680 68.4401
681 68.4401
682 68.4401
683 68.4401
684 68.4401
685 68.4401
686 68.4401
687 68.4401
688 68.4401
689 68.4401
690 68.4401
691 68.4401
692 68.4401
693 68.4401
694 68.4401
695 68.4401
696 68.4401
697 68.4401
698 68.4401
699 68.4401
700 68.4401
701 68.4401
702 68.4401
703 68.4401
704 68.4401
705 68.4401
706 68.4401
707 68.4401
708 68.4401
709 68.4401
710 68.4401
711 68.4401
712 68.4401
713 68.4401
714 68.4401
715 68.4401
716 68.4401
717 68.4401
718 68.4401
719 68.4401
720 68.4401
721 68.4401
722 68.4401
723 68.4401
724 68.4401
725 68.4401
726 68.4401
727 68.4401
728 68.4401
729 68.4401
730 68.4401
731 68.4401
732 68.4401
733 68.4401
734 68.4401
735 68.4401
736 68.4401
737 68.4401
738 68.4401
739 68.4401
740 68.4401
741 68.4401
742 68.4401
743 68.4401
744 68.4401
745 68.4401
746 68.4401
747 68.4401
748 68.4401
749 68.4401
750 68.4401
751 68.4401
752 68.4401
753 68.4401
754 68.4401
755 68.4401
756 68.4401
757 68.4401
758 68.4401
759 68.4401
760 68.4401
761 68.4401
762 68.4401
763 68.4401
764 68.4401
765 68.4401
766 68.4401
767 68.4401
768 68.4401
769 68.4401
770 68.4401
771 68.4401
772 68.4401
773 68.4401
774 68.4401
775 68.4401
776 68.4401
777 68.4401
778 68.4401
779 68.4401
780 68.4401
781 68.4401
782 68.4401
783 68.4401
784 68.4401
785 68.4401
786 68.4401
787 68.4401
788 68.4401
789 68.4401
790 68.4401
791 68.4401
792 68.4401
793 68.4401
794 68.4401
795 68.4401
796 68.4401
797 68.4401
798 68.4401
799 68.4401
800 68.4401
801 68.4401
802 68.4401
803 68.4401
804 68.4401
805 68.4401
806 68.4401
807 68.4401
808 68.4401
809 68.4401
810 68.4401
811 68.4401
812 68.4401
813 68.4401
814 68.4401
815 68.4401
816 68.4401
817 68.4401
818 68.4401
819 68.4401
820 68.4401
821 68.4401
822 68.4401
823 68.4401
824 68.4401
825 68.4401
826 68.4107
827 68.4107
828 68.4107
829 68.4107
830 68.4107
831 68.4107
832 68.4107
833 68.4107
834 68.4107
835 68.4107
836 68.4107
837 68.4107
838 68.4107
839 68.4107
840 68.4107
841 68.4107
842 68.4107
843 68.4107
844 68.4107
845 68.4107
846 68.4107
847 68.4107
848 68.4107
849 68.4107
850 68.4107
851 68.4107
852 68.4107
853 68.4107
854 68.4107
855 68.4107
856 68.4107
857 68.4107
858 68.4107
859 68.4107
860 68.4107
861 68.4107
862 68.4107
863 68.4107
864 68.4107
865 68.4107
866 68.4107
867 68.4107
868 68.4107
869 68.4107
870 68.4107
871 68.4107
872 68.4107
873 68.4107
874 68.4107
875 68.4107
876 68.4107
877 68.4107
878 68.4107
879 68.4107
880 68.4107
881 68.4107
882 68.4107
883 68.4107
884 68.4107
885 68.4107
886 68.4107
887 68.4107
888 68.4107
889 68.4107
890 68.4107
891 68.4107
892 68.4107
893 68.4107
894 68.4107
895 68.4107
896 68.4107
897 68.4107
898 68.4107
899 68.4107
900 68.4107
901 68.4107
902 68.4107
903 68.4107
904 68.4107
905 68.4107
906 68.4107
907 68.4107
908 68.4107
909 68.4107
910 68.4107
911 68.4107
912 68.4107
913 68.4107
914 68.4107
915 68.4107
916 68.4107
917 68.4107
918 68.4107
919 68.4107
920 68.4107
921 68.4107
922 68.4107
923 68.4107
924 68.4107
925 68.4107
926 68.4107
927 68.4107
928 68.4107
929 68.4107
930 68.4107
931 68.4107
932 68.4107
933 68.4107
934 68.4107
935 68.4107
936 68.4107
937 68.4107
938 68.4107
939 68.4107
940 68.4107
941 68.4107
942 68.4107
943 68.4107
944 68.4107
945 68.4107
946 68.4107
947 68.4107
948 68.4107
949 68.4107
950 68.4107
951 68.4107
952 68.4107
953 68.4107
954 68.4107
955 68.4107
956 68.4107
957 68.4107
958 68.4107
959 68.4107
960 68.4107
961 68.4107
962 68.4107
963 68.4107
964 68.4107
965 68.4107
966 68.4107
967 68.4107
968 68.4107
969 68.4107
970 68.4107
971 68.4107
972 68.4107
973 68.4107
974 68.4107
975 68.4107
976 68.4107
977 68.4107
978 68.4107
979 68.4107
980 68.4107
981 68.4107
982 68.4107
983 68.4107
984 68.4107
985 68.4107
986 68.4107
987 68.4107
988 68.4107
989 68.4107
990 68.4107
991 68.4107
992 68.4107
993 68.4107
994 68.4107
995 68.4107
996 68.4107
997 68.4107
998 68.4107
999 68.4107
1000 68.4107
1001 68.4107
1002 68.4107
1003 68.4107
1004 68.4107
1005 68.4107
1006 68.4107
1007 68.4107
1008 68.4107
1009 68.4107
1010 68.4107
1011 68.4107
1012 68.4107
1013 68.4107
1014 68.4107
1015 68.4107
1016 68.4107
1017 68.4107
1018 68.4107
1019 68.4107
1020 68.4107
1021 68.4107
1022 68.4107
1023 68.4107
1024 68.4107
1025 68.4107
1026 68.4107
1027 68.4107
1028 68.4107
1029 68.4107
1030 68.4107
1031 68.4107
1032 68.4107
1033 68.4107
1034 68.4107
1035 68.4107
1036 68.4107
1037 68.4107
1038 68.4107
1039 68.4107
1040 68.4107
1041 68.4107
1042 68.4107
1043 68.4107
1044 68.4107
1045 68.4107
1046 68.4107
1047 68.4107
1048 68.4107
1049 68.4107
1050 68.4107
1051 68.4107
1052 68.4107
1053 68.4107
1054 68.4107
1055 68.4107
1056 68.4107
1057 68.4107
1058 68.4107
1059 68.4107
1060 68.4107
1061 68.4107
1062 68.4107
1063 68.4107
1064 68.4107
1065 68.4107
1066 68.4107
1067 68.4107
1068 68.4107
1069 68.4107
1070 68.4107
1071 68.4107
1072 68.4107
1073 68.4107
1074 68.4107
1075 68.4107
1076 68.4107
1077 68.4107
1078 68.4107
1079 68.4107
1080 68.4107
1081 68.4107
1082 68.4107
1083 68.4107
1084 68.4107
1085 68.4107
1086 68.4107
1087 68.4107
1088 68.4107
1089 68.4107
1090 68.4107
1091 68.4107
1092 68.4107
1093 68.4107
1094 68.4107
1095 68.4107
1096 68.4107
1097 68.4107
1098 68.4107
1099 68.4107
1100 68.4107
1101 68.4107
1102 68.4107
1103 68.4107
1104 68.4107
1105 68.4107
1106 68.4107
1107 68.4107
1108 68.4107
1109 68.4107
1110 68.4107
1111 68.4107
1112 68.4107
1113 68.4107
1114 68.4107
1115 68.4107
1116 68.4107
1117 68.4107
1118 68.4107
1119 68.4107
1120 68.4107
1121 68.4107
1122 68.4107
1123 68.4107
1124 68.4107
1125 68.4107
1126 68.4107
1127 68.4107
1128 68.4107
1129 68.4107
1130 68.4107
1131 68.4107
1132 68.4107
1133 68.4107
1134 68.4107
1135 68.4107
1136 68.4107
1137 68.4107
1138 68.4107
1139 68.4107
1140 68.4107
1141 68.4107
1142 68.4107
1143 68.4107
1144 68.4107
1145 68.4107
1146 68.4107
1147 68.4107
1148 68.4107
1149 68.4107
1150 68.4107
1151 68.4107
1152 68.4107
1153 68.4107
1154 68.4107
1155 68.4107
1156 68.4107
1157 68.4107
1158 68.4107
1159 68.4107
1160 68.4107
1161 68.4107
1162 68.4107
1163 68.4107
1164 68.4107
1165 68.4107
1166 68.4107
1167 68.4107
1168 68.4107
1169 68.4107
1170 68.4107
1171 68.4107
1172 68.4107
1173 68.4107
1174 68.4107
1175 68.4107
1176 68.4107
1177 68.4107
1178 68.4107
1179 68.4107
1180 68.4107
1181 68.4107
1182 68.4107
1183 68.4107
1184 68.4107
1185 68.4107
1186 68.4107
1187 68.4107
1188 68.4107
1189 68.4107
1190 68.4107
1191 68.4107
1192 68.4107
1193 68.4107
1194 68.4107
1195 68.4107
1196 68.4107
1197 68.4107
1198 68.4107
1199 68.4107
1200 68.4107
1201 68.4107
1202 68.4107
1203 68.4107
1204 68.4107
1205 68.4107
1206 68.4107
1207 68.4107
1208 68.4107
1209 68.4107
1210 68.4107
1211 68.4107
1212 68.4107
1213 68.4107
1214 68.4107
1215 68.4107
1216 68.4107
1217 68.4107
1218 68.4107
1219 68.4107
1220 68.4107
1221 68.4107
1222 68.4107
1223 68.4107
1224 68.4107
1225 68.4107
1226 68.4107
1227 68.4107
1228 68.4107
1229 68.4107
1230 68.4107
1231 68.4107
1232 68.4107
1233 68.4107
1234 68.4107
1235 68.4107
1236 68.4107
1237 68.4107
1238 68.4107
1239 68.4107
1240 68.4107
1241 68.4107
1242 68.4107
1243 68.4107
1244 68.4107
1245 68.4107
1246 68.4107
1247 68.4107
1248 68.4107
1249 68.4107
1250 68.4107
1251 68.4107
1252 68.4107
1253 68.4107
1254 68.4107
1255 68.4107
1256 68.4107
1257 68.4107
1258 68.4107
1259 68.4107
1260 68.4107
1261 68.4107
1262 68.4107
1263 68.4107
1264 68.4107
1265 68.4107
1266 68.4107
1267 68.4107
1268 68.4107
1269 68.4107
1270 68.4107
1271 68.4107
1272 68.4107
1273 68.4107
1274 68.4107
1275 68.4107
1276 68.4107
1277 68.4107
1278 68.4107
1279 68.4107
1280 68.4107
1281 68.4107
1282 68.4107
1283 68.4107
1284 68.4107
1285 68.4107
1286 68.4107
1287 68.4107
1288 68.4107
1289 68.4107
1290 68.4107
1291 68.4107
1292 68.4107
1293 68.4107
1294 68.4107
1295 68.4107
1296 68.4107
1297 68.4107
1298 68.4107
1299 68.4107
1300 68.4107
1301 68.4107
1302 68.4107
1303 68.4107
1304 68.4107
1305 68.4107
1306 68.4107
1307 68.4107
1308 68.4107
1309 68.4107
1310 68.4107
1311 68.4107
1312 68.4107
1313 68.4107
1314 68.4107
1315 68.4107
1316 68.4107
1317 68.4107
1318 68.4107
1319 68.4107
1320 68.4107
1321 68.4107
1322 68.4107
1323 68.4107
1324 68.4107
1325 68.4107
1326 68.4107
1327 68.4107
1328 68.4107
1329 68.4107
1330 68.4107
1331 68.4107
1332 68.4107
1333 68.4107
1334 68.4107
1335 68.4107
1336 68.4107
1337 68.4107
1338 68.4107
1339 68.4107
1340 68.4107
1341 68.4107
1342 68.4107
1343 68.4107
1344 68.4107
1345 68.4107
1346 68.4107
1347 68.4107
1348 68.4107
1349 68.4107
1350 68.4107
1351 68.4107
1352 68.4107
1353 68.4107
1354 68.4107
1355 68.4107
1356 68.4107
1357 68.4107
1358 68.4107
1359 68.4107
1360 68.4107
1361 68.4107
1362 68.4107
1363 68.4107
1364 68.4107
1365 68.4107
1366 68.4107
1367 68.4107
1368 68.4107
1369 68.4107
1370 68.4107
1371 68.4107
1372 68.4107
1373 68.4107
1374 68.4107
1375 68.4107
1376 68.4107
1377 68.4107
1378 68.4107
1379 68.4107
1380 68.4107
1381 68.4107
1382 68.4107
1383 68.4107
1384 68.4107
1385 68.4107
1386 68.4107
1387 68.4107
1388 68.4107
1389 68.4107
1390 68.4107
1391 68.4107
1392 68.4107
1393 68.4107
1394 68.4107
1395 68.4107
1396 68.4107
1397 68.4107
1398 68.4107
1399 68.4107
1400 68.4107
1401 68.4107
1402 68.4107
1403 68.4107
1404 68.4107
1405 68.4107
1406 68.4107
1407 68.4107
1408 68.4107
1409 68.4107
1410 68.4107
1411 68.4107
1412 68.4107
1413 68.4107
1414 68.4107
1415 68.4107
1416 68.4107
1417 68.4107
1418 68.4107
1419 68.4107
1420 68.4107
1421 68.4107
1422 68.4107
1423 68.4107
1424 68.4107
1425 68.4107
1426 68.4107
1427 68.4107
1428 68.4107
1429 68.4107
1430 68.4107
1431 68.4107
1432 68.4107
1433 68.4107
1434 68.4107
1435 68.4107
1436 68.4107
1437 68.4107
1438 68.4107
1439 68.4107
1440 68.4107
1441 68.4107
1442 68.4107
1443 68.4107
1444 68.4107
1445 68.4107
1446 68.4107
1447 68.4107
1448 68.4107
1449 68.4107
1450 68.4107
1451 68.4107
1452 68.4107
1453 68.4107
1454 68.4107
1455 68.4107
1456 68.4107
1457 68.4107
1458 68.4107
1459 68.4107
1460 68.4107
1461 68.4107
1462 68.4107
1463 68.4107
1464 68.4107
1465 68.4107
1466 68.4107
1467 68.4107
1468 68.4107
1469 68.4107
1470 68.4107
1471 68.4107
1472 68.4107
1473 68.4107
1474 68.4107
1475 68.4107
1476 68.4107
1477 68.4107
1478 68.4107
1479 68.4107
1480 68.4107
1481 68.4107
1482 68.4107
1483 68.4107
1484 68.4107
1485 68.4107
1486 68.4107
1487 68.4107
1488 68.4107
1489 68.4107
1490 68.4107
1491 68.4107
1492 68.4107
1493 68.4107
1494 68.4107
1495 68.4107
1496 68.4107
1497 68.4107
1498 68.4107
1499 68.4107
1500 68.4107
1501 68.4107
1502 68.4107
1503 68.4107
1504 68.4107
1505 68.4107
1506 68.4107
1507 68.4107
1508 68.4107
1509 68.4107
1510 68.4107
1511 68.4107
1512 68.4107
1513 68.4107
1514 68.4107
1515 68.4107
1516 68.4107
1517 68.4107
1518 68.4107
1519 68.4107
1520 68.4107
1521 68.4107
1522 68.4107
1523 68.4107
1524 68.4107
1525 68.4107
1526 68.4107
1527 68.4107
1528 68.4107
1529 68.4107
1530 68.4107
1531 68.4107
1532 68.4107
1533 68.4107
1534 68.4107
1535 68.4107
1536 68.4107
1537 68.4107
1538 68.4107
1539 68.4107
1540 68.4107
1541 68.4107
1542 68.4107
1543 68.4107
1544 68.4107
1545 68.4107
1546 68.4107
1547 68.4107
1548 68.4107
1549 68.4107
1550 68.4107
1551 68.4107
1552 68.4107
1553 68.4107
1554 68.4107
1555 68.4107
1556 68.4107
1557 68.4107
1558 68.4107
1559 68.4107
1560 68.4107
1561 68.4107
1562 68.4107
1563 68.4107
1564 68.4107
1565 68.4107
1566 68.4107
1567 68.4107
1568 68.4107
1569 68.4107
1570 68.4107
1571 68.4107
1572 68.4107
1573 68.4107
1574 68.4107
1575 68.4107
1576 68.4107
1577 68.4107
1578 68.4107
1579 68.4107
1580 68.4107
1581 68.4107
1582 68.4107
1583 68.4107
1584 68.4107
1585 68.4107
1586 68.4107
1587 68.4107
1588 68.4107
1589 68.4107
1590 68.4107
1591 68.4107
1592 68.4107
1593 68.4107
1594 68.4107
1595 68.4107
1596 68.4107
1597 68.4107
1598 68.4107
1599 68.4107
1600 68.3616
1601 68.3616
1602 68.1183
1603 68.1183
1604 68.1183
1605 68.1183
1606 68.1183
1607 68.1183
1608 68.1183
1609 68.1183
1610 68.1183
1611 68.0821
1612 68.0821
1613 68.0821
1614 67.8881
1615 67.8881
1616 67.8881
1617 67.8881
1618 67.8881
1619 67.8881
1620 67.8881
1621 67.8881
1622 67.8881
1623 67.8881
1624 67.8881
1625 67.8881
1626 67.8881
1627 67.8881
1628 67.8881
1629 67.8881
1630 67.8881
1631 67.8881
1632 67.8881
1633 67.8881
1634 67.8881
1635 67.8881
1636 67.8881
1637 67.8881
1638 67.8881
1639 67.8881
1640 67.8881
1641 67.8881
1642 67.8881
1643 67.8881
1644 67.8881
1645 67.8881
1646 67.8881
1647 67.6981
1648 67.5376
1649 67.5376
1650 67.5376
1651 67.5376
1652 67.5376
1653 67.5376
1654 67.5376
1655 67.5376
1656 67.5376
1657 67.5376
1658 67.5376
1659 67.5376
1660 67.5376
1661 67.5376
1662 67.5376
1663 67.5376
1664 67.5376
1665 67.5376
1666 67.5376
1667 67.5376
1668 67.5376
1669 67.5376
1670 67.5376
1671 67.5376
1672 67.5376
1673 67.5376
1674 67.5376
1675 67.5376
1676 67.5376
1677 67.5376
1678 67.5376
1679 67.5376
1680 67.5376
1681 67.5376
1682 67.5376
1683 67.5376
1684 67.5376
1685 67.5376
1686 67.5376
1687 67.5376
1688 67.5376
1689 67.5376
1690 67.5376
1691 67.5376
1692 66.9508
1693 66.9508
1694 66.9508
1695 66.9508
1696 66.9508
1697 66.9508
1698 66.9508
1699 66.9508
1700 66.9508
1701 66.9508
1702 66.9508
1703 66.9508
1704 66.9508
1705 66.7272
1706 66.7272
1707 66.7272
1708 66.7272
1709 66.7272
1710 66.7272
1711 66.7272
1712 66.7272
1713 66.7272
1714 66.7272
1715 66.7272
1716 66.7272
1717 66.7272
1718 66.7272
1719 66.7272
1720 66.7272
1721 66.7272
1722 66.7272
1723 66.7272
1724 66.7272
1725 66.7272
1726 66.7272
1727 66.7272
1728 66.7272
1729 66.7272
1730 66.7272
1731 66.7272
1732 66.7272
1733 66.7272
1734 66.7272
1735 66.7272
1736 66.7272
1737 66.7272
1738 66.7272
1739 66.7272
1740 66.7272
1741 66.7272
1742 66.7272
1743 66.7272
1744 66.7272
1745 66.7272
1746 66.7272
1747 66.7272
1748 66.7272
1749 66.7272
1750 66.7272
1751 66.7272
1752 66.7272
1753 66.7272
1754 66.7272
1755 66.7272
1756 66.7272
1757 66.7272
1758 66.7272
1759 66.7272
1760 66.7272
1761 66.7272
1762 66.7272
1763 66.7272
1764 66.7272
1765 66.7272
1766 66.7272
1767 66.7272
1768 66.7272
1769 66.7272
1770 66.7272
1771 66.7272
1772 66.7272
1773 66.7272
1774 66.7272
1775 66.7272
1776 66.7272
1777 66.7272
1778 66.7272
1779 66.7272
1780 66.7272
1781 66.7272
1782 66.7272
1783 66.7272
1784 66.7272
1785 66.7272
1786 66.7272
1787 66.7272
1788 66.7272
1789 66.7272
1790 66.7272
1791 66.7272
1792 66.7272
1793 66.7272
1794 66.7272
1795 66.7272
1796 66.7272
1797 66.7272
1798 66.7272
1799 66.7272
1800 66.7272
1801 66.7272
1802 66.7272
1803 66.7272
1804 66.7272
1805 66.7272
1806 66.7272
1807 66.7272
1808 66.7272
1809 66.7272
1810 66.7272
1811 66.7272
1812 66.7272
1813 66.7272
1814 66.7272
1815 66.7272
1816 66.7272
1817 66.7272
1818 66.7272
1819 66.7272
1820 66.7272
1821 66.7272
1822 66.7272
1823 66.7272
1824 66.7272
1825 66.7272
1826 66.7272
1827 66.7272
1828 66.7272
1829 66.7272
1830 66.7272
1831 66.7272
1832 66.7272
1833 66.7272
1834 66.7272
1835 66.7272
1836 66.7272
1837 66.7272
1838 66.7272
1839 66.7272
1840 66.6083
1841 66.6083
1842 66.6083
1843 66.6083
1844 66.6083
1845 66.6083
1846 66.6083
1847 66.6083
1848 66.6083
1849 66.6083
1850 66.6083
1851 66.6083
1852 66.6083
1853 66.6083
1854 66.6083
1855 66.6083
1856 66.6083
1857 66.6083
1858 66.6083
1859 66.6083
1860 66.6083
1861 66.6083
1862 66.6083
1863 66.6083
1864 66.6083
1865 66.6083
1866 66.6083
1867 66.6083
1868 66.6083
1869 66.6083
1870 66.6083
1871 66.6083
1872 66.6083
1873 66.6083
1874 66.6083
1875 66.6083
1876 66.6083
1877 66.6083
1878 66.6083
1879 66.6083
1880 66.6083
1881 66.6083
1882 66.6083
1883 66.6083
1884 66.6083
1885 66.6083
1886 66.6083
1887 66.6083
1888 66.6083
1889 66.6083
1890 66.6083
1891 66.6083
1892 66.6083
1893 66.6083
1894 66.6083
1895 66.6083
1896 66.6083
1897 66.6083
1898 66.6083
1899 66.6083
1900 66.6083
1901 66.6083
1902 66.6083
1903 66.6083
1904 66.6083
1905 66.6083
1906 66.6083
1907 66.481
1908 66.481
1909 66.481
1910 66.481
1911 66.481
1912 66.481
1913 66.481
1914 66.481
1915 66.481
1916 66.481
1917 66.481
1918 66.481
1919 66.481
1920 66.481
1921 66.481
1922 66.481
1923 66.481
1924 66.481
1925 66.481
1926 66.481
1927 66.481
1928 66.481
1929 66.481
1930 66.481
1931 66.481
1932 66.481
1933 66.481
1934 66.481
1935 66.481
1936 66.481
1937 66.481
1938 66.481
1939 66.481
1940 66.481
1941 66.481
1942 66.481
1943 66.481
1944 66.481
1945 66.481
1946 66.481
1947 66.481
1948 66.481
1949 66.481
1950 66.481
1951 66.481
1952 66.481
1953 66.481
1954 66.481
1955 66.481
1956 66.481
1957 66.481
1958 66.481
1959 66.481
1960 66.481
1961 66.481
1962 66.481
1963 66.481
1964 66.481
1965 66.481
1966 66.481
1967 66.481
1968 66.481
1969 66.481
1970 66.481
1971 66.481
1972 66.481
1973 66.481
1974 66.481
1975 66.481
1976 66.481
1977 66.481
1978 66.481
1979 66.481
1980 66.481
1981 66.481
1982 66.481
1983 66.481
1984 66.481
1985 66.481
1986 66.481
1987 66.481
1988 66.481
1989 66.481
1990 66.481
1991 66.481
1992 66.481
1993 66.481
1994 66.481
1995 66.481
1996 66.481
1997 66.481
1998 66.481
1999 66.481
2000 66.481
2001 66.481
2002 66.481
2003 66.481
2004 66.481
2005 66.481
2006 66.481
2007 66.481
2008 66.481
2009 66.481
2010 66.481
2011 66.481
2012 66.481
2013 66.481
2014 66.481
2015 66.481
2016 66.481
2017 66.481
2018 66.481
2019 66.481
2020 66.481
2021 66.481
2022 66.481
2023 66.481
2024 66.481
2025 66.481
2026 66.481
2027 66.481
2028 66.481
2029 66.481
2030 66.481
2031 66.481
2032 66.481
2033 66.481
2034 66.481
2035 66.481
2036 66.481
2037 66.481
2038 66.481
2039 66.481
2040 66.481
2041 66.481
2042 66.481
2043 66.481
2044 66.481
2045 66.481
2046 66.481
2047 66.481
2048 66.481
2049 66.481
2050 66.481
2051 66.481
2052 66.481
2053 66.481
2054 66.481
2055 66.481
2056 66.481
2057 66.481
2058 66.481
2059 66.481
2060 66.481
2061 66.481
2062 66.481
2063 66.481
2064 66.481
2065 66.481
2066 66.481
2067 66.481
2068 66.481
2069 66.481
2070 66.481
2071 66.481
2072 66.481
2073 66.481
2074 66.481
2075 66.481
2076 66.481
2077 66.481
2078 66.481
2079 66.481
2080 66.481
2081 66.481
2082 66.481
2083 66.481
2084 66.481
2085 66.481
2086 66.481
2087 66.481
2088 66.481
2089 66.481
2090 66.481
2091 66.481
2092 66.481
2093 66.481
2094 66.481
2095 66.481
2096 66.481
2097 66.481
2098 66.481
2099 66.481
2100 66.481
2101 66.481
2102 66.481
2103 66.481
2104 66.481
2105 66.481
2106 66.481
2107 66.481
2108 66.481
2109 66.481
2110 66.481
2111 66.481
2112 66.481
2113 66.481
2114 66.481
2115 66.481
2116 66.481
2117 66.481
2118 66.481
2119 66.481
2120 66.481
2121 66.481
2122 66.481
2123 66.481
2124 66.481
2125 66.481
2126 66.481
2127 66.481
2128 66.481
2129 66.481
2130 66.481
2131 66.481
2132 66.481
2133 66.481
2134 66.481
2135 66.481
2136 66.481
2137 66.481
2138 66.481
2139 66.481
2140 66.481
2141 66.481
2142 66.481
2143 66.481
2144 66.481
2145 66.481
2146 66.481
2147 66.481
2148 66.481
2149 66.481
2150 66.481
2151 66.481
2152 66.481
2153 66.481
2154 66.481
2155 66.481
2156 66.481
2157 66.481
2158 66.481
2159 66.481
2160 66.481
2161 66.481
2162 66.481
2163 66.481
2164 66.481
2165 66.481
2166 66.481
2167 66.481
2168 66.481
2169 66.481
2170 66.481
2171 66.481
2172 66.481
2173 66.481
2174 66.481
2175 66.481
2176 66.481
2177 66.481
2178 66.481
2179 66.481
2180 66.481
2181 66.481
2182 66.481
2183 66.481
2184 66.481
2185 66.481
2186 66.481
2187 66.481
2188 66.481
2189 66.481
2190 66.481
2191 66.481
2192 66.481
2193 66.481
2194 66.481
2195 66.481
2196 66.481
2197 66.481
2198 66.481
2199 66.481
2200 66.481
2201 66.481
2202 66.481
2203 66.481
2204 66.481
2205 66.481
2206 66.481
2207 66.481
2208 66.481
2209 66.481
2210 66.481
2211 66.481
2212 66.481
2213 66.481
2214 66.481
2215 66.481
2216 66.481
2217 66.481
2218 66.481
2219 66.481
2220 66.481
2221 66.481
2222 66.481
2223 66.481
2224 66.481
2225 66.481
2226 66.481
2227 66.481
2228 66.481
2229 66.481
2230 66.481
2231 66.481
2232 66.481
2233 66.481
2234 66.481
2235 66.481
2236 66.481
2237 66.481
2238 66.481
2239 66.481
2240 66.481
2241 66.481
2242 66.481
2243 66.481
2244 66.481
2245 66.481
2246 66.481
2247 66.481
2248 66.481
2249 66.481
2250 66.481
2251 66.481
2252 66.481
2253 66.481
2254 66.481
2255 66.481
2256 66.481
2257 66.481
2258 66.481
2259 66.481
2260 66.481
2261 66.481
2262 66.481
2263 66.481
2264 66.481
2265 66.481
2266 66.481
2267 66.481
2268 66.481
2269 66.481
2270 66.481
2271 66.481
2272 66.481
2273 66.481
2274 66.481
2275 66.481
2276 66.481
2277 66.481
2278 66.481
2279 66.481
2280 66.481
2281 66.481
2282 66.481
2283 66.481
2284 66.481
2285 66.481
2286 66.481
2287 66.481
2288 66.481
2289 66.481
2290 66.481
2291 66.481
2292 66.481
2293 66.481
2294 66.481
2295 66.481
2296 66.481
2297 66.481
2298 66.481
2299 66.481
2300 66.481
2301 66.481
2302 66.481
2303 66.481
2304 66.481
2305 66.481
2306 66.481
2307 66.481
2308 66.481
2309 66.481
2310 66.481
2311 66.481
2312 66.481
2313 66.481
2314 66.481
2315 66.481
2316 66.481
2317 66.481
2318 66.481
2319 66.481
2320 66.481
2321 66.481
2322 66.481
2323 66.481
2324 66.481
2325 66.481
2326 66.481
2327 66.481
2328 66.481
2329 66.481
2330 66.481
2331 66.481
2332 66.481
2333 66.481
2334 66.481
2335 66.481
2336 66.481
2337 66.481
2338 66.481
2339 66.481
2340 66.481
2341 66.481
2342 66.481
2343 66.481
2344 66.481
2345 66.481
2346 66.481
2347 66.481
2348 66.481
2349 66.481
2350 66.481
2351 66.481
2352 66.481
2353 66.481
2354 66.481
2355 66.481
2356 66.481
2357 66.481
2358 66.481
2359 66.481
2360 66.481
2361 66.481
2362 66.481
2363 66.481
2364 66.481
2365 66.481
2366 66.481
2367 66.481
2368 66.481
2369 66.481
2370 66.481
2371 66.481
2372 66.481
2373 66.481
2374 66.481
2375 66.481
2376 66.481
2377 66.481
2378 66.481
2379 66.481
2380 66.481
2381 66.481
2382 66.481
2383 66.481
2384 66.481
2385 66.481
2386 66.481
2387 66.481
2388 66.481
2389 66.481
2390 66.481
2391 66.481
2392 66.481
2393 66.481
2394 66.481
2395 66.481
2396 66.481
2397 66.481
2398 66.481
2399 66.481
2400 66.481
2401 66.481
2402 66.481
2403 66.481
2404 66.481
2405 66.481
2406 66.481
2407 66.481
2408 66.481
2409 66.481
2410 66.481
2411 66.481
2412 66.481
2413 66.481
2414 66.481
2415 66.481
2416 66.481
2417 66.481
2418 66.481
2419 66.481
2420 66.481
2421 66.481
2422 66.481
2423 66.481
2424 66.481
2425 66.481
2426 66.481
2427 66.481
2428 66.481
2429 66.481
2430 66.481
2431 66.481
2432 66.481
2433 66.481
2434 66.481
2435 66.481
2436 66.481
2437 66.481
2438 66.481
2439 66.481
2440 66.481
2441 66.481
2442 66.481
2443 66.481
2444 66.481
2445 66.481
2446 66.481
2447 66.481
2448 66.481
2449 66.481
2450 66.481
2451 66.481
2452 66.481
2453 66.481
2454 66.481
2455 66.481
2456 66.481
2457 66.481
2458 66.481
2459 66.481
2460 66.481
2461 66.481
2462 66.481
2463 66.481
2464 66.481
2465 66.481
2466 66.481
2467 66.481
2468 66.481
2469 66.481
2470 66.481
2471 66.481
2472 66.481
2473 66.481
2474 66.481
2475 66.481
2476 66.481
2477 66.481
2478 66.481
2479 66.481
2480 66.481
2481 66.481
2482 66.481
2483 66.481
2484 66.481
2485 66.481
2486 66.481
2487 66.481
2488 66.481
2489 66.481
2490 66.481
2491 66.481
2492 66.481
2493 66.481
2494 66.481
2495 66.481
2496 66.481
2497 66.481
2498 66.481
2499 66.481
2500 66.481
2501 66.481
2502 66.481
2503 66.481
2504 66.481
2505 66.481
2506 66.481
2507 66.481
2508 66.481
2509 66.481
2510 66.481
2511 66.481
2512 66.481
2513 66.481
2514 66.481
2515 66.481
2516 66.481
2517 66.481
2518 66.481
2519 66.481
2520 66.481
2521 66.481
2522 66.481
2523 66.481
2524 66.481
2525 66.481
2526 66.481
2527 66.481
2528 66.481
2529 66.481
2530 66.481
2531 66.481
2532 66.481
2533 66.481
2534 66.481
2535 66.481
2536 66.481
2537 66.481
2538 66.481
2539 66.481
2540 66.481
2541 66.481
2542 66.481
2543 66.481
2544 66.481
2545 66.481
2546 66.481
2547 66.481
2548 66.481
2549 66.481
2550 66.481
2551 66.481
2552 66.481
2553 66.481
2554 66.481
2555 66.481
2556 66.481
2557 66.481
2558 66.481
2559 66.481
2560 66.481
2561 66.481
2562 66.481
2563 66.481
2564 66.481
2565 66.481
2566 66.481
2567 66.481
2568 66.481
2569 66.481
2570 66.481
2571 66.481
2572 66.481
2573 66.481
2574 66.481
2575 66.481
2576 66.481
2577 66.481
2578 66.481
2579 66.481
2580 66.481
2581 66.481
2582 66.481
2583 66.481
2584 66.481
2585 66.481
2586 66.481
2587 66.481
2588 66.481
2589 66.481
2590 66.481
2591 66.481
2592 66.481
2593 66.481
2594 66.481
2595 66.481
2596 66.481
2597 66.481
2598 66.481
2599 66.481
2600 66.481
2601 66.481
2602 66.481
2603 66.481
2604 66.481
2605 66.481
2606 66.481
2607 66.481
2608 66.481
2609 66.481
2610 66.481
2611 66.481
2612 66.481
2613 66.481
2614 66.481
2615 66.481
2616 66.481
2617 66.481
2618 66.481
2619 66.481
2620 66.481
2621 66.481
2622 66.481
2623 66.481
2624 66.481
2625 66.481
2626 66.481
2627 66.481
2628 66.481
2629 66.481
2630 66.481
2631 66.481
2632 66.481
2633 66.481
2634 66.481
2635 66.481
2636 66.481
2637 66.481
2638 66.481
2639 66.481
2640 66.481
2641 66.481
2642 66.481
2643 66.481
2644 66.481
2645 66.481
2646 66.481
2647 66.481
2648 66.481
2649 66.481
2650 66.481
2651 66.481
2652 66.481
2653 66.481
2654 66.481
2655 66.481
2656 66.481
2657 66.481
2658 66.481
2659 66.481
2660 66.481
2661 66.481
2662 66.481
2663 66.481
2664 66.481
2665 66.481
2666 66.481
2667 66.481
2668 66.481
2669 66.481
2670 66.481
2671 66.481
2672 66.481
2673 66.481
2674 66.481
2675 66.481
2676 66.481
2677 66.481
2678 66.481
2679 66.481
2680 66.481
2681 66.481
2682 66.481
2683 66.481
2684 66.481
2685 66.481
2686 66.481
2687 66.481
2688 66.481
2689 66.481
2690 66.481
2691 66.481
2692 66.481
2693 66.481
2694 66.481
2695 66.481
2696 66.481
2697 66.481
2698 66.481
2699 66.481
2700 66.481
2701 66.481
2702 66.481
2703 66.481
2704 66.481
2705 66.481
2706 66.481
2707 66.481
2708 66.481
2709 66.481
2710 66.481
2711 66.481
2712 66.481
2713 66.481
2714 66.481
2715 66.481
2716 66.481
2717 66.481
2718 66.481
2719 66.481
2720 66.481
2721 66.481
2722 66.481
2723 66.481
2724 66.481
2725 66.481
2726 66.481
2727 66.481
2728 66.481
2729 66.481
2730 66.481
2731 66.481
2732 66.481
2733 66.481
2734 66.481
2735 66.481
2736 66.481
2737 66.481
2738 66.481
2739 66.481
2740 66.481
2741 66.481
2742 66.481
2743 66.481
2744 66.481
2745 66.481
2746 66.481
2747 66.481
2748 66.481
2749 66.481
2750 66.481
2751 66.481
2752 66.481
2753 66.481
2754 66.481
2755 66.481
2756 66.481
2757 66.481
2758 66.481
2759 66.481
2760 66.481
2761 66.481
2762 66.481
2763 66.481
2764 66.481
2765 66.481
2766 66.481
2767 66.481
2768 66.481
2769 66.481
2770 66.481
2771 66.481
2772 66.481
2773 66.481
2774 66.481
2775 66.481
2776 66.481
2777 66.481
2778 66.481
2779 66.481
2780 66.481
2781 66.481
2782 66.481
2783 66.481
2784 66.481
2785 66.481
2786 66.481
2787 66.481
2788 66.481
2789 66.481
2790 66.481
2791 66.481
2792 66.481
2793 66.481
2794 66.481
2795 66.481
2796 66.481
2797 66.481
2798 66.481
2799 66.481
2800 66.481
2801 66.481
2802 66.481
2803 66.481
2804 66.481
2805 66.481
2806 66.481
2807 66.481
2808 66.481
2809 66.481
2810 66.481
2811 66.481
2812 66.481
2813 66.481
2814 66.481
2815 66.481
2816 66.481
2817 66.481
2818 66.481
2819 66.481
2820 66.481
2821 66.481
2822 66.481
2823 66.481
2824 66.481
2825 66.481
2826 66.481
2827 66.481
2828 66.481
2829 66.481
2830 66.481
2831 66.481
2832 66.481
2833 66.481
2834 66.481
2835 66.481
2836 66.481
2837 66.481
2838 66.481
2839 66.481
2840 66.481
2841 66.481
2842 66.481
2843 66.481
2844 66.481
2845 66.481
2846 66.481
2847 66.481
2848 66.481
2849 66.481
2850 66.481
2851 66.481
2852 66.481
2853 66.481
2854 66.481
2855 66.481
2856 66.481
2857 66.481
2858 66.481
2859 66.481
2860 66.481
2861 66.481
2862 66.481
2863 66.481
2864 66.481
2865 66.481
2866 66.481
2867 66.481
2868 66.481
2869 66.481
2870 66.481
2871 66.481
2872 66.481
2873 66.481
2874 66.481
2875 66.481
2876 66.481
2877 66.481
2878 66.481
2879 66.481
2880 66.481
2881 66.481
2882 66.481
2883 66.481
2884 66.481
2885 66.481
2886 66.481
2887 66.481
2888 66.481
2889 66.481
2890 66.481
2891 66.481
2892 66.481
2893 66.481
2894 66.481
2895 66.481
2896 66.481
2897 66.481
2898 66.481
2899 66.481
2900 66.481
2901 66.481
2902 66.481
2903 66.481
2904 66.481
2905 66.481
2906 66.481
2907 66.481
2908 66.481
2909 66.481
2910 66.481
2911 66.481
2912 66.481
2913 66.481
2914 66.481
2915 66.481
2916 66.481
2917 66.481
2918 66.481
2919 66.481
2920 66.481
2921 66.481
2922 66.481
2923 66.481
2924 66.481
2925 66.481
2926 66.481
2927 66.481
2928 66.481
2929 66.481
2930 66.481
2931 66.481
2932 66.481
2933 66.481
2934 66.481
2935 66.481
2936 66.481
2937 66.481
2938 66.481
2939 66.481
2940 66.481
2941 66.481
2942 66.481
2943 66.481
2944 66.481
2945 66.481
2946 66.481
2947 66.481
2948 66.481
2949 66.481
2950 66.481
2951 66.481
2952 66.481
2953 66.481
2954 66.481
2955 66.481
2956 66.481
2957 66.481
2958 66.481
2959 66.481
2960 66.481
2961 66.481
2962 66.481
2963 66.481
2964 66.481
2965 66.481
2966 66.481
2967 66.481
2968 66.481
2969 66.481
2970 66.481
2971 66.481
2972 66.481
2973 66.481
2974 66.481
2975 66.481
2976 66.481
2977 66.481
2978 66.481
2979 66.481
2980 66.481
2981 66.481
2982 66.481
2983 66.481
2984 66.481
2985 66.481
2986 66.481
2987 66.481
2988 66.481
2989 66.481
2990 66.481
2991 66.481
2992 66.481
2993 66.481
2994 66.481
2995 66.481
2996 66.481
2997 66.481
2998 66.481
2999 66.481
3000 66.481
3001 66.481
3002 66.481
3003 66.481
3004 66.481
3005 66.481
3006 66.481
3007 66.481
3008 66.481
3009 66.481
3010 66.481
3011 66.481
3012 66.481
3013 66.481
3014 66.481
3015 66.481
3016 66.481
3017 66.481
3018 66.481
3019 66.481
3020 66.481
3021 66.481
3022 66.481
3023 66.481
3024 66.481
3025 66.481
3026 66.481
3027 66.481
3028 66.481
3029 66.481
3030 66.481
3031 66.481
3032 66.481
3033 66.481
3034 66.481
3035 66.481
3036 66.481
3037 66.481
3038 66.481
3039 66.481
3040 66.481
3041 66.481
3042 66.481
3043 66.481
3044 66.481
3045 66.481
3046 66.481
3047 66.481
3048 66.481
3049 66.481
3050 66.481
3051 66.481
3052 66.481
3053 66.481
3054 66.481
3055 66.481
3056 66.481
3057 66.481
3058 66.481
3059 66.481
3060 66.481
3061 66.481
3062 66.481
3063 66.481
3064 66.481
3065 66.481
3066 66.481
3067 66.481
3068 66.481
3069 66.481
3070 66.481
3071 66.481
3072 66.481
3073 66.481
3074 66.481
3075 66.481
3076 66.481
3077 66.481
3078 66.481
3079 66.481
3080 66.481
3081 66.481
3082 66.481
3083 66.481
3084 66.481
3085 66.481
3086 66.481
3087 66.481
3088 66.481
3089 66.481
3090 66.481
3091 66.481
3092 66.481
3093 66.481
3094 66.481
3095 66.481
3096 66.481
3097 66.481
3098 66.481
3099 66.481
3100 66.481
3101 66.481
3102 66.481
3103 66.481
3104 66.481
3105 66.481
3106 66.481
3107 66.481
3108 66.481
3109 66.481
3110 66.481
3111 66.481
3112 66.481
3113 66.481
3114 66.481
3115 66.481
3116 66.481
3117 66.481
3118 66.481
3119 66.481
3120 66.481
3121 66.481
3122 66.481
3123 66.481
3124 66.481
3125 66.481
3126 66.481
3127 66.481
3128 66.481
3129 66.481
3130 66.481
3131 66.481
3132 66.481
3133 66.481
3134 66.481
3135 66.481
3136 66.481
3137 66.481
3138 66.481
3139 66.481
3140 66.481
3141 66.481
3142 66.481
3143 66.481
3144 66.481
3145 66.481
3146 66.481
3147 66.481
3148 66.481
3149 66.481
3150 66.481
3151 66.481
3152 66.481
3153 66.481
3154 66.481
3155 66.481
3156 66.481
3157 66.481
3158 66.481
3159 66.481
3160 66.481
3161 66.481
3162 66.481
3163 66.481
3164 66.481
3165 66.481
3166 66.481
3167 66.481
3168 66.481
3169 66.481
3170 66.481
3171 66.481
3172 66.481
3173 66.481
3174 66.481
3175 66.481
3176 66.481
3177 66.481
3178 66.481
3179 66.481
3180 66.481
3181 66.481
3182 66.481
3183 66.481
3184 66.481
3185 66.481
3186 66.481
3187 66.481
3188 66.481
3189 66.481
3190 66.481
3191 66.481
3192 66.481
3193 66.481
3194 66.481
3195 66.481
3196 66.481
3197 66.481
3198 66.481
3199 66.481
3200 66.481
3201 66.481
3202 66.481
3203 66.481
3204 66.481
3205 66.481
3206 66.481
3207 66.481
3208 66.481
3209 66.481
3210 66.481
3211 66.481
3212 66.481
3213 66.481
3214 66.481
3215 66.481
3216 66.481
3217 66.481
3218 66.481
3219 66.481
3220 66.481
3221 66.481
3222 66.481
3223 66.481
3224 66.481
3225 66.481
3226 66.481
3227 66.481
3228 66.481
3229 66.481
3230 66.481
3231 66.481
3232 66.481
3233 66.481
3234 66.481
3235 66.481
3236 66.481
3237 66.481
3238 66.481
3239 66.481
3240 66.481
3241 66.481
3242 66.481
3243 66.481
3244 66.481
3245 66.481
3246 66.481
3247 66.481
3248 66.481
3249 66.481
3250 66.481
3251 66.481
3252 66.481
3253 66.481
3254 66.481
3255 66.481
3256 66.481
3257 66.481
3258 66.481
3259 66.481
3260 66.481
3261 66.481
3262 66.481
3263 66.481
3264 66.481
3265 66.481
3266 66.481
3267 66.481
3268 66.481
3269 66.481
3270 66.481
3271 66.481
3272 66.481
3273 66.481
3274 66.481
3275 66.481
3276 66.481
3277 66.481
3278 66.481
3279 66.481
3280 66.481
3281 66.481
3282 66.481
3283 66.481
3284 66.481
3285 66.481
3286 66.481
3287 66.481
3288 66.481
3289 66.481
3290 66.481
3291 66.481
3292 66.481
3293 66.481
3294 66.481
3295 66.481
3296 66.481
3297 66.481
3298 66.481
3299 66.481
3300 66.481
3301 66.481
3302 66.481
3303 66.481
3304 66.481
3305 66.481
3306 66.481
3307 66.481
3308 66.3187
3309 66.3187
3310 66.3187
3311 66.3187
3312 66.3187
3313 66.3187
3314 66.3187
3315 66.3187
3316 66.3187
3317 66.3187
3318 66.3187
3319 66.3187
3320 66.3187
3321 66.3187
3322 66.3187
3323 66.3187
3324 66.3187
3325 66.3187
3326 66.3187
3327 66.3187
3328 66.3187
3329 66.3187
3330 66.3187
3331 66.3187
3332 66.3187
3333 66.3187
3334 66.3187
3335 66.3187
3336 66.3187
3337 66.3187
3338 66.3187
3339 66.3187
3340 66.3187
3341 66.3187
3342 66.3187
3343 66.3187
3344 66.3187
3345 66.3187
3346 66.3187
3347 66.3187
3348 66.3187
3349 66.3187
3350 66.3187
3351 66.3187
3352 66.3187
3353 66.3187
3354 66.3187
3355 66.3187
3356 66.3187
3357 66.3187
3358 66.3187
3359 66.3187
3360 66.3187
3361 66.3187
3362 66.3187
3363 66.3187
3364 66.3187
3365 66.3187
3366 66.3187
3367 66.3187
3368 66.3187
3369 66.3187
3370 66.3187
3371 66.3187
3372 66.3187
3373 66.3187
3374 66.3187
3375 66.3187
3376 66.3187
3377 66.3187
3378 66.3187
3379 66.3187
3380 66.3187
3381 66.3187
3382 66.3187
3383 66.3187
3384 66.3187
3385 66.3187
3386 66.3187
3387 66.3187
3388 66.3187
3389 66.3187
3390 66.3187
3391 66.3187
3392 66.3187
3393 66.3187
3394 66.3187
3395 66.3187
3396 66.3187
3397 66.3187
3398 66.3187
3399 66.3187
3400 66.3187
3401 66.3187
3402 66.3187
3403 66.3187
3404 66.3187
3405 66.3187
3406 66.3187
3407 66.3187
3408 66.3187
3409 66.3187
3410 66.3187
3411 66.3187
3412 66.3187
3413 66.3187
3414 66.3187
3415 66.3187
3416 66.3187
3417 66.3187
3418 66.3187
3419 66.3187
3420 66.3187
3421 66.3187
3422 66.3187
3423 66.3187
3424 66.3187
3425 66.3187
3426 66.3187
3427 66.3187
3428 66.3187
3429 66.3187
3430 66.3187
3431 66.3187
3432 66.3187
3433 66.3187
3434 66.3187
3435 66.3187
3436 66.3187
3437 66.3187
3438 66.3187
3439 66.3187
3440 66.3187
3441 66.3187
3442 66.3187
3443 66.3187
3444 66.3187
3445 66.3187
3446 66.3187
3447 66.3187
3448 66.3187
3449 66.3187
3450 66.3187
3451 66.3187
3452 66.3187
3453 66.3187
3454 66.3187
3455 66.3187
3456 66.3187
3457 66.3187
3458 66.3187
3459 66.3187
3460 66.3187
3461 66.3187
3462 66.3187
3463 66.3187
3464 66.3187
3465 66.3187
3466 66.3187
3467 66.3187
3468 66.3187
3469 66.3187
3470 66.3187
3471 66.3187
3472 66.3187
3473 66.3187
3474 66.3187
3475 66.3187
3476 66.3187
3477 66.3187
3478 66.3187
3479 66.3187
3480 66.3187
3481 66.3187
3482 66.3187
3483 66.3187
3484 66.3187
3485 66.3187
3486 66.3187
3487 66.3187
3488 66.3187
3489 66.3187
3490 66.3187
3491 66.3187
3492 66.3187
3493 66.3187
3494 66.3187
3495 66.3187
3496 66.3187
3497 66.3187
3498 66.3187
3499 66.3187
3500 66.3187
