0 510.153
1 448.319
2 413.027
3 390.301
4 372.056
5 356.953
6 342.754
7 330.361
8 319.577
9 305.48
10 296.261
11 288.347
12 279.599
13 270.668
14 262.656
15 249.811
16 240.356
17 235.529
18 231.549
19 225.545
20 219.424
21 214.059
22 210.639
23 207.054
24 202.209
25 197.231
26 193.162
27 188.449
28 184.595
29 182.702
30 179.679
31 176.679
32 173.8
33 169.901
34 166.449
35 164.798
36 162.548
37 159.303
38 156.302
39 153.877
40 151.46
41 148.21
42 145.136
43 141.109
44 138.277
45 136.913
46 134.54
47 132.724
48 131.224
49 129.379
50 128.946
51 127.385
52 125.999
53 124.238
54 122.762
55 124.148
56 123.288
57 120.884
58 120.024
59 118.223
60 116.585
61 115.966
62 115.462
63 114.77
64 113.445
65 112.915
66 111.77
67 110.913
68 110.233
69 109.379
70 108.411
71 107.506
72 106.846
73 105.378
74 104.596
75 104.151
76 102.625
77 101.166
78 100.671
79 99.746
80 97.6567
81 96.8653
82 96.443
83 95.283
84 97.9322
85 97.9051
86 95.8321
87 93.6914
88 92.5542
89 91.056
90 89.613
91 89.4949
92 88.4335
93 88.1257
94 87.8246
95 86.8546
96 85.892
97 85.2836
98 84.4665
99 84.1376
100 83.7475
101 83.3239
102 82.8207
103 82.7873
104 82.5148
105 84.0118
106 83.851
107 82.5996
108 85.3457
109 85.4727
110 82.6886
111 81.6209
112 81.007
113 81.0419
114 80.3572
115 79.5892
116 79.4322
117 78.926
118 78.4423
119 77.7727
120 78.053
121 77.8284
122 77.6861
123 77.2095
124 76.8137
125 76.6972
126 76.5653
127 76.7691
128 76.4836
129 76.0021
130 75.7468
131 75.5381
132 75.7379
133 76.0179
134 75.4499
135 75.189
136 74.8491
137 75.2074
138 74.9055
139 74.545
140 74.5833
141 74.035
142 73.5486
143 73.4764
144 73.0365
145 72.461
146 72.1479
147 72.4587
148 71.9268
149 72.0766
150 72.5699
151 72.0585
152 72.2189
153 72.6313
154 72.5801
155 72.2294
156 72.4238
157 72.7085
158 72.4508
159 72.8255
160 72.4245
161 72.3308
162 71.9067
163 71.9768
164 71.872
165 71.668
166 71.9893
167 71.7771
168 71.9294
169 71.8203
170 71.9426
171 71.6833
172 71.9399
173 71.7916
174 71.8527
175 71.6805
176 71.4992
177 71.4174
178 71.9543
179 71.666
180 71.9174
181 72.052
182 71.8042
183 71.9103
184 71.5927
185 71.8763
186 71.7506
187 71.9154
188 71.5036
189 71.5879
190 71.6863
191 71.699
192 71.9253
193 71.7006
194 71.5549
195 71.7269
196 71.8148
197 71.8406
198 71.8715
199 71.9228
200 71.6236
201 71.5137
202 71.6923
203 71.4619
204 71.4583
205 71.6931
206 71.8812
207 71.6066
208 71.7142
209 71.7345
210 71.6444
211 71.9557
212 71.8375
213 71.5091
214 71.6045
215 71.1912
216 71.1408
217 71.0837
218 71.1787
219 71.4038
220 71.1839
221 71.3824
222 71.3437
223 74.22
224 75.4418
225 73.2015
226 71.7969
227 71.4005
228 71.3391
229 71.2265
230 70.9508
231 70.9598
232 71.3214
233 71.0892
234 71.0044
235 71.1376
236 71.552
237 71.391
238 71.1278
239 71.0024
240 71.5015
241 71.6897
242 71.3884
243 71.1659
244 70.8562
245 71.033
246 70.9731
247 70.8116
248 70.9511
249 70.8854
250 70.8412
251 70.9425
252 71.1428
253 71.0498
254 71.3839
255 71.4526
256 71.4175
257 71.1657
258 71.4567
259 71.191
260 71.5697
261 71.2475
262 70.7896
263 71.1034
264 70.8857
265 71.0312
266 70.8543
267 70.6303
268 71.0435
269 70.8556
270 71.1655
271 70.8593
272 70.791
273 70.9637
274 70.7722
275 71.0841
276 71.1703
277 71.2441
278 70.9321
279 71.0225
280 71.0091
281 70.9051
282 71.2702
283 71.3105
284 71.1322
285 70.8697
286 70.7459
287 70.7134
288 70.9243
289 71.0764
290 71.2573
291 71.1424
292 70.8402
293 70.8801
294 70.7354
295 70.9916
296 70.856
297 70.825
298 70.722
299 70.6613
300 70.8288
301 70.6925
302 70.6483
303 71.0018
304 70.7568
305 70.8212
306 70.4678
307 71.1309
308 71.0763
309 70.5128
310 70.8459
311 70.6716
312 70.809
313 70.6911
314 70.8545
315 70.5413
316 70.536
317 70.9653
318 70.8569
319 70.7493
320 70.9367
321 70.4883
322 70.3021
323 70.0913
324 70.4704
325 70.1647
326 70.1711
327 70.286
328 70.4547
329 70.4768
330 70.1681
331 70.5108
332 70.2792
333 70.2141
334 70.2024
335 70.6564
336 70.2777
337 70.5174
338 70.5709
339 70.6593
340 70.6428
341 70.4985
342 70.4408
343 70.7143
344 70.2925
345 70.1873
346 70.2698
347 70.4777
348 70.693
349 70.9539
350 70.224
351 70.1166
352 70.1336
353 70.405
354 70.8747
355 70.6477
356 70.6546
357 70.6046
358 70.6343
359 70.387
360 70.5226
361 70.4993
362 70.3844
363 70.5695
364 70.6942
365 70.4783
366 70.3458
367 70.8237
368 70.6651
369 70.7889
370 70.3838
371 70.3765
372 70.3987
373 70.3036
374 70.5101
375 70.466
376 70.3215
377 70.0862
378 70.4137
379 70.6401
380 70.6031
381 70.4031
382 70.6738
383 70.3334
384 70.2675
385 70.3168
386 70.4692
387 70.5465
388 70.4963
389 70.3444
390 70.3123
391 70.1033
392 70.6272
393 70.5482
394 70.4464
395 70.5408
396 70.3172
397 70.6615
398 70.6902
399 70.6505
400 70.3997
401 70.3406
402 70.2889
403 70.6192
404 70.4964
405 70.5126
406 70.548
407 70.4229
408 70.1587
409 70.588
410 70.7053
411 70.5653
412 70.1134
413 70.1592
414 70.5546
415 70.4375
416 70.5845
417 70.3255
418 70.4375
419 70.4097
420 70.6684
421 70.5495
422 70.5899
423 70.449
424 70.1929
425 70.3131
426 70.3163
427 70.7623
428 70.9033
429 70.4729
430 70.4885
431 70.5978
432 70.5924
433 70.5675
434 70.3152
435 70.3491
436 70.2411
437 70.4725
438 70.8278
439 70.721
440 70.4199
441 70.3987
442 70.2734
443 70.2982
444 70.4592
445 70.4992
446 70.5763
447 70.3338
448 70.7125
449 70.32
450 70.5325
451 70.6495
452 70.7495
453 70.6737
454 70.5541
455 70.7437
456 70.4704
457 70.2768
458 70.3247
459 70.5914
460 70.3858
461 70.4123
462 70.277
463 70.2035
464 70.4041
465 70.3809
466 70.3564
467 70.6612
468 70.5554
469 70.6224
470 70.3502
471 70.3641
472 70.3324
473 70.7742
474 70.5197
475 70.5381
476 70.5715
477 70.4005
478 70.1356
479 70.5353
480 70.5485
481 70.5779
482 70.5092
483 70.1232
484 70.2657
485 70.3968
486 70.2255
487 70.5005
488 70.3793
489 70.5252
490 70.2961
491 70.2472
492 70.5288
493 70.1406
494 70.4264
495 70.3694
496 70.6873
497 70.6951
498 70.7484
499 71.0099
500 70.5342
501 70.5353
502 70.4636
503 70.1663
504 70.3369
505 70.7256
506 70.6486
507 70.5001
508 70.675
509 70.5727
510 70.5592
511 70.5706
512 70.694
513 70.3488
514 70.6035
515 70.4641
516 70.5844
517 70.4794
518 70.2444
519 70.3978
520 70.6431
521 70.672
522 70.1485
523 70.2281
524 70.3047
525 70.3241
526 70.1456
527 70.4636
528 70.5582
529 70.5061
530 70.4168
531 70.4355
532 70.6002
533 70.3938
534 70.5196
535 70.4262
536 70.1481
537 70.6181
538 70.5917
539 70.3451
540 70.3255
541 70.5839
542 70.1805
543 70.2173
544 70.3374
545 70.3086
546 70.4189
547 70.4763
548 70.2335
549 70.6078
550 70.2859
551 70.4738
552 70.2591
553 70.4241
554 70.5233
555 70.463
556 70.4577
557 70.4036
558 70.4842
559 70.4825
560 70.5786
561 70.3111
562 70.3131
563 70.4292
564 70.5568
565 70.45
566 70.2038
567 70.4329
568 70.4326
569 70.2263
570 70.249
571 70.5209
572 70.3877
573 70.2656
574 70.3347
575 70.1816
576 70.2641
577 70.6455
578 70.6828
579 70.4378
580 70.6618
581 70.4182
582 70.2732
583 70.4953
584 70.1428
585 70.1874
586 70.1213
587 70.2823
588 70.4724
589 70.4136
590 70.4846
591 70.2854
592 70.224
593 70.5319
594 70.4575
595 70.5098
596 70.4294
597 70.5021
598 70.5842
599 70.5687
600 73.4487
601 73.6179
602 70.9373
603 69.0129
604 68.4151
605 68.2327
606 68.1018
607 67.8929
608 68.6287
609 68.237
610 68.1208
611 68.502
612 68.5084
613 67.9705
614 68.2669
615 68.4386
616 68.163
617 67.8347
618 68.0371
619 68.3224
620 68.2185
621 68.133
622 68.2426
623 68.0719
624 68.3519
625 67.954
626 67.9143
627 68.0143
628 68.3679
629 68.4147
630 68.2797
631 68.0619
632 68.1004
633 68.031
634 68.2756
635 68.0906
636 68.3773
637 68.5587
638 68.3801
639 68.0848
640 68.0328
641 68.0416
642 68.1572
643 68.1887
644 68.5015
645 68.0155
646 68.0521
647 68.0627
648 68.0211
649 68.1914
650 68.1437
651 68.0751
652 67.9504
653 68.3755
654 67.8856
655 68.0334
656 67.9629
657 67.9409
658 68.014
659 67.8865
660 67.9214
661 68.0955
662 68.08
663 67.9596
664 68.0409
665 68.1138
666 68.2032
667 67.7795
668 67.6665
669 67.9617
670 67.8985
671 67.9487
672 68.089
673 68.0202
674 67.78
675 67.6874
676 68.001
677 68.0437
678 68.0254
679 67.8794
680 68.0504
681 67.9451
682 67.9271
683 68.2377
684 67.9457
685 67.819
686 67.795
687 67.7688
688 67.8729
689 67.9104
690 68.038
691 67.8651
692 67.8071
693 68.0986
694 68.0644
695 67.8396
696 68.0066
697 67.9874
698 67.7003
699 67.8861
700 67.6086
701 67.7799
702 67.6104
703 67.8499
704 68.006
705 68.2406
706 68.06
707 68.183
708 67.7447
709 68.1247
710 68.2025
711 67.6625
712 67.9509
713 67.8502
714 67.8991
715 67.8236
716 67.9465
717 67.8606
718 67.7315
719 67.8319
720 67.836
721 67.771
722 67.8518
723 67.7753
724 67.8896
725 67.6144
726 67.7116
727 67.4303
728 68.1927
729 67.767
730 67.5759
731 67.8592
732 67.8969
733 67.8283
734 67.9052
735 67.7392
736 68.1066
737 68.0179
738 68.0699
739 68.0899
740 67.8461
741 68.0292
742 67.9728
743 67.7268
744 67.6951
745 67.9682
746 67.9314
747 67.8442
748 67.8205
749 67.6054
750 67.8668
751 68.1853
752 67.816
753 67.8721
754 67.9693
755 67.9836
756 68.0981
757 68.2527
758 68.2041
759 68.0655
760 67.8694
761 67.7649
762 67.8486
763 67.7589
764 67.7899
765 67.6888
766 67.9584
767 68.2377
768 68.1794
769 67.8602
770 67.8998
771 67.8617
772 67.759
773 67.9998
774 67.7324
775 67.9923
776 67.7147
777 67.7899
778 68.0816
779 67.7411
780 67.8987
781 67.7179
782 67.7605
783 68.2241
784 67.8522
785 68.198
786 67.9055
787 67.7936
788 68.1276
789 68.2434
790 68.3403
791 68.0111
792 67.8124
793 68.1963
794 67.7567
795 68.09
796 67.8246
797 67.7518
798 68.08
799 67.9907
800 68.4472
801 67.8915
802 67.816
803 67.7374
804 68.0529
805 68.2006
806 68.3065
807 68.0523
808 67.7519
809 68.1075
810 68.129
811 67.6348
812 67.383
813 67.6856
814 67.5972
815 67.8409
816 67.4828
817 67.9887
818 67.7528
819 67.6026
820 67.8758
821 67.6751
822 67.7749
823 67.8221
824 67.8569
825 67.6406
826 67.8049
827 67.9094
828 67.9401
829 68.4845
830 68.0724
831 67.6529
832 67.9806
833 68.0693
834 67.868
835 67.951
836 67.9914
837 67.8665
838 67.8064
839 68.1205
840 68.0012
841 67.9774
842 67.8664
843 67.6972
844 67.9651
845 68.2615
846 67.8913
847 68.1615
848 67.9294
849 67.9764
850 68.1674
851 67.7983
852 67.5432
853 67.729
854 67.8101
855 67.7501
856 68.0385
857 68.0089
858 67.8429
859 67.8691
860 67.8603
861 67.7296
862 68.0099
863 67.8579
864 67.7488
865 67.7046
866 67.6493
867 67.8071
868 67.6292
869 67.5395
870 67.9899
871 68.057
872 67.7302
873 67.9199
874 67.8437
875 67.9562
876 67.885
877 67.9439
878 67.97
879 68.1327
880 67.995
881 67.8967
882 67.8597
883 67.8307
884 67.8947
885 67.8169
886 67.9037
887 68.1326
888 68.1165
889 67.939
890 68.1404
891 68.2153
892 68.2897
893 67.9334
894 67.9213
895 67.8429
896 68.0797
897 68.033
898 67.7996
899 67.9399
900 68.2258
901 68.1104
902 67.8872
903 67.6224
904 67.8277
905 67.9275
906 68.3648
907 68.1828
908 68.2428
909 68.0159
910 67.6692
911 67.7501
912 67.8029
913 67.9049
914 68.1498
915 68.0727
916 68.0738
917 67.8102
918 67.8163
919 67.8288
920 67.9545
921 68.0072
922 67.9775
923 67.8418
924 67.7745
925 68.1648
926 68.0702
927 68.2161
928 67.9567
929 67.6905
930 67.7964
931 67.8835
932 67.9058
933 67.5726
934 67.6626
935 67.6437
936 68.4536
937 68.2081
938 67.6175
939 67.5864
940 68.0638
941 67.9827
942 67.9738
943 67.9737
944 67.6763
945 67.6917
946 67.831
947 67.8224
948 67.961
949 67.863
950 67.845
951 67.9732
952 67.9491
953 68.296
954 68.1619
955 67.9367
956 67.9386
957 67.8249
958 67.7101
959 67.7005
960 67.9141
961 67.7859
962 67.7814
963 67.7844
964 67.7429
965 67.5967
966 67.6392
967 67.556
968 67.764
969 67.8341
970 67.9527
971 67.8604
972 67.8149
973 67.8782
974 67.8012
975 68.0388
976 68.1662
977 67.9021
978 67.7461
979 67.8525
980 67.8506
981 67.6435
982 67.9383
983 67.821
984 67.6748
985 67.8793
986 67.9473
987 67.9331
988 67.8885
989 67.8106
990 67.7782
991 67.8152
992 67.8443
993 67.6744
994 67.5168
995 67.4191
996 67.553
997 67.2174
998 67.5083
999 67.3283
1000 67.2066
1001 67.2349
1002 67.4279
1003 67.145
1004 67.3541
1005 67.2658
1006 67.4947
1007 67.5357
1008 67.3712
1009 67.6098
1010 67.6973
1011 67.4462
1012 67.3646
1013 67.4019
1014 67.5078
1015 67.1376
1016 67.218
1017 67.0472
1018 67.329
1019 67.0376
1020 67.169
1021 67.5068
1022 67.0958
1023 67.1744
1024 67.576
1025 67.5478
1026 67.1954
1027 67.3306
1028 67.255
1029 67.5848
1030 67.3997
1031 67.6132
1032 67.4195
1033 67.4103
1034 67.8623
1035 67.6682
1036 67.3604
1037 67.1571
1038 67.2564
1039 67.2281
1040 67.395
1041 66.9946
1042 67.0098
1043 67.2001
1044 67.1688
1045 67.4396
1046 67.1325
1047 67.1881
1048 67.3279
1049 67.3908
1050 67.1862
1051 67.1722
1052 67.7596
1053 67.3898
1054 67.3466
1055 67.2769
1056 67.4147
1057 67.1323
1058 67.0877
1059 67.3056
1060 67.0994
1061 67.504
1062 67.056
1063 67.387
1064 67.4056
1065 67.3133
1066 67.4202
1067 67.5475
1068 67.6481
1069 67.3542
1070 67.6482
1071 67.3862
1072 67.4649
1073 67.3338
1074 67.1953
1075 67.4175
1076 67.3263
1077 67.3517
1078 67.4661
1079 67.0117
1080 67.4202
1081 67.7152
1082 67.2812
1083 67.2707
1084 66.9603
1085 67.0839
1086 67.3461
1087 67.0434
1088 67.1112
1089 67.0641
1090 67.5219
1091 66.9591
1092 67.3237
1093 67.1968
1094 67.3744
1095 67.4777
1096 67.4763
1097 67.5001
1098 67.2174
1099 67.5882
1100 67.2361
1101 67.7121
1102 67.7181
1103 67.4662
1104 67.5384
1105 67.3199
1106 67.3872
1107 67.2469
1108 67.3255
1109 67.3148
1110 67.5047
1111 67.2235
1112 67.2342
1113 67.318
1114 67.4291
1115 67.2398
1116 67.2167
1117 67.4049
1118 67.0848
1119 67.3043
1120 67.2063
1121 67.3462
1122 67.5051
1123 67.5837
1124 67.3246
1125 67.3161
1126 67.2487
1127 67.2671
1128 67.2514
1129 66.9294
1130 67.5044
1131 67.5256
1132 67.1912
1133 66.9762
1134 67.1163
1135 67.3467
1136 67.0896
1137 67.6134
1138 67.5388
1139 67.3342
1140 67.0258
1141 67.3585
1142 67.8288
1143 67.6046
1144 67.6878
1145 67.355
1146 67.3165
1147 67.3041
1148 67.3474
1149 67.5752
1150 67.5901
1151 67.515
1152 67.1317
1153 67.4798
1154 67.3201
1155 67.2096
1156 67.1446
1157 67.1053
1158 66.9961
1159 67.2623
1160 67.1555
1161 67.1721
1162 67.0666
1163 66.7956
1164 66.9663
1165 67.2158
1166 67.2012
1167 67.1905
1168 67.4575
1169 67.3676
1170 67.1736
1171 67.6727
1172 67.4965
1173 67.3699
1174 66.9262
1175 67.2249
1176 67.2572
1177 67.539
1178 67.3166
1179 67.538
1180 67.2677
1181 67.5903
1182 67.326
1183 67.1913
1184 67.2369
1185 67.3645
1186 67.2749
1187 67.3172
1188 67.3484
1189 67.0274
1190 67.1486
1191 67.2365
1192 66.9227
1193 67.3442
1194 67.6776
1195 67.4853
1196 67.342
1197 67.052
1198 67.4602
1199 67.3601
1200 67.4355
1201 67.4496
1202 67.1887
1203 67.1662
1204 67.2417
1205 67.107
1206 67.2275
1207 67.5243
1208 67.1816
1209 67.3977
1210 67.3163
1211 67.0939
1212 67.297
1213 67.0308
1214 67.3453
1215 67.313
1216 67.1168
1217 67.5743
1218 67.3761
1219 67.1169
1220 67.3877
1221 67.556
1222 67.1827
1223 67.4025
1224 67.262
1225 67.3092
1226 67.2603
1227 67.2081
1228 67.0557
1229 67.3283
1230 67.1726
1231 67.1814
1232 67.3494
1233 67.0953
1234 67.435
1235 67.0821
1236 67.3854
1237 67.5119
1238 67.4456
1239 67.196
1240 67.2236
1241 67.4647
1242 67.0058
1243 66.9693
1244 66.857
1245 67.3688
1246 67.2785
1247 67.2061
1248 67.2414
1249 67.3733
1250 67.5451
1251 67.1784
1252 67.1855
1253 67.6409
1254 67.8036
1255 67.673
1256 67.7993
1257 67.3364
1258 67.0146
1259 67.205
1260 67.3914
1261 67.4197
1262 67.3692
1263 67.4599
1264 67.4048
1265 67.2825
1266 67.2238
1267 67.3332
1268 67.3622
1269 67.598
1270 67.4031
1271 67.0572
1272 67.103
1273 67.0494
1274 67.2375
1275 67.2603
1276 67.1411
1277 67.3482
1278 67.2245
1279 67.0927
1280 67.2091
1281 67.4617
1282 67.2312
1283 67.1489
1284 67.115
1285 67.2316
1286 67.4646
1287 67.1952
1288 67.1782
1289 67.3847
1290 70.9286
1291 71.1568
1292 69.1447
1293 67.6103
1294 66.7079
1295 66.7808
1296 66.4429
1297 66.0103
1298 66.359
1299 66.4677
1300 66.2196
1301 66.083
1302 66.5713
1303 66.4854
1304 66.7653
1305 66.8082
1306 66.5377
1307 66.5518
1308 66.5053
1309 66.4579
1310 66.5158
1311 66.7905
1312 66.468
1313 66.4591
1314 66.4389
1315 66.2241
1316 66.6935
1317 66.5467
1318 66.8587
1319 66.677
1320 66.5643
1321 66.4358
1322 66.6648
1323 66.8574
1324 66.7922
1325 66.5181
1326 66.4824
1327 66.3866
1328 66.5419
1329 66.6209
1330 66.5331
1331 66.5238
1332 66.4494
1333 66.8131
1334 66.8939
1335 66.8196
1336 66.5381
1337 66.5157
1338 66.6016
1339 66.6978
1340 66.5774
1341 66.3652
1342 66.4209
1343 66.4691
1344 66.4031
1345 66.6709
1346 66.3798
1347 66.2483
1348 66.6674
1349 66.8331
1350 66.7302
1351 66.1923
1352 66.1147
1353 66.3606
1354 66.603
1355 66.668
1356 66.7305
1357 66.5327
1358 66.3859
1359 66.1754
1360 66.4183
1361 66.4347
1362 66.3215
1363 66.1928
1364 66.5395
1365 66.2902
1366 66.3852
1367 66.3904
1368 66.376
1369 66.678
1370 66.754
1371 66.9077
1372 66.5417
1373 66.7078
1374 66.5223
1375 66.2686
1376 66.4224
1377 66.3028
1378 66.8038
1379 66.7684
1380 66.9414
1381 66.7431
1382 66.4346
1383 66.4995
1384 66.2965
1385 66.54
1386 66.1758
1387 66.3029
1388 66.4741
1389 66.2596
1390 66.523
1391 66.295
1392 66.3968
1393 66.3361
1394 66.3404
1395 66.4058
1396 66.5023
1397 66.4169
1398 66.5365
1399 66.1209
1400 66.5419
1401 66.327
1402 66.8404
1403 66.53
1404 66.687
1405 66.3026
1406 66.2083
1407 66.5663
1408 66.6102
1409 66.6881
1410 66.2514
1411 66.8822
1412 66.6752
1413 66.6384
1414 66.3347
1415 66.6001
1416 66.3974
1417 66.354
1418 66.5284
1419 66.705
1420 66.8574
1421 66.4479
1422 66.3943
1423 66.4922
1424 66.4805
1425 66.3307
1426 66.3996
1427 66.3726
1428 66.5899
1429 66.5511
1430 66.4083
1431 66.7554
1432 66.5754
1433 66.6815
1434 66.6971
1435 66.4767
1436 66.587
1437 66.4441
1438 66.4627
1439 66.5329
1440 66.4044
1441 66.2812
1442 66.3654
1443 66.5531
1444 66.1985
1445 66.3015
1446 66.3515
1447 66.0996
1448 66.7487
1449 66.5395
1450 66.5273
1451 66.2824
1452 66.9475
1453 66.512
1454 66.3397
1455 66.4061
1456 66.4318
1457 66.6992
1458 66.3353
1459 66.7186
1460 66.6173
1461 66.5732
1462 66.4424
1463 66.4048
1464 66.3397
1465 66.5247
1466 66.5057
1467 66.6024
1468 66.4222
1469 66.3442
1470 66.3543
1471 66.5097
1472 66.6279
1473 66.6294
1474 66.5059
1475 66.4865
1476 66.1114
1477 66.3661
1478 66.3639
1479 66.4628
1480 66.658
1481 66.5094
1482 66.4464
1483 66.5917
1484 66.6054
1485 66.5209
1486 66.7093
1487 66.4269
1488 66.6201
1489 66.4049
1490 66.3606
1491 66.7077
1492 66.5449
1493 66.4203
1494 66.4936
1495 66.3742
1496 66.371
1497 66.4246
1498 66.5036
1499 66.6468
1500 66.9228
1501 66.8195
1502 66.4818
1503 66.3443
1504 66.5056
1505 66.5552
1506 66.2319
1507 66.3205
1508 66.7476
1509 66.5673
1510 66.5411
1511 66.4629
1512 66.3577
1513 66.354
1514 66.4413
1515 66.2549
1516 66.2941
1517 66.3312
1518 66.3737
1519 66.3014
1520 66.5776
1521 66.8554
1522 66.3469
1523 66.8517
1524 66.687
1525 66.2925
1526 66.343
1527 66.4629
1528 66.4017
1529 66.2149
1530 66.3536
1531 66.3053
1532 66.6764
1533 66.1375
1534 66.4054
1535 66.1094
1536 66.0626
1537 66.2307
1538 66.4154
1539 66.5145
1540 66.5972
1541 66.628
1542 66.9776
1543 66.2961
1544 66.7114
1545 66.4637
1546 66.3363
1547 66.4447
1548 66.5661
1549 66.2356
1550 66.5313
1551 66.4178
1552 66.6891
1553 66.6843
1554 66.4451
1555 66.4113
1556 66.3628
1557 66.4184
1558 66.7771
1559 66.6364
1560 66.4541
1561 66.3092
1562 66.1046
1563 66.5596
1564 66.5411
1565 66.5835
1566 66.2963
1567 66.2065
1568 66.3453
1569 66.2609
1570 66.2376
1571 66.1066
1572 66.5726
1573 66.5963
1574 66.2849
1575 66.4517
1576 66.2955
1577 66.2991
1578 66.4999
1579 66.3789
1580 66.5912
1581 66.6359
1582 66.6511
1583 66.2856
1584 66.3458
1585 66.4207
1586 66.3109
1587 66.3305
1588 66.1803
1589 66.3857
1590 66.5342
1591 66.3873
1592 66.4879
1593 66.3666
1594 66.392
1595 66.219
1596 66.177
1597 66.4222
1598 66.5282
1599 66.2266
1600 66.2814
1601 66.7751
1602 66.4083
1603 66.4281
1604 66.5016
1605 66.4777
1606 66.7223
1607 67.0442
1608 66.4408
1609 66.8543
1610 66.4849
1611 66.3177
1612 66.8041
1613 66.4898
1614 66.3495
1615 66.4438
1616 66.2777
1617 66.3611
1618 66.6337
1619 66.7793
1620 66.6833
1621 66.5206
1622 66.1516
1623 66.0796
1624 66.1275
1625 66.0513
1626 66.2641
1627 66.1291
1628 66.1621
1629 66.334
1630 66.5857
1631 66.4688
1632 66.5069
1633 66.5137
1634 66.3715
1635 66.3406
1636 66.372
1637 66.3678
1638 66.4182
1639 66.5082
1640 66.116
1641 66.3331
1642 66.6678
1643 66.5623
1644 66.7706
1645 66.7452
1646 66.5632
1647 66.3633
1648 66.9723
1649 66.704
1650 66.4746
1651 66.241
1652 66.4891
1653 66.6865
1654 66.605
1655 66.4644
1656 66.4986
1657 66.4582
1658 66.5963
1659 66.495
1660 66.2275
1661 66.6792
1662 66.4362
1663 66.66
1664 67.1403
1665 66.6393
1666 66.61
1667 66.2549
1668 66.2014
1669 66.4554
1670 66.4789
1671 66.5112
1672 66.5639
1673 66.3784
1674 66.7523
1675 66.6635
1676 66.2261
1677 66.4319
1678 66.5283
1679 66.4362
1680 66.753
1681 66.3662
1682 66.5007
1683 66.7249
1684 66.4013
1685 66.4278
1686 66.3998
1687 66.2161
1688 66.4398
1689 66.4779
1690 66.3492
1691 66.5587
1692 66.8859
1693 66.7141
1694 66.49
1695 66.1516
1696 66.2206
1697 66.6142
1698 66.7976
1699 66.9332
1700 66.4204
1701 66.6979
1702 66.5348
1703 66.5858
1704 66.0858
1705 66.1633
1706 66.606
1707 66.8609
1708 66.6829
1709 66.3567
1710 66.6047
1711 66.5958
1712 66.3232
1713 66.3178
1714 66.1244
1715 66.257
1716 66.4036
1717 66.3618
1718 66.3314
1719 66.3052
1720 66.9745
1721 66.4436
1722 66.7724
1723 66.5759
1724 66.579
1725 66.3398
1726 66.3393
1727 66.0703
1728 66.4542
1729 66.5573
1730 66.7352
1731 66.7172
1732 66.4664
1733 66.4178
1734 66.5182
1735 66.7393
1736 66.3675
1737 66.6282
1738 66.5621
1739 66.4109
1740 66.4417
1741 66.6563
1742 66.2954
1743 66.329
1744 66.6476
1745 66.4028
1746 66.0435
1747 66.0496
1748 66.6631
1749 66.5981
1750 66.6177
1751 66.5902
1752 66.3989
1753 66.5037
1754 66.3218
1755 66.3898
1756 66.3481
1757 66.7737
1758 66.4015
1759 66.1394
1760 66.3734
1761 66.5093
1762 66.8828
1763 66.6076
1764 66.3228
1765 66.319
1766 66.3856
1767 66.2754
1768 66.4577
1769 66.3909
1770 66.4302
1771 66.3732
1772 66.5466
1773 66.2812
1774 66.4843
1775 66.479
1776 66.5006
1777 66.5226
1778 66.5581
1779 66.6478
1780 66.5491
1781 66.634
1782 66.8788
1783 66.6591
1784 66.4223
1785 66.691
1786 66.4609
1787 66.521
1788 66.5195
1789 66.5252
1790 66.6928
1791 66.3864
1792 66.1524
1793 66.8155
1794 66.5383
1795 66.8777
1796 66.5173
1797 66.3226
1798 66.6147
1799 66.455
1800 66.4612
1801 66.6398
1802 66.4992
1803 66.4471
1804 66.4358
1805 66.2955
1806 66.4213
1807 66.6262
1808 66.6114
1809 66.8685
1810 66.8531
1811 66.7644
1812 66.6055
1813 66.5279
1814 66.6414
1815 66.648
1816 66.7572
1817 67.0464
1818 66.668
1819 66.611
1820 66.5049
1821 66.5916
1822 66.617
1823 66.7825
1824 66.8253
1825 66.4795
1826 66.5522
1827 66.6589
1828 66.508
1829 66.2705
1830 69.8702
1831 70.5151
1832 68.6476
1833 66.819
1834 66.1896
1835 65.9307
1836 65.8628
1837 65.8336
1838 65.9964
1839 65.9404
1840 66.0186
1841 65.9918
1842 66.0635
1843 66.0965
1844 65.7625
1845 65.6238
1846 65.8199
1847 65.7717
1848 66.1846
1849 65.9975
1850 66.159
1851 66.0564
1852 66.0148
1853 65.7116
1854 65.8946
1855 65.8888
1856 65.9067
1857 65.7313
1858 65.8692
1859 65.624
1860 66.0559
1861 66.1097
1862 65.8553
1863 65.8431
1864 65.5936
1865 65.7058
1866 65.7407
1867 66.0503
1868 65.5558
1869 66.1608
1870 65.8143
1871 65.8713
1872 66.111
1873 65.6674
1874 66.0379
1875 65.4666
1876 65.6126
1877 66.3879
1878 65.7144
1879 66.0008
1880 66.3398
1881 65.8274
1882 65.7369
1883 65.7811
1884 65.8368
1885 65.6489
1886 65.8448
1887 66.1375
1888 65.9295
1889 65.8775
1890 65.8134
1891 65.7725
1892 65.8001
1893 65.8342
1894 66.0669
1895 65.7311
1896 65.5726
1897 65.9236
1898 65.9468
1899 65.8612
1900 65.8702
1901 65.7797
1902 66.2775
1903 66.0297
1904 65.755
1905 65.862
1906 65.9041
1907 65.6741
1908 66.0063
1909 66.1477
1910 65.937
1911 65.9232
1912 65.8209
1913 66.0859
1914 66.2713
1915 66.2691
1916 66.0507
1917 66.097
1918 65.8089
1919 65.8975
1920 65.948
1921 66.0657
1922 66.046
1923 66.1797
1924 65.9032
1925 66.2281
1926 66.1939
1927 66.3099
1928 66.2409
1929 66.1473
1930 65.8839
1931 65.9899
1932 66.0312
1933 66.0073
1934 66.4241
1935 66.1423
1936 66.2993
1937 65.8592
1938 66.3564
1939 65.7056
1940 65.8668
1941 65.8942
1942 66.0789
1943 65.9413
1944 66.2008
1945 65.9019
1946 66.3621
1947 65.8056
1948 66.1398
1949 65.6975
1950 65.8228
1951 66.008
1952 66.2725
1953 65.7846
1954 65.6815
1955 65.4729
1956 65.845
1957 65.8849
1958 65.8236
1959 65.9019
1960 66.0178
1961 65.857
1962 66.0075
1963 65.943
1964 66.1532
1965 65.845
1966 65.732
1967 66.0152
1968 65.7857
1969 65.7343
1970 65.9426
1971 66.1931
1972 65.9499
1973 66.2529
1974 65.7603
1975 65.6548
1976 65.7352
1977 65.6933
1978 65.8675
1979 65.9887
1980 66.2355
1981 66.0769
1982 65.6605
1983 65.6323
1984 66.0436
1985 66.1532
1986 66.1066
1987 65.733
1988 65.8632
1989 65.8992
1990 66.1214
1991 66.0572
1992 66.0335
1993 66.0808
1994 65.6758
1995 65.6652
1996 65.8145
1997 65.8006
1998 65.8882
1999 66.2092
2000 66.1425
2001 65.8375
2002 65.7938
2003 65.666
2004 65.9469
2005 65.706
2006 65.576
2007 65.995
2008 66.0097
2009 65.912
2010 65.9834
2011 65.9468
2012 65.9209
2013 66.0896
2014 65.9808
2015 66.3858
2016 65.6436
2017 65.8153
2018 65.9416
2019 66.1898
2020 66.2334
2021 66.1156
2022 65.9301
2023 65.8229
2024 66.0634
2025 65.9962
2026 66.0255
2027 65.8444
2028 66.0157
2029 66.1318
2030 66.0571
2031 65.8519
2032 65.835
2033 65.9215
2034 66.144
2035 66.0144
2036 65.8712
2037 65.9519
2038 65.8824
2039 65.8057
2040 66.0379
2041 65.5761
2042 65.8762
2043 66.0454
2044 65.9106
2045 66.2183
2046 65.7626
2047 65.5454
2048 65.7214
2049 66.0586
2050 65.7968
2051 65.7194
2052 65.8725
2053 65.8033
2054 65.8743
2055 65.7399
2056 65.7153
2057 65.8826
2058 66.2394
2059 66.141
2060 66.4283
2061 65.9611
2062 65.8544
2063 66.1337
2064 65.5598
2065 65.9179
2066 66.1985
2067 66.0267
2068 65.8865
2069 65.9337
2070 65.7679
2071 65.9913
2072 65.8475
2073 65.7454
2074 65.8072
2075 65.8825
2076 65.8165
2077 65.6833
2078 66.0105
2079 66.063
2080 65.6021
2081 65.8475
2082 65.5334
2083 65.3458
2084 66.1205
2085 66.0823
2086 65.6388
2087 65.4825
2088 65.527
2089 65.9973
2090 66.0339
2091 65.7769
2092 65.5533
2093 65.8977
2094 66.0568
2095 66.0339
2096 65.629
2097 65.8313
2098 65.9089
2099 65.6766
2100 66.0092
2101 65.9267
2102 65.975
2103 65.6069
2104 65.7049
2105 65.724
2106 65.8648
2107 65.7587
2108 65.8394
2109 65.8746
2110 65.879
2111 65.8272
2112 65.7865
2113 65.798
2114 65.7751
2115 65.6431
2116 65.7278
2117 65.9611
2118 65.8334
2119 65.8097
2120 66.1451
2121 66.2303
2122 65.904
2123 66.0326
2124 66.1647
2125 66.0703
2126 66.0811
2127 65.8309
2128 65.97
2129 66.1991
2130 65.9625
2131 65.9866
2132 65.7387
2133 65.8921
2134 66.0904
2135 66.1459
2136 65.6895
2137 65.982
2138 66.0438
2139 66.112
2140 66.049
2141 65.9087
2142 65.9592
2143 66.2262
2144 65.9067
2145 65.9071
2146 65.8205
2147 65.751
2148 65.9637
2149 66.1078
2150 65.9765
2151 65.992
2152 66.0494
2153 65.996
2154 66.0687
2155 65.8469
2156 66.0068
2157 66.2353
2158 65.8238
2159 66.0524
2160 65.812
2161 66.0683
2162 65.7207
2163 65.9316
2164 66.1708
2165 66.1007
2166 65.7648
2167 65.8408
2168 65.7128
2169 66.1186
2170 66.095
2171 66.0276
2172 65.7422
2173 65.9692
2174 65.8899
2175 65.8793
2176 66.1288
2177 65.8062
2178 65.8644
2179 65.8586
2180 65.9631
2181 65.9461
2182 65.6259
2183 65.9463
2184 65.68
2185 65.665
2186 66.0895
2187 65.9188
2188 65.8181
2189 66.0729
2190 66.0039
2191 66.1115
2192 65.9211
2193 65.9403
2194 66.3053
2195 66.0026
2196 66.2412
2197 66.0432
2198 65.8868
2199 65.843
2200 66.03
2201 65.7722
2202 65.976
2203 65.9597
2204 65.9284
2205 65.8007
2206 66.0875
2207 65.9031
2208 65.894
2209 66.1642
2210 65.9437
2211 65.6885
2212 65.7346
2213 65.8216
2214 65.8212
2215 65.8959
2216 65.7869
2217 66.0215
2218 65.9458
2219 65.7895
2220 66.1003
2221 65.8414
2222 65.9421
2223 65.8804
2224 65.901
2225 65.9807
2226 65.921
2227 65.7161
2228 65.983
2229 65.9708
2230 66.0713
2231 66.1864
2232 65.6804
2233 66.2567
2234 65.9794
2235 65.7173
2236 65.8475
2237 65.9823
2238 66.0883
2239 65.9031
2240 65.7536
2241 65.6963
2242 66.0024
2243 66.2584
2244 65.8368
2245 65.9215
2246 65.9372
2247 66.0246
2248 66.0535
2249 65.7733
2250 66.0555
2251 65.8493
2252 65.9777
2253 65.7766
2254 65.7842
2255 65.7906
2256 65.9593
2257 66.2277
2258 65.9757
2259 65.9636
2260 65.8708
2261 65.5864
2262 65.5879
2263 65.7095
2264 65.788
2265 65.5982
2266 65.9042
2267 65.8292
2268 66.0804
2269 65.8935
2270 66.0645
2271 65.9239
2272 65.8388
2273 65.8183
2274 65.9479
2275 65.6618
2276 65.8011
2277 65.9851
2278 66.3615
2279 66.2252
2280 66.0097
2281 65.8008
2282 65.5926
2283 65.8409
2284 65.7579
2285 65.637
2286 65.8295
2287 66.2449
2288 66.1057
2289 65.6133
2290 65.5623
2291 65.6099
2292 65.8561
2293 66.0307
2294 65.6792
2295 65.9804
2296 65.7629
2297 66.1857
2298 66.1087
2299 65.9916
2300 65.9133
2301 66.0873
2302 66.0549
2303 66.0353
2304 65.9583
2305 65.9622
2306 66.113
2307 66.2065
2308 66.1662
2309 65.8989
2310 65.9949
2311 65.9926
2312 66.2132
2313 65.9115
2314 65.6079
2315 65.9787
2316 65.9399
2317 65.6825
2318 65.7748
2319 66.2409
2320 65.6277
2321 65.9435
2322 66.096
2323 66.0445
2324 66.1184
2325 66.1193
2326 65.8363
2327 66.2442
2328 65.8343
2329 65.7273
2330 65.5978
2331 65.6152
2332 65.5771
2333 66.0971
2334 66.0744
2335 66.051
2336 66.2726
2337 65.8673
2338 65.901
2339 65.8845
2340 65.6593
2341 65.8816
2342 66.0748
2343 65.5243
2344 65.9653
2345 65.8495
2346 65.937
2347 65.8823
2348 65.7574
2349 65.735
2350 65.8349
2351 66.1095
2352 66.02
2353 65.9083
2354 65.8836
2355 66.1578
2356 66.0206
2357 66.3822
2358 65.9656
2359 65.6835
2360 66.0056
2361 65.9731
2362 65.7928
2363 65.7853
2364 65.8931
2365 65.8101
2366 66.0325
2367 66.1544
2368 66.0874
2369 65.7758
2370 66.2173
2371 65.702
2372 65.8669
2373 65.7673
2374 65.8223
2375 66.048
2376 66.0138
2377 66.1013
2378 66.1322
2379 66.0196
2380 65.7915
2381 65.9851
2382 65.994
2383 66.0292
2384 65.9388
2385 66.0643
2386 66.0026
2387 65.9692
2388 66.2015
2389 65.8608
2390 65.8436
2391 66.1696
2392 65.8663
2393 65.9026
2394 66.2167
2395 65.8458
2396 66.0113
2397 65.9361
2398 65.6357
2399 65.9477
2400 65.5568
2401 66.0587
2402 66.109
2403 65.6598
2404 65.917
2405 66.07
2406 65.806
2407 65.8944
2408 65.8535
2409 65.9742
2410 65.7277
2411 66.1875
2412 66.0132
2413 66.1707
2414 66.3981
2415 65.9342
2416 66.1775
2417 66.2066
2418 65.8476
2419 65.7698
2420 65.7816
2421 65.9563
2422 65.7445
2423 65.7845
2424 66.0338
2425 65.7809
2426 65.8993
2427 65.8505
2428 66.1199
2429 65.8694
2430 66.2976
2431 65.824
2432 65.7183
2433 65.8137
2434 65.7764
2435 66.2397
2436 65.9773
2437 65.8327
2438 65.9151
2439 65.8114
2440 65.9389
2441 65.8889
2442 66.1018
2443 65.8082
2444 65.6032
2445 66.1251
2446 65.7879
2447 65.8121
2448 65.7932
2449 65.9337
2450 65.9933
2451 65.9913
2452 65.913
2453 66.08
2454 65.8244
2455 66.425
2456 65.9686
2457 65.9738
2458 66.1552
2459 65.6709
2460 65.9716
2461 65.9178
2462 65.9046
2463 66.0965
2464 66.2277
2465 66.2095
2466 65.9787
2467 66.3664
2468 66.0243
2469 65.8272
2470 66.0339
2471 66.1594
2472 66.152
2473 66.5158
2474 65.8977
2475 65.8432
2476 66.1796
2477 66.3968
2478 66.0382
2479 65.8813
2480 65.9968
2481 66.0078
2482 65.8719
2483 66.1554
2484 66.1047
2485 66.0826
2486 66.3441
2487 65.9588
2488 65.7712
2489 65.7158
2490 66.1113
2491 65.7313
2492 65.7872
2493 65.7487
2494 65.7354
2495 66.2586
2496 65.9975
2497 65.9768
2498 65.9277
2499 65.8126
2500 66.1917
2501 66.0297
2502 66.3773
2503 65.7007
2504 66.0081
2505 65.8536
2506 66.3374
2507 66.2753
2508 65.6811
2509 66.37
2510 65.7862
2511 65.5497
2512 65.7729
2513 65.8391
2514 66.0119
2515 66.1051
2516 66.1359
2517 66.4499
2518 65.9524
2519 65.7945
2520 66.0571
2521 65.9634
2522 65.8217
2523 65.9838
2524 65.8238
2525 65.6096
2526 65.7024
2527 65.9223
2528 65.9793
2529 65.9159
2530 65.8417
2531 65.8978
2532 65.8429
2533 65.8503
2534 65.6758
2535 65.8906
2536 66.2433
2537 66.0054
2538 65.9943
2539 66.2383
2540 66.373
2541 65.7062
2542 65.5159
2543 65.6414
2544 66.161
2545 65.8844
2546 65.8253
2547 66.1573
2548 66.1082
2549 66.4578
2550 66.3762
2551 65.9353
2552 65.9538
2553 66.0331
2554 65.8907
2555 65.9719
2556 65.7756
2557 66.0024
2558 65.5507
2559 65.7511
2560 65.7733
2561 65.885
2562 65.6581
2563 65.7892
2564 65.6603
2565 65.8239
2566 66.0226
2567 66.0305
2568 66.1752
2569 65.6107
2570 65.4949
2571 65.7143
2572 65.854
2573 66.0474
2574 65.8959
2575 65.8337
2576 65.7067
2577 66.1037
2578 65.8386
2579 65.8343
2580 65.65
2581 65.8797
2582 65.6532
2583 65.8883
2584 65.6972
2585 65.7985
2586 65.817
2587 66.0616
2588 66.1462
2589 66.0913
2590 65.8869
2591 66.067
2592 66.0936
2593 65.757
2594 65.7745
2595 65.9087
2596 66.0676
2597 66.2599
2598 65.832
2599 65.8787
2600 66.1267
2601 65.9088
2602 65.653
2603 65.929
2604 65.6868
2605 65.9157
2606 65.8383
2607 65.9879
2608 66.0979
2609 66.0232
2610 65.7981
2611 65.5887
2612 65.8845
2613 66.3956
2614 66.1705
2615 66.1331
2616 66.0837
2617 66.0221
2618 66.0291
2619 65.8741
2620 65.9275
2621 65.7374
2622 65.7257
2623 65.833
2624 65.641
2625 65.9183
2626 65.8664
2627 65.6914
2628 65.8517
2629 65.9674
2630 66.0536
2631 66.0206
2632 66.0591
2633 66.4405
2634 65.9929
2635 66.157
2636 65.893
2637 66.0545
2638 66.2248
2639 65.7839
2640 66.4465
2641 65.7584
2642 65.9022
2643 65.7045
2644 66.0924
2645 65.9975
2646 66.0757
2647 65.8557
2648 66.3567
2649 65.7713
2650 65.8185
2651 66.2311
2652 65.97
2653 65.7351
2654 65.8835
2655 66.0207
2656 66.098
2657 66.2015
2658 65.8902
2659 66.057
2660 66.1165
2661 65.7067
2662 65.8691
2663 65.8938
2664 65.7905
2665 65.7461
2666 65.7288
2667 65.9538
2668 66.1823
2669 65.9623
2670 65.8256
2671 66.0075
2672 66.3525
2673 66.1636
2674 66.0998
2675 65.7614
2676 65.6471
2677 65.7726
2678 65.6567
2679 66.2497
2680 66.0521
2681 66.0219
2682 65.8104
2683 65.7475
2684 65.7609
2685 65.9723
2686 65.9517
2687 66.1258
2688 65.7966
2689 66.1164
2690 65.7369
2691 65.7059
2692 65.7984
2693 66.0241
2694 66.1957
2695 66.0633
2696 65.8709
2697 66.2369
2698 66.0589
2699 65.8924
2700 65.9966
2701 66.1423
2702 66.0884
2703 65.567
2704 65.8599
2705 65.7957
2706 66.0194
2707 65.7684
2708 65.9523
2709 65.899
2710 66.0641
2711 65.8367
2712 65.8843
2713 65.7529
2714 65.9207
2715 65.9175
2716 65.806
2717 66.0126
2718 65.8162
2719 65.7198
2720 65.8817
2721 65.846
2722 65.8196
2723 66.2925
2724 65.8976
2725 66.0779
2726 66.2835
2727 65.7458
2728 65.916
2729 66.087
2730 65.7855
2731 65.7929
2732 66.0354
2733 66.0247
2734 66.0338
2735 65.9983
2736 65.7325
2737 66.1432
2738 66.6559
2739 66.1744
2740 65.762
2741 66.2581
2742 66.0455
2743 66.0076
2744 66.1366
2745 65.9363
2746 65.8732
2747 65.9638
2748 66.0357
2749 65.9345
2750 65.9617
2751 66.0759
2752 65.7138
2753 65.8879
2754 66.1187
2755 65.9438
2756 66.2439
2757 66.2585
2758 66.1164
2759 65.6171
2760 65.6404
2761 66.0268
2762 66.0587
2763 65.8039
2764 65.807
2765 65.9365
2766 65.9199
2767 65.9007
2768 66.2153
2769 66.3353
2770 65.9178
2771 66.2123
2772 66.1027
2773 65.8389
2774 65.8728
2775 65.7153
2776 66.0774
2777 66.1174
2778 66.0389
2779 65.752
2780 66.3531
2781 66.1078
2782 65.7891
2783 65.9556
2784 66.5624
2785 66.1651
2786 66.2131
2787 66.0746
2788 65.8364
2789 65.8902
2790 66.018
2791 65.9163
2792 66.3971
2793 66.0188
2794 65.7871
2795 65.5213
2796 65.5893
2797 66.1345
2798 65.7787
2799 66.0222
2800 66.1867
2801 66.1567
2802 66.131
2803 66.2303
2804 66.1954
2805 65.9374
2806 65.7513
2807 65.8936
2808 65.7535
2809 65.8655
2810 66.1871
2811 65.6959
2812 66.0311
2813 66.0379
2814 65.9682
2815 65.7905
2816 65.894
2817 65.9121
2818 66.2818
2819 66.0113
2820 66.1885
2821 65.6225
2822 66.1358
2823 66.1062
2824 65.748
2825 65.6472
2826 65.8791
2827 66.0782
2828 66.1554
2829 65.9246
2830 65.9632
2831 65.8837
2832 65.81
2833 65.9201
2834 65.8624
2835 65.9546
2836 66.2339
2837 66.1372
2838 65.8007
2839 65.8609
2840 65.9846
2841 66.1298
2842 66.1632
2843 65.7604
2844 65.932
2845 65.6697
2846 65.5216
2847 65.7066
2848 65.8647
2849 66.1207
2850 66.2187
2851 66.071
2852 65.9015
2853 66.0245
2854 65.8429
2855 66.1042
2856 65.8191
2857 65.7809
2858 66.2081
2859 66.1564
2860 66.1169
2861 66.1661
2862 66.0014
2863 65.965
2864 66.0738
2865 65.9603
2866 65.7919
2867 65.8538
2868 65.7438
2869 65.677
2870 65.8737
2871 65.6059
2872 65.6734
2873 65.8456
2874 65.8275
2875 65.8361
2876 65.6863
2877 66.1872
2878 65.9925
2879 66.0113
2880 66.0678
2881 66.0813
2882 65.9689
2883 65.8078
2884 65.9357
2885 65.7507
2886 65.712
2887 65.888
2888 66.0513
2889 65.9849
2890 65.9914
2891 65.6938
2892 66.1526
2893 65.9353
2894 65.7769
2895 66.0638
2896 65.9739
2897 65.8816
2898 65.813
2899 65.8829
2900 65.6721
2901 66.1326
2902 65.9978
2903 65.8831
2904 65.9252
2905 65.6116
2906 65.7832
2907 65.7417
2908 65.6345
2909 65.8819
2910 65.8693
2911 65.7135
2912 65.8755
2913 66.0038
2914 65.7531
2915 65.7717
2916 65.6146
2917 65.7526
2918 66.1183
2919 65.8972
2920 66.1116
2921 65.9157
2922 65.7086
2923 66.079
2924 65.7825
2925 65.6141
2926 65.9464
2927 66.0076
2928 65.9421
2929 65.6015
2930 65.6478
2931 65.7801
2932 65.8841
2933 66.0435
2934 65.6771
2935 66.2561
2936 65.8847
2937 65.916
2938 66.1787
2939 66.2617
2940 65.9031
2941 66.1652
2942 66.0643
2943 65.9984
2944 65.9537
2945 66.1368
2946 66.1218
2947 66.0881
2948 66.1885
2949 66.0482
2950 65.9174
2951 66.0294
2952 65.8825
2953 65.9748
2954 65.8302
2955 65.695
2956 65.8549
2957 66.0698
2958 66.0173
2959 66.0211
2960 66.18
2961 66.1031
2962 65.9755
2963 66.04
2964 65.9406
2965 65.8904
2966 65.6015
2967 65.6448
2968 65.8431
2969 65.8175
2970 65.8828
2971 65.7009
2972 65.6798
2973 66.034
2974 66.0533
2975 66.0998
2976 66.0595
2977 65.8059
2978 65.677
2979 66.0216
2980 65.8002
2981 65.8677
2982 66.0021
2983 65.6421
2984 65.5674
2985 65.5114
2986 65.7614
2987 65.8927
2988 65.7374
2989 65.8741
2990 66.0947
2991 65.6777
2992 66.2082
2993 65.9922
2994 66.0617
2995 65.9917
2996 66.247
2997 65.9392
2998 65.829
2999 66.0363
3000 65.8975
3001 65.9628
3002 65.6432
3003 66.0832
3004 65.8267
3005 65.6787
3006 65.5737
3007 66.0856
3008 66.0266
3009 65.8865
3010 65.946
3011 65.8216
3012 66.0453
3013 65.9364
3014 66.014
3015 65.6569
3016 65.8804
3017 65.9977
3018 65.978
3019 65.9136
3020 66.0851
3021 66.1381
3022 65.9605
3023 66.0083
3024 66.026
3025 65.954
3026 65.7702
3027 65.8625
3028 66.0786
3029 65.8526
3030 65.7428
3031 65.7025
3032 65.7253
3033 66.0159
3034 66.1845
3035 65.786
3036 65.9512
3037 65.9069
3038 66.0271
3039 65.7476
3040 65.5577
3041 66.0415
3042 65.9469
3043 66.0394
3044 66.2286
3045 66.0311
3046 66.1477
3047 65.9351
3048 66.1399
3049 66.3197
3050 66.0005
3051 65.7071
3052 66.0409
3053 66.127
3054 66.0621
3055 66.1001
3056 65.9469
3057 66.0047
3058 65.9711
3059 66.0184
3060 65.9096
3061 65.6697
3062 65.9317
3063 66.0053
3064 65.9347
3065 65.9534
3066 66.0246
3067 66.3817
3068 65.8347
3069 65.8538
3070 66.1605
3071 66.1796
3072 66.2572
3073 65.7767
3074 66.1395
3075 65.8967
3076 66.0344
3077 66.024
3078 65.8662
3079 65.8536
3080 65.857
3081 65.8401
3082 65.9673
3083 65.7021
3084 65.8074
3085 65.9085
3086 65.7927
3087 65.9563
3088 65.7396
3089 65.8404
3090 65.67
3091 65.9648
3092 65.8502
3093 66.1451
3094 65.6491
3095 65.737
3096 65.7583
3097 65.8229
3098 65.8986
3099 65.749
3100 65.8195
3101 66.0635
3102 65.9266
3103 65.9486
3104 65.9983
3105 65.8389
3106 65.691
3107 65.5463
3108 65.5391
3109 65.5388
3110 65.6154
3111 65.7371
3112 65.7653
3113 65.9668
3114 65.9298
3115 66.0781
3116 66.1096
3117 65.7666
3118 65.8293
3119 66.1148
3120 65.8059
3121 65.9135
3122 66.0106
3123 65.7365
3124 65.6971
3125 65.7521
3126 65.6751
3127 65.7961
3128 65.7339
3129 66.0039
3130 65.9882
3131 66.1222
3132 65.6058
3133 65.8211
3134 65.6983
3135 65.9103
3136 65.8906
3137 65.8376
3138 65.8982
3139 66.0772
3140 66.1431
3141 65.7589
3142 65.9653
3143 65.6945
3144 65.8644
3145 66.0635
3146 65.9652
3147 65.8262
3148 65.7279
3149 65.909
3150 65.8398
3151 65.7394
3152 65.7385
3153 65.7714
3154 66.0267
3155 66.0923
3156 66.073
3157 65.9777
3158 66.1155
3159 66.2315
3160 66.1074
3161 65.8806
3162 65.9809
3163 66.3892
3164 65.9702
3165 65.9033
3166 65.8133
3167 66.2125
3168 65.8899
3169 66.0404
3170 65.8927
3171 66.27
3172 65.9672
3173 65.7357
3174 65.769
3175 65.9395
3176 66.0191
3177 65.8012
3178 66.0138
3179 65.9455
3180 65.805
3181 65.7979
3182 65.8643
3183 65.9982
3184 66.2923
3185 66.0312
3186 66.0099
3187 65.8458
3188 65.9819
3189 66.0725
3190 66.1307
3191 65.778
3192 65.7174
3193 65.7136
3194 65.7904
3195 66.0303
3196 66.5114
3197 66.2259
3198 66.0699
3199 66.3123
3200 65.757
3201 66.0034
3202 65.7291
3203 65.9342
3204 65.8743
3205 65.9451
3206 65.9028
3207 65.8231
3208 66.2399
3209 66.0507
3210 65.8696
3211 65.8007
3212 65.856
3213 65.8335
3214 65.9038
3215 66.0223
3216 66.0607
3217 66.0153
3218 65.9505
3219 65.939
3220 65.7594
3221 65.8668
3222 65.961
3223 65.7867
3224 65.7401
3225 65.7884
3226 65.8058
3227 65.8404
3228 65.6271
3229 65.9309
3230 65.8737
3231 65.8267
3232 66.0677
3233 65.7063
3234 65.7299
3235 66.1893
3236 66.1675
3237 65.8355
3238 66.1271
3239 65.8714
3240 65.9943
3241 65.6403
3242 65.6026
3243 65.7907
3244 65.6247
3245 65.6398
3246 65.773
3247 65.5655
3248 65.742
3249 66.301
3250 65.8996
3251 65.9578
3252 65.9639
3253 65.9005
3254 65.6982
3255 65.5748
3256 65.4262
3257 65.9224
3258 66.0232
3259 66.2289
3260 66.2332
3261 66.1101
3262 66.067
3263 65.7321
3264 65.558
3265 65.8659
3266 65.8411
3267 65.6854
3268 65.8989
3269 65.9996
3270 65.7909
3271 66.0057
3272 66.0044
3273 66.4394
3274 66.0052
3275 65.9303
3276 65.7089
3277 65.9565
3278 65.9419
3279 66.0369
3280 65.7642
3281 66.0787
3282 65.972
3283 65.9813
3284 65.9178
3285 66.0576
3286 65.459
3287 65.7836
3288 65.9906
3289 65.841
3290 65.8769
3291 65.7201
3292 65.8206
3293 66.14
3294 66.0722
3295 65.7241
3296 66.2442
3297 65.877
3298 65.8211
3299 65.5033
3300 66.2857
3301 65.7532
3302 65.9511
3303 66.1482
3304 66.3059
3305 65.9362
3306 65.9575
3307 66.3078
3308 66.1751
3309 66.0518
3310 65.5757
3311 65.4923
3312 65.7406
3313 66.1144
3314 65.9444
3315 66.0272
3316 65.8513
3317 65.9274
3318 65.8863
3319 65.8853
3320 66.1374
3321 66.2722
3322 66.093
3323 65.8148
3324 65.9292
3325 65.9949
3326 65.9433
3327 65.8415
3328 65.9514
3329 65.8986
3330 65.932
3331 65.7365
3332 65.9252
3333 66.0336
3334 65.8345
3335 65.5627
3336 65.7291
3337 65.9695
3338 65.8279
3339 65.8197
3340 66.2358
3341 66.2653
3342 65.9077
3343 66.4423
3344 66.1873
3345 66.3938
3346 66.1276
3347 66.1158
3348 65.9944
3349 65.902
3350 66.1606
3351 66.2077
3352 65.9965
3353 65.6727
3354 65.5572
3355 65.8361
3356 65.7565
3357 66.0778
3358 65.8691
3359 65.6462
3360 65.8832
3361 66.2906
3362 66.0487
3363 65.9034
3364 66.1045
3365 65.8009
3366 66.1056
3367 66.0682
3368 66.1307
3369 65.8984
3370 66.0884
3371 66.0011
3372 65.9781
3373 66.0172
3374 65.6352
3375 66.0087
3376 65.8429
3377 66.0715
3378 66.193
3379 66.0799
3380 65.8919
3381 65.9014
3382 65.7375
3383 66.1626
3384 66.0497
3385 65.8833
3386 65.8422
3387 65.6597
3388 65.9573
3389 66.0577
3390 65.7832
3391 65.943
3392 65.8356
3393 65.8226
3394 65.9124
3395 65.7831
3396 65.7858
3397 65.7518
3398 66.087
3399 65.8242
3400 66.1288
3401 65.8242
3402 65.8171
3403 65.9536
3404 65.8262
3405 65.6785
3406 65.9477
3407 65.9485
3408 65.5144
3409 65.4555
3410 65.8328
3411 66.1343
3412 65.8958
3413 66.079
3414 66.2819
3415 66.1109
3416 66.0592
3417 66.2134
3418 65.9477
3419 65.9184
3420 65.7802
3421 66.1641
3422 65.9947
3423 65.8164
3424 65.8469
3425 65.7522
3426 65.8142
3427 66.057
3428 65.8774
3429 65.9295
3430 65.9988
3431 65.6199
3432 66.0339
3433 65.9547
3434 65.9582
3435 65.9952
3436 65.8729
3437 65.4623
3438 65.9918
3439 65.8173
3440 65.8208
3441 65.859
3442 66.1179
3443 66.0153
3444 66.0887
3445 66.0221
3446 66.292
3447 65.94
3448 65.9153
3449 65.9387
3450 65.9055
3451 65.742
3452 65.7182
3453 65.5537
3454 65.6761
3455 65.7666
3456 66.3213
3457 65.9352
3458 66.0962
3459 65.7931
3460 66.2343
3461 66.157
3462 66.0128
3463 66.1182
3464 66.1568
3465 65.8997
3466 66.2986
3467 65.7128
3468 65.8258
3469 65.9866
3470 65.7827
3471 65.964
3472 65.9975
3473 65.8649
3474 65.9504
3475 66.1298
3476 65.8105
3477 66.0326
3478 66.0445
3479 66.0532
3480 65.6404
3481 65.9059
3482 65.8189
3483 65.9715
3484 65.9716
3485 65.6145
3486 65.7112
3487 65.9672
3488 65.937
3489 65.7438
3490 65.7285
3491 65.7292
3492 66.1164
3493 65.9989
3494 65.9306
3495 65.7135
3496 66.1016
3497 65.9404
3498 66.1711
3499 65.9008
3500 65.8988
