1 398.305
2 377.454
3 362.542
4 344.849
5 330.123
6 321.714
7 307.792
8 296.422
9 289.159
10 279.645
11 271.61
12 263.943
13 257.198
14 239.178
15 235.073
16 231.835
17 225.014
18 219.078
19 213.213
20 209.5
21 206.995
22 200.373
23 197.766
24 192.636
25 188.709
26 183.741
27 180.483
28 176.364
29 173.243
30 169.233
31 166.631
32 162.764
33 160.782
34 158.485
35 157.108
36 155.179
37 151.824
38 150.11
39 146.652
40 143.188
41 139.064
42 136.85
43 135.642
44 133.473
45 131.332
46 129.213
47 128.471
48 126.55
49 125.283
50 124.086
51 123.055
52 121.558
53 120.152
54 119.262
55 118.261
56 117.066
57 116.043
58 114.998
59 114.43
60 113.955
61 113.709
62 112.167
63 111.024
64 109.272
65 109.221
66 108.751
67 107.807
68 107.002
69 105.645
70 105.25
71 104.062
72 103.226
73 102.398
74 100.237
75 99.4531
76 98.8198
77 97.9067
78 96.6876
79 94.8391
80 94.4546
81 94.0472
82 93.4691
83 92.3451
84 92.3451
85 92.296
86 91.868
87 89.9326
88 88.3069
89 88.0989
90 87.5365
91 86.5474
92 86.0876
93 85.8841
94 84.6323
95 84.07
96 83.5711
97 83.0344
98 82.4941
99 82.1329
100 81.8985
101 81.8609
102 81.4546
103 81.3654
104 81.1978
105 81.1201
106 81.0956
107 80.875
108 80.2405
109 79.8117
110 79.7592
111 79.7592
112 79.7592
113 78.5716
114 78.2918
115 77.4173
116 77.298
117 77.298
118 76.8321
119 76.6226
120 76.6226
121 75.901
122 75.7946
123 75.7946
124 75.6763
125 75.6353
126 75.2186
127 75.0593
128 74.545
129 74.545
130 74.3847
131 73.9505
132 73.9505
133 73.9505
134 73.9505
135 73.9505
136 73.4198
137 73.4198
138 73.4198
139 73.4112
140 72.1459
141 72.1459
142 71.1777
143 71.1777
144 71.1777
145 71.1777
146 71.1777
147 71.1777
148 71.1461
149 71.1461
150 71.1461
151 71.1461
152 71.1461
153 71.1461
154 71.1461
155 71.1461
156 71.1461
157 71.1461
158 71.1461
159 71.1461
160 71.1461
161 70.5788
162 70.5788
163 70.5788
164 70.5788
165 70.5788
166 70.5788
167 70.5788
168 70.5788
169 70.5788
170 70.5788
171 70.5788
172 70.5788
173 70.5788
174 70.5788
175 70.5788
176 70.5788
177 70.5788
178 70.5788
179 70.5788
180 70.5788
181 70.5788
182 70.5788
183 70.5788
184 70.5788
185 70.5788
186 70.5788
187 70.5788
188 70.5788
189 70.5788
190 70.5788
191 70.5788
192 70.5788
193 70.5788
194 70.5788
195 70.5788
196 70.5788
197 70.5788
198 70.5788
199 70.5788
200 70.5788
201 70.5788
202 70.5788
203 70.5788
204 70.5788
205 70.5788
206 70.5788
207 70.5788
208 70.441
209 70.441
210 70.441
211 70.441
212 70.441
213 70.441
214 70.0457
215 70.0457
216 70.0457
217 70.0457
218 70.0457
219 70.0457
220 70.0457
221 70.0457
222 70.0457
223 70.0457
224 70.0457
225 70.0457
226 70.0457
227 70.0457
228 70.0457
229 70.0457
230 70.0457
231 70.0457
232 70.0457
233 70.0457
234 70.0457
235 70.0457
236 70.0457
237 70.0457
238 70.0457
239 70.0457
240 70.0457
241 70.0457
242 69.8269
243 69.8269
244 69.8269
245 69.8269
246 69.8269
247 69.8269
248 69.8269
249 69.8269
250 69.8269
251 69.8269
252 69.8269
253 69.8269
254 69.8269
255 69.8269
256 69.8269
257 69.8269
258 69.8269
259 69.8269
260 69.8269
261 69.8269
262 69.8269
263 69.8269
264 69.8269
265 69.8269
266 69.8269
267 69.8269
268 69.8269
269 69.8269
270 69.8269
271 69.8269
272 69.8269
273 69.8269
274 69.8269
275 69.8269
276 69.8269
277 69.8269
278 69.8269
279 69.8269
280 69.8269
281 69.8269
282 69.8269
283 69.8269
284 69.8269
285 69.8269
286 69.8269
287 69.8269
288 69.8269
289 69.8269
290 69.662
291 69.662
292 69.662
293 69.662
294 69.662
295 69.662
296 69.662
297 69.662
298 69.662
299 69.662
300 69.662
301 69.662
302 69.662
303 69.662
304 69.662
305 69.662
306 69.662
307 69.662
308 69.662
309 69.662
310 69.662
311 69.662
312 69.662
313 69.662
314 69.662
315 69.662
316 69.662
317 69.662
318 69.662
319 69.662
320 69.3393
321 69.3393
322 69.3393
323 69.3393
324 69.3393
325 69.3393
326 69.3393
327 69.3393
328 69.3393
329 69.3393
330 69.3393
331 69.3393
332 69.3393
333 69.3393
334 69.3393
335 69.3393
336 69.3393
337 69.3393
338 69.3393
339 69.3393
340 69.3393
341 69.3393
342 69.3393
343 69.3393
344 69.3393
345 69.3393
346 69.3393
347 69.3393
348 69.3393
349 69.3393
350 69.3393
351 69.3393
352 69.3393
353 69.3393
354 69.3393
355 69.3393
356 69.3393
357 69.3393
358 69.3393
359 69.3393
360 69.3393
361 69.3393
362 69.3393
363 69.3393
364 69.3393
365 69.3393
366 69.3393
367 69.3393
368 69.3393
369 69.3393
370 69.3393
371 69.3393
372 69.3393
373 69.3393
374 69.3393
375 69.3393
376 69.3393
377 69.3393
378 69.3393
379 69.3393
380 69.3393
381 69.3393
382 69.3393
383 69.3393
384 69.3393
385 69.3393
386 69.3393
387 69.3393
388 69.3393
389 69.3393
390 69.3393
391 69.3393
392 69.3393
393 69.3393
394 69.3393
395 69.3393
396 69.3393
397 69.3393
398 69.3393
399 69.3393
400 69.3393
401 69.3393
402 69.3393
403 69.3393
404 69.3393
405 69.3393
406 69.3393
407 69.3393
408 69.3393
409 69.3393
410 69.3393
411 69.3393
412 69.3393
413 69.3393
414 69.3393
415 69.3393
416 69.3393
417 69.3393
418 69.3393
419 69.3393
420 69.3393
421 69.3393
422 69.3393
423 69.3393
424 69.3393
425 69.3393
426 69.3393
427 69.3393
428 69.3393
429 69.3393
430 69.3393
431 69.3393
432 69.3393
433 69.3393
434 69.3393
435 69.3393
436 69.3393
437 69.3393
438 69.3393
439 69.3393
440 69.3393
441 69.3393
442 69.3393
443 69.3393
444 69.3393
445 69.3393
446 69.3393
447 69.3393
448 69.3393
449 69.3393
450 69.3393
451 69.3393
452 69.3393
453 69.3393
454 69.3393
455 69.3393
456 69.3393
457 69.3393
458 69.3393
459 69.3393
460 69.3393
461 69.3393
462 69.3393
463 69.3393
464 69.3393
465 69.3393
466 69.3393
467 69.3393
468 69.3393
469 69.3393
470 69.3393
471 69.3393
472 69.3393
473 69.3393
474 69.3393
475 69.3393
476 69.3393
477 69.3393
478 69.3393
479 69.3393
480 69.3393
481 69.3393
482 69.3393
483 69.3393
484 69.3393
485 69.3393
486 69.3393
487 69.3393
488 69.3393
489 69.3393
490 69.3393
491 69.3393
492 69.3393
493 69.3393
494 69.3393
495 69.3393
496 69.3393
497 69.3393
498 69.3393
499 69.3393
500 69.3393
501 69.3393
502 69.3393
503 69.3393
504 69.3393
505 69.3393
506 69.3393
507 69.3393
508 69.3393
509 69.3393
510 69.3393
511 69.3393
512 69.3393
513 69.3393
514 69.3393
515 69.3393
516 69.3393
517 69.3393
518 69.3393
519 69.3393
520 69.3393
521 69.3393
522 69.3393
523 69.3393
524 69.3393
525 69.3393
526 69.3393
527 69.3393
528 69.3393
529 69.3393
530 69.3393
531 69.3393
532 69.3393
533 69.3393
534 69.3393
535 69.3393
536 69.3393
537 69.3393
538 69.3393
539 69.3393
540 69.3393
541 69.3393
542 69.3393
543 69.3393
544 69.3393
545 69.3393
546 69.3393
547 69.3393
548 69.3393
549 69.3393
550 69.3393
551 69.3393
552 69.3393
553 69.3393
554 69.3393
555 69.3393
556 69.3393
557 69.3393
558 69.3393
559 69.3393
560 69.3393
561 69.3393
562 69.3393
563 69.3393
564 69.3393
565 69.3393
566 69.3393
567 69.3393
568 69.3393
569 69.3393
570 69.3393
571 69.3393
572 69.3393
573 69.3393
574 69.3393
575 69.3393
576 69.3393
577 69.3393
578 69.3393
579 69.3393
580 69.3393
581 69.3393
582 69.3393
583 69.3393
584 69.3393
585 69.3393
586 69.3393
587 69.3393
588 69.3393
589 69.2391
590 69.2391
591 69.2391
592 69.2391
593 69.2391
594 69.2391
595 69.2391
596 69.2391
597 69.0736
598 69.0736
599 69.0736
600 67.0051
601 67.0051
602 67.0051
603 67.0051
604 67.0051
605 67.0051
606 67.0051
607 67.0051
608 66.996
609 66.996
610 66.996
611 66.996
612 66.996
613 66.996
614 66.996
615 66.996
616 66.996
617 66.996
618 66.996
619 66.996
620 66.996
621 66.996
622 66.996
623 66.996
624 66.996
625 66.996
626 66.996
627 66.996
628 66.996
629 66.996
630 66.996
631 66.996
632 66.996
633 66.996
634 66.996
635 66.996
636 66.996
637 66.996
638 66.996
639 66.996
640 66.996
641 66.996
642 66.996
643 66.996
644 66.996
645 66.996
646 66.996
647 66.996
648 66.996
649 66.996
650 66.8885
651 66.8885
652 66.8885
653 66.8885
654 66.8885
655 66.8885
656 66.8885
657 66.8885
658 66.8885
659 66.8885
660 66.8885
661 66.8885
662 66.8885
663 66.8885
664 66.8885
665 66.8885
666 66.8885
667 66.8885
668 66.8885
669 66.8885
670 66.8885
671 66.8885
672 66.8885
673 66.8885
674 66.8885
675 66.8885
676 66.734
677 66.734
678 66.734
679 66.734
680 66.734
681 66.734
682 66.734
683 66.734
684 66.734
685 66.734
686 66.734
687 66.734
688 66.734
689 66.734
690 66.734
691 66.734
692 66.734
693 66.734
694 66.734
695 66.734
696 66.734
697 66.734
698 66.734
699 66.734
700 66.734
701 66.734
702 66.734
703 66.734
704 66.734
705 66.734
706 66.734
707 66.734
708 66.734
709 66.734
710 66.734
711 66.734
712 66.734
713 66.734
714 66.734
715 66.734
716 66.734
717 66.734
718 66.734
719 66.734
720 66.734
721 66.734
722 66.734
723 66.734
724 66.734
725 66.734
726 66.734
727 66.734
728 66.734
729 66.734
730 66.734
731 66.734
732 66.734
733 66.734
734 66.734
735 66.734
736 66.734
737 66.734
738 66.734
739 66.734
740 66.734
741 66.734
742 66.734
743 66.734
744 66.734
745 66.734
746 66.734
747 66.734
748 66.734
749 66.734
750 66.734
751 66.734
752 66.734
753 66.734
754 66.734
755 66.734
756 66.734
757 66.734
758 66.734
759 66.734
760 66.734
761 66.734
762 66.734
763 66.734
764 66.734
765 66.734
766 66.734
767 66.734
768 66.734
769 66.734
770 66.734
771 66.734
772 66.734
773 66.734
774 66.734
775 66.734
776 66.734
777 66.734
778 66.734
779 66.734
780 66.734
781 66.734
782 66.734
783 66.734
784 66.734
785 66.734
786 66.734
787 66.734
788 66.734
789 66.734
790 66.734
791 66.734
792 66.734
793 66.734
794 66.734
795 66.734
796 66.734
797 66.734
798 66.734
799 66.734
800 66.734
801 66.734
802 66.734
803 66.734
804 66.734
805 66.734
806 66.734
807 66.734
808 66.734
809 66.734
810 66.734
811 66.734
812 66.734
813 66.734
814 66.734
815 66.734
816 66.734
817 66.734
818 66.734
819 66.734
820 66.734
821 66.734
822 66.734
823 66.734
824 66.734
825 66.734
826 66.734
827 66.734
828 66.734
829 66.734
830 66.734
831 66.734
832 66.734
833 66.734
834 66.734
835 66.734
836 66.734
837 66.734
838 66.734
839 66.734
840 66.734
841 66.734
842 66.734
843 66.734
844 66.734
845 66.734
846 66.734
847 66.734
848 66.734
849 66.734
850 66.734
851 66.734
852 66.734
853 66.734
854 66.734
855 66.734
856 66.734
857 66.734
858 66.734
859 66.734
860 66.734
861 66.734
862 66.734
863 66.734
864 66.734
865 66.734
866 66.734
867 66.734
868 66.734
869 66.734
870 66.734
871 66.734
872 66.734
873 66.734
874 66.734
875 66.734
876 66.734
877 66.734
878 66.734
879 66.734
880 66.734
881 66.734
882 66.734
883 66.734
884 66.734
885 66.734
886 66.734
887 66.734
888 66.734
889 66.734
890 66.734
891 66.734
892 66.734
893 66.734
894 66.734
895 66.734
896 66.734
897 66.734
898 66.734
899 66.734
900 66.734
901 66.734
902 66.734
903 66.734
904 66.734
905 66.734
906 66.734
907 66.734
908 66.734
909 66.734
910 66.734
911 66.734
912 66.734
913 66.734
914 66.734
915 66.734
916 66.734
917 66.734
918 66.734
919 66.734
920 66.734
921 66.734
922 66.734
923 66.734
924 66.734
925 66.734
926 66.734
927 66.734
928 66.734
929 66.734
930 66.734
931 66.734
932 66.734
933 66.734
934 66.734
935 66.734
936 66.734
937 66.734
938 66.734
939 66.734
940 66.734
941 66.734
942 66.734
943 66.734
944 66.734
945 66.734
946 66.734
947 66.734
948 66.734
949 66.734
950 66.734
951 66.734
952 66.734
953 66.734
954 66.734
955 66.734
956 66.734
957 66.734
958 66.734
959 66.734
960 66.734
961 66.734
962 66.734
963 66.734
964 66.734
965 66.734
966 66.734
967 66.734
968 66.734
969 66.734
970 66.734
971 66.734
972 66.734
973 66.734
974 66.734
975 66.734
976 66.734
977 66.734
978 66.734
979 66.734
980 66.734
981 66.734
982 66.734
983 66.734
984 66.734
985 66.734
986 66.734
987 66.734
988 66.734
989 66.734
990 66.1259
991 66.1259
992 66.1259
993 66.1259
994 66.1259
995 66.1259
996 66.1259
997 66.1259
998 66.1259
999 66.1259
1000 66.1259
1001 66.1259
1002 66.1259
1003 66.1259
1004 66.1259
1005 66.1259
1006 66.1259
1007 66.1259
1008 66.1259
1009 66.1259
1010 66.1259
1011 66.1259
1012 66.1259
1013 66.1259
1014 66.1259
1015 66.1259
1016 66.1259
1017 66.1259
1018 66.1259
1019 66.1259
1020 66.1259
1021 66.1259
1022 66.1259
1023 66.1259
1024 66.1259
1025 66.1259
1026 66.1259
1027 66.1259
1028 66.1259
1029 66.1259
1030 66.1259
1031 66.1259
1032 66.1259
1033 66.1259
1034 66.1259
1035 66.1259
1036 66.1259
1037 66.1259
1038 66.1259
1039 66.1259
1040 66.1259
1041 66.1259
1042 66.1259
1043 66.1259
1044 66.1259
1045 66.1259
1046 66.1259
1047 66.1259
1048 66.1259
1049 66.1259
1050 66.1259
1051 66.1259
1052 66.1259
1053 66.1259
1054 66.1259
1055 66.1259
1056 66.1259
1057 66.1259
1058 66.1259
1059 66.1259
1060 66.1259
1061 66.1259
1062 66.1259
1063 66.1259
1064 66.1259
1065 66.1259
1066 66.1259
1067 66.1259
1068 66.1259
1069 66.1259
1070 66.1259
1071 66.1259
1072 66.1259
1073 66.1259
1074 66.1259
1075 66.1259
1076 66.1259
1077 66.1259
1078 66.1259
1079 66.1259
1080 66.1259
1081 66.1259
1082 66.1259
1083 66.1259
1084 66.1259
1085 66.1259
1086 66.1259
1087 66.1259
1088 66.1259
1089 66.1259
1090 66.1259
1091 66.1259
1092 66.1259
1093 66.1259
1094 66.1259
1095 66.1259
1096 66.1259
1097 66.1259
1098 66.1259
1099 66.1259
1100 66.1259
1101 66.1259
1102 66.1259
1103 66.1259
1104 66.1259
1105 66.1259
1106 66.1259
1107 66.1259
1108 66.1259
1109 66.1259
1110 66.1259
1111 66.1259
1112 66.1259
1113 66.1259
1114 66.1259
1115 66.1259
1116 66.1259
1117 66.1259
1118 66.1259
1119 66.1259
1120 66.1259
1121 66.1259
1122 66.1259
1123 66.1259
1124 66.1259
1125 66.1259
1126 66.1259
1127 66.1259
1128 66.1259
1129 66.1259
1130 66.1259
1131 66.1259
1132 66.1259
1133 66.1259
1134 66.1259
1135 66.1259
1136 66.1259
1137 66.1259
1138 66.1259
1139 66.1259
1140 66.1259
1141 66.1259
1142 66.1259
1143 66.1259
1144 66.1259
1145 66.1259
1146 66.1259
1147 66.1259
1148 66.1259
1149 66.1259
1150 66.1259
1151 66.1259
1152 66.1259
1153 66.1259
1154 66.1259
1155 66.1259
1156 66.1259
1157 66.1259
1158 66.1259
1159 66.1259
1160 66.1259
1161 66.1259
1162 66.1259
1163 66.1259
1164 66.1259
1165 66.1259
1166 66.1259
1167 66.1259
1168 66.1259
1169 66.1259
1170 66.1259
1171 66.1259
1172 66.1259
1173 66.1259
1174 66.1259
1175 66.1259
1176 66.1259
1177 66.1259
1178 66.1259
1179 66.1259
1180 66.1259
1181 66.1259
1182 66.1259
1183 66.1259
1184 66.1259
1185 66.1259
1186 66.1259
1187 66.1259
1188 66.1259
1189 66.1259
1190 66.1259
1191 66.1259
1192 66.1259
1193 66.1259
1194 66.1259
1195 66.1259
1196 66.1259
1197 66.1259
1198 66.1259
1199 66.1259
1200 66.1259
1201 66.1259
1202 66.1259
1203 66.1259
1204 66.1259
1205 66.1259
1206 66.1259
1207 66.1259
1208 66.1259
1209 66.1259
1210 66.1259
1211 66.1259
1212 66.1259
1213 66.1259
1214 66.1259
1215 66.1259
1216 66.1259
1217 66.1259
1218 66.1259
1219 66.1259
1220 66.1259
1221 66.1259
1222 66.1259
1223 66.1259
1224 66.1259
1225 66.1259
1226 66.1259
1227 66.1259
1228 66.1259
1229 66.1259
1230 66.1259
1231 66.1259
1232 66.1259
1233 66.1259
1234 66.1259
1235 66.1259
1236 66.1259
1237 66.1259
1238 66.1259
1239 66.1259
1240 66.1259
1241 66.1259
1242 66.1259
1243 66.1259
1244 66.1259
1245 66.1259
1246 66.1259
1247 66.1259
1248 66.1259
1249 66.1259
1250 66.1259
1251 66.1259
1252 66.1259
1253 66.1259
1254 66.1259
1255 66.1259
1256 66.1259
1257 66.1259
1258 66.1259
1259 66.1259
1260 66.1259
1261 66.1259
1262 66.1259
1263 66.1259
1264 66.1259
1265 66.1259
1266 66.1259
1267 66.1259
1268 66.1259
1269 66.1259
1270 66.1259
1271 66.1259
1272 66.1259
1273 66.1259
1274 66.1259
1275 66.1259
1276 66.1259
1277 66.1259
1278 66.1259
1279 66.1259
1280 66.1259
1281 66.1259
1282 66.1259
1283 66.1259
1284 66.1259
1285 66.1259
1286 66.1259
1287 66.1259
1288 66.1259
1289 66.1259
1290 65.284
1291 65.284
1292 65.284
1293 65.284
1294 65.284
1295 65.284
1296 65.284
1297 65.284
1298 65.284
1299 65.284
1300 65.284
1301 65.284
1302 65.284
1303 65.284
1304 65.284
1305 65.284
1306 65.284
1307 65.284
1308 65.284
1309 65.284
1310 65.284
1311 65.284
1312 65.284
1313 65.284
1314 65.284
1315 65.284
1316 65.284
1317 65.284
1318 65.284
1319 65.284
1320 65.284
1321 65.284
1322 65.284
1323 65.284
1324 65.284
1325 65.284
1326 65.284
1327 65.284
1328 65.284
1329 65.284
1330 65.284
1331 65.284
1332 65.284
1333 65.284
1334 65.284
1335 65.284
1336 65.284
1337 65.284
1338 65.284
1339 65.284
1340 65.284
1341 65.284
1342 65.284
1343 65.284
1344 65.284
1345 65.284
1346 65.284
1347 65.284
1348 65.284
1349 65.284
1350 65.284
1351 65.284
1352 65.284
1353 65.284
1354 65.284
1355 65.284
1356 65.284
1357 65.284
1358 65.284
1359 65.284
1360 65.284
1361 65.284
1362 65.284
1363 65.284
1364 65.284
1365 65.284
1366 65.284
1367 65.284
1368 65.284
1369 65.284
1370 65.284
1371 65.284
1372 65.284
1373 65.284
1374 65.284
1375 65.284
1376 65.284
1377 65.284
1378 65.284
1379 65.284
1380 65.284
1381 65.284
1382 65.284
1383 65.284
1384 65.284
1385 65.284
1386 65.284
1387 65.284
1388 65.284
1389 65.284
1390 65.284
1391 65.284
1392 65.284
1393 65.284
1394 65.284
1395 65.284
1396 65.284
1397 65.284
1398 65.284
1399 65.284
1400 65.284
1401 65.284
1402 65.284
1403 65.284
1404 65.284
1405 65.284
1406 65.284
1407 65.284
1408 65.284
1409 65.284
1410 65.284
1411 65.284
1412 65.284
1413 65.284
1414 65.284
1415 65.284
1416 65.284
1417 65.284
1418 65.284
1419 65.284
1420 65.284
1421 65.284
1422 65.284
1423 65.284
1424 65.284
1425 65.284
1426 65.284
1427 65.284
1428 65.284
1429 65.284
1430 65.284
1431 65.284
1432 65.284
1433 65.284
1434 65.284
1435 65.284
1436 65.284
1437 65.284
1438 65.284
1439 65.284
1440 65.284
1441 65.284
1442 65.284
1443 65.284
1444 65.284
1445 65.284
1446 65.284
1447 65.284
1448 65.284
1449 65.284
1450 65.284
1451 65.284
1452 65.284
1453 65.284
1454 65.284
1455 65.284
1456 65.284
1457 65.284
1458 65.284
1459 65.284
1460 65.284
1461 65.284
1462 65.284
1463 65.284
1464 65.284
1465 65.284
1466 65.284
1467 65.284
1468 65.284
1469 65.284
1470 65.284
1471 65.284
1472 65.284
1473 65.284
1474 65.284
1475 65.284
1476 65.284
1477 65.284
1478 65.284
1479 65.284
1480 65.284
1481 65.284
1482 65.284
1483 65.284
1484 65.284
1485 65.284
1486 65.284
1487 65.284
1488 65.284
1489 65.284
1490 65.284
1491 65.284
1492 65.284
1493 65.284
1494 65.284
1495 65.284
1496 65.284
1497 65.284
1498 65.284
1499 65.284
1500 65.284
1501 65.284
1502 65.284
1503 65.284
1504 65.284
1505 65.284
1506 65.284
1507 65.284
1508 65.284
1509 65.284
1510 65.284
1511 65.284
1512 65.284
1513 65.284
1514 65.284
1515 65.284
1516 65.284
1517 65.284
1518 65.284
1519 65.284
1520 65.284
1521 65.284
1522 65.284
1523 65.284
1524 65.284
1525 65.284
1526 65.284
1527 65.284
1528 65.284
1529 65.284
1530 65.284
1531 65.284
1532 65.284
1533 65.284
1534 65.284
1535 65.284
1536 65.284
1537 65.284
1538 65.284
1539 65.284
1540 65.284
1541 65.284
1542 65.284
1543 65.284
1544 65.284
1545 65.284
1546 65.284
1547 65.284
1548 65.284
1549 65.284
1550 65.284
1551 65.284
1552 65.284
1553 65.284
1554 65.284
1555 65.284
1556 65.284
1557 65.284
1558 65.284
1559 65.284
1560 65.284
1561 65.284
1562 65.284
1563 65.284
1564 65.284
1565 65.284
1566 65.284
1567 65.284
1568 65.284
1569 65.284
1570 65.284
1571 65.284
1572 65.284
1573 65.284
1574 65.284
1575 65.284
1576 65.284
1577 65.284
1578 65.284
1579 65.284
1580 65.284
1581 65.284
1582 65.284
1583 65.284
1584 65.284
1585 65.284
1586 65.284
1587 65.284
1588 65.284
1589 65.284
1590 65.284
1591 65.284
1592 65.284
1593 65.284
1594 65.284
1595 65.284
1596 65.284
1597 65.284
1598 65.284
1599 65.284
1600 65.284
1601 65.284
1602 65.284
1603 65.284
1604 65.284
1605 65.284
1606 65.284
1607 65.284
1608 65.284
1609 65.284
1610 65.284
1611 65.284
1612 65.284
1613 65.284
1614 65.284
1615 65.284
1616 65.284
1617 65.284
1618 65.284
1619 65.284
1620 65.284
1621 65.284
1622 65.284
1623 65.284
1624 65.284
1625 65.284
1626 65.284
1627 65.284
1628 65.284
1629 65.284
1630 65.284
1631 65.284
1632 65.284
1633 65.284
1634 65.284
1635 65.284
1636 65.284
1637 65.284
1638 65.284
1639 65.284
1640 65.284
1641 65.284
1642 65.284
1643 65.284
1644 65.284
1645 65.284
1646 65.284
1647 65.284
1648 65.284
1649 65.284
1650 65.284
1651 65.284
1652 65.284
1653 65.284
1654 65.284
1655 65.284
1656 65.284
1657 65.284
1658 65.284
1659 65.284
1660 65.284
1661 65.284
1662 65.284
1663 65.284
1664 65.284
1665 65.284
1666 65.284
1667 65.284
1668 65.284
1669 65.284
1670 65.284
1671 65.284
1672 65.284
1673 65.284
1674 65.284
1675 65.284
1676 65.284
1677 65.284
1678 65.284
1679 65.284
1680 65.284
1681 65.284
1682 65.284
1683 65.284
1684 65.284
1685 65.284
1686 65.284
1687 65.284
1688 65.284
1689 65.284
1690 65.284
1691 65.284
1692 65.284
1693 65.284
1694 65.284
1695 65.284
1696 65.284
1697 65.284
1698 65.284
1699 65.284
1700 65.284
1701 65.284
1702 65.284
1703 65.284
1704 65.284
1705 65.284
1706 65.284
1707 65.284
1708 65.284
1709 65.284
1710 65.284
1711 65.284
1712 65.284
1713 65.284
1714 65.284
1715 65.284
1716 65.284
1717 65.284
1718 65.284
1719 65.284
1720 65.284
1721 65.284
1722 65.284
1723 65.284
1724 65.284
1725 65.284
1726 65.284
1727 65.284
1728 65.284
1729 65.284
1730 65.284
1731 65.284
1732 65.284
1733 65.284
1734 65.284
1735 65.284
1736 65.284
1737 65.284
1738 65.284
1739 65.284
1740 65.284
1741 65.284
1742 65.284
1743 65.284
1744 65.284
1745 65.284
1746 65.284
1747 65.284
1748 65.284
1749 65.284
1750 65.284
1751 65.284
1752 65.284
1753 65.284
1754 65.284
1755 65.284
1756 65.284
1757 65.284
1758 65.284
1759 65.284
1760 65.284
1761 65.284
1762 65.284
1763 65.284
1764 65.284
1765 65.284
1766 65.284
1767 65.284
1768 65.284
1769 65.284
1770 65.284
1771 65.284
1772 65.284
1773 65.284
1774 65.284
1775 65.284
1776 65.284
1777 65.284
1778 65.284
1779 65.284
1780 65.284
1781 65.284
1782 65.284
1783 65.284
1784 65.284
1785 65.284
1786 65.284
1787 65.284
1788 65.284
1789 65.284
1790 65.284
1791 65.284
1792 65.284
1793 65.284
1794 65.284
1795 65.284
1796 65.284
1797 65.284
1798 65.284
1799 65.284
1800 65.284
1801 65.284
1802 65.284
1803 65.284
1804 65.284
1805 65.284
1806 65.284
1807 65.284
1808 65.284
1809 65.284
1810 65.284
1811 65.284
1812 65.284
1813 65.284
1814 65.284
1815 65.284
1816 65.284
1817 65.284
1818 65.284
1819 65.284
1820 65.284
1821 65.284
1822 65.284
1823 65.284
1824 65.284
1825 65.284
1826 65.284
1827 65.284
1828 65.284
1829 65.284
1830 64.723
1831 64.723
1832 64.723
1833 64.723
1834 64.723
1835 64.723
1836 64.723
1837 64.723
1838 64.723
1839 64.723
1840 64.723
1841 64.723
1842 64.723
1843 64.723
1844 64.723
1845 64.723
1846 64.723
1847 64.723
1848 64.723
1849 64.723
1850 64.723
1851 64.723
1852 64.723
1853 64.723
1854 64.723
1855 64.723
1856 64.723
1857 64.723
1858 64.723
1859 64.723
1860 64.723
1861 64.723
1862 64.723
1863 64.723
1864 64.723
1865 64.723
1866 64.723
1867 64.723
1868 64.723
1869 64.723
1870 64.723
1871 64.723
1872 64.723
1873 64.723
1874 64.723
1875 64.723
1876 64.723
1877 64.723
1878 64.723
1879 64.723
1880 64.723
1881 64.723
1882 64.723
1883 64.723
1884 64.723
1885 64.723
1886 64.723
1887 64.723
1888 64.723
1889 64.723
1890 64.723
1891 64.723
1892 64.723
1893 64.723
1894 64.723
1895 64.723
1896 64.723
1897 64.723
1898 64.723
1899 64.723
1900 64.723
1901 64.723
1902 64.723
1903 64.723
1904 64.723
1905 64.723
1906 64.723
1907 64.723
1908 64.723
1909 64.723
1910 64.723
1911 64.723
1912 64.723
1913 64.723
1914 64.723
1915 64.723
1916 64.723
1917 64.723
1918 64.723
1919 64.723
1920 64.723
1921 64.723
1922 64.723
1923 64.723
1924 64.723
1925 64.723
1926 64.723
1927 64.723
1928 64.723
1929 64.723
1930 64.723
1931 64.723
1932 64.723
1933 64.723
1934 64.723
1935 64.723
1936 64.723
1937 64.723
1938 64.723
1939 64.723
1940 64.723
1941 64.723
1942 64.723
1943 64.723
1944 64.723
1945 64.723
1946 64.723
1947 64.723
1948 64.723
1949 64.723
1950 64.723
1951 64.723
1952 64.723
1953 64.723
1954 64.723
1955 64.723
1956 64.723
1957 64.723
1958 64.723
1959 64.723
1960 64.723
1961 64.723
1962 64.723
1963 64.723
1964 64.723
1965 64.723
1966 64.723
1967 64.723
1968 64.723
1969 64.723
1970 64.723
1971 64.723
1972 64.723
1973 64.723
1974 64.723
1975 64.723
1976 64.723
1977 64.723
1978 64.723
1979 64.723
1980 64.723
1981 64.723
1982 64.723
1983 64.723
1984 64.723
1985 64.723
1986 64.723
1987 64.723
1988 64.723
1989 64.723
1990 64.723
1991 64.723
1992 64.723
1993 64.723
1994 64.723
1995 64.723
1996 64.723
1997 64.723
1998 64.723
1999 64.723
2000 64.723
2001 64.723
2002 64.723
2003 64.723
2004 64.723
2005 64.723
2006 64.723
2007 64.723
2008 64.723
2009 64.723
2010 64.723
2011 64.723
2012 64.723
2013 64.723
2014 64.723
2015 64.723
2016 64.723
2017 64.723
2018 64.723
2019 64.723
2020 64.723
2021 64.723
2022 64.723
2023 64.723
2024 64.723
2025 64.723
2026 64.723
2027 64.723
2028 64.723
2029 64.723
2030 64.723
2031 64.723
2032 64.723
2033 64.723
2034 64.723
2035 64.723
2036 64.723
2037 64.723
2038 64.723
2039 64.723
2040 64.723
2041 64.723
2042 64.723
2043 64.723
2044 64.723
2045 64.723
2046 64.723
2047 64.723
2048 64.723
2049 64.723
2050 64.723
2051 64.723
2052 64.723
2053 64.723
2054 64.723
2055 64.723
2056 64.723
2057 64.723
2058 64.723
2059 64.723
2060 64.723
2061 64.723
2062 64.723
2063 64.723
2064 64.723
2065 64.723
2066 64.723
2067 64.723
2068 64.723
2069 64.723
2070 64.723
2071 64.723
2072 64.723
2073 64.723
2074 64.723
2075 64.723
2076 64.723
2077 64.723
2078 64.723
2079 64.723
2080 64.723
2081 64.723
2082 64.723
2083 64.723
2084 64.723
2085 64.723
2086 64.723
2087 64.723
2088 64.723
2089 64.723
2090 64.723
2091 64.723
2092 64.723
2093 64.723
2094 64.723
2095 64.723
2096 64.723
2097 64.723
2098 64.723
2099 64.723
2100 64.723
2101 64.723
2102 64.723
2103 64.723
2104 64.723
2105 64.723
2106 64.723
2107 64.723
2108 64.723
2109 64.723
2110 64.723
2111 64.723
2112 64.723
2113 64.723
2114 64.723
2115 64.723
2116 64.723
2117 64.723
2118 64.723
2119 64.723
2120 64.723
2121 64.723
2122 64.723
2123 64.723
2124 64.723
2125 64.723
2126 64.723
2127 64.723
2128 64.723
2129 64.723
2130 64.723
2131 64.723
2132 64.723
2133 64.723
2134 64.723
2135 64.723
2136 64.723
2137 64.723
2138 64.723
2139 64.723
2140 64.723
2141 64.723
2142 64.723
2143 64.723
2144 64.723
2145 64.723
2146 64.723
2147 64.723
2148 64.723
2149 64.723
2150 64.723
2151 64.723
2152 64.723
2153 64.723
2154 64.723
2155 64.723
2156 64.723
2157 64.723
2158 64.723
2159 64.723
2160 64.723
2161 64.723
2162 64.723
2163 64.723
2164 64.723
2165 64.723
2166 64.723
2167 64.723
2168 64.723
2169 64.723
2170 64.723
2171 64.723
2172 64.723
2173 64.723
2174 64.723
2175 64.723
2176 64.723
2177 64.723
2178 64.723
2179 64.723
2180 64.723
2181 64.723
2182 64.723
2183 64.723
2184 64.723
2185 64.723
2186 64.723
2187 64.723
2188 64.723
2189 64.723
2190 64.723
2191 64.723
2192 64.723
2193 64.723
2194 64.723
2195 64.723
2196 64.723
2197 64.723
2198 64.723
2199 64.723
2200 64.723
2201 64.723
2202 64.723
2203 64.723
2204 64.723
2205 64.723
2206 64.723
2207 64.723
2208 64.723
2209 64.723
2210 64.723
2211 64.723
2212 64.723
2213 64.723
2214 64.723
2215 64.723
2216 64.723
2217 64.723
2218 64.723
2219 64.723
2220 64.723
2221 64.723
2222 64.723
2223 64.723
2224 64.723
2225 64.723
2226 64.723
2227 64.723
2228 64.723
2229 64.723
2230 64.723
2231 64.723
2232 64.723
2233 64.723
2234 64.723
2235 64.723
2236 64.723
2237 64.723
2238 64.723
2239 64.723
2240 64.723
2241 64.723
2242 64.723
2243 64.723
2244 64.723
2245 64.723
2246 64.723
2247 64.723
2248 64.723
2249 64.723
2250 64.723
2251 64.723
2252 64.723
2253 64.723
2254 64.723
2255 64.723
2256 64.723
2257 64.723
2258 64.723
2259 64.723
2260 64.723
2261 64.723
2262 64.723
2263 64.723
2264 64.723
2265 64.723
2266 64.723
2267 64.723
2268 64.723
2269 64.723
2270 64.723
2271 64.723
2272 64.723
2273 64.723
2274 64.723
2275 64.723
2276 64.723
2277 64.723
2278 64.723
2279 64.723
2280 64.723
2281 64.723
2282 64.723
2283 64.723
2284 64.723
2285 64.723
2286 64.723
2287 64.723
2288 64.723
2289 64.723
2290 64.723
2291 64.723
2292 64.723
2293 64.723
2294 64.723
2295 64.723
2296 64.723
2297 64.723
2298 64.723
2299 64.723
2300 64.723
2301 64.723
2302 64.723
2303 64.723
2304 64.723
2305 64.723
2306 64.723
2307 64.723
2308 64.723
2309 64.723
2310 64.723
2311 64.723
2312 64.723
2313 64.723
2314 64.723
2315 64.723
2316 64.723
2317 64.723
2318 64.723
2319 64.723
2320 64.723
2321 64.723
2322 64.723
2323 64.723
2324 64.723
2325 64.723
2326 64.723
2327 64.723
2328 64.723
2329 64.723
2330 64.723
2331 64.723
2332 64.723
2333 64.723
2334 64.723
2335 64.723
2336 64.723
2337 64.723
2338 64.723
2339 64.723
2340 64.723
2341 64.723
2342 64.723
2343 64.723
2344 64.723
2345 64.723
2346 64.723
2347 64.723
2348 64.723
2349 64.723
2350 64.723
2351 64.723
2352 64.723
2353 64.723
2354 64.723
2355 64.723
2356 64.723
2357 64.723
2358 64.723
2359 64.723
2360 64.723
2361 64.723
2362 64.723
2363 64.723
2364 64.723
2365 64.723
2366 64.723
2367 64.723
2368 64.723
2369 64.723
2370 64.723
2371 64.723
2372 64.723
2373 64.723
2374 64.723
2375 64.723
2376 64.723
2377 64.723
2378 64.723
2379 64.723
2380 64.723
2381 64.723
2382 64.723
2383 64.723
2384 64.723
2385 64.723
2386 64.723
2387 64.723
2388 64.723
2389 64.723
2390 64.723
2391 64.723
2392 64.723
2393 64.723
2394 64.723
2395 64.723
2396 64.723
2397 64.723
2398 64.723
2399 64.723
2400 64.723
2401 64.723
2402 64.723
2403 64.723
2404 64.723
2405 64.723
2406 64.723
2407 64.723
2408 64.723
2409 64.723
2410 64.723
2411 64.723
2412 64.723
2413 64.723
2414 64.723
2415 64.723
2416 64.723
2417 64.723
2418 64.723
2419 64.723
2420 64.723
2421 64.723
2422 64.723
2423 64.723
2424 64.723
2425 64.723
2426 64.723
2427 64.723
2428 64.723
2429 64.723
2430 64.723
2431 64.723
2432 64.723
2433 64.723
2434 64.723
2435 64.723
2436 64.723
2437 64.723
2438 64.723
2439 64.723
2440 64.723
2441 64.723
2442 64.723
2443 64.723
2444 64.723
2445 64.723
2446 64.723
2447 64.723
2448 64.723
2449 64.723
2450 64.723
2451 64.723
2452 64.723
2453 64.723
2454 64.723
2455 64.723
2456 64.723
2457 64.723
2458 64.723
2459 64.723
2460 64.723
2461 64.723
2462 64.723
2463 64.723
2464 64.723
2465 64.723
2466 64.723
2467 64.723
2468 64.723
2469 64.723
2470 64.723
2471 64.723
2472 64.723
2473 64.723
2474 64.723
2475 64.723
2476 64.723
2477 64.723
2478 64.723
2479 64.723
2480 64.723
2481 64.723
2482 64.723
2483 64.723
2484 64.723
2485 64.723
2486 64.723
2487 64.723
2488 64.723
2489 64.723
2490 64.723
2491 64.723
2492 64.723
2493 64.723
2494 64.723
2495 64.723
2496 64.723
2497 64.723
2498 64.723
2499 64.723
2500 64.723
2501 64.723
2502 64.723
2503 64.723
2504 64.723
2505 64.723
2506 64.723
2507 64.723
2508 64.723
2509 64.723
2510 64.723
2511 64.723
2512 64.723
2513 64.723
2514 64.723
2515 64.723
2516 64.723
2517 64.723
2518 64.723
2519 64.723
2520 64.723
2521 64.723
2522 64.723
2523 64.723
2524 64.723
2525 64.723
2526 64.723
2527 64.723
2528 64.723
2529 64.723
2530 64.723
2531 64.723
2532 64.723
2533 64.723
2534 64.723
2535 64.723
2536 64.723
2537 64.723
2538 64.723
2539 64.723
2540 64.723
2541 64.723
2542 64.723
2543 64.723
2544 64.723
2545 64.723
2546 64.723
2547 64.723
2548 64.723
2549 64.723
2550 64.723
2551 64.723
2552 64.723
2553 64.723
2554 64.723
2555 64.723
2556 64.723
2557 64.723
2558 64.723
2559 64.723
2560 64.723
2561 64.723
2562 64.723
2563 64.723
2564 64.723
2565 64.723
2566 64.723
2567 64.723
2568 64.723
2569 64.723
2570 64.723
2571 64.723
2572 64.723
2573 64.723
2574 64.723
2575 64.723
2576 64.723
2577 64.723
2578 64.723
2579 64.723
2580 64.723
2581 64.723
2582 64.723
2583 64.723
2584 64.723
2585 64.723
2586 64.723
2587 64.723
2588 64.723
2589 64.723
2590 64.723
2591 64.723
2592 64.723
2593 64.723
2594 64.723
2595 64.723
2596 64.723
2597 64.723
2598 64.723
2599 64.723
2600 64.723
2601 64.723
2602 64.723
2603 64.723
2604 64.723
2605 64.723
2606 64.723
2607 64.723
2608 64.723
2609 64.723
2610 64.723
2611 64.723
2612 64.723
2613 64.723
2614 64.723
2615 64.723
2616 64.723
2617 64.723
2618 64.723
2619 64.723
2620 64.723
2621 64.723
2622 64.723
2623 64.723
2624 64.723
2625 64.723
2626 64.723
2627 64.723
2628 64.723
2629 64.723
2630 64.723
2631 64.723
2632 64.723
2633 64.723
2634 64.723
2635 64.723
2636 64.723
2637 64.723
2638 64.723
2639 64.723
2640 64.723
2641 64.723
2642 64.723
2643 64.723
2644 64.723
2645 64.723
2646 64.723
2647 64.723
2648 64.723
2649 64.723
2650 64.723
2651 64.723
2652 64.723
2653 64.723
2654 64.723
2655 64.723
2656 64.723
2657 64.723
2658 64.723
2659 64.723
2660 64.723
2661 64.723
2662 64.723
2663 64.723
2664 64.723
2665 64.723
2666 64.723
2667 64.723
2668 64.723
2669 64.723
2670 64.723
2671 64.723
2672 64.723
2673 64.723
2674 64.723
2675 64.723
2676 64.723
2677 64.723
2678 64.723
2679 64.723
2680 64.723
2681 64.723
2682 64.723
2683 64.723
2684 64.723
2685 64.723
2686 64.723
2687 64.723
2688 64.723
2689 64.723
2690 64.723
2691 64.723
2692 64.723
2693 64.723
2694 64.723
2695 64.723
2696 64.723
2697 64.723
2698 64.723
2699 64.723
2700 64.723
2701 64.723
2702 64.723
2703 64.723
2704 64.723
2705 64.723
2706 64.723
2707 64.723
2708 64.723
2709 64.723
2710 64.723
2711 64.723
2712 64.723
2713 64.723
2714 64.723
2715 64.723
2716 64.723
2717 64.723
2718 64.723
2719 64.723
2720 64.723
2721 64.723
2722 64.723
2723 64.723
2724 64.723
2725 64.723
2726 64.723
2727 64.723
2728 64.723
2729 64.723
2730 64.723
2731 64.723
2732 64.723
2733 64.723
2734 64.723
2735 64.723
2736 64.723
2737 64.723
2738 64.723
2739 64.723
2740 64.723
2741 64.723
2742 64.723
2743 64.723
2744 64.723
2745 64.723
2746 64.723
2747 64.723
2748 64.723
2749 64.723
2750 64.723
2751 64.723
2752 64.723
2753 64.723
2754 64.723
2755 64.723
2756 64.723
2757 64.723
2758 64.723
2759 64.723
2760 64.723
2761 64.723
2762 64.723
2763 64.723
2764 64.723
2765 64.723
2766 64.723
2767 64.723
2768 64.723
2769 64.723
2770 64.723
2771 64.723
2772 64.723
2773 64.723
2774 64.723
2775 64.723
2776 64.723
2777 64.723
2778 64.723
2779 64.723
2780 64.723
2781 64.723
2782 64.723
2783 64.723
2784 64.723
2785 64.723
2786 64.723
2787 64.723
2788 64.723
2789 64.723
2790 64.723
2791 64.723
2792 64.723
2793 64.723
2794 64.723
2795 64.723
2796 64.723
2797 64.723
2798 64.723
2799 64.723
2800 64.723
2801 64.723
2802 64.723
2803 64.723
2804 64.723
2805 64.723
2806 64.723
2807 64.723
2808 64.723
2809 64.723
2810 64.723
2811 64.723
2812 64.723
2813 64.723
2814 64.723
2815 64.723
2816 64.723
2817 64.723
2818 64.723
2819 64.723
2820 64.723
2821 64.723
2822 64.723
2823 64.723
2824 64.723
2825 64.723
2826 64.723
2827 64.723
2828 64.723
2829 64.723
2830 64.723
2831 64.723
2832 64.723
2833 64.723
2834 64.723
2835 64.723
2836 64.723
2837 64.723
2838 64.723
2839 64.723
2840 64.723
2841 64.723
2842 64.723
2843 64.723
2844 64.723
2845 64.723
2846 64.723
2847 64.723
2848 64.723
2849 64.723
2850 64.723
2851 64.723
2852 64.723
2853 64.723
2854 64.723
2855 64.723
2856 64.723
2857 64.723
2858 64.723
2859 64.723
2860 64.723
2861 64.723
2862 64.723
2863 64.723
2864 64.723
2865 64.723
2866 64.723
2867 64.723
2868 64.723
2869 64.723
2870 64.723
2871 64.723
2872 64.723
2873 64.723
2874 64.723
2875 64.723
2876 64.723
2877 64.723
2878 64.723
2879 64.723
2880 64.723
2881 64.723
2882 64.723
2883 64.723
2884 64.723
2885 64.723
2886 64.723
2887 64.723
2888 64.723
2889 64.723
2890 64.723
2891 64.723
2892 64.723
2893 64.723
2894 64.723
2895 64.723
2896 64.723
2897 64.723
2898 64.723
2899 64.723
2900 64.723
2901 64.723
2902 64.723
2903 64.723
2904 64.723
2905 64.723
2906 64.723
2907 64.723
2908 64.723
2909 64.723
2910 64.723
2911 64.723
2912 64.723
2913 64.723
2914 64.723
2915 64.723
2916 64.723
2917 64.723
2918 64.723
2919 64.723
2920 64.723
2921 64.723
2922 64.723
2923 64.723
2924 64.723
2925 64.723
2926 64.723
2927 64.723
2928 64.723
2929 64.723
2930 64.723
2931 64.723
2932 64.723
2933 64.723
2934 64.723
2935 64.723
2936 64.723
2937 64.723
2938 64.723
2939 64.723
2940 64.723
2941 64.723
2942 64.723
2943 64.723
2944 64.723
2945 64.723
2946 64.723
2947 64.723
2948 64.723
2949 64.723
2950 64.723
2951 64.723
2952 64.723
2953 64.723
2954 64.723
2955 64.723
2956 64.723
2957 64.723
2958 64.723
2959 64.723
2960 64.723
2961 64.723
2962 64.723
2963 64.723
2964 64.723
2965 64.723
2966 64.723
2967 64.723
2968 64.723
2969 64.723
2970 64.723
2971 64.723
2972 64.723
2973 64.723
2974 64.723
2975 64.723
2976 64.723
2977 64.723
2978 64.723
2979 64.723
2980 64.723
2981 64.723
2982 64.723
2983 64.723
2984 64.723
2985 64.723
2986 64.723
2987 64.723
2988 64.723
2989 64.723
2990 64.723
2991 64.723
2992 64.723
2993 64.723
2994 64.723
2995 64.723
2996 64.723
2997 64.723
2998 64.723
2999 64.723
3000 64.723
3001 64.723
3002 64.723
3003 64.723
3004 64.723
3005 64.723
3006 64.723
3007 64.723
3008 64.723
3009 64.723
3010 64.723
3011 64.723
3012 64.723
3013 64.723
3014 64.723
3015 64.723
3016 64.723
3017 64.723
3018 64.723
3019 64.723
3020 64.723
3021 64.723
3022 64.723
3023 64.723
3024 64.723
3025 64.723
3026 64.723
3027 64.723
3028 64.723
3029 64.723
3030 64.723
3031 64.723
3032 64.723
3033 64.723
3034 64.723
3035 64.723
3036 64.723
3037 64.723
3038 64.723
3039 64.723
3040 64.723
3041 64.723
3042 64.723
3043 64.723
3044 64.723
3045 64.723
3046 64.723
3047 64.723
3048 64.723
3049 64.723
3050 64.723
3051 64.723
3052 64.723
3053 64.723
3054 64.723
3055 64.723
3056 64.723
3057 64.723
3058 64.723
3059 64.723
3060 64.723
3061 64.723
3062 64.723
3063 64.723
3064 64.723
3065 64.723
3066 64.723
3067 64.723
3068 64.723
3069 64.723
3070 64.723
3071 64.723
3072 64.723
3073 64.723
3074 64.723
3075 64.723
3076 64.723
3077 64.723
3078 64.723
3079 64.723
3080 64.723
3081 64.723
3082 64.723
3083 64.723
3084 64.723
3085 64.723
3086 64.723
3087 64.723
3088 64.723
3089 64.723
3090 64.723
3091 64.723
3092 64.723
3093 64.723
3094 64.723
3095 64.723
3096 64.723
3097 64.723
3098 64.723
3099 64.723
3100 64.723
3101 64.723
3102 64.723
3103 64.723
3104 64.723
3105 64.723
3106 64.723
3107 64.723
3108 64.723
3109 64.723
3110 64.723
3111 64.723
3112 64.723
3113 64.723
3114 64.723
3115 64.723
3116 64.723
3117 64.723
3118 64.723
3119 64.723
3120 64.723
3121 64.723
3122 64.723
3123 64.723
3124 64.723
3125 64.723
3126 64.723
3127 64.723
3128 64.723
3129 64.723
3130 64.723
3131 64.723
3132 64.723
3133 64.723
3134 64.723
3135 64.723
3136 64.723
3137 64.723
3138 64.723
3139 64.723
3140 64.723
3141 64.723
3142 64.723
3143 64.723
3144 64.723
3145 64.723
3146 64.723
3147 64.723
3148 64.723
3149 64.723
3150 64.723
3151 64.723
3152 64.723
3153 64.723
3154 64.723
3155 64.723
3156 64.723
3157 64.723
3158 64.723
3159 64.723
3160 64.723
3161 64.723
3162 64.723
3163 64.723
3164 64.723
3165 64.723
3166 64.723
3167 64.723
3168 64.723
3169 64.723
3170 64.723
3171 64.723
3172 64.723
3173 64.723
3174 64.723
3175 64.723
3176 64.723
3177 64.723
3178 64.723
3179 64.723
3180 64.723
3181 64.723
3182 64.723
3183 64.723
3184 64.723
3185 64.723
3186 64.723
3187 64.723
3188 64.723
3189 64.723
3190 64.723
3191 64.723
3192 64.723
3193 64.723
3194 64.723
3195 64.723
3196 64.723
3197 64.723
3198 64.723
3199 64.723
3200 64.723
3201 64.723
3202 64.723
3203 64.723
3204 64.723
3205 64.723
3206 64.723
3207 64.723
3208 64.723
3209 64.723
3210 64.723
3211 64.723
3212 64.723
3213 64.723
3214 64.723
3215 64.723
3216 64.723
3217 64.723
3218 64.723
3219 64.723
3220 64.723
3221 64.723
3222 64.723
3223 64.723
3224 64.723
3225 64.723
3226 64.723
3227 64.723
3228 64.723
3229 64.723
3230 64.723
3231 64.723
3232 64.723
3233 64.723
3234 64.723
3235 64.723
3236 64.723
3237 64.723
3238 64.723
3239 64.723
3240 64.723
3241 64.723
3242 64.723
3243 64.723
3244 64.723
3245 64.723
3246 64.723
3247 64.723
3248 64.723
3249 64.723
3250 64.723
3251 64.723
3252 64.723
3253 64.723
3254 64.723
3255 64.723
3256 64.723
3257 64.723
3258 64.723
3259 64.723
3260 64.723
3261 64.723
3262 64.723
3263 64.723
3264 64.723
3265 64.723
3266 64.723
3267 64.723
3268 64.723
3269 64.723
3270 64.723
3271 64.723
3272 64.723
3273 64.723
3274 64.723
3275 64.723
3276 64.723
3277 64.723
3278 64.723
3279 64.723
3280 64.723
3281 64.723
3282 64.723
3283 64.723
3284 64.723
3285 64.723
3286 64.723
3287 64.723
3288 64.723
3289 64.723
3290 64.723
3291 64.723
3292 64.723
3293 64.723
3294 64.723
3295 64.723
3296 64.723
3297 64.723
3298 64.723
3299 64.723
3300 64.723
3301 64.723
3302 64.723
3303 64.723
3304 64.723
3305 64.723
3306 64.723
3307 64.723
3308 64.723
3309 64.723
3310 64.723
3311 64.723
3312 64.723
3313 64.723
3314 64.723
3315 64.723
3316 64.723
3317 64.723
3318 64.723
3319 64.723
3320 64.723
3321 64.723
3322 64.723
3323 64.723
3324 64.723
3325 64.723
3326 64.723
3327 64.723
3328 64.723
3329 64.723
3330 64.723
3331 64.723
3332 64.723
3333 64.723
3334 64.723
3335 64.723
3336 64.723
3337 64.723
3338 64.723
3339 64.723
3340 64.723
3341 64.723
3342 64.723
3343 64.723
3344 64.723
3345 64.723
3346 64.723
3347 64.723
3348 64.723
3349 64.723
3350 64.723
3351 64.723
3352 64.723
3353 64.723
3354 64.723
3355 64.723
3356 64.723
3357 64.723
3358 64.723
3359 64.723
3360 64.723
3361 64.723
3362 64.723
3363 64.723
3364 64.723
3365 64.723
3366 64.723
3367 64.723
3368 64.723
3369 64.723
3370 64.723
3371 64.723
3372 64.723
3373 64.723
3374 64.723
3375 64.723
3376 64.723
3377 64.723
3378 64.723
3379 64.723
3380 64.723
3381 64.723
3382 64.723
3383 64.723
3384 64.723
3385 64.723
3386 64.723
3387 64.723
3388 64.723
3389 64.723
3390 64.723
3391 64.723
3392 64.723
3393 64.723
3394 64.723
3395 64.723
3396 64.723
3397 64.723
3398 64.723
3399 64.723
3400 64.723
3401 64.723
3402 64.723
3403 64.723
3404 64.723
3405 64.723
3406 64.723
3407 64.723
3408 64.723
3409 64.723
3410 64.723
3411 64.723
3412 64.723
3413 64.723
3414 64.723
3415 64.723
3416 64.723
3417 64.723
3418 64.723
3419 64.723
3420 64.723
3421 64.723
3422 64.723
3423 64.723
3424 64.723
3425 64.723
3426 64.723
3427 64.723
3428 64.723
3429 64.723
3430 64.723
3431 64.723
3432 64.723
3433 64.723
3434 64.723
3435 64.723
3436 64.723
3437 64.723
3438 64.723
3439 64.723
3440 64.723
3441 64.723
3442 64.723
3443 64.723
3444 64.723
3445 64.723
3446 64.723
3447 64.723
3448 64.723
3449 64.723
3450 64.723
3451 64.723
3452 64.723
3453 64.723
3454 64.723
3455 64.723
3456 64.723
3457 64.723
3458 64.723
3459 64.723
3460 64.723
3461 64.723
3462 64.723
3463 64.723
3464 64.723
3465 64.723
3466 64.723
3467 64.723
3468 64.723
3469 64.723
3470 64.723
3471 64.723
3472 64.723
3473 64.723
3474 64.723
3475 64.723
3476 64.723
3477 64.723
3478 64.723
3479 64.723
3480 64.723
3481 64.723
3482 64.723
3483 64.723
3484 64.723
3485 64.723
3486 64.723
3487 64.723
3488 64.723
3489 64.723
3490 64.723
3491 64.723
3492 64.723
3493 64.723
3494 64.723
3495 64.723
3496 64.723
3497 64.723
3498 64.723
3499 64.723
3500 64.723
